1800000 259
1800010 259
1800020 259
1800030 260
1800040 262
1800050 263
1800060 265
1800070 267
1800080 269
1800090 271
1800100 273
1800110 275
1800120 277
1800130 278
1800140 279
1800150 281
1800160 282
1800170 283
1800180 284
1800190 285
1800200 286
1800210 288
1800220 289
1800230 290
1800240 291
1800250 293
1800260 294
1800270 295
1800280 296
1800290 297
1800300 298
1800310 299
1800320 300
1800330 300
1800340 300
1800350 300
1800360 300
1800370 299
1800380 299
1800390 298
1800400 297
1800410 296
1800420 295
1800430 294
1800440 293
1800450 291
1800460 290
1800470 289
1800480 288
1800490 287
1800500 286
1800510 284
1800520 283
1800530 281
1800540 280
1800550 278
1800560 276
1800570 273
1800580 270
1800590 267
1800600 263
1800610 261
1800620 259
1800630 258
1800640 258
1800650 258
1800660 258
1800670 258
1800680 259
1800690 259
1800700 259
1800710 260
1800720 261
1800730 263
1800740 265
1800750 267
1800760 268
1800770 269
1800780 269
1800790 270
1800800 271
1800810 273
1800820 274
1800830 277
1800840 279
1800850 283
1800860 285
1800870 287
1800880 288
1800890 289
1800900 289
1800910 290
1800920 290
1800930 291
1800940 291
1800950 291
1800960 291
1800970 290
1800980 291
1800990 292
1801000 294
1801010 295
1801020 296
1801030 296
1801040 296
1801050 296
1801060 297
1801070 298
1801080 300
1801090 302
1801100 303
1801110 304
1801120 305
1801130 306
1801140 307
1801150 307
1801160 308
1801170 308
1801180 308
1801190 308
1801200 308
1801210 307
1801220 306
1801230 305
1801240 305
1801250 304
1801260 303
1801270 302
1801280 301
1801290 300
1801300 299
