1800000 257
1800010 257
1800020 257
1800030 258
1800040 258
1800050 259
1800060 259
1800070 259
1800080 259
1800090 259
1800100 259
1800110 259
1800120 259
1800130 259
1800140 259
1800150 258
1800160 258
1800170 256
1800180 256
1800190 257
1800200 258
1800210 258
1800220 258
1800230 258
1800240 259
1800250 260
1800260 261
1800270 261
1800280 262
1800290 263
1800300 263
1800310 263
1800320 263
1800330 263
1800340 263
1800350 262
1800360 262
1800370 262
1800380 261
1800390 261
1800400 260
1800410 258
1800420 256
1800430 256
1800440 255
1800450 255
1800460 254
1800470 253
1800480 251
1800490 250
1800500 249
1800510 248
1800520 246
1800530 244
1800540 242
1800550 240
1800560 239
1800570 239
1800580 239
1800590 239
1800600 239
1800610 239
1800620 239
1800630 239
1800640 239
1800650 239
1800660 240
1800670 241
1800680 243
1800690 247
1800700 251
1800710 252
1800720 252
1800730 253
1800740 253
1800750 254
1800760 255
1800770 255
1800780 256
1800790 256
1800800 257
1800810 257
1800820 257
1800830 256
1800840 254
1800850 252
1800860 251
1800870 250
1800880 249
1800890 248
1800900 247
1800910 247
1800920 246
1800930 245
1800940 245
1800950 245
1800960 246
1800970 247
1800980 249
1800990 251
1801000 253
1801010 254
1801020 256
1801030 256
1801040 257
1801050 258
1801060 259
1801070 259
1801080 259
1801090 259
1801100 259
1801110 259
1801120 260
1801130 261
1801140 260
1801150 260
1801160 260
1801170 260
1801180 259
1801190 258
1801200 257
1801210 256
1801220 254
1801230 252
1801240 250
1801250 249
1801260 248
1801270 248
1801280 249
1801290 251
1801300 253
1801310 253
1801320 252
1801330 250
1801340 249
1801350 250
1801360 251
1801370 253
1801380 256
1801390 259
1801400 261
1801410 263
1801420 265
1801430 266
1801440 267
1801450 268
1801460 269
1801470 270
1801480 271
1801490 272
1801500 272
1801510 273
1801520 273
1801530 273
1801540 273
1801550 273
1801560 274
1801570 274
1801580 274
1801590 274
1801600 274
1801610 274
1801620 273
1801630 273
1801640 272
1801650 272
1801660 271
1801670 270
1801680 269
1801690 267
1801700 266
1801710 264
1801720 262
1801730 260
1801740 257
1801750 254
1801760 250
1801770 247
1801780 245
1801790 245
1801800 245
1801810 245
1801820 246
1801830 248
1801840 251
1801850 254
1801860 256
1801870 259
1801880 262
1801890 264
1801900 265
1801910 266
1801920 267
1801930 268
1801940 269
1801950 270
1801960 270
1801970 269
1801980 265
1801990 261
1802000 257
1802010 259
1802020 262
1802030 267
1802040 270
1802050 274
1802060 277
1802070 279
1802080 279
1802090 280
1802100 280
1802110 280
1802120 280
1802130 280
1802140 281
1802150 281
1802160 281
1802170 281
1802180 281
1802190 281
1802200 281
