1800000 243
1800010 243
1800020 243
1800030 243
1800040 243
1800050 243
1800060 243
1800070 243
1800080 243
1800090 242
1800100 242
1800110 242
1800120 242
1800130 242
1800140 242
1800150 242
1800160 242
1800170 242
1800180 242
1800190 242
1800200 242
1800210 242
1800220 242
1800230 242
1800240 242
1800250 242
1800260 242
1800270 242
1800280 242
1800290 242
1800300 242
1800310 242
1800320 242
1800330 242
1800340 242
1800350 242
1800360 242
1800370 242
1800380 242
1800390 242
1800400 242
1800410 243
1800420 243
1800430 243
1800440 243
1800450 243
1800460 243
1800470 243
1800480 243
1800490 243
1800500 243
1800510 243
1800520 243
1800530 243
1800540 243
1800550 243
1800560 243
1800570 243
1800580 243
1800590 243
1800600 243
1800610 243
1800620 243
1800630 243
1800640 243
1800650 243
1800660 243
1800670 243
1800680 243
1800690 243
1800700 243
1800710 244
1800720 244
1800730 243
1800740 243
1800750 243
1800760 243
1800770 243
1800780 243
1800790 243
1800800 243
1800810 243
1800820 242
1800830 242
1800840 242
1800850 242
1800860 242
1800870 242
1800880 242
1800890 242
1800900 242
1800910 242
1800920 242
1800930 242
1800940 242
1800950 242
1800960 242
1800970 242
1800980 242
1800990 242
1801000 242
1801010 242
1801020 242
1801030 242
1801040 241
1801050 241
1801060 241
1801070 241
1801080 241
1801090 241
1801100 241
1801110 241
1801120 241
1801130 241
1801140 241
1801150 241
1801160 240
1801170 240
1801180 240
1801190 240
1801200 240
1801210 240
1801220 240
1801230 240
1801240 240
1801250 240
1801260 240
1801270 240
1801280 239
1801290 239
1801300 239
1801310 239
1801320 239
1801330 239
1801340 239
1801350 239
1801360 239
1801370 239
1801380 239
1801390 239
1801400 239
1801410 239
1801420 239
1801430 239
1801440 239
1801450 239
1801460 238
1801470 238
1801480 238
1801490 238
1801500 238
1801510 238
1801520 238
1801530 238
1801540 238
1801550 238
1801560 238
1801570 238
1801580 238
1801590 238
1801600 238
1801610 238
1801620 238
1801630 239
1801640 239
1801650 239
1801660 239
1801670 239
1801680 239
1801690 239
1801700 239
1801710 239
1801720 239
1801730 239
1801740 239
1801750 239
1801760 239
1801770 240
1801780 240
1801790 240
1801800 240
1801810 240
1801820 240
1801830 240
1801840 240
1801850 240
1801860 240
1801870 240
1801880 240
1801890 240
1801900 240
1801910 240
1801920 240
1801930 240
1801940 240
1801950 240
1801960 240
1801970 240
1801980 240
1801990 240
1802000 240
1802010 240
1802020 240
1802030 240
1802040 240
1802050 240
1802060 240
1802070 240
1802080 240
1802090 240
1802100 240
1802110 240
1802120 240
1802130 240
1802140 240
1802150 240
1802160 239
1802170 239
1802180 239
1802190 239
1802200 239
1802210 239
1802220 239
1802230 239
1802240 239
1802250 239
1802260 239
1802270 238
1802280 238
1802290 238
1802300 238
1802310 238
1802320 238
1802330 238
1802340 238
1802350 238
1802360 238
1802370 237
1802380 237
1802390 237
1802400 237
1802410 237
1802420 237
1802430 237
1802440 237
1802450 237
1802460 237
1802470 237
1802480 237
1802490 236
1802500 236
1802510 236
1802520 236
1802530 236
1802540 236
1802550 236
1802560 236
1802570 235
1802580 235
1802590 235
1802600 235
1802610 235
1802620 235
1802630 235
1802640 234
1802650 234
1802660 234
1802670 234
1802680 234
1802690 234
1802700 234
1802710 234
1802720 234
1802730 234
1802740 235
1802750 234
1802760 234
1802770 234
1802780 234
1802790 234
1802800 234
1802810 234
1802820 234
1802830 234
1802840 234
1802850 234
1802860 234
1802870 234
1802880 234
1802890 234
1802900 234
1802910 234
1802920 234
1802930 234
1802940 234
1802950 234
1802960 234
1802970 234
1802980 234
1802990 234
1803000 234
1803010 234
1803020 234
1803030 234
1803040 233
1803050 233
1803060 233
1803070 233
1803080 233
1803090 233
1803100 232
1803110 232
1803120 232
1803130 232
1803140 232
1803150 232
1803160 232
1803170 232
1803180 232
1803190 232
1803200 232
1803210 232
1803220 232
1803230 232
1803240 232
1803250 232
1803260 232
1803270 232
1803280 232
1803290 231
1803300 231
1803310 231
1803320 231
1803330 231
1803340 231
1803350 231
1803360 231
1803370 231
1803380 231
1803390 231
1803400 231
1803410 231
1803420 231
1803430 231
1803440 231
1803450 231
1803460 230
1803470 230
1803480 230
1803490 230
1803500 230
1803510 230
1803520 230
1803530 230
1803540 230
1803550 230
1803560 230
1803570 230
1803580 230
1803590 230
1803600 230
1803610 230
1803620 230
1803630 230
1803640 230
1803650 230
1803660 230
1803670 230
1803680 230
1803690 230
1803700 230
1803710 230
1803720 230
1803730 230
1803740 230
1803750 230
1803760 230
1803770 230
1803780 230
1803790 230
1803800 230
1803810 230
1803820 230
1803830 230
1803840 230
1803850 230
1803860 230
1803870 230
1803880 230
1803890 230
1803900 230
1803910 230
1803920 230
1803930 230
1803940 230
1803950 230
1803960 230
1803970 230
1803980 230
1803990 230
1804000 230
1804010 230
1804020 230
1804030 230
1804040 230
1804050 230
1804060 230
1804070 230
1804080 230
1804090 230
1804100 229
1804110 229
1804120 229
1804130 229
1804140 229
1804150 229
1804160 229
1804170 229
1804180 229
1804190 229
1804200 229
1804210 229
1804220 229
1804230 229
1804240 229
1804250 229
1804260 230
1804270 230
1804280 230
1804290 230
1804300 230
1804310 230
1804320 230
1804330 230
1804340 230
1804350 230
1804360 230
1804370 230
1804380 230
1804390 230
1804400 230
1804410 230
1804420 230
1804430 230
1804440 230
1804450 230
1804460 230
1804470 230
1804480 229
1804490 229
1804500 229
1804510 229
1804520 229
1804530 229
1804540 229
1804550 229
1804560 229
1804570 229
1804580 229
1804590 229
1804600 229
1804610 229
1804620 229
1804630 229
1804640 229
1804650 229
1804660 229
1804670 229
1804680 228
1804690 228
1804700 228
1804710 228
1804720 228
1804730 228
1804740 228
1804750 228
1804760 228
1804770 228
1804780 228
1804790 228
1804800 228
1804810 228
1804820 228
1804830 228
1804840 228
1804850 227
1804860 227
1804870 227
1804880 227
1804890 227
1804900 227
1804910 227
1804920 227
1804930 227
1804940 227
1804950 227
1804960 227
1804970 227
1804980 227
1804990 227
1805000 227
1805010 227
1805020 227
1805030 227
1805040 227
1805050 227
1805060 226
1805070 226
1805080 226
1805090 227
1805100 227
1805110 228
1805120 228
1805130 228
1805140 228
1805150 228
1805160 228
1805170 228
1805180 228
1805190 228
1805200 228
1805210 228
1805220 228
1805230 228
1805240 228
1805250 227
1805260 227
1805270 227
1805280 227
1805290 227
1805300 227
1805310 227
1805320 227
1805330 227
1805340 227
1805350 227
1805360 227
1805370 227
1805380 227
1805390 227
1805400 227
1805410 227
1805420 227
1805430 227
1805440 227
1805450 227
1805460 227
1805470 227
1805480 227
1805490 227
1805500 227
1805510 227
1805520 227
1805530 227
1805540 227
1805550 227
1805560 227
1805570 227
1805580 227
1805590 227
1805600 227
1805610 227
1805620 227
1805630 227
1805640 227
1805650 227
1805660 227
1805670 227
1805680 227
1805690 227
1805700 227
1805710 227
1805720 227
1805730 227
1805740 227
1805750 227
1805760 227
1805770 227
1805780 227
1805790 227
1805800 227
1805810 227
1805820 227
1805830 227
1805840 226
1805850 226
1805860 226
1805870 226
1805880 227
1805890 227
1805900 226
1805910 226
1805920 226
1805930 226
1805940 226
1805950 226
1805960 226
1805970 226
1805980 226
1805990 226
1806000 226
1806010 226
1806020 226
1806030 226
1806040 226
1806050 226
1806060 226
1806070 226
1806080 226
1806090 226
1806100 226
1806110 226
1806120 226
1806130 226
1806140 226
1806150 226
1806160 226
1806170 226
1806180 226
1806190 226
1806200 226
1806210 226
1806220 226
1806230 226
1806240 226
1806250 226
1806260 226
1806270 226
1806280 226
1806290 226
1806300 226
1806310 226
1806320 226
1806330 226
1806340 226
1806350 226
1806360 226
1806370 226
1806380 226
1806390 226
1806400 226
1806410 226
1806420 226
1806430 226
1806440 226
1806450 226
1806460 226
1806470 226
1806480 226
1806490 226
1806500 226
1806510 226
1806520 226
1806530 226
1806540 225
1806550 225
1806560 225
1806570 225
1806580 225
1806590 225
1806600 225
1806610 225
1806620 225
1806630 225
1806640 225
1806650 225
1806660 225
1806670 225
1806680 225
1806690 225
1806700 225
1806710 225
1806720 225
1806730 225
1806740 225
1806750 225
1806760 225
1806770 225
1806780 225
1806790 225
1806800 225
1806810 224
1806820 225
1806830 225
1806840 225
1806850 225
1806860 225
1806870 225
1806880 225
1806890 225
1806900 225
1806910 225
1806920 225
1806930 225
1806940 225
1806950 225
1806960 225
1806970 225
1806980 225
1806990 225
1807000 225
1807010 225
1807020 225
1807030 224
1807040 223
1807050 223
1807060 223
1807070 222
1807080 222
1807090 221
1807100 221
1807110 222
1807120 223
1807130 224
1807140 225
1807150 225
1807160 225
1807170 225
1807180 225
1807190 225
1807200 225
1807210 225
