1800000 301
1800010 302
1800020 303
1800030 303
1800040 304
1800050 304
1800060 305
1800070 306
1800080 308
1800090 309
1800100 309
1800110 310
1800120 310
1800130 310
1800140 310
1800150 310
1800160 310
1800170 310
1800180 310
1800190 309
1800200 309
1800210 308
1800220 308
1800230 308
1800240 309
1800250 309
1800260 309
1800270 309
1800280 309
1800290 309
1800300 309
1800310 309
1800320 308
1800330 308
1800340 308
1800350 307
1800360 306
1800370 305
1800380 304
1800390 303
1800400 302
1800410 301
1800420 300
1800430 299
1800440 298
1800450 297
1800460 296
1800470 295
1800480 294
1800490 293
1800500 292
1800510 291
1800520 289
1800530 287
1800540 286
1800550 284
1800560 282
1800570 281
1800580 279
1800590 277
1800600 276
1800610 274
1800620 272
1800630 271
1800640 269
1800650 268
1800660 266
1800670 265
1800680 264
1800690 262
1800700 261
1800710 260
1800720 259
1800730 259
1800740 258
1800750 257
1800760 257
1800770 256
1800780 255
1800790 255
1800800 255
1800810 256
1800820 256
1800830 256
1800840 257
1800850 258
1800860 258
1800870 258
1800880 258
1800890 259
1800900 259
1800910 260
1800920 260
1800930 261
1800940 261
1800950 262
1800960 263
1800970 264
1800980 265
1800990 266
1801000 267
1801010 268
1801020 269
1801030 269
1801040 269
1801050 269
1801060 269
1801070 269
1801080 269
1801090 270
1801100 270
1801110 270
1801120 270
1801130 269
1801140 268
1801150 267
1801160 267
1801170 268
1801180 269
1801190 269
1801200 268
1801210 268
1801220 268
1801230 267
1801240 267
1801250 266
1801260 266
1801270 266
1801280 266
1801290 266
1801300 265
1801310 265
1801320 264
1801330 264
1801340 264
1801350 263
1801360 263
1801370 263
1801380 263
1801390 262
1801400 262
1801410 262
1801420 263
1801430 263
1801440 265
1801450 266
1801460 267
1801470 268
1801480 270
1801490 271
1801500 272
1801510 274
1801520 275
1801530 277
1801540 279
1801550 280
1801560 281
1801570 283
1801580 284
1801590 286
1801600 287
1801610 289
1801620 291
1801630 292
1801640 294
1801650 296
1801660 297
1801670 299
1801680 301
1801690 302
1801700 303
1801710 303
1801720 303
1801730 305
1801740 307
1801750 309
1801760 311
1801770 312
1801780 314
1801790 315
1801800 317
1801810 318
1801820 318
1801830 317
1801840 316
1801850 315
1801860 314
1801870 313
1801880 311
1801890 310
1801900 309
1801910 307
1801920 306
1801930 305
1801940 304
1801950 303
1801960 302
1801970 301
1801980 299
1801990 298
1802000 296
1802010 295
1802020 293
1802030 292
1802040 290
1802050 289
1802060 288
1802070 287
1802080 285
1802090 284
1802100 282
1802110 281
1802120 279
1802130 277
1802140 276
1802150 274
1802160 273
1802170 272
1802180 270
1802190 269
1802200 267
1802210 265
1802220 264
1802230 262
1802240 261
1802250 260
1802260 259
1802270 259
1802280 258
1802290 256
1802300 256
1802310 257
1802320 258
1802330 259
1802340 260
1802350 261
1802360 262
1802370 263
1802380 265
1802390 266
1802400 268
1802410 269
1802420 271
1802430 272
1802440 273
1802450 276
1802460 278
1802470 279
1802480 281
1802490 282
1802500 284
1802510 285
1802520 287
1802530 289
1802540 291
1802550 293
1802560 294
1802570 295
1802580 295
1802590 296
1802600 296
1802610 297
1802620 298
1802630 298
1802640 299
1802650 299
1802660 300
1802670 301
1802680 302
1802690 302
1802700 304
1802710 305
1802720 306
1802730 307
1802740 308
1802750 308
1802760 309
1802770 309
1802780 310
1802790 310
1802800 310
1802810 311
1802820 311
1802830 312
1802840 312
1802850 313
1802860 313
1802870 313
1802880 313
1802890 314
1802900 314
1802910 315
1802920 315
1802930 316
1802940 317
1802950 318
1802960 319
1802970 320
1802980 321
1802990 322
1803000 322
1803010 323
1803020 323
1803030 323
1803040 323
1803050 322
1803060 321
1803070 321
1803080 320
1803090 319
1803100 319
1803110 318
1803120 318
1803130 317
1803140 317
1803150 317
1803160 316
1803170 315
1803180 315
1803190 314
1803200 313
1803210 312
1803220 311
1803230 310
1803240 309
1803250 308
1803260 308
1803270 307
1803280 306
1803290 305
1803300 305
1803310 304
1803320 303
1803330 302
1803340 301
1803350 300
1803360 299
1803370 298
1803380 296
1803390 295
1803400 294
1803410 293
1803420 292
1803430 291
1803440 289
1803450 288
1803460 287
1803470 286
1803480 284
1803490 283
1803500 282
1803510 280
1803520 279
1803530 278
1803540 276
1803550 275
1803560 273
1803570 271
1803580 270
1803590 269
1803600 268
1803610 266
1803620 263
1803630 260
1803640 258
1803650 256
1803660 255
1803670 255
1803680 254
1803690 253
1803700 252
1803710 250
1803720 249
1803730 249
1803740 248
1803750 248
1803760 249
1803770 250
1803780 251
1803790 252
1803800 253
1803810 254
1803820 255
1803830 256
1803840 257
1803850 257
1803860 257
1803870 256
1803880 255
1803890 254
1803900 253
1803910 252
1803920 252
1803930 251
1803940 250
1803950 249
1803960 247
1803970 245
1803980 243
1803990 242
1804000 240
1804010 239
1804020 237
1804030 237
1804040 238
1804050 239
1804060 240
1804070 240
1804080 241
1804090 241
1804100 242
1804110 242
1804120 242
1804130 243
1804140 243
1804150 243
1804160 244
1804170 245
1804180 246
1804190 247
1804200 249
1804210 251
1804220 253
1804230 254
1804240 256
1804250 258
1804260 259
1804270 261
1804280 262
1804290 263
1804300 264
1804310 264
1804320 266
1804330 267
1804340 268
1804350 271
1804360 272
1804370 274
1804380 275
1804390 276
1804400 278
1804410 279
1804420 280
1804430 281
1804440 283
1804450 284
1804460 286
1804470 288
1804480 290
1804490 292
1804500 292
1804510 291
1804520 290
1804530 289
1804540 289
1804550 288
1804560 287
1804570 287
1804580 286
1804590 285
1804600 285
1804610 284
1804620 283
1804630 282
1804640 282
1804650 281
1804660 280
1804670 280
1804680 279
1804690 278
1804700 277
1804710 275
1804720 275
1804730 274
1804740 273
1804750 273
1804760 273
1804770 274
1804780 275
1804790 275
1804800 274
1804810 274
1804820 273
1804830 272
1804840 271
1804850 270
1804860 270
1804870 270
1804880 269
1804890 268
1804900 267
1804910 267
1804920 267
1804930 267
1804940 266
1804950 266
1804960 265
1804970 265
1804980 264
1804990 263
1805000 263
1805010 263
1805020 263
1805030 262
1805040 261
1805050 260
1805060 259
1805070 259
1805080 259
1805090 259
1805100 258
1805110 258
1805120 257
1805130 256
1805140 255
1805150 254
1805160 254
1805170 253
1805180 253
1805190 252
1805200 252
1805210 251
1805220 251
1805230 250
1805240 250
1805250 250
1805260 249
1805270 249
1805280 249
1805290 249
1805300 248
1805310 247
1805320 247
1805330 246
1805340 245
1805350 245
1805360 246
1805370 246
1805380 246
1805390 246
1805400 245
1805410 245
1805420 245
1805430 245
1805440 245
1805450 245
1805460 245
1805470 245
1805480 246
1805490 246
1805500 246
1805510 245
1805520 245
1805530 244
1805540 244
1805550 243
1805560 242
1805570 242
1805580 242
1805590 242
1805600 241
1805610 241
1805620 241
1805630 241
1805640 241
1805650 240
1805660 240
1805670 240
1805680 240
1805690 239
1805700 239
1805710 239
1805720 239
1805730 239
1805740 239
1805750 239
1805760 239
1805770 239
1805780 239
1805790 239
1805800 239
1805810 239
1805820 239
1805830 239
1805840 239
1805850 239
1805860 239
1805870 239
1805880 239
1805890 238
1805900 238
1805910 238
1805920 238
1805930 238
1805940 238
1805950 238
1805960 238
1805970 237
1805980 237
1805990 237
1806000 237
1806010 237
1806020 237
1806030 237
1806040 236
1806050 236
1806060 236
1806070 236
1806080 236
1806090 236
1806100 236
1806110 236
1806120 236
1806130 236
1806140 236
1806150 236
1806160 235
1806170 235
1806180 235
1806190 235
1806200 235
1806210 235
1806220 235
1806230 235
1806240 235
1806250 235
1806260 235
1806270 235
1806280 235
1806290 235
1806300 235
1806310 235
1806320 235
1806330 235
1806340 235
1806350 235
1806360 235
1806370 235
1806380 235
1806390 235
1806400 235
1806410 235
1806420 235
1806430 235
1806440 235
1806450 235
1806460 235
1806470 235
1806480 234
1806490 234
1806500 234
1806510 234
1806520 234
1806530 234
1806540 234
1806550 234
1806560 234
1806570 234
1806580 233
1806590 233
1806600 233
1806610 233
1806620 233
1806630 233
1806640 233
1806650 232
1806660 232
1806670 232
1806680 232
1806690 232
1806700 231
1806710 231
1806720 231
1806730 231
1806740 231
1806750 230
1806760 230
1806770 230
1806780 230
1806790 229
1806800 229
1806810 229
1806820 229
1806830 229
1806840 229
1806850 228
1806860 228
1806870 228
1806880 228
1806890 228
1806900 228
1806910 228
1806920 228
1806930 228
1806940 228
1806950 227
1806960 227
1806970 227
1806980 227
1806990 227
1807000 227
1807010 227
1807020 227
1807030 227
1807040 227
1807050 227
1807060 227
1807070 227
1807080 227
1807090 227
1807100 227
1807110 227
1807120 227
1807130 227
1807140 227
1807150 227
1807160 227
1807170 227
1807180 227
1807190 227
1807200 227
1807210 227
1807220 227
1807230 227
1807240 227
1807250 227
1807260 227
1807270 227
1807280 227
1807290 227
1807300 227
1807310 227
1807320 226
1807330 226
1807340 226
1807350 226
1807360 227
1807370 227
1807380 227
1807390 227
1807400 227
1807410 227
1807420 227
1807430 227
1807440 227
1807450 227
1807460 226
1807470 226
1807480 226
1807490 226
1807500 226
1807510 226
1807520 225
1807530 225
1807540 225
1807550 225
1807560 225
1807570 225
1807580 225
1807590 224
1807600 224
1807610 224
1807620 224
1807630 224
1807640 224
1807650 224
1807660 224
1807670 224
1807680 224
1807690 224
1807700 224
1807710 224
1807720 224
1807730 224
1807740 224
1807750 224
1807760 224
1807770 224
1807780 224
1807790 224
1807800 224
1807810 224
1807820 224
1807830 224
1807840 224
1807850 224
1807860 224
1807870 224
1807880 224
1807890 224
1807900 224
1807910 224
1807920 224
1807930 224
1807940 224
1807950 224
1807960 224
1807970 224
1807980 223
1807990 223
1808000 223
1808010 223
1808020 223
1808030 223
1808040 223
1808050 223
1808060 223
1808070 223
1808080 223
1808090 223
1808100 223
1808110 223
1808120 223
1808130 223
1808140 223
1808150 223
1808160 223
1808170 223
1808180 223
1808190 223
1808200 223
1808210 223
1808220 223
1808230 223
1808240 223
1808250 223
1808260 223
1808270 224
1808280 224
1808290 224
1808300 224
1808310 224
1808320 224
1808330 224
1808340 224
1808350 224
1808360 223
1808370 223
1808380 223
1808390 223
1808400 223
1808410 223
1808420 223
1808430 224
1808440 224
1808450 224
1808460 224
1808470 224
1808480 224
1808490 223
1808500 223
1808510 223
1808520 223
1808530 224
1808540 224
1808550 224
1808560 224
1808570 224
1808580 224
