1800000 327
1800010 328
1800020 329
1800030 329
1800040 330
1800050 331
1800060 331
1800070 331
1800080 330
1800090 330
1800100 329
1800110 328
1800120 327
1800130 325
1800140 324
1800150 323
1800160 323
1800170 322
1800180 322
1800190 321
1800200 320
1800210 319
1800220 318
1800230 317
1800240 316
1800250 314
1800260 313
1800270 311
1800280 310
1800290 309
1800300 307
1800310 305
1800320 303
1800330 301
1800340 300
1800350 299
1800360 297
1800370 296
1800380 295
1800390 294
1800400 293
1800410 292
1800420 291
1800430 289
1800440 288
1800450 287
1800460 286
1800470 285
1800480 284
1800490 283
1800500 283
1800510 281
1800520 280
1800530 278
1800540 277
1800550 275
1800560 274
1800570 273
1800580 273
1800590 273
1800600 273
1800610 274
1800620 275
1800630 277
1800640 278
1800650 280
1800660 281
1800670 283
1800680 284
1800690 285
1800700 287
1800710 287
1800720 288
1800730 289
1800740 290
1800750 290
1800760 291
1800770 292
1800780 292
1800790 293
1800800 294
1800810 295
1800820 295
1800830 296
1800840 297
1800850 298
1800860 299
1800870 300
1800880 301
1800890 302
1800900 303
1800910 304
1800920 306
1800930 307
1800940 308
1800950 309
1800960 310
1800970 311
1800980 313
1800990 314
1801000 315
1801010 316
1801020 317
1801030 318
1801040 320
1801050 321
1801060 322
1801070 323
1801080 324
1801090 326
1801100 327
1801110 328
1801120 329
1801130 329
1801140 329
1801150 329
1801160 328
1801170 327
1801180 325
1801190 324
1801200 323
1801210 322
1801220 320
1801230 320
1801240 320
1801250 319
1801260 318
1801270 317
1801280 316
1801290 315
1801300 314
1801310 313
1801320 312
1801330 310
1801340 309
1801350 309
1801360 308
1801370 308
1801380 307
1801390 306
1801400 305
1801410 304
1801420 303
1801430 303
1801440 302
1801450 302
1801460 301
1801470 301
1801480 300
1801490 300
1801500 300
1801510 300
1801520 300
1801530 300
1801540 301
1801550 301
1801560 300
1801570 299
1801580 299
1801590 299
1801600 300
1801610 300
1801620 300
1801630 301
1801640 302
1801650 303
1801660 304
1801670 305
1801680 306
1801690 307
1801700 308
1801710 309
1801720 310
1801730 311
1801740 313
1801750 315
1801760 316
1801770 318
1801780 320
1801790 322
1801800 324
1801810 326
1801820 327
1801830 329
1801840 330
1801850 331
1801860 332
1801870 333
1801880 334
1801890 336
1801900 337
1801910 337
1801920 338
1801930 338
1801940 338
1801950 339
1801960 338
1801970 338
1801980 338
1801990 337
1802000 337
1802010 336
1802020 335
1802030 334
1802040 333
1802050 332
1802060 331
1802070 330
1802080 329
1802090 328
1802100 327
1802110 326
1802120 325
1802130 324
1802140 323
1802150 322
1802160 321
1802170 319
1802180 318
1802190 317
1802200 316
1802210 315
1802220 314
1802230 313
1802240 312
1802250 310
1802260 309
1802270 308
1802280 307
1802290 305
1802300 304
1802310 302
1802320 300
1802330 298
1802340 296
1802350 295
1802360 293
1802370 292
1802380 290
1802390 288
1802400 286
1802410 284
1802420 284
1802430 286
1802440 288
1802450 288
1802460 289
1802470 289
1802480 289
1802490 289
1802500 290
1802510 290
1802520 291
1802530 293
1802540 294
1802550 295
1802560 297
1802570 299
1802580 300
1802590 302
1802600 304
1802610 305
1802620 307
1802630 308
1802640 310
1802650 311
1802660 312
1802670 313
1802680 314
1802690 315
1802700 315
1802710 317
1802720 319
1802730 321
1802740 323
1802750 325
1802760 326
1802770 326
1802780 326
1802790 327
1802800 326
1802810 326
1802820 325
1802830 324
1802840 323
1802850 322
1802860 321
1802870 319
1802880 318
1802890 317
1802900 316
1802910 315
1802920 313
1802930 311
1802940 310
1802950 308
1802960 307
1802970 306
1802980 305
1802990 305
1803000 304
1803010 303
1803020 303
1803030 302
1803040 301
1803050 300
1803060 300
1803070 298
1803080 297
1803090 295
1803100 294
1803110 293
1803120 292
1803130 291
1803140 290
1803150 290
1803160 289
1803170 289
1803180 289
1803190 288
1803200 288
1803210 287
1803220 287
1803230 287
1803240 286
1803250 286
1803260 285
1803270 284
1803280 283
1803290 281
1803300 280
1803310 278
1803320 277
1803330 276
1803340 274
1803350 273
1803360 272
1803370 270
1803380 269
1803390 268
1803400 267
1803410 265
1803420 262
1803430 260
1803440 258
1803450 257
1803460 255
1803470 254
1803480 253
1803490 252
1803500 252
1803510 251
1803520 250
1803530 249
1803540 249
1803550 250
1803560 252
1803570 253
1803580 254
1803590 254
1803600 254
1803610 254
1803620 254
1803630 255
1803640 255
1803650 255
1803660 255
1803670 255
1803680 255
1803690 256
1803700 256
1803710 256
1803720 256
1803730 258
1803740 259
1803750 260
1803760 261
1803770 262
1803780 262
1803790 263
1803800 262
1803810 261
1803820 260
1803830 259
1803840 259
1803850 257
1803860 256
1803870 254
1803880 253
1803890 252
1803900 251
1803910 250
1803920 249
1803930 249
1803940 248
1803950 248
1803960 248
1803970 247
1803980 247
1803990 247
1804000 247
1804010 247
1804020 247
1804030 247
1804040 247
1804050 246
1804060 244
1804070 243
1804080 244
1804090 245
1804100 246
1804110 247
1804120 248
1804130 250
1804140 251
1804150 253
1804160 256
1804170 258
1804180 260
1804190 262
1804200 265
1804210 267
1804220 268
1804230 269
1804240 270
1804250 271
1804260 272
1804270 274
1804280 275
1804290 276
1804300 278
1804310 280
1804320 281
1804330 282
1804340 283
1804350 285
1804360 286
1804370 287
1804380 289
1804390 290
1804400 291
1804410 292
1804420 293
1804430 294
1804440 295
1804450 296
1804460 297
1804470 298
1804480 299
1804490 300
1804500 300
1804510 301
1804520 301
1804530 301
1804540 301
1804550 302
1804560 302
1804570 302
1804580 302
1804590 302
1804600 302
1804610 302
1804620 302
1804630 302
1804640 302
1804650 303
1804660 303
1804670 303
1804680 303
1804690 304
1804700 304
1804710 305
1804720 305
1804730 306
1804740 306
1804750 307
1804760 307
1804770 308
1804780 308
1804790 308
1804800 309
1804810 309
1804820 310
1804830 310
1804840 311
1804850 311
1804860 312
1804870 312
1804880 313
1804890 313
1804900 313
1804910 313
1804920 313
1804930 313
1804940 313
1804950 313
1804960 313
1804970 313
1804980 313
1804990 313
1805000 313
1805010 314
1805020 314
1805030 314
1805040 315
1805050 315
1805060 315
1805070 316
1805080 316
1805090 316
1805100 317
1805110 317
1805120 318
1805130 319
1805140 319
1805150 320
1805160 321
1805170 322
1805180 322
1805190 323
1805200 324
1805210 325
1805220 326
1805230 327
1805240 327
1805250 327
1805260 327
1805270 326
1805280 325
1805290 324
1805300 323
1805310 322
1805320 321
1805330 320
1805340 318
1805350 317
1805360 315
1805370 314
1805380 312
1805390 311
1805400 309
1805410 308
1805420 307
1805430 307
1805440 306
1805450 305
1805460 303
1805470 302
1805480 300
1805490 298
1805500 297
1805510 295
1805520 294
1805530 293
1805540 291
1805550 290
1805560 289
1805570 288
1805580 287
1805590 285
1805600 284
1805610 284
1805620 282
1805630 281
1805640 279
1805650 278
1805660 276
1805670 275
1805680 274
1805690 273
1805700 272
1805710 271
1805720 270
1805730 269
1805740 267
1805750 266
1805760 264
1805770 263
1805780 263
1805790 262
1805800 261
1805810 261
1805820 261
1805830 261
1805840 261
1805850 261
1805860 261
1805870 261
1805880 261
1805890 261
1805900 261
1805910 261
1805920 262
1805930 262
1805940 262
1805950 262
1805960 263
1805970 263
1805980 264
1805990 264
1806000 263
1806010 262
1806020 262
1806030 261
1806040 260
1806050 260
1806060 260
1806070 259
1806080 259
1806090 258
1806100 257
1806110 257
1806120 256
1806130 256
1806140 256
1806150 256
1806160 256
1806170 257
1806180 259
1806190 261
1806200 263
1806210 264
1806220 265
1806230 267
1806240 269
1806250 270
1806260 272
1806270 274
1806280 276
1806290 279
1806300 282
1806310 284
1806320 285
1806330 286
1806340 285
1806350 284
1806360 283
1806370 281
1806380 279
1806390 276
1806400 274
1806410 272
1806420 270
1806430 269
1806440 268
1806450 267
1806460 265
1806470 264
1806480 263
1806490 262
1806500 261
1806510 259
1806520 258
1806530 258
1806540 257
1806550 257
1806560 257
1806570 256
1806580 257
1806590 257
1806600 258
1806610 259
1806620 260
1806630 261
1806640 262
1806650 262
1806660 263
1806670 265
1806680 267
1806690 269
1806700 272
1806710 276
1806720 279
1806730 283
1806740 286
1806750 289
1806760 291
1806770 292
1806780 294
1806790 295
1806800 295
1806810 296
1806820 295
1806830 295
1806840 294
1806850 293
1806860 292
1806870 291
1806880 290
1806890 288
1806900 287
1806910 285
1806920 284
1806930 282
1806940 280
1806950 278
1806960 277
1806970 275
1806980 275
1806990 274
1807000 273
1807010 272
1807020 271
1807030 270
1807040 269
1807050 268
1807060 267
1807070 265
1807080 263
1807090 261
1807100 260
1807110 259
1807120 258
1807130 259
1807140 259
1807150 259
1807160 259
1807170 260
1807180 261
1807190 263
1807200 266
1807210 269
1807220 272
1807230 274
1807240 276
1807250 278
1807260 279
1807270 280
1807280 281
1807290 282
1807300 283
1807310 284
1807320 285
1807330 285
1807340 286
1807350 286
1807360 286
1807370 285
1807380 285
1807390 284
1807400 283
1807410 282
1807420 281
1807430 280
1807440 279
1807450 279
1807460 278
1807470 276
1807480 275
1807490 273
1807500 272
1807510 270
1807520 270
1807530 269
1807540 269
1807550 268
1807560 268
1807570 268
1807580 267
1807590 266
1807600 265
1807610 264
1807620 262
1807630 260
1807640 258
1807650 256
1807660 255
1807670 254
1807680 253
1807690 253
1807700 253
1807710 251
1807720 248
1807730 245
1807740 244
1807750 243
1807760 244
1807770 245
1807780 246
1807790 247
1807800 247
1807810 247
1807820 247
1807830 247
1807840 247
1807850 246
1807860 245
1807870 244
1807880 243
1807890 243
1807900 242
1807910 241
1807920 241
1807930 240
1807940 240
1807950 240
1807960 239
1807970 238
1807980 238
1807990 238
1808000 237
1808010 237
1808020 237
1808030 237
1808040 236
1808050 236
1808060 236
1808070 236
1808080 235
1808090 235
1808100 235
1808110 235
1808120 235
1808130 235
1808140 235
1808150 234
1808160 234
1808170 234
1808180 235
1808190 235
1808200 234
1808210 234
1808220 234
1808230 234
1808240 233
1808250 233
1808260 233
1808270 232
1808280 232
1808290 232
1808300 231
1808310 231
1808320 231
1808330 230
1808340 230
1808350 230
1808360 230
1808370 229
1808380 229
1808390 228
1808400 228
1808410 228
1808420 228
1808430 227
1808440 227
