1800000 340
1800010 340
1800020 340
1800030 341
1800040 341
1800050 342
1800060 343
1800070 343
1800080 344
1800090 344
1800100 345
1800110 346
1800120 346
1800130 347
1800140 347
1800150 347
1800160 347
1800170 347
1800180 348
1800190 348
1800200 347
1800210 348
1800220 348
1800230 348
1800240 348
1800250 348
1800260 348
1800270 348
1800280 349
1800290 349
1800300 349
1800310 349
1800320 349
1800330 349
1800340 349
1800350 349
1800360 349
1800370 349
1800380 349
1800390 349
1800400 349
1800410 348
1800420 348
1800430 348
1800440 347
1800450 347
1800460 346
1800470 345
1800480 344
1800490 343
1800500 343
1800510 342
1800520 341
1800530 339
1800540 338
1800550 335
1800560 333
1800570 331
1800580 329
1800590 327
1800600 326
1800610 324
1800620 321
1800630 319
1800640 318
1800650 317
1800660 316
1800670 315
1800680 315
1800690 313
1800700 312
1800710 310
1800720 307
1800730 305
1800740 303
1800750 302
1800760 300
1800770 297
1800780 297
1800790 297
1800800 297
1800810 298
1800820 298
1800830 298
1800840 299
1800850 299
1800860 299
1800870 299
1800880 298
1800890 298
1800900 298
1800910 297
1800920 297
1800930 296
1800940 296
1800950 295
1800960 294
1800970 294
1800980 293
1800990 293
1801000 292
1801010 291
1801020 291
1801030 290
1801040 290
1801050 290
1801060 289
1801070 289
1801080 288
1801090 287
1801100 286
1801110 284
1801120 282
1801130 279
1801140 277
1801150 276
1801160 276
1801170 276
1801180 277
1801190 277
1801200 278
1801210 279
1801220 281
1801230 283
1801240 284
1801250 286
1801260 288
1801270 289
1801280 291
1801290 293
1801300 294
1801310 295
1801320 297
1801330 298
1801340 299
1801350 301
1801360 302
1801370 304
1801380 306
1801390 307
1801400 309
1801410 310
1801420 311
1801430 313
1801440 313
1801450 312
1801460 312
1801470 312
1801480 312
1801490 312
1801500 312
1801510 312
1801520 312
1801530 312
1801540 312
1801550 313
1801560 313
1801570 313
1801580 313
1801590 314
1801600 314
1801610 314
1801620 313
1801630 313
1801640 312
1801650 311
1801660 309
1801670 308
1801680 307
1801690 305
1801700 304
1801710 303
1801720 302
1801730 301
1801740 300
1801750 298
1801760 297
1801770 296
1801780 295
1801790 293
1801800 292
1801810 291
1801820 289
1801830 287
1801840 286
1801850 285
1801860 283
1801870 281
1801880 280
1801890 278
1801900 277
1801910 275
1801920 273
1801930 272
1801940 270
1801950 269
1801960 267
1801970 266
1801980 265
1801990 264
1802000 263
1802010 263
1802020 262
1802030 262
1802040 262
1802050 262
1802060 262
1802070 262
1802080 262
1802090 262
1802100 262
1802110 261
1802120 261
1802130 261
1802140 262
1802150 263
1802160 264
1802170 265
1802180 266
1802190 268
1802200 269
1802210 270
1802220 272
1802230 273
1802240 274
1802250 275
1802260 276
1802270 276
1802280 277
1802290 277
1802300 278
1802310 278
1802320 279
1802330 279
1802340 279
1802350 279
1802360 280
1802370 280
1802380 281
1802390 281
1802400 281
1802410 282
1802420 281
1802430 281
1802440 281
1802450 281
1802460 280
1802470 280
1802480 280
1802490 279
1802500 278
1802510 277
1802520 276
1802530 274
1802540 273
1802550 272
1802560 270
1802570 269
1802580 267
1802590 265
1802600 263
1802610 261
1802620 260
1802630 260
1802640 259
1802650 259
1802660 258
1802670 258
1802680 258
1802690 258
1802700 259
1802710 259
1802720 259
1802730 259
1802740 259
1802750 260
1802760 261
1802770 261
1802780 262
1802790 262
1802800 263
1802810 264
1802820 264
1802830 265
1802840 265
1802850 265
1802860 266
1802870 266
1802880 266
1802890 266
1802900 267
1802910 267
1802920 266
1802930 266
1802940 266
1802950 265
1802960 264
1802970 264
1802980 263
1802990 263
1803000 262
1803010 261
1803020 261
1803030 260
1803040 259
1803050 258
1803060 258
1803070 257
1803080 257
1803090 256
1803100 256
1803110 256
1803120 256
1803130 255
1803140 255
1803150 255
1803160 255
1803170 254
1803180 254
1803190 254
1803200 254
1803210 254
1803220 254
1803230 254
1803240 253
1803250 253
1803260 253
1803270 253
1803280 253
1803290 253
1803300 253
1803310 253
1803320 253
1803330 253
1803340 253
1803350 253
1803360 253
1803370 253
1803380 253
1803390 253
1803400 253
1803410 253
1803420 253
1803430 253
1803440 253
1803450 253
1803460 254
1803470 254
1803480 254
1803490 254
1803500 254
1803510 254
1803520 254
1803530 254
1803540 255
1803550 255
1803560 255
1803570 255
1803580 256
1803590 256
1803600 257
1803610 257
1803620 258
1803630 259
1803640 260
1803650 261
1803660 262
1803670 264
1803680 265
1803690 267
1803700 268
1803710 270
1803720 271
1803730 272
1803740 274
1803750 275
1803760 276
1803770 277
1803780 278
1803790 280
1803800 281
1803810 282
1803820 283
1803830 284
1803840 285
1803850 286
1803860 287
1803870 288
1803880 289
1803890 290
1803900 291
1803910 292
1803920 293
1803930 294
1803940 295
1803950 296
1803960 297
1803970 298
1803980 300
1803990 301
1804000 302
1804010 303
1804020 305
1804030 307
1804040 309
1804050 311
1804060 313
1804070 316
1804080 318
1804090 319
1804100 320
1804110 321
1804120 321
1804130 320
1804140 320
1804150 320
1804160 319
1804170 318
1804180 317
1804190 315
1804200 314
1804210 313
1804220 312
1804230 311
1804240 310
1804250 309
1804260 307
1804270 306
1804280 305
1804290 303
1804300 301
1804310 300
1804320 298
1804330 296
1804340 294
1804350 293
1804360 291
1804370 290
1804380 289
1804390 288
1804400 287
1804410 285
1804420 284
1804430 282
1804440 281
1804450 280
1804460 279
1804470 278
1804480 277
1804490 277
1804500 277
1804510 277
1804520 276
1804530 275
1804540 274
1804550 274
1804560 274
1804570 274
1804580 275
1804590 276
1804600 277
1804610 278
1804620 280
1804630 282
1804640 283
1804650 285
1804660 287
1804670 288
1804680 290
1804690 292
1804700 294
1804710 296
1804720 297
1804730 299
1804740 300
1804750 301
1804760 302
1804770 303
1804780 304
1804790 305
1804800 306
1804810 308
1804820 309
1804830 310
1804840 312
1804850 313
1804860 314
1804870 315
1804880 317
1804890 317
1804900 318
1804910 321
1804920 323
1804930 325
1804940 326
1804950 326
1804960 327
1804970 327
1804980 327
1804990 327
1805000 326
1805010 326
1805020 325
1805030 325
1805040 324
1805050 324
1805060 323
1805070 323
1805080 322
1805090 321
1805100 320
1805110 319
1805120 318
1805130 318
1805140 318
1805150 317
1805160 315
1805170 314
1805180 313
1805190 311
1805200 310
1805210 309
1805220 307
1805230 305
1805240 304
1805250 304
1805260 303
1805270 302
1805280 301
1805290 300
1805300 298
1805310 297
1805320 295
1805330 294
1805340 292
1805350 291
1805360 289
1805370 288
1805380 287
1805390 286
1805400 285
1805410 284
1805420 283
1805430 282
1805440 280
1805450 278
1805460 277
1805470 275
1805480 274
1805490 273
1805500 271
1805510 270
1805520 269
1805530 268
1805540 268
1805550 267
1805560 266
1805570 266
1805580 265
1805590 265
1805600 264
1805610 264
1805620 263
1805630 263
1805640 265
1805650 266
1805660 269
1805670 273
1805680 277
1805690 280
1805700 282
1805710 284
1805720 286
1805730 288
1805740 289
1805750 291
1805760 292
1805770 293
1805780 293
1805790 293
1805800 294
1805810 294
1805820 294
1805830 295
1805840 296
1805850 297
1805860 298
1805870 299
1805880 300
1805890 301
1805900 301
1805910 302
1805920 302
1805930 302
1805940 302
1805950 302
1805960 302
1805970 302
1805980 302
1805990 302
1806000 302
1806010 301
1806020 301
1806030 301
1806040 300
1806050 300
1806060 300
1806070 299
1806080 298
1806090 298
1806100 297
1806110 296
1806120 297
1806130 299
1806140 300
1806150 301
1806160 302
1806170 303
1806180 304
1806190 305
1806200 306
1806210 307
1806220 308
1806230 309
1806240 310
1806250 311
1806260 312
1806270 313
1806280 314
1806290 314
1806300 315
1806310 315
1806320 315
1806330 315
1806340 314
1806350 313
1806360 312
1806370 311
1806380 309
1806390 308
1806400 306
1806410 304
1806420 303
1806430 302
1806440 301
1806450 300
1806460 299
1806470 298
1806480 297
1806490 297
1806500 296
1806510 295
1806520 294
1806530 293
1806540 292
1806550 291
1806560 291
1806570 291
1806580 290
1806590 290
1806600 290
1806610 290
1806620 290
1806630 289
1806640 289
1806650 289
1806660 289
1806670 288
1806680 289
1806690 289
1806700 289
1806710 290
1806720 290
1806730 289
1806740 289
1806750 289
1806760 289
1806770 291
1806780 292
1806790 292
1806800 293
1806810 293
1806820 294
1806830 295
1806840 296
1806850 298
1806860 299
1806870 301
1806880 302
1806890 304
1806900 305
1806910 306
1806920 307
1806930 309
1806940 310
1806950 311
1806960 313
1806970 314
1806980 315
1806990 316
1807000 317
1807010 318
1807020 319
1807030 320
1807040 321
1807050 322
1807060 323
1807070 324
1807080 325
1807090 326
1807100 327
1807110 328
1807120 328
1807130 329
1807140 329
1807150 329
1807160 329
1807170 329
1807180 329
1807190 329
1807200 329
1807210 328
1807220 328
1807230 328
1807240 328
1807250 328
1807260 327
1807270 327
1807280 327
1807290 326
1807300 326
1807310 325
1807320 325
1807330 324
1807340 323
1807350 323
1807360 321
1807370 320
1807380 320
1807390 319
1807400 318
1807410 317
1807420 317
1807430 316
1807440 316
1807450 315
1807460 314
1807470 313
1807480 312
1807490 311
1807500 308
1807510 306
1807520 304
1807530 303
1807540 302
1807550 301
1807560 299
1807570 298
1807580 296
1807590 296
1807600 295
1807610 293
1807620 292
1807630 290
1807640 288
1807650 286
1807660 285
1807670 283
1807680 281
1807690 278
1807700 276
1807710 274
1807720 273
1807730 272
1807740 271
1807750 270
1807760 270
1807770 269
1807780 268
1807790 267
1807800 265
1807810 263
1807820 261
1807830 260
1807840 259
1807850 258
1807860 258
1807870 258
1807880 258
1807890 257
1807900 257
1807910 256
1807920 256
1807930 256
1807940 257
1807950 258
1807960 259
1807970 261
1807980 262
1807990 264
1808000 265
1808010 266
1808020 267
1808030 267
1808040 267
1808050 266
1808060 266
1808070 264
1808080 263
1808090 262
1808100 262
1808110 261
1808120 261
1808130 261
1808140 262
1808150 262
1808160 263
1808170 264
1808180 265
1808190 265
1808200 266
1808210 267
1808220 267
1808230 268
1808240 269
1808250 270
1808260 271
1808270 272
1808280 273
1808290 274
1808300 275
1808310 277
1808320 278
1808330 279
1808340 281
1808350 282
1808360 283
1808370 284
1808380 284
1808390 283
1808400 282
1808410 281
1808420 280
1808430 278
1808440 277
1808450 275
1808460 273
1808470 272
1808480 271
1808490 269
1808500 268
1808510 267
1808520 265
1808530 264
1808540 262
1808550 261
1808560 261
1808570 260
1808580 260
1808590 259
1808600 258
1808610 257
1808620 256
1808630 256
1808640 255
1808650 254
1808660 252
1808670 250
1808680 247
1808690 245
1808700 243
1808710 241
1808720 241
1808730 242
1808740 242
1808750 244
1808760 243
1808770 243
1808780 242
1808790 241
1808800 240
1808810 239
1808820 238
1808830 237
1808840 237
1808850 236
1808860 235
1808870 234
1808880 234
1808890 233
1808900 232
1808910 231
1808920 231
1808930 230
1808940 229
1808950 229
1808960 228
1808970 228
1808980 228
1808990 227
1809000 227
1809010 227
1809020 226
1809030 226
1809040 226
1809050 226
1809060 225
1809070 225
1809080 225
1809090 225
1809100 225
1809110 225
1809120 225
1809130 225
1809140 224
1809150 224
1809160 224
1809170 224
1809180 224
1809190 224
1809200 224
1809210 224
1809220 225
1809230 225
1809240 224
1809250 224
1809260 224
1809270 224
1809280 224
1809290 224
1809300 224
1809310 224
1809320 224
1809330 224
1809340 224
1809350 224
1809360 224
1809370 224
1809380 224
1809390 224
1809400 224
1809410 224
1809420 224
1809430 224
1809440 224
1809450 223
1809460 223
1809470 223
1809480 222
1809490 221
1809500 220
1809510 220
1809520 220
1810530 217
1810540 217
1810550 217
1810560 217
1810570 217
1810580 217
1810590 217
1810600 217
1810610 217
1810620 217
1810630 217
1810640 217
1810650 217
1810660 217
1810670 217
1810680 217
1810690 217
1810700 217
1810710 217
1810720 217
1810730 217
1810740 217
1810750 217
1810760 217
1810770 218
1810780 219
1810790 219
1810800 218
1810810 220
1810820 220
1810830 220
1810840 219
1810850 218
1810860 218
1810870 218
1810880 218
1810890 218
1810900 218
1810910 218
1810920 218
1810930 218
1810940 218
1810950 219
1810960 219
1810970 219
1810980 219
1810990 219
1811000 219
1811010 219
1811020 219
1811030 220
1811040 220
1811050 220
1811060 220
1811070 220
1811080 220
1811090 220
1811100 219
1811110 219
1811120 219
1811130 219
1811140 219
1811150 219
1811160 219
1811170 219
1811180 219
1811190 219
1811200 219
1811210 220
1811220 220
1811230 220
1811240 221
1811250 221
1811260 221
1811270 221
1811280 220
1811290 220
1811300 220
1811310 220
1811320 221
1811330 221
1811340 221
1811350 221
1811360 221
1811370 220
1811380 220
1811390 219
1811400 219
1811410 219
1811420 219
1811430 220
1811440 220
1811450 220
1811460 219
1811470 219
1811480 219
1811490 220
1811500 220
1811510 220
1811520 219
1811530 219
1811540 219
1811550 218
1811560 219
1811570 219
1811580 219
1811590 219
1811600 219
1811610 219
1811620 220
1811630 220
1811640 220
1811650 221
1811660 220
1811670 220
1811680 220
1811690 220
1811700 220
1811710 221
1811720 223
1811730 223
1811740 223
1811750 222
1811760 222
1811770 221
1811780 221
1811790 221
1811800 220
1811810 220
1811820 219
1811830 219
1811840 219
1811850 220
1811860 220
1811870 220
1811880 219
1811890 219
1811900 219
1811910 219
1811920 219
1811930 219
1811940 219
1811950 219
1811960 219
1811970 220
1811980 219
1811990 219
1812000 219
1812010 219
1812020 219
