1800000 341
1800010 341
1800020 341
1800030 341
1800040 342
1800050 342
1800060 343
1800070 343
1800080 344
1800090 345
1800100 345
1800110 346
1800120 347
1800130 347
1800140 348
1800150 348
1800160 348
1800170 349
1800180 349
1800190 348
1800200 348
1800210 347
1800220 345
1800230 343
1800240 341
1800250 338
1800260 337
1800270 335
1800280 333
1800290 332
1800300 331
1800310 330
1800320 329
1800330 328
1800340 326
1800350 324
1800360 322
1800370 319
1800380 317
1800390 314
1800400 313
1800410 311
1800420 310
1800430 308
1800440 307
1800450 305
1800460 302
1800470 300
1800480 298
1800490 299
1800500 300
1800510 302
1800520 303
1800530 303
1800540 303
1800550 303
1800560 304
1800570 304
1800580 305
1800590 305
1800600 305
1800610 305
1800620 305
1800630 305
1800640 305
1800650 304
1800660 303
1800670 302
1800680 299
1800690 297
1800700 296
1800710 295
1800720 295
1800730 294
1800740 293
1800750 292
1800760 291
1800770 290
1800780 289
1800790 288
1800800 286
1800810 285
1800820 284
1800830 283
1800840 281
1800850 279
1800860 277
1800870 275
1800880 274
1800890 274
1800900 274
1800910 274
1800920 274
1800930 275
1800940 276
1800950 277
1800960 278
1800970 279
1800980 280
1800990 282
1801000 283
1801010 285
1801020 286
1801030 289
1801040 291
1801050 293
1801060 295
1801070 297
1801080 298
1801090 299
1801100 300
1801110 301
1801120 302
1801130 303
1801140 304
1801150 305
1801160 307
1801170 309
1801180 311
1801190 313
1801200 315
1801210 316
1801220 318
1801230 319
1801240 321
1801250 322
1801260 322
1801270 323
1801280 323
1801290 324
1801300 323
1801310 322
1801320 322
1801330 321
1801340 321
1801350 320
1801360 319
1801370 317
1801380 315
1801390 313
1801400 311
1801410 309
1801420 307
1801430 306
1801440 304
1801450 302
1801460 300
1801470 298
1801480 297
1801490 295
1801500 293
1801510 290
1801520 289
1801530 287
1801540 285
1801550 283
1801560 281
1801570 278
1801580 275
1801590 273
1801600 271
1801610 270
1801620 269
1801630 270
1801640 270
1801650 270
1801660 272
1801670 273
1801680 274
1801690 275
1801700 277
1801710 279
1801720 281
1801730 283
1801740 286
1801750 288
1801760 291
1801770 293
1801780 295
1801790 296
1801800 298
1801810 300
1801820 302
1801830 304
1801840 306
1801850 307
1801860 309
1801870 311
1801880 312
1801890 314
1801900 316
1801910 318
1801920 319
1801930 321
1801940 322
1801950 323
1801960 324
1801970 325
1801980 327
1801990 328
1802000 328
1802010 328
1802020 328
1802030 328
1802040 327
1802050 326
1802060 325
1802070 324
1802080 323
1802090 322
1802100 320
1802110 319
1802120 317
1802130 316
1802140 315
1802150 314
1802160 313
1802170 311
1802180 310
1802190 309
1802200 307
1802210 306
1802220 304
1802230 302
1802240 299
1802250 297
1802260 294
1802270 292
1802280 290
1802290 288
1802300 286
1802310 284
1802320 282
1802330 280
1802340 279
1802350 278
1802360 278
1802370 277
1802380 277
1802390 277
1802400 277
1802410 277
1802420 278
1802430 280
1802440 283
1802450 286
1802460 289
1802470 291
1802480 293
1802490 295
1802500 297
1802510 299
1802520 301
1802530 302
1802540 302
1802550 305
1802560 306
1802570 306
1802580 306
1802590 305
1802600 304
1802610 302
1802620 300
1802630 299
1802640 297
1802650 294
1802660 292
1802670 291
1802680 289
1802690 287
1802700 285
1802710 284
1802720 282
1802730 281
1802740 279
1802750 278
1802760 278
1802770 277
1802780 277
1802790 277
1802800 277
1802810 277
1802820 276
1802830 276
1802840 276
1802850 276
1802860 277
1802870 278
1802880 280
1802890 282
1802900 284
1802910 287
1802920 290
1802930 292
1802940 294
1802950 296
1802960 299
1802970 302
1802980 304
1802990 306
1803000 308
1803010 309
1803020 310
1803030 312
1803040 313
1803050 315
1803060 317
1803070 318
1803080 319
1803090 321
1803100 322
1803110 323
1803120 324
1803130 324
1803140 324
1803150 324
1803160 323
1803170 323
1803180 322
1803190 321
1803200 320
1803210 320
1803220 319
1803230 317
1803240 316
1803250 315
1803260 314
1803270 312
1803280 311
1803290 310
1803300 309
1803310 308
1803320 307
1803330 307
1803340 307
1803350 306
1803360 304
1803370 302
1803380 300
1803390 298
1803400 297
1803410 295
1803420 294
1803430 293
1803440 293
1803450 292
1803460 292
1803470 293
1803480 293
1803490 293
1803500 293
1803510 293
1803520 293
1803530 292
1803540 291
1803550 290
1803560 289
1803570 288
1803580 286
1803590 284
1803600 283
1803610 281
1803620 280
1803630 278
1803640 277
1803650 275
1803660 274
1803670 273
1803680 272
1803690 272
1803700 272
1803710 272
1803720 272
1803730 272
1803740 272
1803750 272
1803760 273
1803770 273
1803780 274
1803790 276
1803800 277
1803810 279
1803820 281
1803830 282
1803840 284
1803850 285
1803860 287
1803870 289
1803880 290
1803890 291
1803900 292
1803910 293
1803920 294
1803930 295
1803940 297
1803950 298
1803960 300
1803970 302
1803980 304
1803990 306
1804000 308
1804010 309
1804020 311
1804030 313
1804040 315
1804050 317
1804060 319
1804070 321
1804080 322
1804090 324
1804100 325
1804110 326
1804120 328
1804130 330
1804140 331
1804150 333
1804160 335
1804170 336
1804180 338
1804190 338
1804200 339
1804210 339
1804220 339
1804230 338
1804240 337
1804250 336
1804260 335
1804270 334
1804280 333
1804290 332
1804300 331
1804310 330
1804320 329
1804330 327
1804340 326
1804350 325
1804360 324
1804370 322
1804380 321
1804390 320
1804400 318
1804410 317
1804420 315
1804430 313
1804440 310
1804450 309
1804460 308
1804470 308
1804480 307
1804490 306
1804500 305
1804510 304
1804520 302
1804530 299
1804540 295
1804550 293
1804560 291
1804570 291
1804580 291
1804590 291
1804600 289
1804610 288
1804620 287
1804630 288
1804640 287
1804650 285
1804660 286
1804670 287
1804680 289
1804690 291
1804700 292
1804710 292
1804720 292
1804730 293
1804740 296
1804750 298
1804760 299
1804770 299
1804780 299
1804790 300
1804800 301
1804810 302
1804820 302
1804830 302
1804840 301
1804850 301
1804860 301
1804870 301
1804880 302
1804890 302
1804900 303
1804910 304
1804920 304
1804930 304
1804940 303
1804950 301
1804960 299
1804970 298
1804980 294
1804990 293
1805000 294
1805010 297
1805020 299
1805030 299
1805040 300
1805050 301
1805060 302
1805070 303
1805080 303
1805090 304
1805100 304
1805110 304
1805120 305
1805130 305
1805140 305
1805150 305
1805160 305
1805170 305
1805180 304
1805190 304
1805200 304
1805210 303
1805220 303
1805230 301
1805240 300
1805250 299
1805260 297
1805270 297
1805280 298
1805290 300
1805300 302
1805310 305
1805320 307
1805330 308
1805340 309
1805350 310
1805360 312
1805370 313
1805380 314
1805390 315
1805400 316
1805410 317
1805420 318
1805430 319
1805440 319
1805450 319
1805460 319
1805470 318
1805480 318
1805490 318
1805500 317
1805510 318
1805520 318
1805530 318
1805540 319
1805550 319
1805560 320
1805570 320
1805580 320
1805590 320
1805600 320
1805610 320
1805620 320
1805630 320
1805640 319
1805650 318
1805660 317
1805670 316
1805680 315
1805690 314
1805700 313
1805710 312
1805720 311
1805730 310
1805740 310
1805750 309
1805760 308
1805770 308
1805780 307
1805790 306
1805800 306
1805810 306
1805820 306
1805830 305
1805840 305
1805850 305
1805860 305
1805870 306
1805880 306
1805890 306
1805900 307
1805910 307
1805920 306
1805930 306
1805940 305
1805950 305
1805960 304
1805970 303
1805980 303
1805990 302
1806000 302
1806010 301
1806020 301
1806030 300
1806040 299
1806050 298
1806060 296
1806070 295
1806080 294
1806090 293
1806100 292
1806110 291
1806120 289
1806130 287
1806140 285
1806150 283
1806160 283
1806170 282
1806180 281
1806190 280
1806200 279
1806210 279
1806220 278
1806230 277
1806240 275
1806250 274
1806260 272
1806270 270
1806280 268
1806290 267
1806300 267
1806310 266
1806320 265
1806330 265
1806340 264
1806350 262
1806360 261
1806370 260
1806380 258
1806390 257
1806400 255
1806410 254
1806420 253
1806430 251
1806440 250
1806450 249
1806460 248
1806470 247
1806480 246
1806490 244
1806500 243
1806510 243
1806520 243
1806530 243
1806540 243
1806550 243
1806560 243
1806570 244
1806580 244
1806590 244
1806600 245
1806610 245
1806620 246
1806630 247
1806640 248
1806650 249
1806660 250
1806670 251
1806680 252
1806690 253
1806700 253
1806710 254
1806720 254
1806730 255
1806740 255
1806750 256
1806760 258
1806770 259
1806780 261
1806790 262
1806800 263
1806810 265
1806820 266
1806830 268
1806840 269
1806850 270
1806860 271
1806870 272
1806880 273
1806890 273
1806900 274
1806910 274
1806920 274
1806930 275
1806940 275
1806950 275
1806960 275
1806970 275
1806980 274
1806990 274
1807000 273
1807010 273
1807020 273
1807030 272
1807040 272
1807050 271
1807060 271
1807070 271
1807080 271
1807090 270
1807100 269
1807110 267
1807120 266
1807130 266
1807140 266
1807150 266
1807160 266
1807170 266
1807180 265
1807190 264
1807200 263
1807210 261
1807220 262
1807230 262
1807240 262
1807250 262
1807260 262
1807270 263
1807280 263
1807290 263
1807300 263
1807310 263
1807320 262
1807330 262
1807340 261
1807350 261
1807360 260
1807370 260
1807380 259
1807390 259
1807400 259
1807410 259
1807420 258
1807430 258
1807440 258
1807450 257
1807460 257
1807470 257
1807480 256
1807490 256
1807500 255
1807510 255
1807520 255
1807530 255
1807540 255
1807550 254
1807560 254
1807570 253
1807580 253
1807590 253
1807600 252
1807610 252
1807620 251
1807630 251
1807640 250
1807650 250
1807660 249
1807670 249
1807680 249
1807690 248
1807700 248
1807710 247
1807720 247
1807730 247
1807740 246
1807750 246
1807760 245
1807770 244
1807780 244
1807790 243
1807800 243
1807810 242
1807820 241
1807830 241
1807840 240
1807850 240
1807860 239
1807870 239
1807880 239
1807890 238
1807900 238
1807910 238
1807920 238
1807930 237
1807940 237
1807950 237
1807960 237
1807970 237
1807980 237
1807990 237
1808000 237
1808010 237
1808020 237
1808030 237
1808040 237
1808050 237
1808060 237
1808070 237
1808080 237
1808090 236
1808100 236
1808110 236
1808120 236
1808130 236
1808140 236
1808150 235
1808160 235
1808170 235
1808180 235
1808190 235
1808200 234
1808210 234
1808220 234
1808230 234
1808240 234
1808250 234
1808260 233
1808270 233
1808280 233
1808290 233
1808300 233
1808310 233
1808320 232
1808330 232
1808340 232
1808350 232
1808360 232
1808370 232
1808380 232
1808390 232
1808400 232
1808410 232
1808420 232
1808430 232
1808440 232
1808450 231
1808460 231
1808470 230
1808480 229
1808490 229
1808500 230
1808510 230
1808520 231
1808530 231
1808540 230
1808550 230
1808560 230
1808570 230
1808580 230
1808590 230
1808600 230
1808610 230
1808620 229
1808630 229
1808640 229
1808650 228
1808660 227
1808670 226
1808680 225
1808690 225
1808700 225
1808710 224
1808720 224
1808730 224
1808740 224
1808750 224
1808760 224
1808770 224
1808780 224
1808790 224
1808800 224
1808810 223
1808820 223
1808830 223
1808840 222
1808850 222
1808860 222
1808870 222
1808880 222
1808890 222
1808900 222
1808910 222
1808920 222
1808930 222
1808940 222
1808950 222
1808960 222
1808970 222
1808980 222
1808990 222
1809000 222
1809010 222
1809020 222
1809030 221
1809040 221
1809050 221
1809060 221
1809070 221
1809080 221
1809090 221
1809100 221
1809110 221
1809120 221
1809130 220
1809140 219
1809150 219
1809160 218
1809170 217
1809180 217
1809190 217
1809200 218
1809210 219
1809220 220
1809230 221
1809240 221
1809250 221
1809260 221
1809270 221
1809280 221
1809290 221
1809300 221
1809310 221
1809320 221
1809330 221
1809340 220
1809350 220
1809360 219
1809370 218
1809380 217
1809390 218
1809400 218
1809410 219
1809420 220
1809430 220
1809440 221
1809450 222
1809460 222
1809470 220
1809480 218
1809490 218
1809500 218
1809510 218
1809520 218
1809530 218
1809540 218
1809550 218
1809560 218
1809570 218
1809580 218
1809590 219
1809600 219
1809610 219
1809620 219
1809630 219
1809640 219
1809650 219
1809660 220
1809670 221
1809680 222
1809690 222
1809700 221
1809710 221
1809720 221
1809730 221
1809740 221
1809750 221
1809760 221
1809770 221
1809780 221
1809790 221
1809800 221
1809810 221
1809820 221
1809830 221
1809840 221
1809850 221
1809860 221
1809870 221
1809880 221
1809890 221
1809900 221
1809910 221
1809920 221
1809930 221
1809940 221
1809950 221
1809960 221
1809970 221
1809980 221
1809990 221
1810000 221
1810010 221
1810020 221
1810030 221
1810040 221
1810050 221
1810060 221
1810070 221
1810080 221
1810090 221
1810100 221
1810110 221
1810120 221
1810130 220
1810140 220
1810150 221
1810160 221
1810170 221
1810180 221
1810190 221
1810200 221
1810210 221
1810220 222
1810230 222
1810240 222
1810250 222
1810260 222
1810270 222
1810280 222
1810290 222
1810300 221
1810310 221
1810320 221
1810330 221
1810340 221
1810350 220
1810360 220
1810370 220
1810380 220
1810390 220
1810400 220
1810410 220
1810420 220
1810430 220
1810440 220
1810450 220
1810460 220
1810470 220
1810480 220
1810490 220
1810500 220
1810510 220
1810520 220
1810530 220
1810540 220
1810550 220
1810560 220
1810570 220
1810580 220
1810590 220
1810600 220
1810610 220
1810620 220
1810630 220
1810640 220
1810650 220
1810660 220
1810670 220
1810680 220
1810690 220
1810700 220
1810710 220
1810720 220
1810730 220
1810740 220
1810750 220
1810760 220
1810770 220
1810780 220
1810790 220
1810800 220
1810810 221
1810820 221
1810830 221
1810840 220
1810850 220
1810860 220
1810870 220
1810880 220
1810890 220
1810900 219
1810910 219
1810920 219
1810930 219
1810940 219
1810950 220
1810960 220
1810970 220
1810980 220
1810990 220
1811000 220
1811010 220
1811020 220
1811030 220
1811040 220
1811050 220
1811060 220
1811070 220
1811080 220
1811090 220
1811100 220
1811110 220
1811120 220
1811130 220
1811140 220
1811150 220
1811160 220
1811170 220
1811180 220
1811190 220
1811200 220
1811210 220
1811220 220
1811230 220
1811240 220
1811250 220
1811260 220
1811270 220
1811280 220
1811290 220
1811300 220
1811310 220
1811320 220
1811330 220
1811340 220
1811350 221
1811360 222
1811370 222
1811380 222
1811390 222
1811400 222
1811410 222
1811420 221
1811430 220
1811440 220
1811450 220
1811460 220
1811470 220
1811480 219
1811490 219
1811500 219
1811510 219
1811520 219
1811530 219
1811540 219
1811550 219
1811560 219
1811570 219
1811580 219
1811590 219
1811600 219
1811610 219
1811620 219
1811630 219
1811640 219
1811650 219
1811660 219
1811670 219
1811680 219
1811690 219
1811700 219
1811710 219
1811720 219
1811730 219
1811740 219
1811750 219
1811760 219
1811770 219
1811780 219
1811790 219
1811800 219
1811810 219
1811820 219
1811830 219
1811840 219
1811850 219
1811860 218
1811870 218
1811880 218
1811890 218
1811900 218
1811910 219
1811920 218
1811930 218
1811940 218
1811950 218
1811960 218
1811970 218
1811980 218
1811990 218
1812000 218
1812010 218
1812020 218
1812030 218
1812040 218
1812050 218
1812060 218
1812070 218
1812080 218
1812090 218
1812100 218
1812110 218
1812120 218
