1800000 310
1800010 310
1800020 312
1800030 307
1800040 307
1800050 301
1800060 297
1800070 297
1800080 294
1800090 290
1800100 290
1800110 287
1800120 282
1800130 282
1800140 279
1800150 275
1800160 275
1800170 271
1800180 268
1800190 264
1800200 264
1800210 261
1800220 258
1800230 258
1800240 256
1800250 254
1800260 254
1800270 252
1800280 250
1800290 250
1800300 248
1800310 246
1800320 246
1800330 245
1800340 243
1800350 243
1800360 242
1800370 241
1800380 241
1800390 240
1800400 239
1800410 238
1800420 238
1800430 237
1800440 238
1800450 238
1800460 238
1800470 237
1800480 237
1800490 237
1800500 237
1800510 237
1800520 237
1800530 236
1800540 236
