1800000 270
1800010 270
1800020 271
1800030 271
1800040 271
1800050 272
1800060 272
1800070 272
1800080 272
1800090 272
1800100 273
1800110 273
1800120 273
1800130 273
1800140 273
1800150 273
1800160 273
1800170 273
1800180 273
1800190 273
1800200 273
1800210 273
1800220 273
1800230 273
1800240 273
1800250 273
1800260 273
1800270 273
1800280 273
1800290 273
1800300 274
1800310 274
1800320 274
1800330 274
1800340 274
1800350 274
1800360 274
1800370 274
1800380 274
1800390 274
1800400 274
1800410 274
1800420 274
1800430 274
1800440 274
1800450 273
1800460 272
1800470 271
1800480 269
1800490 267
1800500 266
1800510 264
1800520 263
1800530 261
1800540 260
1800550 259
1800560 257
1800570 256
1800580 255
1800590 254
1800600 253
1800610 252
1800620 252
1800630 251
1800640 251
1800650 250
1800660 249
1800670 249
1800680 248
1800690 247
1800700 246
1800710 245
1800720 246
1800730 247
1800740 249
1800750 250
1800760 252
1800770 252
1800780 253
1800790 253
1800800 253
1800810 254
1800820 255
1800830 256
1800840 256
1800850 258
1800860 259
1800870 260
1800880 261
1800890 262
1800900 263
1800910 265
1800920 267
1800930 269
1800940 272
1800950 275
1800960 278
1800970 280
1800980 281
1800990 282
1801000 283
1801010 284
1801020 285
1801030 285
1801040 286
1801050 287
1801060 287
1801070 287
1801080 287
1801090 287
1801100 287
1801110 286
1801120 286
1801130 286
1801140 286
1801150 286
1801160 287
1801170 287
1801180 287
1801190 287
1801200 288
1801210 288
1801220 288
1801230 288
1801240 288
1801250 288
1801260 288
1801270 288
1801280 288
1801290 288
1801300 289
1801310 289
1801320 289
1801330 289
1801340 289
1801350 289
1801360 289
1801370 289
1801380 289
1801390 289
1801400 289
1801410 289
1801420 289
1801430 289
1801440 289
1801450 289
1801460 289
1801470 289
1801480 289
1801490 290
1801500 290
1801510 290
1801520 290
1801530 290
1801540 290
1801550 291
1801560 291
1801570 291
1801580 291
1801590 291
1801600 291
1801610 292
1801620 292
1801630 292
1801640 292
1801650 292
1801660 292
1801670 292
1801680 292
1801690 292
1801700 292
1801710 292
1801720 292
1801730 292
1801740 292
1801750 291
1801760 291
1801770 291
1801780 290
1801790 290
1801800 290
1801810 290
1801820 289
1801830 289
1801840 289
1801850 289
1801860 288
1801870 288
1801880 288
1801890 288
1801900 288
1801910 289
1801920 289
1801930 289
1801940 289
1801950 288
1801960 288
1801970 288
1801980 287
1801990 287
1802000 286
1802010 285
1802020 284
1802030 283
1802040 282
1802050 281
1802060 279
1802070 278
1802080 277
1802090 275
1802100 274
1802110 273
1802120 271
1802130 270
1802140 268
1802150 267
1802160 266
1802170 265
1802180 264
1802190 263
1802200 263
1802210 262
1802220 262
1802230 262
1802240 262
1802250 263
1802260 264
1802270 265
1802280 266
1802290 267
1802300 268
1802310 270
1802320 271
1802330 273
1802340 274
1802350 275
1802360 276
1802370 278
1802380 279
1802390 280
1802400 281
1802410 281
1802420 282
1802430 283
1802440 284
1802450 285
1802460 286
1802470 285
1802480 285
1802490 285
1802500 285
1802510 285
1802520 285
1802530 285
1802540 285
1802550 285
1802560 285
1802570 286
1802580 286
1802590 286
1802600 286
1802610 286
1802620 286
1802630 286
1802640 287
1802650 288
1802660 288
1802670 289
1802680 289
1802690 290
1802700 290
1802710 291
1802720 291
1802730 291
1802740 292
1802750 292
1802760 293
1802770 293
1802780 294
1802790 294
1802800 294
1802810 295
1802820 295
1802830 295
1802840 295
1802850 295
1802860 296
1802870 296
1802880 296
1802890 296
1802900 296
1802910 296
1802920 296
1802930 296
1802940 296
1802950 296
1802960 296
1802970 296
1802980 296
1802990 296
1803000 296
1803010 297
1803020 297
1803030 297
1803040 297
1803050 297
1803060 297
1803070 297
1803080 297
1803090 297
1803100 297
1803110 297
1803120 297
1803130 297
1803140 297
1803150 297
1803160 297
1803170 297
1803180 297
1803190 297
1803200 297
1803210 297
1803220 297
1803230 297
1803240 297
1803250 297
1803260 297
1803270 297
1803280 297
1803290 297
1803300 297
1803310 297
1803320 296
1803330 296
1803340 296
1803350 295
1803360 295
1803370 295
1803380 295
1803390 294
1803400 294
1803410 294
1803420 294
1803430 294
1803440 295
1803450 295
1803460 296
1803470 296
1803480 296
1803490 297
1803500 297
1803510 297
1803520 296
1803530 296
1803540 296
1803550 296
1803560 295
1803570 295
1803580 294
1803590 293
1803600 292
1803610 291
1803620 290
1803630 289
1803640 287
1803650 286
1803660 285
1803670 284
1803680 282
1803690 281
1803700 279
1803710 278
1803720 276
1803730 275
1803740 274
1803750 273
1803760 272
1803770 270
1803780 269
1803790 268
1803800 266
1803810 265
1803820 263
1803830 262
1803840 261
1803850 259
1803860 258
1803870 257
1803880 255
1803890 254
1803900 253
1803910 251
1803920 250
1803930 250
1803940 249
1803950 248
1803960 248
1803970 249
1803980 249
1803990 249
1804000 249
1804010 249
1804020 249
1804030 249
1804040 249
1804050 249
1804060 250
1804070 250
1804080 250
1804090 251
1804100 252
1804110 252
1804120 254
1804130 255
1804140 257
1804150 259
1804160 260
1804170 262
1804180 264
1804190 265
1804200 267
1804210 269
1804220 270
1804230 272
1804240 273
1804250 274
1804260 274
1804270 275
1804280 275
1804290 274
1804300 274
1804310 273
1804320 272
1804330 271
1804340 270
1804350 269
1804360 268
1804370 267
1804380 266
1804390 266
1804400 265
1804410 265
1804420 264
1804430 263
1804440 262
1804450 262
1804460 261
1804470 261
1804480 260
1804490 259
1804500 259
1804510 259
1804520 258
1804530 257
1804540 257
1804550 256
1804560 255
1804570 254
1804580 254
1804590 254
1804600 253
1804610 252
1804620 251
1804630 251
1804640 251
1804650 251
1804660 252
1804670 252
1804680 252
1804690 252
1804700 253
1804710 253
1804720 253
1804730 253
1804740 253
1804750 253
1804760 253
1804770 253
1804780 253
1804790 254
1804800 254
1804810 255
1804820 257
1804830 258
1804840 259
1804850 260
1804860 261
1804870 262
1804880 263
1804890 264
1804900 265
1804910 266
1804920 266
1804930 267
1804940 267
1804950 267
1804960 267
1804970 268
1804980 269
1804990 269
1805000 270
1805010 270
1805020 270
1805030 270
1805040 270
1805050 271
1805060 272
1805070 272
1805080 273
1805090 273
1805100 273
1805110 273
1805120 272
1805130 272
1805140 271
1805150 272
1805160 273
1805170 274
1805180 275
1805190 276
1805200 276
1805210 277
1805220 277
1805230 277
1805240 277
1805250 278
1805260 279
1805270 280
1805280 280
1805290 280
1805300 280
1805310 282
1805320 283
1805330 285
1805340 286
1805350 287
1805360 289
1805370 290
1805380 292
1805390 293
1805400 295
1805410 296
1805420 298
1805430 299
1805440 301
1805450 302
1805460 303
1805470 305
1805480 306
1805490 307
1805500 307
1805510 308
1805520 308
1805530 308
1805540 309
1805550 309
1805560 308
1805570 308
1805580 308
1805590 307
1805600 306
1805610 305
1805620 304
1805630 304
1805640 303
1805650 302
1805660 301
1805670 300
1805680 299
1805690 298
1805700 297
1805710 296
1805720 295
1805730 293
1805740 292
1805750 291
1805760 290
1805770 289
1805780 287
1805790 286
1805800 285
1805810 284
1805820 283
1805830 282
1805840 281
1805850 280
1805860 279
1805870 278
1805880 277
1805890 276
1805900 275
1805910 274
1805920 273
1805930 272
1805940 271
1805950 270
1805960 269
1805970 268
1805980 268
1805990 267
1806000 267
1806010 266
1806020 265
1806030 264
1806040 264
1806050 264
1806060 264
1806070 264
1806080 264
1806090 264
1806100 264
1806110 265
1806120 265
1806130 265
1806140 265
1806150 265
1806160 265
1806170 266
1806180 267
1806190 268
1806200 269
1806210 270
1806220 271
1806230 273
1806240 274
1806250 276
1806260 277
1806270 279
1806280 281
1806290 282
1806300 283
1806310 284
1806320 285
1806330 286
1806340 287
1806350 288
1806360 289
1806370 290
1806380 291
1806390 292
1806400 293
1806410 294
1806420 294
1806430 295
1806440 296
1806450 296
1806460 297
1806470 298
1806480 299
1806490 299
1806500 300
1806510 301
1806520 301
1806530 302
1806540 302
1806550 303
1806560 303
1806570 304
1806580 304
1806590 304
1806600 304
1806610 304
1806620 304
1806630 304
1806640 304
1806650 303
1806660 303
1806670 303
1806680 302
1806690 302
1806700 302
1806710 301
1806720 301
1806730 301
1806740 301
1806750 301
1806760 301
1806770 301
1806780 301
1806790 301
1806800 301
1806810 301
1806820 301
1806830 301
1806840 301
1806850 302
1806860 302
1806870 302
1806880 303
1806890 303
1806900 304
1806910 305
1806920 305
1806930 306
1806940 306
1806950 306
1806960 307
1806970 309
1806980 310
1806990 312
1807000 314
1807010 315
1807020 316
1807030 317
1807040 318
1807050 320
1807060 321
1807070 322
1807080 324
1807090 326
1807100 327
1807110 330
1807120 332
1807130 334
1807140 335
1807150 336
1807160 337
1807170 337
1807180 337
1807190 337
1807200 337
1807210 336
1807220 336
1807230 335
1807240 334
1807250 334
1807260 333
1807270 332
1807280 331
1807290 330
1807300 329
1807310 328
1807320 328
1807330 327
1807340 326
1807350 324
1807360 323
1807370 322
1807380 321
1807390 321
1807400 320
1807410 319
1807420 318
1807430 317
1807440 316
1807450 315
1807460 314
1807470 313
1807480 312
1807490 311
1807500 310
1807510 309
1807520 308
1807530 307
1807540 306
1807550 305
1807560 304
1807570 303
1807580 302
1807590 301
1807600 300
1807610 299
1807620 298
1807630 297
1807640 296
1807650 296
1807660 295
1807670 295
1807680 295
1807690 295
1807700 296
1807710 296
1807720 297
1807730 298
1807740 299
1807750 301
1807760 302
1807770 303
1807780 305
1807790 306
1807800 307
1807810 309
1807820 310
1807830 312
1807840 313
1807850 315
1807860 316
1807870 317
1807880 318
1807890 318
1807900 319
1807910 320
1807920 320
1807930 321
1807940 322
1807950 322
1807960 323
1807970 324
1807980 325
1807990 326
1808000 326
1808010 327
1808020 328
1808030 328
1808040 329
1808050 330
1808060 331
1808070 331
1808080 332
1808090 333
1808100 334
1808110 335
1808120 336
1808130 337
1808140 338
1808150 339
1808160 340
1808170 341
1808180 341
1808190 342
1808200 343
1808210 344
1808220 345
1808230 345
1808240 344
1808250 344
1808260 343
1808270 343
1808280 342
1808290 341
1808300 340
1808310 339
1808320 339
1808330 338
1808340 337
1808350 336
1808360 335
1808370 335
1808380 334
1808390 333
1808400 333
1808410 333
1808420 332
1808430 332
1808440 331
1808450 331
1808460 330
1808470 330
1808480 329
1808490 329
1808500 328
1808510 328
1808520 328
1808530 328
1808540 327
1808550 327
1808560 327
1808570 326
1808580 326
1808590 325
1808600 325
1808610 324
1808620 323
1808630 322
1808640 321
1808650 321
1808660 320
1808670 319
1808680 319
1808690 318
1808700 317
1808710 316
1808720 316
1808730 315
1808740 314
1808750 313
1808760 312
1808770 311
1808780 310
1808790 310
1808800 309
1808810 308
1808820 307
1808830 306
1808840 305
1808850 304
1808860 303
1808870 302
1808880 301
1808890 300
1808900 297
1808910 294
1808920 289
1808930 288
1808940 287
1808950 286
1808960 284
1808970 282
1808980 280
1808990 278
1809000 277
1809010 276
1809020 275
1809030 275
1809040 274
1809050 273
1809060 272
1809070 271
1809080 270
1809090 269
1809100 268
1809110 267
1809120 266
1809130 265
1809140 264
1809150 263
1809160 262
1809170 261
1809180 260
1809190 259
1809200 259
1809210 259
1809220 258
1809230 257
1809240 257
1809250 256
1809260 256
1809270 256
1809280 256
1809290 255
1809300 255
1809310 255
1809320 255
1809330 255
1809340 254
1809350 254
1809360 253
1809370 252
1809380 251
1809390 250
1809400 250
1809410 250
1809420 250
1809430 250
1809440 250
1809450 250
1809460 250
1809470 250
1809480 250
1809490 250
1809500 249
1809510 249
1809520 249
1809530 249
1809540 249
1809550 248
1809560 249
1809570 249
1809580 249
1809590 249
1809600 249
1809610 249
1809620 249
1809630 250
1809640 250
1809650 250
1809660 250
1809670 250
1809680 250
1809690 250
1809700 250
1809710 250
1809720 250
1809730 250
1809740 250
1809750 250
1809760 251
1809770 251
1809780 251
1809790 250
1809800 251
1809810 251
1809820 251
1809830 252
1809840 252
1809850 253
1809860 253
1809870 253
1809880 254
1809890 255
1809900 255
1809910 256
1809920 257
1809930 257
1809940 258
1809950 258
1809960 259
1809970 260
1809980 262
1809990 264
1810000 266
1810010 268
1810020 270
1810030 271
1810040 273
1810050 275
1810060 276
1810070 277
1810080 279
1810090 280
1810100 282
1810110 283
1810120 285
1810130 287
1810140 288
1810150 290
1810160 291
1810170 293
1810180 296
1810190 297
1810200 299
1810210 300
1810220 301
1810230 302
1810240 303
1810250 303
1810260 304
1810270 304
1810280 305
1810290 305
1810300 306
1810310 306
1810320 307
1810330 307
1810340 308
1810350 308
1810360 308
1810370 309
1810380 309
1810390 309
1810400 309
1810410 308
1810420 308
1810430 307
1810440 306
1810450 306
1810460 305
1810470 305
1810480 305
1810490 305
1810500 305
1810510 304
1810520 304
1810530 304
1810540 303
1810550 303
1810560 302
1810570 301
1810580 301
1810590 300
1810600 300
1810610 299
1810620 299
1810630 298
1810640 297
1810650 297
1810660 296
1810670 294
1810680 293
1810690 293
1810700 292
1810710 291
1810720 289
1810730 285
1810740 283
1810750 282
1810760 281
1810770 281
1810780 281
1810790 280
1810800 280
1810810 279
1810820 279
1810830 279
1810840 278
1810850 277
1810860 277
1810870 276
1810880 276
1810890 275
1810900 275
1810910 275
1810920 275
1810930 275
1810940 276
1810950 275
1810960 275
1810970 275
1810980 274
1810990 274
1811000 273
1811010 273
1811020 273
1811030 272
1811040 272
1811050 272
1811060 272
1811070 271
1811080 271
1811090 270
1811100 269
1811110 269
1811120 268
1811130 268
1811140 267
1811150 267
1811160 267
1811170 266
1811180 266
1811190 265
1811200 265
1811210 265
1811220 264
1811230 264
1811240 263
1811250 263
1811260 262
1811270 262
1811280 261
1811290 261
1811300 261
1811310 261
1811320 262
1811330 262
1811340 262
1811350 262
1811360 262
1811370 262
1811380 262
1811390 262
1811400 262
1811410 263
1811420 263
1811430 264
1811440 264
1811450 264
1811460 264
1811470 264
1811480 265
1811490 265
1811500 266
1811510 266
1811520 265
1811530 265
1811540 265
1811550 266
1811560 266
1811570 266
1811580 267
1811590 267
1811600 268
1811610 268
1811620 268
1811630 269
1811640 269
1811650 270
1811660 271
1811670 272
1811680 274
1811690 275
1811700 277
1811710 278
1811720 280
1811730 281
1811740 282
1811750 283
1811760 284
1811770 285
1811780 286
1811790 287
1811800 289
1811810 290
1811820 291
1811830 292
1811840 293
1811850 295
1811860 298
1811870 300
1811880 301
1811890 303
1811900 304
1811910 305
1811920 307
1811930 308
1811940 310
1811950 310
1811960 311
1811970 312
1811980 313
1811990 315
1812000 316
1812010 317
1812020 319
1812030 320
1812040 322
1812050 324
1812060 326
1812070 328
1812080 329
1812090 330
1812100 330
1812110 329
1812120 328
1812130 327
1812140 326
1812150 325
1812160 323
1812170 322
1812180 321
1812190 320
1812200 319
1812210 318
1812220 317
1812230 315
1812240 314
1812250 314
1812260 313
1812270 312
1812280 311
1812290 310
1812300 308
1812310 307
1812320 305
1812330 304
1812340 304
1812350 303
1812360 303
1812370 303
1812380 303
1812390 302
1812400 302
1812410 301
1812420 300
1812430 300
1812440 299
1812450 298
1812460 297
1812470 295
1812480 293
1812490 293
1812500 292
1812510 291
1812520 291
1812530 291
1812540 291
1812550 291
1812560 292
1812570 293
1812580 294
1812590 295
1812600 296
1812610 298
1812620 299
1812630 300
1812640 301
1812650 302
1812660 303
1812670 304
1812680 305
1812690 306
1812700 308
1812710 309
1812720 310
1812730 311
1812740 313
1812750 314
1812760 316
1812770 317
1812780 319
1812790 320
1812800 322
1812810 324
1812820 326
1812830 328
1812840 330
1812850 332
1812860 333
1812870 335
1812880 336
1812890 338
1812900 340
1812910 341
1812920 344
1812930 346
1812940 348
1812950 350
1812960 352
1812970 354
1812980 355
1812990 358
1813000 359
1813010 361
1813020 362
1813030 363
1813040 363
1813050 363
1813060 363
1813070 363
1813080 363
1813090 363
1813100 362
1813110 361
1813120 359
1813130 358
1813140 357
1813150 357
1813160 356
1813170 354
1813180 353
1813190 352
1813200 350
1813210 349
1813220 347
1813230 346
1813240 344
1813250 343
1813260 342
1813270 341
1813280 340
1813290 339
1813300 338
1813310 337
1813320 336
1813330 335
1813340 335
1813350 334
1813360 333
1813370 332
1813380 332
1813390 331
1813400 330
1813410 329
1813420 329
1813430 328
1813440 327
1813450 327
1813460 326
1813470 326
1813480 325
1813490 325
1813500 325
1813510 325
1813520 324
1813530 324
1813540 324
1813550 324
1813560 324
1813570 324
1813580 324
1813590 324
1813600 324
1813610 324
1813620 325
1813630 325
1813640 325
1813650 325
1813660 326
1813670 326
1813680 326
1813690 327
1813700 328
1813710 329
1813720 331
1813730 332
1813740 334
1813750 335
1813760 336
1813770 337
1813780 339
1813790 340
1813800 342
1813810 343
1813820 344
1813830 345
1813840 345
1813850 346
1813860 347
1813870 348
1813880 349
1813890 350
1813900 351
1813910 352
1813920 353
1813930 354
1813940 355
1813950 355
1813960 356
1813970 358
1813980 359
1813990 360
1814000 361
1814010 361
1814020 362
1814030 362
1814040 362
1814050 363
1814060 362
1814070 362
1814080 361
1814090 361
1814100 360
1814110 359
1814120 359
1814130 358
1814140 357
1814150 356
1814160 355
1814170 354
1814180 353
1814190 351
1814200 350
1814210 348
1814220 347
1814230 345
1814240 343
1814250 341
1814260 340
1814270 339
1814280 337
1814290 336
1814300 335
1814310 334
1814320 332
1814330 331
1814340 329
1814350 328
1814360 327
1814370 326
1814380 324
1814390 323
1814400 322
1814410 321
1814420 320
1814430 319
1814440 319
1814450 318
1814460 318
1814470 317
1814480 316
1814490 315
1814500 315
1814510 314
1814520 313
1814530 313
1814540 312
1814550 311
1814560 311
1814570 310
1814580 309
1814590 308
1814600 307
1814610 306
1814620 305
1814630 305
1814640 305
1814650 305
1814660 305
1814670 306
1814680 306
1814690 307
1814700 308
1814710 309
1814720 310
1814730 311
1814740 311
1814750 312
1814760 312
1814770 311
1814780 311
1814790 311
1814800 311
1814810 312
1814820 313
1814830 314
1814840 315
1814850 316
1814860 317
1814870 318
1814880 319
1814890 320
1814900 321
1814910 321
1814920 321
1814930 321
1814940 321
1814950 321
1814960 321
1814970 321
1814980 322
1814990 322
1815000 323
1815010 323
1815020 324
1815030 325
1815040 325
1815050 326
1815060 326
1815070 327
1815080 327
1815090 328
1815100 328
1815110 328
1815120 327
1815130 327
1815140 327
1815150 326
1815160 326
1815170 325
1815180 324
1815190 324
1815200 323
1815210 322
1815220 322
1815230 321
1815240 320
1815250 320
1815260 319
1815270 318
1815280 318
1815290 317
1815300 316
1815310 315
1815320 314
1815330 313
1815340 311
1815350 310
1815360 308
1815370 307
1815380 306
1815390 305
1815400 303
1815410 301
1815420 299
1815430 297
1815440 296
1815450 295
1815460 295
1815470 295
1815480 294
1815490 294
1815500 294
1815510 293
1815520 292
1815530 291
1815540 290
1815550 289
1815560 288
1815570 286
1815580 285
1815590 284
1815600 284
1815610 283
1815620 282
1815630 282
1815640 281
1815650 281
1815660 280
1815670 280
1815680 280
1815690 279
1815700 278
1815710 278
1815720 277
1815730 276
1815740 276
1815750 275
1815760 275
1815770 275
1815780 274
1815790 274
1815800 273
1815810 273
1815820 272
1815830 272
1815840 271
1815850 271
1815860 270
1815870 270
1815880 269
1815890 268
1815900 268
1815910 267
1815920 267
1815930 266
1815940 266
1815950 265
1815960 264
1815970 264
1815980 264
1815990 263
1816000 263
1816010 262
1816020 262
1816030 261
1816040 261
1816050 261
1816060 260
1816070 260
1816080 260
1816090 260
1816100 259
1816110 259
1816120 259
1816130 258
1816140 258
1816150 258
1816160 258
1816170 258
1816180 258
1816190 258
1816200 257
1816210 257
1816220 257
1816230 257
1816240 257
1816250 257
1816260 258
1816270 258
1816280 259
1816290 259
1816300 260
1816310 260
1816320 260
1816330 261
1816340 261
1816350 261
1816360 262
1816370 262
1816380 262
1816390 263
1816400 263
1816410 264
1816420 265
1816430 266
1816440 267
1816450 268
1816460 269
1816470 271
1816480 272
1816490 273
1816500 274
1816510 276
1816520 277
1816530 278
1816540 280
1816550 281
1816560 282
1816570 283
1816580 284
1816590 286
1816600 287
1816610 288
1816620 290
1816630 291
1816640 292
1816650 293
1816660 295
1816670 296
1816680 297
1816690 299
1816700 299
1816710 300
1816720 302
1816730 303
1816740 304
1816750 306
1816760 307
1816770 308
1816780 310
1816790 312
1816800 314
1816810 316
1816820 317
1816830 318
1816840 318
1816850 319
1816860 319
1816870 319
1816880 319
1816890 319
1816900 318
1816910 316
1816920 315
1816930 313
1816940 312
1816950 310
1816960 309
1816970 307
1816980 305
1816990 304
1817000 302
1817010 301
1817020 300
1817030 299
1817040 298
1817050 297
1817060 295
1817070 294
1817080 293
1817090 292
1817100 291
1817110 290
1817120 289
1817130 288
1817140 287
1817150 287
1817160 287
1817170 286
1817180 286
1817190 285
1817200 285
1817210 285
1817220 286
1817230 286
1817240 285
1817250 284
1817260 284
1817270 284
1817280 284
1817290 284
1817300 284
1817310 284
1817320 284
1817330 284
1817340 284
1817350 285
1817360 285
1817370 286
1817380 286
1817390 286
1817400 287
1817410 287
1817420 288
1817430 288
1817440 288
1817450 288
1817460 288
1817470 289
1817480 289
1817490 289
1817500 290
1817510 290
1817520 290
1817530 291
1817540 291
1817550 291
1817560 292
1817570 292
1817580 293
1817590 294
1817600 294
1817610 295
1817620 296
1817630 297
1817640 298
1817650 299
1817660 300
1817670 302
1817680 303
1817690 304
1817700 306
1817710 307
1817720 308
1817730 310
1817740 311
1817750 312
1817760 313
1817770 314
1817780 315
1817790 315
1817800 315
1817810 315
1817820 315
1817830 315
1817840 315
1817850 314
1817860 313
1817870 313
1817880 313
1817890 313
1817900 312
1817910 311
1817920 311
1817930 310
1817940 309
1817950 308
1817960 307
1817970 306
1817980 305
1817990 304
1818000 303
1818010 302
1818020 302
1818030 301
1818040 300
1818050 299
1818060 298
1818070 296
1818080 295
1818090 294
1818100 293
1818110 292
1818120 292
1818130 291
1818140 291
1818150 290
1818160 289
1818170 289
1818180 289
1818190 288
1818200 287
1818210 286
1818220 284
1818230 283
1818240 283
1818250 282
1818260 281
1818270 280
1818280 279
1818290 278
1818300 277
1818310 276
1818320 275
1818330 274
1818340 274
1818350 273
1818360 273
1818370 273
1818380 273
1818390 272
1818400 271
1818410 270
1818420 268
1818430 268
1818440 267
1818450 267
1818460 266
1818470 265
1818480 264
1818490 263
1818500 263
1818510 262
1818520 262
1818530 261
1818540 260
1818550 258
1818560 256
1818570 256
1818580 257
1818590 259
1818600 260
1818610 262
1818620 262
1818630 263
1818640 263
1818650 263
1818660 264
1818670 264
1818680 264
1818690 265
1818700 265
1818710 266
1818720 266
1818730 266
1818740 267
1818750 267
1818760 268
1818770 269
1818780 270
1818790 270
1818800 271
1818810 272
1818820 272
1818830 273
1818840 274
1818850 275
1818860 276
1818870 276
1818880 277
1818890 277
1818900 277
1818910 277
1818920 277
1818930 277
1818940 278
1818950 279
1818960 282
1818970 284
1818980 285
1818990 285
1819000 285
1819010 285
1819020 285
1819030 285
1819040 284
1819050 284
1819060 284
1819070 284
1819080 285
1819090 285
1819100 285
1819110 285
1819120 284
1819130 284
1819140 284
1819150 283
1819160 282
1819170 282
1819180 282
1819190 281
1819200 281
1819210 281
1819220 280
1819230 280
1819240 279
1819250 278
1819260 277
1819270 277
1819280 277
1819290 276
1819300 276
1819310 276
1819320 275
1819330 274
1819340 274
1819350 274
1819360 274
1819370 273
1819380 272
1819390 272
1819400 271
1819410 271
1819420 271
1819430 271
1819440 271
1819450 270
1819460 270
1819470 270
1819480 270
1819490 270
1819500 270
1819510 269
1819520 269
1819530 269
1819540 269
1819550 269
1819560 269
1819570 269
1819580 269
1819590 269
1819600 269
1819610 269
1819620 270
1819630 269
1819640 269
1819650 269
1819660 269
1819670 269
1819680 268
1819690 269
1819700 269
1819710 268
1819720 268
1819730 267
1819740 267
1819750 266
1819760 265
1819770 264
1819780 263
1819790 262
1819800 262
1819810 261
1819820 261
1819830 261
1819840 260
1819850 260
1819860 260
1819870 260
1819880 259
1819890 259
1819900 259
1819910 259
1819920 258
1819930 258
1819940 258
1819950 258
1819960 258
1819970 257
1819980 257
1819990 257
