1800000 271
1800010 271
1800020 272
1800030 272
1800040 272
1800050 272
1800060 271
1800070 271
1800080 271
1800090 271
1800100 271
1800110 271
1800120 270
1800130 270
1800140 270
1800150 269
1800160 269
1800170 269
1800180 269
1800190 269
1800200 269
1800210 269
1800220 270
1800230 270
1800240 270
1800250 270
1800260 270
1800270 270
1800280 270
1800290 270
1800300 270
1800310 270
1800320 270
1800330 270
1800340 270
1800350 270
1800360 270
1800370 269
1800380 269
1800390 269
1800400 268
1800410 267
1800420 267
1800430 266
1800440 265
1800450 265
1800460 263
1800470 261
1800480 261
1800490 259
1800500 256
1800510 256
1800520 255
1800000 272
1800010 272
1800020 272
1800030 271
1800040 271
1800050 271
1800060 271
1800070 271
1800080 271
1800090 271
1800100 271
1800110 271
1800120 271
1800130 270
1800140 270
1800150 270
1800160 269
1800170 269
1800180 269
1800190 269
1800200 269
1800210 269
1800220 270
1800230 270
1800240 270
1800250 270
1800260 270
1800270 270
1800280 270
1800290 270
1800300 270
1800310 270
1800320 270
1800330 270
1800340 270
1800350 270
1800360 270
1800370 269
1800380 269
1800390 269
1800400 268
1800410 268
1800420 267
1800430 266
1800440 265
1800450 264
1800460 263
1800470 262
1800480 261
1800490 259
1800500 258
1800510 256
1800520 255
1800530 254
1800540 252
1800550 251
1800560 250
1800570 249
1800580 248
1800590 248
1800600 247
1800610 247
1800620 247
1800630 247
1800640 247
1800650 245
1800660 244
1800670 244
1800680 245
1800690 246
1800700 246
1800710 247
1800720 248
1800730 248
1800740 249
1800750 249
1800760 250
1800770 251
1800780 252
1800790 254
1800800 255
1800810 257
1800820 258
1800830 260
1800840 262
1800850 264
1800860 265
1800870 266
1800880 266
1800890 268
1800900 269
1800910 271
1800920 272
1800930 274
1800940 275
1800950 276
1800960 277
1800970 278
1800980 278
1800990 278
1801000 277
1801010 275
1801020 275
1801030 275
1801040 275
1801050 275
1801060 275
1801070 275
1801080 274
1801090 273
1801100 274
1801110 276
1801120 277
1801130 278
1801140 278
1801150 279
1801160 280
1801170 280
1801180 281
1801190 281
1801200 282
1801210 282
1801220 282
1801230 283
1801240 283
1801250 283
1801260 283
1801270 284
1801280 284
1801290 284
1801300 284
1801310 284
1801320 284
1801330 284
1801340 284
1801350 284
1801360 283
1801370 283
1801380 283
1801390 283
1801400 283
1801410 283
1801420 283
1801430 282
1801440 282
1801450 282
1801460 281
1801470 281
1801480 281
1801490 280
1801500 280
1801510 280
1801520 279
1801530 279
1801540 278
1801550 278
1801560 277
1801570 277
1801580 275
1801590 274
1801600 275
1801610 275
1801620 275
1801630 276
1801640 277
1801650 277
1801660 278
1801670 279
1801680 279
1801690 280
1801700 280
1801710 281
1801720 281
1801730 281
1801740 282
1801750 282
1801760 282
1801770 282
1801780 282
1801790 282
1801800 282
1801810 282
1801820 282
1801830 282
1801840 281
1801850 281
1801860 280
1801870 280
1801880 279
1801890 279
1801900 278
1801910 277
1801920 276
1801930 275
1801940 275
1801950 274
1801960 273
1801970 272
1801980 271
1801990 270
1802000 270
1802010 269
1802020 268
1802030 268
1802040 267
1802050 266
1802060 266
1802070 265
1802080 264
1802090 263
1802100 262
1802110 261
1802120 260
1802130 259
1802140 258
1802150 257
1802160 257
1802170 257
1802180 257
1802190 256
1802200 256
1802210 256
1802220 256
1802230 257
1802240 259
1802250 260
1802260 262
1802270 263
1802280 264
1802290 265
1802300 266
1802310 267
1802320 268
1802330 269
1802340 270
1802350 271
1802360 272
1802370 273
1802380 273
1802390 274
1802400 275
1802410 275
1802420 275
1802430 275
1802440 275
1802450 275
1802460 275
1802470 276
1802480 276
1802490 277
1802500 277
1802510 277
1802520 278
1802530 279
1802540 279
1802550 280
1802560 280
1802570 281
1802580 281
1802590 281
1802600 282
1802610 282
1802620 282
1802630 282
1802640 282
1802650 282
1802660 281
1802670 281
1802680 281
1802690 281
1802700 281
1802710 281
1802720 281
1802730 281
1802740 281
1802750 281
1802760 282
1802770 282
1802780 282
1802790 282
1802800 282
1802810 282
1802820 283
1802830 283
1802840 283
1802850 283
1802860 283
1802870 283
1802880 284
1802890 284
1802900 284
1802910 284
1802920 285
1802930 285
1802940 286
1802950 286
1802960 286
1802970 287
1802980 287
1802990 287
1803000 287
1803010 287
1803020 287
1803030 287
1803040 287
1803050 288
1803060 288
1803070 288
1803080 287
1803090 287
1803100 287
1803110 287
1803120 287
1803130 287
1803140 287
1803150 287
1803160 287
1803170 287
1803180 287
1803190 288
1803200 288
1803210 288
1803220 288
1803230 288
1803240 288
1803250 288
1803260 288
1803270 288
1803280 288
1803290 288
1803300 288
1803310 288
1803320 288
1803330 287
1803340 288
1803350 288
1803360 288
1803370 288
1803380 288
1803390 288
1803400 288
1803410 287
1803420 287
1803430 287
1803440 287
1803450 287
1803460 287
1803470 287
1803480 287
1803490 286
1803500 286
1803510 286
1803520 285
1803530 285
1803540 284
1803550 283
1803560 283
1803570 282
1803580 281
1803590 280
1803600 279
1803610 278
1803620 277
1803630 276
1803640 275
1803650 274
1803660 272
1803670 271
1803680 270
1803690 269
1803700 268
1803710 266
1803720 264
1803730 264
1803740 265
1803750 267
1803760 268
1803770 269
1803780 270
1803790 270
1803800 271
1803810 270
1803820 270
1803830 270
1803840 269
1803850 268
1803860 267
1803870 267
1803880 266
1803890 265
1803900 264
1803910 263
1803920 262
1803930 261
1803940 260
1803950 259
1803960 257
1803970 256
1803980 255
1803990 254
1804000 253
1804010 251
1804020 250
1804030 249
1804040 248
1804050 247
1804060 246
1804070 246
1804080 248
1804090 248
1804100 248
1804110 248
1804120 248
1804130 248
1804140 248
1804150 248
1804160 248
1804170 248
1804180 249
1804190 249
1804200 249
1804210 250
1804220 250
1804230 251
1804240 252
1804250 253
1804260 255
1804270 257
1804280 259
1804290 261
1804300 263
1804310 265
1804320 267
1804330 270
1804340 272
1804350 274
1804360 276
1804370 278
1804380 279
1804390 281
1804400 282
1804410 283
1804420 283
1804430 284
1804440 284
1804450 284
1804460 284
1804470 284
1804480 285
1804490 285
1804500 285
1804510 285
1804520 285
1804530 286
1804540 285
1804550 283
1804560 282
1804570 282
1804580 281
1804590 282
1804600 282
1804610 282
1804620 283
1804630 284
1804640 285
1804650 286
1804660 286
1804670 287
1804680 287
1804690 288
1804700 288
1804710 289
1804720 289
1804730 290
1804740 291
1804750 291
1804760 292
1804770 292
1804780 293
1804790 293
1804800 293
1804810 293
1804820 293
1804830 294
1804840 294
1804850 294
1804860 294
1804870 294
1804880 295
1804890 295
1804900 295
1804910 295
1804920 295
1804930 295
1804940 295
1804950 295
1804960 295
1804970 294
1804980 294
1804990 293
1805000 293
1805010 293
1805020 292
1805030 292
1805040 292
1805050 291
1805060 291
1805070 290
1805080 290
1805090 290
1805100 289
1805110 289
1805120 288
1805130 288
1805140 287
1805150 287
1805160 287
1805170 287
1805180 287
1805190 287
1805200 287
1805210 287
1805220 288
1805230 288
1805240 289
1805250 289
1805260 290
1805270 290
1805280 291
1805290 291
1805300 292
1805310 293
1805320 293
1805330 294
1805340 294
1805350 294
1805360 295
1805370 295
1805380 296
1805390 296
1805400 296
1805410 296
1805420 296
1805430 297
1805440 297
1805450 297
1805460 297
1805470 297
1805480 297
1805490 297
1805500 297
1805510 296
1805520 296
1805530 296
1805540 296
1805550 295
1805560 294
1805570 294
1805580 293
1805590 292
1805600 291
1805610 290
1805620 289
1805630 288
1805640 287
1805650 286
1805660 284
1805670 283
1805680 281
1805690 280
1805700 279
1805710 278
1805720 277
1805730 276
1805740 275
1805750 274
1805760 273
1805770 271
1805780 270
1805790 269
1805800 268
1805810 267
1805820 266
1805830 265
1805840 265
1805850 264
1805860 263
1805870 263
1805880 262
1805890 262
1805900 262
1805910 261
1805920 261
1805930 261
1805940 261
1805950 262
1805960 262
1805970 263
1805980 263
1805990 264
1806000 264
1806010 265
1806020 266
1806030 267
1806040 268
1806050 269
1806060 270
1806070 271
1806080 272
1806090 273
1806100 274
1806110 275
1806120 276
1806130 276
1806140 276
1806150 276
1806160 275
1806170 275
1806180 275
1806190 275
1806200 275
1806210 275
1806220 275
1806230 276
1806240 276
1806250 277
1806260 278
1806270 279
1806280 279
1806290 280
1806300 281
1806310 282
1806320 283
1806330 284
1806340 284
1806350 285
1806360 286
1806370 287
1806380 288
1806390 289
1806400 289
1806410 290
1806420 290
1806430 290
1806440 290
1806450 290
1806460 290
1806470 290
1806480 290
1806490 290
1806500 290
1806510 291
1806520 291
1806530 291
1806540 292
1806550 292
1806560 293
1806570 293
1806580 294
1806590 294
1806600 295
1806610 295
1806620 296
1806630 297
1806640 298
1806650 299
1806660 300
1806670 301
1806680 302
1806690 303
1806700 304
1806710 305
1806720 307
1806730 308
1806740 310
1806750 311
1806760 312
1806770 314
1806780 315
1806790 316
1806800 317
1806810 318
1806820 319
1806830 321
1806840 322
1806850 323
1806860 325
1806870 326
1806880 326
1806890 328
1806900 329
1806910 330
1806920 331
1806930 332
1806940 333
1806950 333
1806960 333
1806970 334
1806980 334
1806990 335
1807000 336
1807010 337
1807020 338
1807030 338
1807040 338
1807050 338
1807060 338
1807070 338
1807080 338
1807090 338
1807100 337
1807110 336
1807120 336
1807130 335
1807140 334
1807150 333
1807160 333
1807170 332
1807180 331
1807190 330
1807200 329
1807210 328
1807220 327
1807230 326
1807240 325
1807250 324
1807260 323
1807270 322
1807280 321
1807290 320
1807300 319
1807310 318
1807320 317
1807330 315
1807340 314
1807350 313
1807360 311
1807370 310
1807380 309
1807390 308
1807400 307
1807410 306
1807420 305
1807430 304
1807440 303
1807450 302
1807460 302
1807470 301
1807480 300
1807490 299
1807500 298
1807510 297
1807520 296
1807530 295
1807540 294
1807550 293
1807560 292
1807570 291
1807580 290
1807590 289
1807600 289
1807610 288
1807620 287
1807630 287
1807640 286
1807650 286
1807660 286
1807670 287
1807680 287
1807690 287
1807700 288
1807710 289
1807720 289
1807730 290
1807740 291
1807750 292
1807760 293
1807770 294
1807780 296
1807790 297
1807800 298
1807810 299
1807820 301
1807830 302
1807840 303
1807850 305
1807860 306
1807870 307
1807880 308
1807890 308
1807900 309
1807910 311
1807920 312
1807930 313
1807940 314
1807950 315
1807960 316
1807970 317
1807980 318
1807990 320
1808000 321
1808010 322
1808020 323
1808030 324
1808040 325
1808050 326
1808060 328
1808070 329
1808080 330
1808090 331
1808100 332
1808110 332
1808120 332
1808130 332
1808140 332
1808150 332
1808160 331
1808170 331
1808180 330
1808190 329
1808200 329
1808210 328
1808220 328
1808230 327
1808240 327
1808250 326
1808260 325
1808270 324
1808280 324
1808290 323
1808300 322
1808310 322
1808320 321
1808330 320
1808340 319
1808350 318
1808360 317
1808370 316
1808380 315
1808390 315
1808400 314
1808410 313
1808420 312
1808430 312
1808440 311
1808450 310
1808460 309
1808470 308
1808480 308
1808490 307
1808500 306
1808510 305
1808520 304
1808530 303
1808540 303
1808550 302
1808560 302
1808570 303
1808580 303
1808590 304
1808600 305
1808610 306
1808620 307
1808630 308
1808640 310
1808650 311
1808660 312
1808670 312
1808680 313
1808690 314
1808700 314
1808710 313
1808720 313
1808730 312
1808740 312
1808750 311
1808760 310
1808770 309
1808780 308
1808790 307
1808800 306
1808810 305
1808820 303
1808830 302
1808840 300
1808850 298
1808860 296
1808870 293
1808880 291
1808890 289
1808900 288
1808910 286
1808920 285
1808930 282
1808940 281
1808950 280
1808960 279
1808970 277
1808980 276
1808990 275
1809000 275
1809010 274
1809020 273
1809030 272
1809040 271
1809050 270
1809060 269
1809070 267
1809080 266
1809090 265
1809100 264
1809110 263
1809120 262
1809130 261
1809140 261
1809150 260
1809160 259
1809170 259
1809180 258
1809190 258
1809200 258
1809210 258
1809220 258
1809230 257
1809240 257
1809250 256
1809260 256
1809270 255
1809280 255
1809290 254
1809300 254
1809310 254
1809320 253
1809330 253
1809340 253
1809350 253
1809360 252
1809370 252
1809380 252
1809390 251
1809400 251
1809410 251
1809420 250
1809430 249
1809440 248
1809450 248
1809460 247
1809470 247
1809480 247
1809490 247
1809500 247
1809510 247
1809520 247
1809530 247
1809540 247
1809550 247
1809560 247
1809570 247
1809580 248
1809590 248
1809600 248
1809610 247
1809620 247
1809630 248
1809640 248
1809650 249
1809660 251
1809670 252
1809680 254
1809690 256
1809700 258
1809710 260
1809720 261
1809730 262
1809740 264
1809750 266
1809760 267
1809770 269
1809780 270
1809790 272
1809800 273
1809810 275
1809820 277
1809830 279
1809840 280
1809850 282
1809860 284
1809870 286
1809880 288
1809890 289
1809900 291
1809910 293
1809920 294
1809930 296
1809940 297
1809950 298
1809960 299
1809970 300
1809980 301
1809990 301
1810000 302
1810010 302
1810020 301
1810030 301
1810040 300
1810050 299
1810060 298
1810070 297
1810080 296
1810090 294
1810100 292
1810110 291
1810120 289
1810130 288
1810140 288
1810150 287
1810160 286
1810170 285
1810180 284
1810190 282
1810200 282
1810210 281
1810220 280
1810230 279
1810240 278
1810250 277
1810260 276
1810270 276
1810280 275
1810290 274
1810300 273
1810310 272
1810320 271
1810330 271
1810340 270
1810350 269
1810360 269
1810370 268
1810380 268
1810390 268
1810400 268
1810410 269
1810420 270
1810430 270
1810440 271
1810450 272
1810460 273
1810470 274
1810480 275
1810490 276
1810500 277
1810510 278
1810520 279
1810530 280
1810540 281
1810550 282
1810560 284
1810570 285
1810580 286
1810590 287
1810600 288
1810610 290
1810620 291
1810630 292
1810640 293
1810650 294
1810660 296
1810670 297
1810680 298
1810690 299
1810700 301
1810710 302
1810720 303
1810730 305
1810740 307
1810750 309
1810760 310
1810770 311
1810780 313
1810790 315
1810800 317
1810810 319
1810820 320
1810830 322
1810840 324
1810850 326
1810860 329
1810870 331
1810880 332
1810890 334
1810900 335
1810910 337
1810920 337
1810930 337
1810940 337
1810950 336
1810960 336
1810970 335
1810980 334
1810990 333
1811000 331
1811010 330
1811020 329
1811030 328
1811040 327
1811050 326
1811060 325
1811070 323
1811080 322
1811090 321
1811100 320
1811110 319
1811120 317
1811130 316
1811140 315
1811150 314
1811160 313
1811170 312
1811180 310
1811190 309
1811200 307
1811210 306
1811220 304
1811230 303
1811240 302
1811250 300
1811260 299
1811270 297
1811280 296
1811290 295
1811300 295
1811310 294
1811320 294
1811330 294
1811340 293
1811350 292
1811360 292
1811370 291
1811380 291
1811390 290
1811400 290
1811410 290
1811420 290
1811430 290
1811440 290
1811450 290
1811460 289
1811470 289
1811480 287
1811490 286
1811500 284
1811510 281
1811520 279
1811530 278
1811540 277
1811550 276
1811560 275
1811570 275
1811580 274
1811590 274
1811600 273
1811610 272
1811620 272
1811630 272
1811640 271
1811650 271
1811660 271
1811670 271
1811680 271
1811690 271
1811700 271
1811710 271
1811720 270
1811730 270
1811740 270
1811750 269
1811760 269
1811770 268
1811780 268
1811790 267
1811800 267
1811810 268
1811820 268
1811830 268
1811840 268
1811850 268
1811860 268
1811870 268
1811880 268
1811890 268
1811900 268
1811910 268
1811920 269
1811930 269
1811940 269
1811950 269
1811960 269
1811970 269
1811980 269
1811990 270
1812000 270
1812010 270
1812020 271
1812030 271
1812040 271
1812050 271
1812060 271
1812070 272
1812080 272
1812090 272
1812100 272
1812110 273
1812120 273
1812130 273
1812140 273
1812150 273
1812160 273
1812170 273
1812180 273
1812190 273
1812200 273
1812210 273
1812220 273
1812230 273
1812240 273
1812250 273
1812260 273
1812270 273
1812280 273
1812290 273
1812300 273
1812310 273
1812320 273
1812330 274
1812340 274
1812350 274
1812360 275
1812370 275
1812380 276
1812390 277
1812400 279
1812410 280
1812420 281
1812430 283
1812440 285
1812450 286
1812460 287
1812470 288
1812480 289
1812490 290
1812500 291
1812510 292
1812520 292
1812530 293
1812540 293
1812550 294
1812560 294
1812570 294
1812580 294
1812590 293
1812600 293
1812610 292
1812620 292
1812630 291
1812640 290
1812650 290
1812660 289
1812670 289
1812680 288
1812690 288
1812700 287
1812710 287
1812720 287
1812730 287
1812740 287
1812750 287
1812760 287
1812770 288
1812780 290
1812790 292
1812800 294
1812810 296
1812820 297
1812830 298
1812840 300
1812850 302
1812860 303
1812870 304
1812880 306
1812890 308
1812900 309
1812910 311
1812920 313
1812930 315
1812940 317
1812950 319
1812960 321
1812970 323
1812980 325
1812990 328
1813000 330
1813010 333
1813020 335
1813030 337
1813040 339
1813050 341
1813060 343
1813070 344
1813080 346
1813090 346
1813100 347
1813110 348
1813120 348
1813130 347
1813140 347
1813150 346
1813160 346
1813170 345
1813180 345
1813190 344
1813200 343
1813210 342
1813220 341
1813230 340
1813240 339
1813250 338
1813260 337
1813270 336
1813280 335
1813290 333
1813300 332
1813310 332
1813320 331
1813330 331
1813340 330
1813350 329
1813360 329
1813370 327
1813380 326
1813390 325
1813400 324
1813410 323
1813420 322
1813430 322
1813440 321
1813450 320
1813460 318
1813470 317
1813480 317
1813490 317
1813500 318
1813510 319
1813520 320
1813530 321
1813540 321
1813550 321
1813560 320
1813570 320
1813580 319
1813590 319
1813600 319
1813610 319
1813620 318
1813630 317
1813640 317
1813650 316
1813660 316
1813670 315
1813680 315
1813690 313
1813700 312
1813710 310
1813720 308
1813730 307
1813740 305
1813750 305
1813760 305
1813770 304
1813780 304
1813790 304
1813800 303
1813810 303
1813820 302
1813830 302
1813840 301
1813850 301
1813860 302
1813870 302
1813880 302
1813890 302
1813900 302
1813910 302
1813920 301
1813930 301
1813940 301
1813950 301
1813960 301
1813970 301
1813980 301
1813990 300
1814000 300
1814010 300
1814020 300
1814030 300
1814040 299
1814050 299
1814060 299
1814070 298
1814080 298
1814090 297
1814100 297
1814110 296
1814120 296
1814130 296
1814140 295
1814150 295
1814160 295
1814170 295
1814180 295
1814190 295
1814200 295
1814210 295
1814220 295
1814230 295
1814240 295
1814250 295
1814260 295
1814270 294
1814280 294
1814290 293
1814300 292
1814310 291
1814320 290
1814330 290
1814340 290
1814350 290
1814360 289
1814370 289
1814380 289
1814390 289
1814400 288
1814410 288
1814420 287
1814430 287
1814440 286
1814450 285
1814460 285
1814470 285
1814480 285
1814490 284
1814500 284
1814510 283
1814520 283
1814530 282
1814540 281
1814550 281
1814560 280
1814570 279
1814580 279
1814590 278
1814600 278
1814610 277
1814620 277
1814630 276
1814640 276
1814650 276
1814660 275
1814670 275
1814680 274
1814690 272
1814700 271
1814710 270
1814720 269
1814730 268
1814740 268
1814750 267
1814760 267
1814770 268
1814780 268
1814790 269
1814800 270
1814810 272
1814820 273
1814830 274
1814840 276
1814850 278
1814860 280
1814870 283
1814880 285
1814890 287
1814900 290
1814910 293
1814920 297
1814930 299
1814940 302
1814950 303
1814960 305
1814970 306
1814980 307
1814990 308
1815000 310
1815010 311
1815020 313
1815030 314
1815040 315
1815050 315
1815060 315
1815070 315
1815080 315
1815090 315
1815100 315
1815110 315
1815120 314
1815130 314
1815140 313
1815150 313
1815160 312
1815170 312
1815180 311
1815190 310
1815200 310
1815210 310
1815220 309
1815230 309
1815240 308
1815250 307
1815260 307
1815270 307
1815280 306
1815290 306
1815300 306
1815310 305
1815320 305
1815330 306
1815340 306
1815350 306
1815360 307
1815370 309
1815380 310
1815390 311
1815400 313
1815410 314
1815420 314
1815430 314
1815440 314
1815450 313
1815460 313
1815470 312
1815480 311
1815490 311
1815500 310
1815510 309
1815520 308
1815530 306
1815540 306
1815550 305
1815560 304
1815570 302
1815580 301
1815590 300
1815600 299
1815610 298
1815620 297
1815630 297
1815640 295
1815650 293
1815660 291
1815670 289
1815680 288
1815690 286
1815700 284
1815710 283
1815720 282
1815730 280
1815740 279
1815750 278
1815760 277
1815770 276
1815780 276
1815790 275
1815800 276
1815810 276
1815820 276
1815830 275
1815840 274
1815850 273
1815860 272
1815870 272
1815880 271
1815890 270
1815900 269
1815910 269
1815920 268
1815930 267
1815940 266
1815950 266
1815960 265
1815970 265
1815980 264
1815990 264
1816000 264
1816010 263
1816020 263
1816030 262
1816040 262
1816050 261
1816060 261
1816070 260
1816080 260
1816090 259
1816100 258
1816110 258
1816120 257
1816130 256
1816140 256
1816150 255
1816160 255
1816170 254
1816180 253
1816190 253
1816200 252
1816210 252
1816220 251
1816230 251
1816240 251
1816250 251
1816260 251
1816270 252
1816280 252
1816290 252
1816300 253
1816310 253
1816320 253
1816330 254
1816340 254
1816350 255
1816360 256
1816370 256
1816380 257
1816390 258
1816400 259
1816410 260
1816420 261
1816430 262
1816440 264
1816450 265
1816460 266
1816470 268
1816480 269
1816490 270
1816500 272
1816510 273
1816520 275
1816530 277
1816540 279
1816550 280
1816560 281
1816570 282
1816580 284
1816590 285
1816600 286
1816610 287
1816620 288
1816630 289
1816640 290
1816650 292
1816660 293
1816670 295
1816680 296
1816690 298
1816700 299
1816710 301
1816720 302
1816730 304
1816740 305
1816750 306
1816760 307
1816770 307
1816780 307
1816790 306
1816800 306
1816810 305
1816820 304
1816830 304
1816840 303
1816850 302
1816860 301
1816870 301
1816880 300
1816890 299
1816900 299
1816910 298
1816920 296
1816930 295
1816940 294
1816950 293
1816960 292
1816970 291
1816980 290
1816990 289
1817000 287
1817010 286
1817020 285
1817030 285
1817040 284
1817050 283
1817060 283
1817070 282
1817080 282
1817090 281
1817100 281
1817110 280
1817120 279
1817130 278
1817140 278
1817150 277
1817160 276
1817170 275
1817180 274
1817190 273
1817200 272
1817210 271
1817220 269
1817230 269
1817240 268
1817250 268
1817260 268
1817270 268
1817280 268
1817290 269
1817300 270
1817310 271
1817320 272
1817330 273
1817340 273
1817350 274
1817360 275
1817370 276
1817380 276
1817390 277
1817400 277
1817410 278
1817420 279
1817430 281
1817440 282
1817450 283
1817460 284
1817470 286
1817480 287
1817490 289
1817500 290
1817510 291
1817520 292
1817530 294
1817540 296
1817550 299
1817560 301
1817570 303
1817580 305
1817590 307
1817600 309
1817610 311
1817620 313
1817630 314
1817640 316
1817650 317
1817660 317
1817670 318
1817680 317
1817690 317
1817700 316
1817710 315
1817720 314
1817730 313
1817740 312
1817750 311
1817760 310
1817770 309
1817780 308
1817790 306
1817800 305
1817810 304
1817820 303
1817830 302
1817840 300
1817850 299
1817860 298
1817870 298
1817880 297
1817890 296
1817900 295
1817910 294
1817920 294
1817930 294
1817940 293
1817950 293
1817960 293
1817970 294
1817980 295
1817990 295
1818000 296
1818010 297
1818020 299
1818030 300
1818040 302
1818050 303
1818060 305
1818070 306
1818080 307
1818090 309
1818100 310
1818110 311
1818120 312
1818130 313
1818140 314
1818150 315
1818160 316
1818170 317
1818180 318
1818190 318
1818200 318
1818210 318
1818220 317
1818230 316
1818240 316
1818250 315
1818260 314
1818270 313
1818280 312
1818290 312
1818300 311
1818310 311
1818320 310
1818330 309
1818340 309
1818350 308
1818360 308
1818370 307
1818380 307
1818390 306
1818400 306
1818410 305
1818420 305
1818430 304
1818440 304
1818450 304
1818460 304
1818470 302
1818480 303
1818490 303
1818500 304
1818510 304
1818520 304
1818530 303
1818540 304
1818550 304
1818560 304
1818570 304
1818580 304
1818590 304
1818600 304
1818610 304
1818620 305
1818630 305
1818640 305
1818650 306
1818660 306
1818670 306
1818680 307
1818690 307
1818700 307
1818710 308
1818720 308
1818730 308
1818740 309
1818750 309
1818760 310
1818770 310
1818780 311
1818790 312
1818800 312
1818810 313
1818820 313
1818830 314
1818840 314
1818850 315
1818860 315
1818870 316
1818880 316
1818890 316
1818900 316
1818910 316
1818920 316
1818930 316
1818940 316
1818950 316
1818960 316
1818970 316
1818980 316
1818990 316
1819000 315
1819010 315
1819020 315
1819030 314
1819040 314
1819050 313
1819060 313
1819070 313
1819080 312
1819090 312
1819100 312
1819110 312
1819120 311
1819130 311
1819140 311
1819150 310
1819160 310
1819170 310
1819180 309
1819190 309
1819200 308
1819210 308
1819220 308
1819230 307
1819240 307
1819250 307
1819260 306
1819270 306
1819280 306
1819290 305
1819300 305
1819310 305
1819320 304
1819330 303
1819340 303
1819350 302
1819360 302
1819370 301
1819380 300
1819390 300
1819400 299
1819410 299
1819420 299
1819430 298
1819440 297
1819450 297
1819460 296
1819470 295
1819480 295
1819490 294
1819500 294
1819510 293
1819520 293
1819530 292
1819540 292
1819550 291
1819560 291
1819570 290
1819580 290
1819590 289
1819600 289
1819610 288
1819620 288
1819630 287
1819640 287
1819650 286
1819660 286
1819670 286
1819680 286
1819690 285
1819700 285
1819710 285
1819720 285
1819730 284
1819740 284
1819750 284
1819760 283
1819770 283
1819780 283
1819790 283
1819800 282
1819810 282
1819820 282
1819830 282
1819840 282
1819850 282
1819860 282
1819870 283
1819880 283
1819890 283
1819900 283
1819910 284
1819920 284
1819930 285
1819940 285
1819950 285
1819960 286
1819970 286
1819980 287
1819990 288
