1800000 286
1800010 286
1800020 287
1800030 287
1800040 287
1800050 288
1800060 288
1800070 288
1800080 289
1800090 289
1800100 289
1800110 290
1800120 290
1800130 290
1800140 290
1800150 290
1800160 291
1800170 291
1800180 291
1800190 291
1800200 292
1800210 292
1800220 292
1800230 292
1800240 292
1800250 292
1800260 292
1800270 292
1800280 292
1800290 292
1800300 292
1800310 292
1800320 292
1800330 291
1800340 290
1800350 290
1800360 289
1800370 288
1800380 287
1800390 286
1800400 285
1800410 284
1800420 283
1800430 281
1800440 279
1800450 277
1800460 275
1800470 273
1800480 272
1800490 271
1800500 270
1800510 268
1800520 267
1800530 265
1800540 263
1800550 262
1800560 261
1800570 260
1800580 259
1800590 258
1800600 257
1800610 256
1800620 255
1800630 254
1800640 254
1800650 253
1800660 252
1800670 251
1800680 249
1800690 249
1800700 250
1800710 251
1800720 251
1800730 251
1800740 251
1800750 251
1800760 250
1800770 250
1800780 250
1800790 252
1800800 253
1800810 254
1800820 254
1800830 255
1800840 257
1800850 259
1800860 261
1800870 263
1800880 266
1800890 269
1800900 271
1800910 272
1800920 274
1800930 275
1800940 276
1800950 277
1800960 279
1800970 280
1800980 281
1800990 283
1801000 284
1801010 286
1801020 287
1801030 288
1801040 289
1801050 290
1801060 290
1801070 290
1801080 290
1801090 290
1801100 290
1801110 289
1801120 289
1801130 289
1801140 289
1801150 289
1801160 290
1801170 290
1801180 291
1801190 291
1801200 292
1801210 293
1801220 293
1801230 294
1801240 294
1801250 295
1801260 295
1801270 295
1801280 295
1801290 295
1801300 295
1801310 295
1801320 295
1801330 295
1801340 296
1801350 295
1801360 295
1801370 295
1801380 295
1801390 294
1801400 294
1801410 293
1801420 293
1801430 292
1801440 292
1801450 291
1801460 291
1801470 290
1801480 290
1801490 290
1801500 290
1801510 291
1801520 291
1801530 291
1801540 292
1801550 292
1801560 293
1801570 293
1801580 293
1801590 294
1801600 294
1801610 294
1801620 294
1801630 294
1801640 294
1801650 294
1801660 293
1801670 293
1801680 293
1801690 292
1801700 292
1801710 291
1801720 291
1801730 290
1801740 290
1801750 290
1801760 290
1801770 291
1801780 291
1801790 292
1801800 292
1801810 292
1801820 293
1801830 293
1801840 293
1801850 293
1801860 293
1801870 293
1801880 293
1801890 293
1801900 293
1801910 293
1801920 294
1801930 294
1801940 294
1801950 294
1801960 295
1801970 295
1801980 295
1801990 295
1802000 295
1802010 295
1802020 295
1802030 295
1802040 295
1802050 294
1802060 294
1802070 293
1802080 292
1802090 292
1802100 291
1802110 290
1802120 289
1802130 288
1802140 287
1802150 285
1802160 283
1802170 282
1802180 281
1802190 279
1802200 278
1802210 277
1802220 276
1802230 277
1802240 278
1802250 280
1802260 281
1802270 283
1802280 284
1802290 286
1802300 287
1802310 288
1802320 289
1802330 289
1802340 290
1802350 291
1802360 291
1802370 292
1802380 293
1802390 293
1802400 294
1802410 294
1802420 294
1802430 295
1802440 295
1802450 294
1802460 294
1802470 294
1802480 294
1802490 293
1802500 293
1802510 292
1802520 292
1802530 291
1802540 291
1802550 290
1802560 290
1802570 289
1802580 288
1802590 287
1802600 286
1802610 286
1802620 287
1802630 288
1802640 289
1802650 289
1802660 290
1802670 291
1802680 291
1802690 292
1802700 292
1802710 293
1802720 294
1802730 294
1802740 295
1802750 295
1802760 295
1802770 295
1802780 295
1802790 295
1802800 295
1802810 295
1802820 295
1802830 295
1802840 295
1802850 295
1802860 295
1802870 295
1802880 295
1802890 295
1802900 296
1802910 296
1802920 296
1802930 296
1802940 296
1802950 296
1802960 297
1802970 297
1802980 297
1802990 298
1803000 298
1803010 298
1803020 298
1803030 298
1803040 299
1803050 299
1803060 299
1803070 300
1803080 300
1803090 300
1803100 301
1803110 301
1803120 301
1803130 301
1803140 302
1803150 302
1803160 302
1803170 302
1803180 303
1803190 303
1803200 303
1803210 303
1803220 303
1803230 303
1803240 303
1803250 303
1803260 302
1803270 301
1803280 301
1803290 300
1803300 299
1803310 299
1803320 298
1803330 297
1803340 296
1803350 295
1803360 294
1803370 293
1803380 293
1803390 292
1803400 291
1803410 290
1803420 290
1803430 289
1803440 288
1803450 287
1803460 286
1803470 285
1803480 284
1803490 284
1803500 283
1803510 283
1803520 282
1803530 281
1803540 280
1803550 279
1803560 278
1803570 277
1803580 276
1803590 275
1803600 274
1803610 274
1803620 273
1803630 273
1803640 271
1803650 270
1803660 269
1803670 268
1803680 267
1803690 266
1803700 266
1803710 265
1803720 264
1803730 263
1803740 262
1803750 261
1803760 261
1803770 260
1803780 259
1803790 258
1803800 257
1803810 256
1803820 255
1803830 255
1803840 254
1803850 254
1803860 253
1803870 253
1803880 253
1803890 253
1803900 253
1803910 252
1803920 253
1803930 253
1803940 253
1803950 253
1803960 253
1803970 253
1803980 253
1803990 254
1804000 255
1804010 255
1804020 255
1804030 256
1804040 257
1804050 259
1804060 260
1804070 261
1804080 263
1804090 264
1804100 265
1804110 266
1804120 267
1804130 268
1804140 269
1804150 270
1804160 271
1804170 272
1804180 273
1804190 274
1804200 276
1804210 277
1804220 278
1804230 279
1804240 281
1804250 283
1804260 285
1804270 287
1804280 288
1804290 290
1804300 292
1804310 294
1804320 295
1804330 295
1804340 295
1804350 295
1804360 294
1804370 293
1804380 292
1804390 290
1804400 288
1804410 287
1804420 285
1804430 284
1804440 282
1804450 281
1804460 280
1804470 278
1804480 276
1804490 275
1804500 274
1804510 273
1804520 271
1804530 269
1804540 268
1804550 266
1804560 264
1804570 263
1804580 261
1804590 260
1804600 258
1804610 257
1804620 257
1804630 257
1804640 257
1804650 257
1804660 257
1804670 257
1804680 257
1804690 257
1804700 256
1804710 256
1804720 257
1804730 257
1804740 258
1804750 260
1804760 261
1804770 262
1804780 263
1804790 264
1804800 266
1804810 267
1804820 267
1804830 268
1804840 272
1804850 274
1804860 275
1804870 276
1804880 275
1804890 275
1804900 273
1804910 272
1804920 271
1804930 270
1804940 268
1804950 267
1804960 266
1804970 265
1804980 263
1804990 262
1805000 262
1805010 261
1805020 260
1805030 260
1805040 260
1805050 259
1805060 259
1805070 259
1805080 259
1805090 258
1805100 258
1805110 258
1805120 258
1805130 258
1805140 257
1805150 257
1805160 258
1805170 258
1805180 258
1805190 258
1805200 259
1805210 259
1805220 259
1805230 259
1805240 259
1805250 260
1805260 260
1805270 260
1805280 261
1805290 262
1805300 262
1805310 263
1805320 264
1805330 265
1805340 266
1805350 267
1805360 267
1805370 268
1805380 269
1805390 269
1805400 270
1805410 270
1805420 271
1805430 272
1805440 273
1805450 274
1805460 274
1805470 275
1805480 275
1805490 276
1805500 277
1805510 278
1805520 278
1805530 279
1805540 280
1805550 280
1805560 281
1805570 282
1805580 283
1805590 285
1805600 286
1805610 288
1805620 290
1805630 292
1805640 294
1805650 296
1805660 298
1805670 300
1805680 302
1805690 304
1805700 306
1805710 308
1805720 310
1805730 311
1805740 313
1805750 315
1805760 317
1805770 319
1805780 321
1805790 323
1805800 324
1805810 325
1805820 326
1805830 326
1805840 326
1805850 326
1805860 325
1805870 325
1805880 324
1805890 324
1805900 323
1805910 323
1805920 322
1805930 322
1805940 321
1805950 320
1805960 320
1805970 319
1805980 319
1805990 318
1806000 318
1806010 317
1806020 317
1806030 316
1806040 315
1806050 315
1806060 315
1806070 314
1806080 314
1806090 314
1806100 313
1806110 313
1806120 314
1806130 314
1806140 314
1806150 314
1806160 314
1806170 314
1806180 314
1806190 314
1806200 314
1806210 314
1806220 315
1806230 315
1806240 315
1806250 314
1806260 314
1806270 313
1806280 313
1806290 312
1806300 311
1806310 310
1806320 309
1806330 308
1806340 307
1806350 306
1806360 305
1806370 304
1806380 303
1806390 302
1806400 301
1806410 300
1806420 299
1806430 298
1806440 297
1806450 296
1806460 295
1806470 294
1806480 293
1806490 292
1806500 291
1806510 290
1806520 289
1806530 288
1806540 287
1806550 286
1806560 286
1806570 285
1806580 284
1806590 283
1806600 282
1806610 282
1806620 282
1806630 282
1806640 282
1806650 282
1806660 281
1806670 282
1806680 282
1806690 282
1806700 282
1806710 282
1806720 282
1806730 281
1806740 280
1806750 280
1806760 279
1806770 278
1806780 277
1806790 276
1806800 275
1806810 275
1806820 274
1806830 273
1806840 272
1806850 272
1806860 271
1806870 270
1806880 270
1806890 270
1806900 269
1806910 269
1806920 269
1806930 270
1806940 270
1806950 270
1806960 270
1806970 270
1806980 270
1806990 270
1807000 271
1807010 272
1807020 272
1807030 273
1807040 274
1807050 275
1807060 276
1807070 277
1807080 278
1807090 279
1807100 279
1807110 280
1807120 280
1807130 281
1807140 282
1807150 282
1807160 283
1807170 283
1807180 283
1807190 283
1807200 283
1807210 283
1807220 283
1807230 284
1807240 284
1807250 284
1807260 284
1807270 284
1807280 284
1807290 284
1807300 284
1807310 283
1807320 283
1807330 282
1807340 282
1807350 281
1807360 282
1807370 283
1807380 284
1807390 286
1807400 287
1807410 288
1807420 288
1807430 289
1807440 290
1807450 291
1807460 292
1807470 292
1807480 293
1807490 294
1807500 295
1807510 296
1807520 297
1807530 298
1807540 299
1807550 300
1807560 301
1807570 302
1807580 303
1807590 303
1807600 304
1807610 304
1807620 305
1807630 305
1807640 306
1807650 307
1807660 307
1807670 308
1807680 309
1807690 309
1807700 310
1807710 311
1807720 311
1807730 312
1807740 313
1807750 313
1807760 314
1807770 315
1807780 315
1807790 316
1807800 317
1807810 318
1807820 319
1807830 320
1807840 322
1807850 323
1807860 324
1807870 325
1807880 327
1807890 327
1807900 328
1807910 329
1807920 330
1807930 332
1807940 332
1807950 333
1807960 333
1807970 333
1807980 332
1807990 331
1808000 330
1808010 329
1808020 328
1808030 328
1808040 327
1808050 325
1808060 325
1808070 324
1808080 323
1808090 322
1808100 321
1808110 320
1808120 319
1808130 317
1808140 316
1808150 315
1808160 314
1808170 313
1808180 312
1808190 311
1808200 310
1808210 309
1808220 308
1808230 307
1808240 306
1808250 305
1808260 304
1808270 304
1808280 303
1808290 302
1808300 301
1808310 300
1808320 300
1808330 299
1808340 298
1808350 296
1808360 295
1808370 294
1808380 293
1808390 292
1808400 292
1808410 291
1808420 290
1808430 289
1808440 288
1808450 288
1808460 287
1808470 286
1808480 286
1808490 285
1808500 284
1808510 283
1808520 281
1808530 278
1808540 276
1808550 275
1808560 274
1808570 273
1808580 271
1808590 270
1808600 269
1808610 267
1808620 267
1808630 266
1808640 265
1808650 264
1808660 264
1808670 263
1808680 262
1808690 261
1808700 260
1808710 259
1808720 259
1808730 258
1808740 257
1808750 257
1808760 256
1808770 256
1808780 256
1808790 256
1808800 256
1808810 256
1808820 256
1808830 257
1808840 257
1808850 258
1808860 259
1808870 259
1808880 260
1808890 262
1808900 263
1808910 265
1808920 266
1808930 267
1808940 269
1808950 270
1808960 271
1808970 272
1808980 272
1808990 273
1809000 274
1809010 274
1809020 274
1809030 274
1809040 273
1809050 272
1809060 271
1809070 271
1809080 270
1809090 270
1809100 269
1809110 268
1809120 268
1809130 267
1809140 268
1809150 268
1809160 269
1809170 270
1809180 271
1809190 272
1809200 272
1809210 273
1809220 273
1809230 274
1809240 274
1809250 275
1809260 276
1809270 278
1809280 279
1809290 281
1809300 283
1809310 284
1809320 285
1809330 287
1809340 288
1809350 289
1809360 291
1809370 292
1809380 295
1809390 297
1809400 298
1809410 298
1809420 299
1809430 300
1809440 300
1809450 299
1809460 298
1809470 297
1809480 296
1809490 295
1809500 294
1809510 293
1809520 292
1809530 290
1809540 289
1809550 288
1809560 287
1809570 287
1809580 286
1809590 285
1809600 285
1809610 284
1809620 283
1809630 282
1809640 281
1809650 279
1809660 278
1809670 277
1809680 275
1809690 274
1809700 274
1809710 273
1809720 272
1809730 271
1809740 270
1809750 269
1809760 268
1809770 267
1809780 266
1809790 265
1809800 264
1809810 264
1809820 263
1809830 262
1809840 261
1809850 260
1809860 259
1809870 258
1809880 256
1809890 255
1809900 254
1809910 253
1809920 253
1809930 252
1809940 252
1809950 252
1809960 252
1809970 252
1809980 252
1809990 253
1810000 253
1810010 254
1810020 254
1810030 254
1810040 254
1810050 255
1810060 255
1810070 255
1810080 256
1810090 257
1810100 258
1810110 259
1810120 260
1810130 261
1810140 263
1810150 264
1810160 265
1810170 266
1810180 267
1810190 268
1810200 269
1810210 270
1810220 271
1810230 272
1810240 274
1810250 275
1810260 275
1810270 276
1810280 276
1810290 277
1810300 277
1810310 278
1810320 278
1810330 278
1810340 278
1810350 278
1810360 278
1810370 279
1810380 279
1810390 279
1810400 279
1810410 279
1810420 279
1810430 279
1810440 279
1810450 279
1810460 278
1810470 277
1810480 277
1810490 276
1810500 275
1810510 275
1810520 274
1810530 272
1810540 271
1810550 270
1810560 268
1810570 267
1810580 266
1810590 266
1810600 265
1810610 264
1810620 264
1810630 263
1810640 262
1810650 262
1810660 261
1810670 261
1810680 261
1810690 261
1810700 261
1810710 261
1810720 262
1810730 262
1810740 262
1810750 263
1810760 263
1810770 264
1810780 264
1810790 265
1810800 265
1810810 266
1810820 267
1810830 268
1810840 269
1810850 269
1810860 270
1810870 272
1810880 273
1810890 274
1810900 275
1810910 277
1810920 278
1810930 280
1810940 281
1810950 284
1810960 287
1810970 289
1810980 291
1810990 293
1811000 295
1811010 297
1811020 298
1811030 300
1811040 301
1811050 302
1811060 303
1811070 304
1811080 304
1811090 305
1811100 305
1811110 305
1811120 305
1811130 304
1811140 303
1811150 303
1811160 302
1811170 300
1811180 298
1811190 296
1811200 295
1811210 294
1811220 293
1811230 292
1811240 292
1811250 291
1811260 291
1811270 290
1811280 290
1811290 289
1811300 288
1811310 288
1811320 287
1811330 286
1811340 285
1811350 284
1811360 283
1811370 282
1811380 281
1811390 281
1811400 281
1811410 280
1811420 280
1811430 279
1811440 279
1811450 279
1811460 279
1811470 279
1811480 280
1811490 281
1811500 281
1811510 282
1811520 283
1811530 284
1811540 285
1811550 287
1811560 288
1811570 289
1811580 290
1811590 291
1811600 292
1811610 293
1811620 295
1811630 297
1811640 298
1811650 299
1811660 300
1811670 301
1811680 303
1811690 304
1811700 305
1811710 305
1811720 306
1811730 307
1811740 309
1811750 312
1811760 314
1811770 316
1811780 317
1811790 318
1811800 318
1811810 320
1811820 322
1811830 323
1811840 324
1811850 326
1811860 328
1811870 330
1811880 331
1811890 333
1811900 335
1811910 337
1811920 339
1811930 341
1811940 343
1811950 345
1811960 346
1811970 347
1811980 347
1811990 347
1812000 347
1812010 348
1812020 348
1812030 348
1812040 348
1812050 347
1812060 347
1812070 346
1812080 346
1812090 346
1812100 346
1812110 346
1812120 346
1812130 346
1812140 345
1812150 345
1812160 345
1812170 345
1812180 344
1812190 344
1812200 344
1812210 344
1812220 343
1812230 343
1812240 343
1812250 343
1812260 343
1812270 344
1812280 344
1812290 345
1812300 344
1812310 345
1812320 345
1812330 345
1812340 345
1812350 345
1812360 345
1812370 345
1812380 345
1812390 345
1812400 345
1812410 346
1812420 346
1812430 346
1812440 347
1812450 347
1812460 348
1812470 348
1812480 349
1812490 349
1812500 350
1812510 350
1812520 351
1812530 351
1812540 352
1812550 352
1812560 353
1812570 354
1812580 356
1812590 357
1812600 358
1812610 360
1812620 361
1812630 361
1812640 362
1812650 363
1812660 364
1812670 365
1812680 365
1812690 366
1812700 365
1812710 365
1812720 364
1812730 364
1812740 363
1812750 362
1812760 360
1812770 359
1812780 358
1812790 357
1812800 356
1812810 354
1812820 352
1812830 349
1812840 348
1812850 347
1812860 347
1812870 346
1812880 344
1812890 343
1812900 341
1812910 340
1812920 339
1812930 337
1812940 336
1812950 335
1812960 334
1812970 333
1812980 332
1812990 331
1813000 330
1813010 328
1813020 327
1813030 326
1813040 325
1813050 324
1813060 323
1813070 322
1813080 321
1813090 320
1813100 319
1813110 318
1813120 317
1813130 317
1813140 316
1813150 315
1813160 314
1813170 313
1813180 313
1813190 313
1813200 313
1813210 313
1813220 312
1813230 311
1813240 311
1813250 310
1813260 309
1813270 308
1813280 307
1813290 307
1813300 306
1813310 305
1813320 305
1813330 304
1813340 304
1813350 303
1813360 303
1813370 303
1813380 302
1813390 302
1813400 301
1813410 301
1813420 301
1813430 301
1813440 301
1813450 301
1813460 301
1813470 301
1813480 301
1813490 301
1813500 300
1813510 300
1813520 299
1813530 298
1813540 298
1813550 297
1813560 296
1813570 295
1813580 294
1813590 293
1813600 292
1813610 291
1813620 291
1813630 290
1813640 289
1813650 288
1813660 288
1813670 287
1813680 287
1813690 287
1813700 287
1813710 287
1813720 287
1813730 287
1813740 287
1813750 287
1813760 287
1813770 288
1813780 288
1813790 288
1813800 289
1813810 289
1813820 289
1813830 290
1813840 290
1813850 291
1813860 291
1813870 292
1813880 293
1813890 293
1813900 294
1813910 294
1813920 294
1813930 294
1813940 295
1813950 296
1813960 296
1813970 297
1813980 298
1813990 299
1814000 301
1814010 302
1814020 303
1814030 304
1814040 305
1814050 306
1814060 307
1814070 308
1814080 309
1814090 312
1814100 314
1814110 317
1814120 318
1814130 320
1814140 322
1814150 323
1814160 325
1814170 326
1814180 328
1814190 330
1814200 332
1814210 334
1814220 336
1814230 337
1814240 338
1814250 339
1814260 340
1814270 340
1814280 340
1814290 340
1814300 340
1814310 340
1814320 340
1814330 339
1814340 338
1814350 338
1814360 337
1814370 337
1814380 337
1814390 336
1814400 336
1814410 335
1814420 334
1814430 334
1814440 333
1814450 333
1814460 332
1814470 332
1814480 331
1814490 331
1814500 330
1814510 330
1814520 330
1814530 329
1814540 329
1814550 329
1814560 329
1814570 329
1814580 328
1814590 328
1814600 328
1814610 328
1814620 328
1814630 328
1814640 327
1814650 327
1814660 327
1814670 326
1814680 326
1814690 326
1814700 325
1814710 325
1814720 325
1814730 324
1814740 324
1814750 324
1814760 324
1814770 323
1814780 323
1814790 323
1814800 323
1814810 322
1814820 322
1814830 322
1814840 322
1814850 322
1814860 321
1814870 321
1814880 321
1814890 321
1814900 321
1814910 320
1814920 320
1814930 320
1814940 320
1814950 319
1814960 319
1814970 319
1814980 319
1814990 318
1815000 318
1815010 318
1815020 318
1815030 318
1815040 318
1815050 317
1815060 317
1815070 317
1815080 317
1815090 317
1815100 317
1815110 317
1815120 317
1815130 317
1815140 317
1815150 317
1815160 317
1815170 317
1815180 317
1815190 317
1815200 317
1815210 317
1815220 317
1815230 317
1815240 318
1815250 318
1815260 318
1815270 318
1815280 318
1815290 319
1815300 319
1815310 319
1815320 319
1815330 320
1815340 320
1815350 321
1815360 321
1815370 321
1815380 321
1815390 321
1815400 321
1815410 321
1815420 320
1815430 320
1815440 320
1815450 320
1815460 319
1815470 319
1815480 319
1815490 318
1815500 318
1815510 318
1815520 317
1815530 317
1815540 316
1815550 315
1815560 314
1815570 313
1815580 312
1815590 311
1815600 311
1815610 310
1815620 309
1815630 309
1815640 308
1815650 308
1815660 307
1815670 307
1815680 306
1815690 306
1815700 306
1815710 306
1815720 305
1815730 305
1815740 304
1815750 304
1815760 304
1815770 304
1815780 304
1815790 304
1815800 304
1815810 304
1815820 304
1815830 304
1815840 304
1815850 305
1815860 305
1815870 305
1815880 305
1815890 305
1815900 306
1815910 306
1815920 306
1815930 307
1815940 307
1815950 308
1815960 309
1815970 309
1815980 310
1815990 310
1816000 311
1816010 311
1816020 312
1816030 312
1816040 313
1816050 313
1816060 313
1816070 313
1816080 313
1816090 313
1816100 313
1816110 313
1816120 312
1816130 312
1816140 311
1816150 310
1816160 309
1816170 308
1816180 307
1816190 306
1816200 305
1816210 305
1816220 304
1816230 304
1816240 303
1816250 303
1816260 302
1816270 301
1816280 301
1816290 300
1816300 300
1816310 299
1816320 299
1816330 299
1816340 298
1816350 298
1816360 298
1816370 298
1816380 299
1816390 299
1816400 300
1816410 300
1816420 301
1816430 301
1816440 301
1816450 302
1816460 302
1816470 302
1816480 302
1816490 302
1816500 303
1816510 304
1816520 305
1816530 306
1816540 306
1816550 307
1816560 308
1816570 308
1816580 308
1816590 308
1816600 308
1816610 308
1816620 307
1816630 307
1816640 306
1816650 306
1816660 305
1816670 305
1816680 305
1816690 305
1816700 305
1816710 304
1816720 304
1816730 304
1816740 303
1816750 303
1816760 303
1816770 302
1816780 302
1816790 302
1816800 302
1816810 301
1816820 301
1816830 301
1816840 301
1816850 301
1816860 301
1816870 301
1816880 301
1816890 301
1816900 301
1816910 301
1816920 301
1816930 301
1816940 301
1816950 301
1816960 302
1816970 302
1816980 302
1816990 303
1817000 303
1817010 303
1817020 303
1817030 304
1817040 304
1817050 304
1817060 305
1817070 305
1817080 306
1817090 306
1817100 306
1817110 306
1817120 306
1817130 305
1817140 305
1817150 305
1817160 304
1817170 303
1817180 302
1817190 302
1817200 302
1817210 301
1817220 300
1817230 300
1817240 299
1817250 298
1817260 297
1817270 296
1817280 295
1817290 294
1817300 292
1817310 291
1817320 291
1817330 290
1817340 290
1817350 289
1817360 289
1817370 288
1817380 288
1817390 287
1817400 287
1817410 286
1817420 286
1817430 285
1817440 284
1817450 284
1817460 283
1817470 283
1817480 282
1817490 281
1817500 280
1817510 280
1817520 279
1817530 279
1817540 278
1817550 277
1817560 276
1817570 275
1817580 274
1817590 273
1817600 271
1817610 269
1817620 268
1817630 267
1817640 266
1817650 266
1817660 265
1817670 264
1817680 263
1817690 263
1817700 262
1817710 261
1817720 260
1817730 259
1817740 259
1817750 258
1817760 257
1817770 257
1817780 257
1817790 257
1817800 257
1817810 258
1817820 258
1817830 259
1817840 260
1817850 261
1817860 262
1817870 264
1817880 265
1817890 266
1817900 267
1817910 268
1817920 269
1817930 270
1817940 271
1817950 272
1817960 273
1817970 274
1817980 275
1817990 275
1818000 276
1818010 277
1818020 277
1818030 278
1818040 278
1818050 278
1818060 278
1818070 278
1818080 278
1818090 279
1818100 279
1818110 279
1818120 280
1818130 281
1818140 282
1818150 283
1818160 283
1818170 284
1818180 284
1818190 284
1818200 284
1818210 284
1818220 284
1818230 284
1818240 284
1818250 284
1818260 284
1818270 283
1818280 283
1818290 283
1818300 283
1818310 282
1818320 282
1818330 282
1818340 281
1818350 281
1818360 281
1818370 280
1818380 280
1818390 279
1818400 279
1818410 279
1818420 278
1818430 278
1818440 277
1818450 277
1818460 276
1818470 276
1818480 275
1818490 275
1818500 275
1818510 274
1818520 273
1818530 273
1818540 272
1818550 272
1818560 272
1818570 272
1818580 271
1818590 271
1818600 270
1818610 270
1818620 270
1818630 269
1818640 269
1818650 268
1818660 268
1818670 268
1818680 267
1818690 267
1818700 266
1818710 266
1818720 265
1818730 265
1818740 264
1818750 263
1818760 263
1818770 262
1818780 261
1818790 261
1818800 260
1818810 259
1818820 258
1818830 258
1818840 257
1818850 256
1818860 255
1818870 254
1818880 253
1818890 252
1818900 251
1818910 250
1818920 249
1818930 248
1818940 248
1818950 247
1818960 246
1818970 245
1818980 244
1818990 243
1819000 243
1819010 242
1819020 241
1819030 240
1819040 239
1819050 239
1819060 238
1819070 238
1819080 238
1819090 238
1819100 238
1819110 238
1819120 238
1819130 238
1819140 238
1819150 238
1819160 238
1819170 237
1819180 237
1819190 237
1819200 237
1819210 237
1819220 237
1819230 237
1819240 237
1819250 237
1819260 237
1819270 237
1819280 237
1819290 237
1819300 237
1819310 237
1819320 237
1819330 237
1819340 236
1819350 236
1819360 236
1819370 236
1819380 236
1819390 236
1819400 236
1819410 236
1819420 236
1819430 237
1819440 236
1819450 236
1819460 235
1819470 235
1819480 235
1819490 235
1819500 235
1819510 236
1819520 237
1819530 237
1819540 237
1819550 238
1819560 238
1819570 238
1819580 238
1819590 238
1819600 239
1819610 239
1819620 239
1819630 239
1819640 240
1819650 240
1819660 241
1819670 242
1819680 242
1819690 242
1819700 243
1819710 243
1819720 243
1819730 244
1819740 244
1819750 244
1819760 244
1819770 244
1819780 245
1819790 245
1819800 246
1819810 246
1819820 246
1819830 247
1819840 246
1819850 246
1819860 246
1819870 245
1819880 244
1819890 243
1819900 242
1819910 241
1819920 240
1819930 239
1819940 237
1819950 236
1819960 235
1819970 235
1819980 235
1819990 234
