1800000 287
1800010 287
1800020 287
1800030 287
1800040 287
1800050 288
1800060 288
1800070 288
1800080 288
1800090 289
1800100 289
1800110 289
1800120 289
1800130 290
1800140 290
1800150 290
1800160 290
1800170 291
1800180 291
1800190 291
1800200 291
1800210 292
1800220 292
1800230 292
1800240 292
1800250 292
1800260 292
1800270 292
1800280 292
1800290 292
1800300 291
1800310 291
1800320 290
1800330 289
1800340 289
1800350 288
1800360 287
1800370 286
1800380 285
1800390 284
1800400 283
1800410 283
1800420 282
1800430 281
1800440 279
1800450 277
1800460 274
1800470 272
1800480 270
1800490 268
1800500 267
1800510 266
1800520 266
1800530 265
1800540 263
1800550 261
1800560 260
1800570 258
1800580 257
1800590 256
1800600 256
1800610 255
1800620 254
1800630 253
1800640 252
1800650 251
1800660 251
1800670 250
1800680 249
1800690 250
1800700 250
1800710 251
1800720 251
1800730 251
1800740 251
1800750 251
1800760 251
1800770 250
1800780 250
1800790 250
1800800 252
1800810 253
1800820 254
1800830 254
1800840 256
1800850 259
1800860 261
1800870 263
1800880 266
1800890 268
1800900 270
1800910 272
1800920 273
1800930 275
1800940 277
1800950 278
1800960 280
1800970 282
1800980 284
1800990 286
1801000 287
1801010 288
1801020 289
1801030 289
1801040 290
1801050 290
1801060 290
1801070 290
1801080 290
1801090 291
1801100 291
1801110 291
1801120 292
1801130 292
1801140 292
1801150 292
1801160 292
1801170 293
1801180 293
1801190 293
1801200 293
1801210 294
1801220 294
1801230 294
1801240 295
1801250 295
1801260 295
1801270 296
1801280 296
1801290 296
1801300 296
1801310 296
1801320 295
1801330 295
1801340 295
1801350 294
1801360 294
1801370 294
1801380 294
1801390 293
1801400 293
1801410 293
1801420 293
1801430 292
1801440 292
1801450 292
1801460 292
1801470 292
1801480 292
1801490 292
1801500 292
1801510 293
1801520 293
1801530 293
1801540 293
1801550 294
1801560 294
1801570 294
1801580 295
1801590 295
1801600 295
1801610 295
1801620 295
1801630 294
1801640 294
1801650 294
1801660 294
1801670 294
1801680 294
1801690 294
1801700 294
1801710 294
1801720 294
1801730 294
1801740 294
1801750 294
1801760 294
1801770 294
1801780 294
1801790 294
1801800 295
1801810 295
1801820 295
1801830 295
1801840 295
1801850 295
1801860 295
1801870 295
1801880 295
1801890 295
1801900 295
1801910 295
1801920 296
1801930 296
1801940 296
1801950 296
1801960 296
1801970 296
1801980 296
1801990 296
1802000 296
1802010 296
1802020 296
1802030 296
1802040 296
1802050 295
1802060 294
1802070 294
1802080 293
1802090 292
1802100 291
1802110 290
1802120 289
1802130 289
1802140 288
1802150 287
1802160 285
1802170 284
1802180 282
1802190 281
1802200 280
1802210 279
1802220 279
1802230 279
1802240 281
1802250 283
1802260 284
1802270 286
1802280 287
1802290 288
1802300 289
1802310 289
1802320 290
1802330 291
1802340 292
1802350 293
1802360 294
1802370 294
1802380 295
1802390 296
1802400 296
1802410 296
1802420 296
1802430 296
1802440 296
1802450 296
1802460 296
1802470 296
1802480 296
1802490 296
1802500 296
1802510 295
1802520 295
1802530 295
1802540 294
1802550 294
1802560 293
1802570 292
1802580 292
1802590 291
1802600 290
1802610 290
1802620 289
1802630 289
1802640 290
1802650 290
1802660 291
1802670 291
1802680 292
1802690 292
1802700 293
1802710 294
1802720 295
1802730 295
1802740 296
1802750 297
1802760 297
1802770 298
1802780 298
1802790 298
1802800 298
1802810 299
1802820 299
1802830 299
1802840 299
1802850 299
1802860 300
1802870 300
1802880 300
1802890 300
1802900 300
1802910 300
1802920 300
1802930 301
1802940 301
1802950 301
1802960 301
1802970 302
1802980 302
1802990 302
1803000 303
1803010 303
1803020 303
1803030 303
1803040 304
1803050 304
1803060 304
1803070 305
1803080 305
1803090 305
1803100 305
1803110 305
1803120 305
1803130 305
1803140 305
1803150 305
1803160 305
1803170 305
1803180 306
1803190 306
1803200 307
1803210 306
1803220 305
1803230 305
1803240 304
1803250 303
1803260 302
1803270 301
1803280 300
1803290 300
1803300 298
1803310 297
1803320 297
1803330 296
1803340 295
1803350 293
1803360 293
1803370 292
1803380 291
1803390 290
1803400 289
1803410 288
1803420 286
1803430 285
1803440 284
1803450 283
1803460 282
1803470 282
1803480 281
1803490 280
1803500 279
1803510 278
1803520 277
1803530 276
1803540 274
1803550 274
1803560 273
1803570 272
1803580 271
1803590 270
1803600 269
1803610 269
1803620 268
1803630 267
1803640 267
1803650 266
1803660 266
1803670 265
1803680 264
1803690 263
1803700 262
1803710 262
1803720 261
1803730 260
1803740 259
1803750 258
1803760 257
1803770 257
1803780 256
1803790 255
1803800 255
1803810 255
1803820 255
1803830 254
1803840 254
1803850 254
1803860 254
1803870 254
1803880 253
1803890 253
1803900 253
1803910 253
1803920 253
1803930 253
1803940 253
1803950 253
1803960 254
1803970 254
1803980 254
1803990 255
1804000 256
1804010 257
1804020 259
1804030 260
1804040 261
1804050 263
1804060 264
1804070 265
1804080 265
1804090 266
1804100 267
1804110 269
1804120 270
1804130 272
1804140 273
1804150 274
1804160 274
1804170 275
1804180 275
1804190 277
1804200 278
1804210 279
1804220 281
1804230 282
1804240 284
1804250 286
1804260 288
1804270 290
1804280 291
1804290 293
1804300 295
1804310 296
1804320 297
1804330 297
1804340 296
1804350 295
1804360 294
1804370 293
1804380 291
1804390 289
1804400 287
1804410 285
1804420 283
1804430 282
1804440 281
1804450 280
1804460 278
1804470 276
1804480 275
1804490 273
1804500 272
1804510 270
1804520 268
1804530 267
1804540 265
1804550 263
1804560 262
1804570 260
1804580 259
1804590 258
1804600 258
1804610 258
1804620 258
1804630 258
1804640 257
1804650 257
1804660 257
1804670 257
1804680 257
1804690 257
1804700 257
1804710 258
1804720 259
1804730 260
1804740 261
1804750 262
1804760 263
1804770 264
1804780 266
1804790 267
1804800 269
1804810 271
1804820 273
1804830 274
1804840 275
1804850 277
1804860 280
1804870 281
1804880 282
1804890 281
1804900 280
1804910 279
1804920 277
1804930 276
1804940 275
1804950 274
1804960 272
1804970 271
1804980 270
1804990 268
1805000 267
1805010 266
1805020 266
1805030 265
1805040 264
1805050 263
1805060 263
1805070 262
1805080 262
1805090 261
1805100 261
1805110 260
1805120 260
1805130 260
1805140 259
1805150 259
1805160 259
1805170 258
1805180 258
1805190 258
1805200 259
1805210 259
1805220 259
1805230 259
1805240 259
1805250 259
1805260 260
1805270 260
1805280 260
1805290 260
1805300 261
1805310 261
1805320 261
1805330 262
1805340 262
1805350 262
1805360 262
1805370 263
1805380 263
1805390 264
1805400 265
1805410 265
1805420 266
1805430 267
1805440 268
1805450 269
1805460 270
1805470 272
1805480 273
1805490 275
1805500 276
1805510 278
1805520 280
1805530 281
1805540 283
1805550 284
1805560 286
1805570 288
1805580 289
1805590 290
1805600 292
1805610 294
1805620 295
1805630 297
1805640 299
1805650 301
1805660 302
1805670 304
1805680 306
1805690 308
1805700 310
1805710 311
1805720 313
1805730 315
1805740 317
1805750 318
1805760 320
1805770 323
1805780 324
1805790 326
1805800 328
1805810 328
1805820 329
1805830 329
1805840 328
1805850 328
1805860 328
1805870 327
1805880 327
1805890 327
1805900 326
1805910 326
1805920 326
1805930 326
1805940 325
1805950 325
1805960 325
1805970 325
1805980 325
1805990 325
1806000 324
1806010 324
1806020 324
1806030 324
1806040 324
1806050 323
1806060 323
1806070 323
1806080 323
1806090 323
1806100 323
1806110 323
1806120 324
1806130 324
1806140 324
1806150 324
1806160 323
1806170 323
1806180 323
1806190 324
1806200 324
1806210 323
1806220 323
1806230 322
1806240 321
1806250 320
1806260 320
1806270 318
1806280 317
1806290 316
1806300 315
1806310 314
1806320 313
1806330 312
1806340 311
1806350 310
1806360 309
1806370 307
1806380 306
1806390 304
1806400 303
1806410 302
1806420 301
1806430 301
1806440 300
1806450 299
1806460 298
1806470 296
1806480 295
1806490 294
1806500 293
1806510 292
1806520 291
1806530 290
1806540 289
1806550 289
1806560 289
1806570 289
1806580 289
1806590 289
1806600 290
1806610 290
1806620 290
1806630 291
1806640 291
1806650 292
1806660 292
1806670 292
1806680 292
1806690 291
1806700 291
1806710 290
1806720 289
1806730 288
1806740 287
1806750 286
1806760 285
1806770 284
1806780 283
1806790 282
1806800 281
1806810 280
1806820 278
1806830 277
1806840 276
1806850 276
1806860 275
1806870 274
1806880 273
1806890 272
1806900 272
1806910 271
1806920 271
1806930 271
1806940 271
1806950 271
1806960 271
1806970 271
1806980 270
1806990 270
1807000 270
1807010 270
1807020 270
1807030 271
1807040 271
1807050 271
1807060 271
1807070 272
1807080 272
1807090 272
1807100 273
1807110 273
1807120 273
1807130 274
1807140 274
1807150 274
1807160 275
1807170 275
1807180 275
1807190 276
1807200 276
1807210 276
1807220 277
1807230 277
1807240 277
1807250 277
1807260 277
1807270 277
1807280 278
1807290 278
1807300 279
1807310 281
1807320 282
1807330 283
1807340 284
1807350 285
1807360 286
1807370 286
1807380 287
1807390 288
1807400 289
1807410 289
1807420 289
1807430 288
1807440 288
1807450 288
1807460 289
1807470 289
1807480 290
1807490 291
1807500 292
1807510 293
1807520 293
1807530 294
1807540 295
1807550 296
1807560 296
1807570 297
1807580 297
1807590 297
1807600 298
1807610 299
1807620 300
1807630 300
1807640 301
1807650 302
1807660 302
1807670 303
1807680 304
1807690 305
1807700 306
1807710 307
1807720 308
1807730 308
1807740 309
1807750 310
1807760 311
1807770 312
1807780 313
1807790 314
1807800 315
1807810 316
1807820 318
1807830 319
1807840 321
1807850 322
1807860 323
1807870 325
1807880 326
1807890 327
1807900 328
1807910 329
1807920 330
1807930 331
1807940 333
1807950 334
1807960 334
1807970 334
1807980 333
1807990 332
1808000 331
1808010 330
1808020 329
1808030 328
1808040 327
1808050 326
1808060 325
1808070 324
1808080 323
1808090 322
1808100 321
1808110 320
1808120 319
1808130 318
1808140 317
1808150 316
1808160 315
1808170 314
1808180 313
1808190 312
1808200 311
1808210 310
1808220 309
1808230 308
1808240 307
1808250 306
1808260 305
1808270 303
1808280 302
1808290 301
1808300 300
1808310 299
1808320 298
1808330 297
1808340 296
1808350 295
1808360 294
1808370 293
1808380 292
1808390 291
1808400 290
1808410 289
1808420 288
1808430 287
1808440 286
1808450 285
1808460 283
1808470 282
1808480 280
1808490 279
1808500 277
1808510 276
1808520 276
1808530 275
1808540 274
1808550 273
1808560 271
1808570 270
1808580 269
1808590 269
1808600 268
1808610 267
1808620 266
1808630 265
1808640 264
1808650 264
1808660 263
1808670 263
1808680 262
1808690 261
1808700 260
1808710 259
1808720 258
1808730 258
1808740 257
1808750 257
1808760 257
1808770 257
1808780 257
1808790 257
1808800 258
1808810 258
1808820 259
1808830 260
1808840 261
1808850 263
1808860 264
1808870 266
1808880 267
1808890 268
1808900 270
1808910 271
1808920 273
1808930 274
1808940 276
1808950 278
1808960 279
1808970 281
1808980 282
1808990 282
1809000 283
1809010 283
1809020 283
1809030 282
1809040 282
1809050 281
1809060 281
1809070 280
1809080 279
1809090 278
1809100 277
1809110 276
1809120 276
1809130 275
1809140 275
1809150 275
1809160 275
1809170 276
1809180 277
1809190 277
1809200 278
1809210 278
1809220 279
1809230 280
1809240 281
1809250 282
1809260 282
1809270 283
1809280 284
1809290 284
1809300 285
1809310 286
1809320 286
1809330 287
1809340 288
1809350 290
1809360 291
1809370 293
1809380 295
1809390 297
1809400 298
1809410 298
1809420 298
1809430 298
1809440 297
1809450 296
1809460 295
1809470 294
1809480 293
1809490 292
1809500 291
1809510 290
1809520 290
1809530 289
1809540 288
1809550 287
1809560 286
1809570 285
1809580 285
1809590 284
1809600 283
1809610 282
1809620 281
1809630 281
1809640 280
1809650 278
1809660 277
1809670 276
1809680 275
1809690 274
1809700 274
1809710 273
1809720 273
1809730 272
1809740 271
1809750 270
1809760 270
1809770 269
1809780 268
1809790 267
1809800 266
1809810 265
1809820 264
1809830 263
1809840 262
1809850 260
1809860 259
1809870 257
1809880 256
1809890 255
1809900 254
1809910 253
1809920 253
1809930 253
1809940 252
1809950 252
1809960 252
1809970 253
1809980 253
1809990 253
1810000 253
1810010 254
1810020 254
1810030 254
1810040 254
1810050 254
1810060 256
1810070 257
1810080 257
1810090 258
1810100 260
1810110 262
1810120 263
1810130 264
1810140 264
1810150 265
1810160 266
1810170 267
1810180 267
1810190 268
1810200 269
1810210 270
1810220 272
1810230 273
1810240 274
1810250 276
1810260 277
1810270 279
1810280 280
1810290 281
1810300 282
1810310 283
1810320 284
1810330 285
1810340 286
1810350 287
1810360 287
1810370 288
1810380 288
1810390 288
1810400 287
1810410 287
1810420 286
1810430 286
1810440 285
1810450 285
1810460 284
1810470 284
1810480 283
1810490 282
1810500 282
1810510 281
1810520 280
1810530 279
1810540 278
1810550 277
1810560 276
1810570 274
1810580 273
1810590 272
1810600 270
1810610 269
1810620 268
1810630 267
1810640 266
1810650 266
1810660 265
1810670 264
1810680 263
1810690 262
1810700 262
1810710 262
1810720 262
1810730 262
1810740 262
1810750 263
1810760 263
1810770 263
1810780 263
1810790 264
1810800 264
1810810 265
1810820 266
1810830 267
1810840 267
1810850 268
1810860 269
1810870 270
1810880 271
1810890 272
1810900 273
1810910 276
1810920 278
1810930 281
1810940 283
1810950 285
1810960 287
1810970 289
1810980 291
1810990 292
1811000 294
1811010 296
1811020 297
1811030 299
1811040 300
1811050 301
1811060 302
1811070 303
1811080 304
1811090 305
1811100 306
1811110 307
1811120 307
1811130 307
1811140 307
1811150 307
1811160 307
1811170 306
1811180 305
1811190 305
1811200 304
1811210 303
1811220 301
1811230 299
1811240 297
1811250 296
1811260 295
1811270 294
1811280 293
1811290 293
1811300 292
1811310 292
1811320 292
1811330 291
1811340 290
1811350 290
1811360 289
1811370 289
1811380 288
1811390 288
1811400 287
1811410 286
1811420 286
1811430 285
1811440 285
1811450 285
1811460 284
1811470 284
1811480 283
1811490 283
1811500 283
1811510 284
1811520 285
1811530 286
1811540 287
1811550 288
1811560 289
1811570 290
1811580 291
1811590 292
1811600 293
1811610 295
1811620 296
1811630 297
1811640 298
1811650 299
1811660 300
1811670 301
1811680 302
1811690 304
1811700 305
1811710 306
1811720 307
1811730 309
1811740 310
1811750 312
1811760 314
1811770 315
1811780 317
1811790 319
1811800 321
1811810 322
1811820 323
1811830 324
1811840 326
1811850 327
1811860 329
1811870 330
1811880 332
1811890 334
1811900 335
1811910 336
1811920 337
1811930 338
1811940 339
1811950 339
1811960 339
1811970 339
1811980 340
1811990 340
1812000 339
1812010 339
1812020 339
1812030 339
1812040 339
1812050 339
1812060 338
1812070 338
1812080 337
1812090 336
1812100 335
1812110 334
1812120 334
1812130 334
1812140 334
1812150 334
1812160 333
1812170 333
1812180 332
1812190 332
1812200 331
1812210 331
1812220 331
1812230 331
1812240 331
1812250 332
1812260 332
1812270 332
1812280 332
1812290 332
1812300 332
1812310 332
1812320 333
1812330 335
1812340 336
1812350 336
1812360 336
1812370 337
1812380 337
1812390 338
1812400 338
1812410 339
1812420 338
1812430 339
1812440 339
1812450 339
1812460 340
1812470 340
1812480 341
1812490 342
1812500 343
1812510 345
1812520 346
1812530 348
1812540 349
1812550 350
1812560 352
1812570 353
1812580 354
1812590 355
1812600 357
1812610 358
1812620 359
1812630 360
1812640 362
1812650 364
1812660 365
1812670 366
1812680 367
1812690 368
1812700 368
1812710 368
1812720 367
1812730 367
1812740 367
1812750 366
1812760 364
1812770 363
1812780 362
1812790 360
1812800 358
1812810 357
1812820 355
1812830 353
1812840 351
1812850 350
1812860 349
1812870 348
1812880 347
1812890 347
1812900 346
1812910 345
1812920 344
1812930 343
1812940 341
1812950 339
1812960 338
1812970 337
1812980 336
1812990 334
1813000 333
1813010 332
1813020 331
1813030 330
1813040 329
1813050 328
1813060 328
1813070 327
1813080 326
1813090 325
1813100 323
1813110 322
1813120 322
1813130 322
1813140 322
1813150 321
1813160 321
1813170 320
1813180 319
1813190 318
1813200 317
1813210 317
1813220 316
1813230 316
1813240 315
1813250 315
1813260 314
1813270 313
1813280 313
1813290 312
1813300 312
1813310 311
1813320 311
1813330 311
1813340 311
1813350 311
1813360 310
1813370 310
1813380 310
1813390 309
1813400 309
1813410 308
1813420 307
1813430 307
1813440 306
1813450 306
1813460 305
1813470 305
1813480 304
1813490 303
1813500 303
1813510 302
1813520 302
1813530 301
1813540 301
1813550 300
1813560 299
1813570 298
1813580 298
1813590 297
1813600 296
1813610 295
1813620 295
1813630 294
1813640 293
1813650 292
1813660 291
1813670 290
1813680 289
1813690 288
1813700 287
1813710 287
1813720 286
1813730 286
1813740 286
1813750 286
1813760 285
1813770 285
1813780 285
1813790 285
1813800 285
1813810 286
1813820 286
1813830 286
1813840 286
1813850 287
1813860 288
1813870 288
1813880 288
1813890 289
1813900 289
1813910 289
1813920 290
1813930 291
1813940 291
1813950 291
1813960 292
1813970 292
1813980 293
1813990 293
1814000 293
1814010 294
1814020 295
1814030 297
1814040 299
1814050 302
1814060 303
1814070 305
1814080 306
1814090 307
1814100 308
1814110 309
1814120 312
1814130 315
1814140 317
1814150 319
1814160 322
1814170 324
1814180 326
1814190 328
1814200 329
1814210 330
1814220 331
1814230 331
1814240 332
1814250 332
1814260 332
1814270 332
1814280 332
1814290 331
1814300 331
1814310 330
1814320 330
1814330 330
1814340 329
1814350 329
1814360 328
1814370 328
1814380 327
1814390 327
1814400 326
1814410 326
1814420 325
1814430 325
1814440 324
1814450 324
1814460 323
1814470 323
1814480 322
1814490 322
1814500 322
1814510 322
1814520 321
1814530 321
1814540 321
1814550 320
1814560 320
1814570 320
1814580 320
1814590 320
1814600 320
1814610 319
1814620 319
1814630 319
1814640 319
1814650 318
1814660 317
1814670 316
1814680 315
1814690 314
1814700 314
1814710 313
1814720 312
1814730 311
1814740 310
1814750 310
1814760 309
1814770 309
1814780 309
1814790 308
1814800 308
1814810 308
1814820 307
1814830 307
1814840 306
1814850 305
1814860 305
1814870 304
1814880 304
1814890 304
1814900 304
1814910 303
1814920 303
1814930 303
1814940 302
1814950 301
1814960 301
1814970 301
1814980 301
1814990 301
1815000 301
1815010 301
1815020 302
1815030 302
1815040 302
1815050 301
1815060 302
1815070 302
1815080 303
1815090 303
1815100 304
1815110 304
1815120 305
1815130 306
1815140 307
1815150 308
1815160 309
1815170 310
1815180 311
1815190 311
1815200 311
1815210 311
1815220 312
1815230 312
1815240 312
1815250 313
1815260 313
1815270 314
1815280 314
1815290 315
1815300 316
1815310 317
1815320 317
1815330 317
1815340 318
1815350 318
1815360 318
1815370 318
1815380 318
1815390 317
1815400 317
1815410 317
1815420 316
1815430 316
1815440 315
1815450 315
1815460 314
1815470 314
1815480 313
1815490 313
1815500 312
1815510 312
1815520 311
1815530 311
1815540 310
1815550 309
1815560 308
1815570 307
1815580 306
1815590 305
1815600 305
1815610 304
1815620 304
1815630 303
1815640 303
1815650 302
1815660 302
1815670 301
1815680 301
1815690 300
1815700 300
1815710 300
1815720 299
1815730 299
1815740 298
1815750 298
1815760 298
1815770 298
1815780 298
1815790 298
1815800 297
1815810 297
1815820 297
1815830 298
1815840 298
1815850 298
1815860 298
1815870 299
1815880 299
1815890 299
1815900 299
1815910 300
1815920 301
1815930 301
1815940 302
1815950 302
1815960 303
1815970 303
1815980 304
1815990 305
1816000 305
1816010 306
1816020 307
1816030 308
1816040 309
1816050 309
1816060 310
1816070 311
1816080 312
1816090 312
1816100 313
1816110 314
1816120 314
1816130 315
1816140 315
1816150 315
1816160 315
1816170 315
1816180 315
1816190 314
1816200 313
1816210 312
1816220 312
1816230 311
1816240 310
1816250 309
1816260 309
1816270 308
1816280 308
1816290 307
1816300 307
1816310 307
1816320 306
1816330 306
1816340 305
1816350 305
1816360 306
1816370 306
1816380 307
1816390 307
1816400 307
1816410 307
1816420 307
1816430 307
1816440 307
1816450 308
1816460 307
1816470 307
1816480 307
1816490 307
1816500 308
1816510 308
1816520 308
1816530 308
1816540 308
1816550 307
1816560 307
1816570 306
1816580 306
1816590 305
1816600 305
1816610 305
1816620 304
1816630 304
1816640 303
1816650 302
1816660 302
1816670 301
1816680 300
1816690 300
1816700 300
1816710 299
1816720 299
1816730 298
1816740 298
1816750 298
1816760 297
1816770 297
1816780 296
1816790 296
1816800 296
1816810 296
1816820 296
1816830 295
1816840 295
1816850 295
1816860 295
1816870 295
1816880 295
1816890 294
1816900 294
1816910 294
1816920 294
1816930 294
1816940 294
1816950 294
1816960 295
1816970 295
1816980 295
1816990 295
1817000 295
1817010 295
1817020 296
1817030 296
1817040 296
1817050 297
1817060 298
1817070 298
1817080 299
1817090 299
1817100 300
1817110 300
1817120 300
1817130 300
1817140 300
1817150 300
1817160 300
1817170 300
1817180 300
1817190 301
1817200 301
1817210 301
1817220 300
1817230 300
1817240 299
1817250 298
1817260 296
1817270 294
1817280 293
1817290 292
1817300 291
1817310 290
1817320 290
1817330 289
1817340 289
1817350 288
1817360 288
1817370 287
1817380 287
1817390 287
1817400 286
1817410 286
1817420 286
1817430 285
1817440 285
1817450 284
1817460 284
1817470 283
1817480 282
1817490 281
1817500 281
1817510 280
1817520 280
1817530 279
1817540 278
1817550 277
1817560 276
1817570 275
1817580 274
1817590 272
1817600 271
1817610 270
1817620 268
1817630 266
1817640 265
1817650 263
1817660 262
1817670 261
1817680 261
1817690 260
1817700 259
1817710 259
1817720 258
1817730 257
1817740 256
1817750 255
1817760 255
1817770 254
1817780 254
1817790 254
1817800 254
1817810 254
1817820 253
1817830 253
1817840 254
1817850 255
1817860 256
1817870 257
1817880 258
1817890 260
1817900 261
1817910 263
1817920 264
1817930 265
1817940 266
1817950 267
1817960 267
1817970 268
1817980 269
1817990 270
1818000 270
1818010 271
1818020 272
1818030 272
1818040 273
1818050 274
1818060 274
1818070 275
1818080 275
1818090 276
1818100 276
1818110 276
1818120 276
1818130 276
1818140 276
1818150 277
1818160 277
1818170 277
1818180 278
1818190 278
1818200 278
1818210 278
1818220 279
1818230 279
1818240 279
1818250 279
1818260 279
1818270 279
1818280 279
1818290 278
1818300 278
1818310 278
1818320 278
1818330 277
1818340 277
1818350 277
1818360 276
1818370 276
1818380 276
1818390 275
1818400 275
1818410 275
1818420 274
1818430 274
1818440 273
1818450 273
1818460 273
1818470 273
1818480 272
1818490 272
1818500 271
1818510 271
1818520 271
1818530 270
1818540 270
1818550 270
1818560 270
1818570 269
1818580 269
1818590 268
1818600 268
1818610 268
1818620 267
1818630 267
1818640 266
1818650 266
1818660 265
1818670 265
1818680 264
1818690 263
1818700 263
1818710 262
1818720 262
1818730 261
1818740 261
1818750 260
1818760 259
1818770 258
1818780 258
1818790 257
1818800 256
1818810 255
1818820 254
1818830 253
1818840 253
1818850 252
1818860 251
1818870 250
1818880 250
1818890 249
1818900 248
1818910 247
1818920 247
1818930 246
1818940 245
1818950 244
1818960 244
1818970 243
1818980 242
1818990 242
1819000 241
1819010 240
1819020 240
1819030 239
1819040 238
1819050 238
1819060 237
1819070 237
1819080 237
1819090 237
1819100 237
1819110 237
1819120 237
1819130 237
1819140 237
1819150 237
1819160 237
1819170 237
1819180 237
1819190 237
1819200 237
1819210 237
1819220 237
1819230 237
1819240 237
1819250 237
1819260 237
1819270 237
1819280 236
1819290 236
1819300 236
1819310 236
1819320 236
1819330 236
1819340 236
1819350 236
1819360 236
1819370 236
1819380 237
1819390 237
1819400 238
1819410 239
1819420 239
1819430 239
1819440 239
1819450 240
1819460 240
1819470 240
1819480 241
1819490 241
1819500 241
1819510 242
1819520 242
1819530 243
1819540 243
1819550 243
1819560 244
1819570 244
1819580 244
1819590 245
1819600 245
1819610 246
1819620 246
1819630 247
1819640 248
1819650 248
1819660 249
1819670 250
1819680 251
1819690 252
1819700 252
1819710 253
1819720 253
1819730 253
1819740 253
1819750 253
1819760 253
1819770 253
1819780 253
1819790 252
1819800 252
1819810 251
1819820 251
1819830 251
1819840 251
1819850 250
1819860 249
1819870 248
1819880 247
1819890 246
1819900 245
1819910 244
1819920 243
1819930 242
1819940 240
1819950 239
1819960 238
1819970 237
1819980 236
1819990 236
