1800000 302
1800010 302
1800020 303
1800030 304
1800040 305
1800050 307
1800060 308
1800070 308
1800080 309
1800090 311
1800100 312
1800110 314
1800120 315
1800130 316
1800140 318
1800150 319
1800160 321
1800170 322
1800180 323
1800190 324
1800200 326
1800210 327
1800220 329
1800230 331
1800240 332
1800250 334
1800260 336
1800270 338
1800280 339
1800290 341
1800300 342
1800310 344
1800320 346
1800330 348
1800340 349
1800350 350
1800360 351
1800370 351
1800380 351
1800390 350
1800400 349
1800410 348
1800420 346
1800430 345
1800440 344
1800450 342
1800460 341
1800470 339
1800480 338
1800490 336
1800500 334
1800510 332
1800520 331
1800530 329
1800540 327
1800550 325
1800560 323
1800570 321
1800580 319
1800590 317
1800600 315
1800610 313
1800620 312
1800630 310
1800640 308
1800650 307
1800660 306
1800670 305
1800680 304
1800690 304
1800700 303
1800710 302
1800720 301
1800730 300
1800740 299
1800750 298
1800760 298
1800770 297
1800780 296
1800790 295
1800800 294
1800810 293
1800820 293
1800830 293
1800840 293
1800850 293
1800860 293
1800870 293
1800880 293
1800890 294
1800900 295
1800910 297
1800920 298
1800930 299
1800940 300
1800950 301
1800960 302
1800970 304
1800980 305
1800990 307
1801000 308
1801010 309
1801020 310
1801030 310
1801040 311
1801050 313
1801060 315
1801070 319
1801080 323
1801090 326
1801100 327
1801110 327
1801120 326
1801130 325
1801140 323
1801150 322
1801160 321
1801170 319
1801180 318
1801190 317
1801200 316
1801210 315
1801220 315
1801230 314
1801240 313
1801250 313
1801260 312
1801270 312
1801280 312
1801290 311
1801300 311
1801310 310
1801320 310
1801330 310
1801340 310
1801350 310
1801360 311
1801370 312
1801380 313
1801390 314
1801400 316
1801410 317
1801420 319
1801430 321
1801440 322
1801450 324
1801460 325
1801470 326
1801480 327
1801490 329
1801500 331
1801510 332
1801520 334
1801530 336
1801540 338
1801550 339
1801560 340
1801570 340
1801580 340
1801590 340
1801600 339
1801610 338
1801620 337
1801630 336
1801640 335
1801650 334
1801660 333
1801670 332
1801680 331
1801690 330
1801700 329
1801710 328
1801720 326
1801730 325
1801740 324
1801750 323
1801760 321
1801770 320
1801780 318
1801790 317
1801800 316
1801810 315
1801820 313
1801830 312
1801840 310
1801850 309
1801860 307
1801870 306
1801880 304
1801890 302
1801900 300
1801910 298
1801920 297
1801930 296
1801940 294
1801950 293
1801960 292
1801970 292
1801980 291
1801990 290
1802000 291
1802010 291
1802020 291
1802030 291
1802040 292
1802050 292
1802060 292
1802070 292
1802080 293
1802090 294
1802100 295
1802110 296
1802120 297
1802130 298
1802140 300
1802150 301
1802160 302
1802170 303
1802180 305
1802190 307
1802200 309
1802210 311
1802220 313
1802230 315
1802240 317
1802250 318
1802260 320
1802270 322
1802280 324
1802290 325
1802300 327
1802310 329
1802320 330
1802330 332
1802340 333
1802350 335
1802360 337
1802370 339
1802380 341
1802390 341
1802400 341
1802410 341
1802420 340
1802430 339
1802440 338
1802450 336
1802460 335
1802470 334
1802480 333
1802490 331
1802500 330
1802510 329
1802520 327
1802530 326
1802540 325
1802550 323
1802560 322
1802570 319
1802580 317
1802590 316
1802600 314
1802610 311
1802620 309
1802630 307
1802640 306
1802650 306
1802660 305
1802670 303
1802680 302
1802690 303
1802700 302
1802710 301
1802720 299
1802730 298
1802740 296
1802750 294
1802760 293
1802770 292
1802780 291
1802790 289
1802800 288
1802810 287
1802820 287
1802830 286
1802840 285
1802850 284
1802860 283
1802870 283
1802880 282
1802890 282
1802900 281
1802910 280
1802920 280
1802930 279
1802940 279
1802950 279
1802960 278
1802970 278
1802980 279
1802990 279
1803000 279
1803010 279
1803020 280
1803030 280
1803040 281
1803050 282
1803060 283
1803070 285
1803080 286
1803090 288
1803100 289
1803110 291
1803120 293
1803130 294
1803140 296
1803150 298
1803160 300
1803170 302
1803180 303
1803190 305
1803200 307
1803210 308
1803220 309
1803230 313
1803240 316
1803250 318
1803260 320
1803270 322
1803280 324
1803290 326
1803300 328
1803310 329
1803320 331
1803330 333
1803340 335
1803350 337
1803360 339
1803370 341
1803380 343
1803390 344
1803400 346
1803410 346
1803420 346
1803430 346
1803440 345
1803450 344
1803460 342
1803470 341
1803480 339
1803490 338
1803500 337
1803510 335
1803520 333
1803530 332
1803540 330
1803550 328
1803560 326
1803570 324
1803580 323
1803590 321
1803600 319
1803610 317
1803620 316
1803630 314
1803640 312
1803650 311
1803660 310
1803670 308
1803680 307
1803690 306
1803700 305
1803710 304
1803720 303
1803730 302
1803740 300
1803750 299
1803760 298
1803770 297
1803780 297
1803790 296
1803800 295
1803810 294
1803820 293
1803830 293
1803840 292
1803850 291
1803860 290
1803870 290
1803880 289
1803890 289
1803900 289
1803910 290
1803920 290
1803930 290
1803940 291
1803950 291
1803960 292
1803970 292
1803980 293
1803990 294
1804000 295
1804010 295
1804020 296
1804030 297
1804040 298
1804050 299
1804060 300
1804070 301
1804080 301
1804090 302
1804100 303
1804110 304
1804120 305
1804130 307
1804140 307
1804150 308
1804160 309
1804170 310
1804180 311
1804190 311
1804200 311
1804210 311
1804220 310
1804230 310
1804240 310
1804250 309
1804260 308
1804270 308
1804280 307
1804290 306
1804300 305
1804310 303
1804320 302
1804330 301
1804340 299
1804350 298
1804360 296
1804370 295
1804380 294
1804390 294
1804400 293
1804410 293
1804420 292
1804430 291
1804440 289
1804450 288
1804460 287
1804470 286
1804480 285
1804490 283
1804500 282
1804510 281
1804520 280
1804530 280
1804540 279
1804550 279
1804560 279
1804570 279
1804580 279
1804590 279
1804600 279
1804610 279
1804620 279
1804630 279
1804640 279
1804650 279
1804660 279
1804670 280
1804680 280
1804690 280
1804700 280
1804710 280
1804720 280
1804730 280
1804740 280
1804750 280
1804760 280
1804770 280
1804780 280
1804790 280
1804800 281
1804810 281
1804820 281
1804830 281
1804840 281
1804850 281
1804860 281
1804870 281
1804880 281
1804890 282
1804900 282
1804910 282
1804920 282
1804930 283
1804940 283
1804950 283
1804960 283
1804970 283
1804980 284
1804990 284
1805000 284
1805010 285
1805020 285
1805030 285
1805040 286
1805050 286
1805060 286
1805070 287
1805080 287
1805090 288
1805100 288
1805110 289
1805120 288
1805130 288
1805140 288
1805150 288
1805160 289
1805170 289
1805180 290
1805190 291
1805200 292
1805210 293
1805220 293
1805230 294
1805240 294
1805250 294
1805260 294
1805270 294
1805280 294
1805290 294
1805300 294
1805310 294
1805320 294
1805330 295
1805340 295
1805350 295
1805360 295
1805370 295
1805380 295
1805390 296
1805400 296
1805410 295
1805420 295
1805430 295
1805440 295
1805450 294
1805460 294
1805470 294
1805480 293
1805490 294
1805500 294
1805510 294
1805520 295
1805530 294
1805540 294
1805550 293
1805560 293
1805570 293
1805580 294
1805590 293
1805600 293
1805610 293
1805620 293
1805630 293
1805640 293
1805650 293
1805660 293
1805670 293
1805680 294
1805690 294
1805700 295
1805710 296
1805720 297
1805730 298
1805740 299
1805750 300
1805760 301
1805770 302
1805780 302
1805790 303
1805800 304
1805810 304
1805820 305
1805830 305
1805840 306
1805850 306
1805860 307
1805870 308
1805880 309
1805890 309
1805900 310
1805910 311
1805920 311
1805930 312
1805940 312
1805950 313
1805960 313
1805970 314
1805980 316
1805990 317
1806000 318
1806010 318
1806020 318
1806030 319
1806040 319
1806050 320
1806060 320
1806070 321
1806080 321
1806090 322
1806100 322
1806110 323
1806120 325
1806130 327
1806140 329
1806150 330
1806160 331
1806170 332
1806180 333
1806190 334
1806200 335
1806210 336
1806220 337
1806230 338
1806240 339
1806250 340
1806260 341
1806270 343
1806280 345
1806290 348
1806300 350
1806310 351
1806320 352
1806330 352
1806340 352
1806350 352
1806360 352
1806370 351
1806380 350
1806390 349
1806400 347
1806410 344
1806420 341
1806430 339
1806440 337
1806450 335
1806460 334
1806470 333
1806480 331
1806490 330
1806500 328
1806510 326
1806520 325
1806530 324
1806540 322
1806550 320
1806560 319
1806570 317
1806580 316
1806590 315
1806600 314
1806610 313
1806620 313
1806630 311
1806640 310
1806650 308
1806660 307
1806670 306
1806680 306
1806690 306
1806700 305
1806710 303
1806720 302
1806730 300
1806740 299
1806750 298
1806760 297
1806770 297
1806780 296
1806790 295
1806800 294
1806810 294
1806820 293
1806830 292
1806840 291
1806850 290
1806860 290
1806870 289
1806880 288
1806890 288
1806900 287
1806910 286
1806920 285
1806930 284
1806940 283
1806950 281
1806960 280
1806970 279
1806980 278
1806990 277
1807000 276
1807010 275
1807020 274
1807030 274
1807040 273
1807050 272
1807060 272
1807070 271
1807080 271
1807090 271
1807100 273
1807110 275
1807120 279
1807130 282
1807140 284
1807150 285
1807160 286
1807170 288
1807180 289
1807190 290
1807200 291
1807210 292
1807220 292
1807230 292
1807240 292
1807250 293
1807260 295
1807270 297
1807280 300
1807290 302
1807300 303
1807310 304
1807320 305
1807330 306
1807340 307
1807350 308
1807360 309
1807370 311
1807380 312
1807390 313
1807400 313
1807410 313
1807420 312
1807430 311
1807440 310
1807450 308
1807460 306
1807470 304
1807480 303
1807490 301
1807500 300
1807510 299
1807520 297
1807530 296
1807540 294
1807550 292
1807560 290
1807570 288
1807580 287
1807590 286
1807600 284
1807610 283
1807620 282
1807630 279
1807640 277
1807650 274
1807660 273
1807670 271
1807680 269
1807690 267
1807700 266
1807710 266
1807720 265
1807730 264
1807740 264
1807750 264
1807760 265
1807770 265
1807780 266
1807790 267
1807800 267
1807810 267
1807820 268
1807830 269
1807840 270
1807850 270
1807860 271
1807870 272
1807880 272
1807890 272
1807900 273
1807910 274
1807920 275
1807930 276
1807940 278
1807950 279
1807960 280
1807970 282
1807980 284
1807990 285
1808000 287
1808010 288
1808020 290
1808030 291
1808040 293
1808050 294
1808060 296
1808070 297
1808080 298
1808090 299
1808100 300
1808110 300
1808120 301
1808130 302
1808140 302
1808150 303
1808160 304
1808170 304
1808180 305
1808190 306
1808200 307
1808210 308
1808220 308
1808230 309
1808240 310
1808250 310
1808260 311
1808270 312
1808280 313
1808290 314
1808300 314
1808310 315
1808320 315
1808330 315
1808340 316
1808350 317
1808360 318
1808370 319
1808380 320
1808390 321
1808400 321
1808410 321
1808420 321
1808430 321
1808440 320
1808450 320
1808460 319
1808470 318
1808480 317
1808490 316
1808500 315
1808510 314
1808520 314
1808530 313
1808540 312
1808550 312
1808560 311
1808570 310
1808580 309
1808590 308
1808600 307
1808610 305
1808620 304
1808630 303
1808640 302
1808650 300
1808660 299
1808670 298
1808680 297
1808690 296
1808700 295
1808710 294
1808720 293
1808730 291
1808740 289
1808750 288
1808760 286
1808770 285
1808780 283
1808790 282
1808800 280
1808810 279
1808820 278
1808830 276
1808840 275
1808850 274
1808860 273
1808870 272
1808880 271
1808890 270
1808900 269
1808910 268
1808920 266
1808930 265
1808940 264
1808950 263
1808960 261
1808970 260
1808980 259
1808990 259
1809000 258
1809010 258
1809020 257
1809030 256
1809040 255
1809050 254
1809060 252
1809070 250
1809080 250
1809090 249
1809100 248
1809110 247
1809120 246
1809130 245
1809140 245
1809150 245
1809160 245
1809170 246
1809180 247
1809190 248
1809200 250
1809210 252
1809220 253
1809230 254
1809240 256
1809250 257
1809260 259
1809270 260
1809280 261
1809290 262
1809300 263
1809310 264
1809320 266
1809330 267
1809340 267
1809350 268
1809360 269
1809370 270
1809380 271
1809390 272
1809400 274
1809410 276
1809420 277
1809430 278
1809440 280
1809450 281
1809460 281
1809470 281
1809480 281
1809490 280
1809500 280
1809510 279
1809520 278
1809530 278
1809540 277
1809550 276
1809560 276
1809570 275
1809580 274
1809590 274
1809600 273
1809610 272
1809620 272
1809630 271
1809640 271
1809650 270
1809660 270
1809670 269
1809680 268
1809690 267
1809700 266
1809710 266
1809720 265
1809730 264
1809740 263
1809750 262
1809760 262
1809770 262
1809780 263
1809790 262
1809800 263
1809810 263
1809820 263
1809830 263
1809840 263
1809850 262
1809860 261
1809870 260
1809880 259
1809890 259
1809900 259
1809910 259
1809920 259
1809930 259
1809940 259
1809950 259
1809960 260
1809970 261
1809980 261
1809990 262
1810000 263
1810010 264
1810020 266
1810030 268
1810040 271
1810050 272
1810060 273
1810070 274
1810080 275
1810090 277
1810100 278
1810110 280
1810120 282
1810130 285
1810140 289
1810150 292
1810160 294
1810170 296
1810180 297
1810190 298
1810200 299
1810210 300
1810220 301
1810230 302
1810240 302
1810250 303
1810260 303
1810270 303
1810280 303
1810290 303
1810300 304
1810310 304
1810320 304
1810330 305
1810340 305
1810350 306
1810360 306
1810370 307
1810380 308
1810390 308
1810400 309
1810410 310
1810420 311
1810430 312
1810440 313
1810450 313
1810460 314
1810470 314
1810480 315
1810490 315
1810500 316
1810510 317
1810520 318
1810530 318
1810540 319
1810550 319
1810560 319
1810570 320
1810580 320
1810590 321
1810600 322
1810610 322
1810620 323
1810630 324
1810640 326
1810650 328
1810660 329
1810670 330
1810680 331
1810690 331
1810700 331
1810710 331
1810720 331
1810730 331
1810740 331
1810750 331
1810760 332
1810770 333
1810780 333
1810790 334
1810800 334
1810810 334
1810820 333
1810830 333
1810840 331
1810850 329
1810860 327
1810870 325
1810880 323
1810890 321
1810900 318
1810910 316
1810920 314
1810930 312
1810940 311
1810950 309
1810960 307
1810970 305
1810980 304
1810990 302
1811000 300
1811010 299
1811020 297
1811030 296
1811040 294
1811050 293
1811060 291
1811070 289
1811080 287
1811090 284
1811100 282
1811110 279
1811120 277
1811130 275
1811140 274
1811150 273
1811160 272
1811170 271
1811180 271
1811190 270
1811200 269
1811210 268
1811220 267
1811230 266
1811240 265
1811250 265
1811260 264
1811270 264
1811280 263
1811290 263
1811300 263
1811310 264
1811320 263
1811330 263
1811340 263
1811350 263
1811360 263
1811370 263
1811380 262
1811390 262
1811400 261
1811410 260
1811420 259
1811430 260
1811440 260
1811450 261
1811460 261
1811470 261
1811480 260
1811490 261
1811500 261
1811510 262
1811520 262
1811530 263
1811540 263
1811550 262
1811560 262
1811570 262
1811580 261
1811590 261
1811600 261
1811610 260
1811620 259
1811630 258
1811640 257
1811650 257
1811660 256
1811670 255
1811680 255
1811690 256
1811700 258
1811710 260
1811720 262
1811730 263
1811740 264
1811750 266
1811760 267
1811770 268
1811780 269
1811790 270
1811800 271
1811810 271
1811820 272
1811830 273
1811840 273
1811850 274
1811860 274
1811870 275
1811880 276
1811890 277
1811900 278
1811910 279
1811920 280
1811930 280
1811940 281
1811950 281
1811960 281
1811970 282
1811980 284
1811990 285
1812000 287
1812010 288
1812020 289
1812030 290
1812040 291
1812050 292
1812060 293
1812070 294
1812080 295
1812090 296
1812100 298
1812110 299
1812120 300
1812130 301
1812140 303
1812150 304
1812160 305
1812170 306
1812180 307
1812190 308
1812200 309
1812210 310
1812220 311
1812230 312
1812240 312
1812250 312
1812260 313
1812270 312
1812280 311
1812290 310
1812300 309
1812310 307
1812320 306
1812330 304
1812340 302
1812350 301
1812360 299
1812370 297
1812380 296
1812390 294
1812400 293
1812410 291
1812420 289
1812430 287
1812440 286
1812450 285
1812460 284
1812470 283
1812480 282
1812490 281
1812500 281
1812510 280
1812520 278
1812530 277
1812540 275
1812550 273
1812560 272
1812570 270
1812580 269
1812590 267
1812600 265
1812610 263
1812620 261
1812630 259
1812640 257
1812650 256
1812660 254
1812670 252
1812680 250
1812690 248
1812700 247
1812710 247
1812720 246
1812730 246
1812740 246
1812750 246
1812760 247
1812770 249
1812780 250
1812790 251
1812800 252
1812810 252
1812820 252
1812830 252
1812840 252
1812850 252
1812860 252
1812870 252
1812880 253
1812890 253
1812900 253
1812910 254
1812920 255
1812930 256
1812940 256
1812950 257
1812960 258
1812970 259
1812980 260
1812990 261
1813000 262
1813010 263
1813020 265
1813030 266
1813040 268
1813050 270
1813060 271
1813070 273
1813080 275
1813090 277
1813100 279
1813110 280
1813120 281
1813130 280
1813140 279
1813150 278
1813160 277
1813170 276
1813180 275
1813190 275
1813200 275
1813210 275
1813220 275
1813230 275
1813240 275
1813250 276
1813260 277
1813270 278
1813280 278
1813290 278
1813300 279
1813310 279
1813320 280
1813330 281
1813340 281
1813350 280
1813360 279
1813370 278
1813380 276
1813390 275
1813400 275
1813410 274
1813420 273
1813430 272
1813440 271
1813450 270
1813460 269
1813470 269
1813480 268
1813490 268
1813500 269
1813510 269
1813520 268
1813530 267
1813540 266
1813550 265
1813560 265
1813570 264
1813580 263
1813590 262
1813600 261
1813610 260
1813620 259
1813630 258
1813640 257
1813650 257
1813660 256
1813670 256
1813680 255
1813690 254
1813700 253
1813710 253
1813720 253
1813730 252
1813740 251
1813750 251
1813760 250
1813770 249
1813780 248
1813790 248
1813800 247
1813810 246
1813820 245
1813830 245
1813840 244
1813850 244
1813860 243
1813870 243
1813880 242
1813890 242
1813900 241
1813910 241
1813920 240
1813930 239
1813940 239
1813950 238
1813960 237
1813970 236
1813980 235
1813990 234
1814000 233
1814010 233
1814020 232
1814030 232
1814040 231
1814050 231
1814060 230
1814070 230
1814080 230
1814090 230
1814100 230
1814110 229
1814120 229
1814130 229
1814140 228
1814150 228
1814160 228
1814170 227
1814180 227
1814190 227
1814200 226
1814210 226
1814220 226
1814230 225
1814240 225
1814250 225
1814260 224
1814270 224
1814280 224
1814290 224
1814300 223
1814310 223
1814320 223
1814330 223
1814340 223
1814350 222
1814360 222
1814370 222
1814380 222
1814390 222
1814400 222
1814410 222
1814420 221
1814430 221
1814440 221
1814450 221
1814460 221
1814470 221
1814480 221
1814490 220
1814500 220
1814510 220
1814520 220
1814530 220
1814540 220
1814550 219
1814560 219
1814570 219
1814580 219
1814590 219
1814600 219
1814610 219
1814620 219
1814630 219
1814640 219
1814650 218
1814660 218
1814670 218
1814680 218
1814690 218
1814700 218
1814710 218
1814720 218
1814730 218
1814740 218
1814750 218
1814760 218
1814770 218
1814780 218
1814790 218
1814800 218
1814810 218
1814820 218
1814830 218
1814840 218
1814850 218
1814860 218
1814870 218
1814880 218
1814890 218
1814900 218
1814910 218
1814920 218
1814930 218
1814940 218
1814950 218
1814960 218
1814970 218
1814980 218
1814990 218
1815000 217
1815010 217
1815020 217
1815030 217
1815040 217
1815050 217
1815060 217
1815070 217
1815080 217
1815090 217
1815100 217
1815110 217
1815120 217
1815130 217
1815140 217
1815150 217
1815160 217
1815170 217
1815180 217
1815190 217
1815200 217
1815210 217
1815220 217
1815230 217
1815240 217
1815250 217
1815260 217
1815270 217
1815280 217
1815290 217
1815300 217
1815310 217
1815320 217
1815330 217
1815340 217
1815350 217
1815360 217
1815370 217
1815380 217
1815390 217
1815400 217
1815410 217
1815420 217
1815430 217
1815440 217
1815450 217
1815460 217
1815470 217
1815480 217
1815490 217
1815500 217
1815510 217
1815520 217
1815530 217
1815540 217
1815550 217
1815560 216
1815570 216
1815580 217
1815590 217
1815600 217
1815610 217
1815620 217
1815630 217
1815640 217
1815650 217
1815660 217
1815670 217
1815680 217
1815690 217
1815700 217
1815710 217
1815720 217
1815730 217
1815740 217
1815750 217
1815760 217
1815770 217
1815780 217
1815790 217
1815800 217
1815810 217
1815820 217
1815830 217
1815840 217
1815850 217
1815860 217
1815870 217
1815880 217
1815890 217
1815900 217
1815910 217
1815920 217
1815930 217
1815940 217
1815950 217
1815960 217
1815970 217
1815980 217
1815990 217
1816000 217
1816010 217
1816020 217
1816030 217
1816040 217
1816050 216
1816060 216
1816070 216
1816080 216
1816090 216
1816100 216
1816110 216
1816120 216
1816130 216
1816140 216
1816150 216
1816160 216
1816170 216
1816180 216
1816190 216
1816200 216
1816210 216
1816220 216
1816230 216
1816240 216
1816250 216
1816260 216
1816270 216
1816280 216
1816290 216
1816300 216
1816310 216
1816320 216
1816330 216
1816340 216
1816350 216
1816360 216
1816370 216
1816380 216
1816390 216
1816400 216
1816410 216
1816420 216
1816430 216
1816440 216
1816450 216
1816460 216
1816470 216
1816480 216
1816490 216
1816500 216
1816510 216
1816520 216
1816530 216
1816540 216
1816550 216
1816560 216
1816570 216
1816580 216
1816590 216
1816600 216
1816610 216
1816620 216
1816630 216
1816640 216
1816650 216
1816660 216
1816670 216
1816680 216
1816690 216
1816700 216
1816710 216
1816720 216
1816730 216
1816740 216
1816750 216
1816760 216
1816770 216
1816780 216
1816790 216
1816800 216
1816810 216
1816820 216
1816830 216
1816840 216
1816850 216
1816860 216
1816870 216
1816880 216
1816890 216
1816900 216
1816910 216
1816920 216
1816930 216
1816940 216
1816950 216
1816960 217
1816970 217
1816980 218
1816990 218
1817000 219
1817010 219
1817020 220
1817030 221
1817040 222
1817050 224
1817060 226
1817070 226
1817080 227
1817090 228
1817100 230
1817110 230
1817120 230
1817130 230
1817140 230
1817150 230
1817160 229
1817170 229
1817180 228
1817190 227
1817200 226
1817210 225
1817220 224
1817230 223
1817240 222
1817250 221
1817260 221
1817270 220
1817280 219
1817290 219
1817300 218
1817310 218
1817320 217
1817330 217
1817340 216
1817350 216
1817360 216
1817370 215
1817380 215
1817390 215
1817400 214
1817410 214
1817420 214
1817430 214
1817440 214
1817450 214
1817460 213
1817470 213
1817480 213
1817490 213
1817500 213
1817510 213
1817520 213
1817530 213
1817540 213
1817550 213
1817560 212
1817570 212
1817580 212
1817590 212
1817600 212
1817610 212
1817620 212
1817630 212
1817640 212
1817650 212
1817660 212
1817670 212
1817680 212
1817690 212
1817700 212
1817710 212
1817720 212
1817730 212
1817740 212
1817750 212
1817760 212
1817770 212
1817780 212
1817790 212
1817800 212
1817810 212
1817820 212
1817830 212
1817840 212
1817850 212
1817860 212
1817870 212
1817880 212
1817890 212
1817900 212
1817910 212
1817920 212
1817930 212
1817940 212
1817950 212
1817960 212
1817970 212
1817980 212
1817990 212
1818000 212
1818010 212
1818020 212
1818030 212
1818040 211
1818050 211
1818060 211
1818070 211
1818080 211
1818090 211
1818100 211
1818110 211
1818120 211
1818130 211
1818140 211
1818150 211
1818160 211
1818170 211
1818180 211
1818190 211
1818200 211
1818210 211
1818220 211
1818230 211
1818240 211
1818250 211
1818260 211
1818270 211
1818280 211
1818290 211
1818300 211
1818310 211
1818320 211
1818330 211
1818340 211
1818350 211
1818360 211
1818370 211
1818380 211
1818390 211
1818400 211
1818410 211
1818420 211
1818430 211
1818440 211
1818450 211
1818460 211
1818470 211
1818480 211
1818490 211
1818500 211
1818510 211
1818520 211
1818530 211
1818540 211
1818550 211
1818560 211
1818570 211
1818580 211
1818590 211
1818600 211
1818610 211
1818620 211
1818630 211
1818640 211
1818650 211
1818660 211
1818670 211
1818680 211
1818690 211
1818700 211
1818710 211
1818720 211
1818730 211
1818740 211
1818750 211
1818760 211
1818770 211
1818780 211
1818790 211
1818800 211
1818810 211
1818820 211
1818830 211
1818840 211
1818850 211
1818860 211
1818870 211
1818880 211
1818890 211
1818900 211
1818910 211
1818920 211
1818930 211
1818940 211
1818950 211
1818960 211
1818970 211
1818980 211
1818990 211
1819000 211
1819010 211
1819020 211
1819030 211
1819040 211
1819050 211
1819060 211
1819070 211
1819080 211
1819090 211
1819100 211
1819110 211
1819120 211
1819130 211
1819140 211
1819150 211
1819160 211
1819170 211
1819180 211
1819190 211
1819200 211
1819210 211
1819220 211
1819230 211
1819240 211
1819250 211
1819260 211
1819270 210
1819280 211
1819290 211
1819300 211
1819310 211
1819320 211
1819330 211
1819340 211
1819350 212
1819360 212
1819370 211
1819380 211
1819390 210
1819400 209
1819410 210
1819420 211
1819430 211
1819440 211
1819450 211
1819460 211
1819470 211
1819480 211
1819490 211
1819500 211
1819510 211
1819520 211
1819530 211
1819540 211
1819550 211
1819560 211
1819570 211
1819580 211
1819590 211
1819600 211
1819610 211
1819620 211
1819630 211
1819640 211
1819650 211
1819660 211
1819670 211
1819680 211
1819690 211
1819700 211
1819710 211
1819720 211
1819730 211
1819740 211
1819750 211
1819760 211
1819770 211
1819780 211
1819790 211
1819800 211
1819810 211
1819820 211
1819830 211
1819840 211
1819850 211
1819860 211
1819870 211
1819880 211
1819890 211
1819900 211
1819910 211
1819920 211
1819930 211
1819940 211
1819950 211
1819960 211
1819970 211
1819980 211
1819990 211
