1800000 291
1800010 293
1800020 294
1800030 296
1800040 297
1800050 299
1800060 300
1800070 301
1800080 303
1800090 305
1800100 306
1800110 308
1800120 309
1800130 310
1800140 311
1800150 311
1800160 313
1800170 314
1800180 316
1800190 318
1800200 320
1800210 321
1800220 323
1800230 324
1800240 327
1800250 328
1800260 330
1800270 331
1800280 333
1800290 335
1800300 336
1800310 338
1800320 340
1800330 342
1800340 343
1800350 345
1800360 347
1800370 348
1800380 349
1800390 350
1800400 351
1800410 352
1800420 352
1800430 352
1800440 351
1800450 350
1800460 349
1800470 348
1800480 348
1800490 347
1800500 346
1800510 345
1800520 344
1800530 343
1800540 343
1800550 342
1800560 341
1800570 340
1800580 338
1800590 337
1800600 335
1800610 333
1800620 332
1800630 330
1800640 329
1800650 327
1800660 326
1800670 324
1800680 321
1800690 319
1800700 317
1800710 316
1800720 314
1800730 313
1800740 312
1800750 310
1800760 309
1800770 308
1800780 307
1800790 307
1800800 306
1800810 306
1800820 305
1800830 304
1800840 303
1800850 302
1800860 301
1800870 301
1800880 301
1800890 302
1800900 303
1800910 303
1800920 304
1800930 305
1800940 306
1800950 308
1800960 309
1800970 310
1800980 311
1800990 312
1801000 313
1801010 315
1801020 317
1801030 318
1801040 320
1801050 322
1801060 325
1801070 327
1801080 329
1801090 332
1801100 334
1801110 336
1801120 338
1801130 340
1801140 341
1801150 343
1801160 344
1801170 346
1801180 347
1801190 348
1801200 349
1801210 350
1801220 352
1801230 353
1801240 354
1801250 355
1801260 356
1801270 357
1801280 357
1801290 358
1801300 358
1801310 358
1801320 359
1801330 359
1801340 359
1801350 359
1801360 359
1801370 359
1801380 359
1801390 359
1801400 359
1801410 359
1801420 359
1801430 360
1801440 360
1801450 360
1801460 360
1801470 360
1801480 359
1801490 359
1801500 358
1801510 357
1801520 356
1801530 354
1801540 352
1801550 351
1801560 350
1801570 350
1801580 348
1801590 347
1801600 346
1801610 344
1801620 343
1801630 342
1801640 341
1801650 340
1801660 340
1801670 339
1801680 338
1801690 337
1801700 335
1801710 334
1801720 333
1801730 331
1801740 330
1801750 329
1801760 328
1801770 326
1801780 325
1801790 324
1801800 322
1801810 321
1801820 319
1801830 318
1801840 316
1801850 315
1801860 313
1801870 312
1801880 310
1801890 309
1801900 307
1801910 305
1801920 304
1801930 302
1801940 300
1801950 299
1801960 298
1801970 298
1801980 298
1801990 298
1802000 297
1802010 297
1802020 297
1802030 298
1802040 298
1802050 298
1802060 298
1802070 298
1802080 299
1802090 300
1802100 300
1802110 301
1802120 301
1802130 302
1802140 303
1802150 304
1802160 306
1802170 307
1802180 308
1802190 310
1802200 312
1802210 313
1802220 315
1802230 317
1802240 318
1802250 319
1802260 321
1802270 322
1802280 324
1802290 325
1802300 327
1802310 328
1802320 329
1802330 330
1802340 331
1802350 333
1802360 334
1802370 336
1802380 337
1802390 340
1802400 342
1802410 343
1802420 343
1802430 343
1802440 343
1802450 342
1802460 342
1802470 341
1802480 340
1802490 339
1802500 339
1802510 339
1802520 338
1802530 338
1802540 337
1802550 337
1802560 337
1802570 336
1802580 336
1802590 335
1802600 334
1802610 333
1802620 332
1802630 332
1802640 331
1802650 330
1802660 329
1802670 327
1802680 326
1802690 325
1802700 323
1802710 322
1802720 320
1802730 318
1802740 316
1802750 314
1802760 313
1802770 311
1802780 310
1802790 309
1802800 307
1802810 305
1802820 304
1802830 303
1802840 301
1802850 300
1802860 298
1802870 297
1802880 296
1802890 295
1802900 293
1802910 292
1802920 291
1802930 289
1802940 288
1802950 288
1802960 286
1802970 285
1802980 285
1802990 284
1803000 284
1803010 284
1803020 283
1803030 283
1803040 283
1803050 283
1803060 283
1803070 284
1803080 284
1803090 284
1803100 284
1803110 285
1803120 285
1803130 286
1803140 286
1803150 287
1803160 288
1803170 289
1803180 291
1803190 293
1803200 295
1803210 297
1803220 298
1803230 300
1803240 302
1803250 304
1803260 305
1803270 307
1803280 308
1803290 310
1803300 311
1803310 313
1803320 314
1803330 315
1803340 316
1803350 317
1803360 319
1803370 320
1803380 321
1803390 322
1803400 324
1803410 325
1803420 326
1803430 327
1803440 328
1803450 328
1803460 330
1803470 331
1803480 333
1803490 335
1803500 336
1803510 338
1803520 339
1803530 339
1803540 339
1803550 339
1803560 338
1803570 338
1803580 336
1803590 334
1803600 333
1803610 332
1803620 330
1803630 328
1803640 326
1803650 325
1803660 324
1803670 323
1803680 323
1803690 322
1803700 322
1803710 321
1803720 320
1803730 319
1803740 317
1803750 315
1803760 313
1803770 311
1803780 309
1803790 308
1803800 308
1803810 308
1803820 308
1803830 309
1803840 309
1803850 309
1803860 309
1803870 309
1803880 309
1803890 308
1803900 308
1803910 308
1803920 308
1803930 309
1803940 309
1803950 308
1803960 309
1803970 309
1803980 309
1803990 310
1804000 310
1804010 311
1804020 312
1804030 313
1804040 313
1804050 314
1804060 315
1804070 316
1804080 317
1804090 318
1804100 320
1804110 321
1804120 323
1804130 325
1804140 327
1804150 329
1804160 331
1804170 332
1804180 333
1804190 334
1804200 334
1804210 334
1804220 333
1804230 333
1804240 332
1804250 331
1804260 329
1804270 328
1804280 326
1804290 325
1804300 323
1804310 322
1804320 320
1804330 319
1804340 317
1804350 316
1804360 315
1804370 315
1804380 314
1804390 313
1804400 312
1804410 311
1804420 310
1804430 309
1804440 308
1804450 307
1804460 306
1804470 304
1804480 303
1804490 301
1804500 299
1804510 297
1804520 296
1804530 294
1804540 293
1804550 292
1804560 291
1804570 290
1804580 289
1804590 288
1804600 288
1804610 288
1804620 289
1804630 289
1804640 290
1804650 290
1804660 290
1804670 290
1804680 290
1804690 290
1804700 291
1804710 294
1804720 296
1804730 298
1804740 300
1804750 301
1804760 302
1804770 304
1804780 305
1804790 306
1804800 308
1804810 309
1804820 311
1804830 312
1804840 312
1804850 313
1804860 314
1804870 315
1804880 315
1804890 316
1804900 317
1804910 317
1804920 317
1804930 317
1804940 317
1804950 318
1804960 318
1804970 318
1804980 318
1804990 317
1805000 318
1805010 318
1805020 319
1805030 320
1805040 320
1805050 320
1805060 320
1805070 320
1805080 320
1805090 320
1805100 319
1805110 318
1805120 318
1805130 317
1805140 316
1805150 314
1805160 313
1805170 311
1805180 310
1805190 310
1805200 309
1805210 308
1805220 307
1805230 306
1805240 305
1805250 305
1805260 304
1805270 304
1805280 303
1805290 303
1805300 304
1805310 305
1805320 305
1805330 306
1805340 306
1805350 307
1805360 308
1805370 308
1805380 309
1805390 309
1805400 310
1805410 311
1805420 313
1805430 315
1805440 317
1805450 318
1805460 319
1805470 320
1805480 321
1805490 321
1805500 321
1805510 322
1805520 322
1805530 322
1805540 321
1805550 321
1805560 321
1805570 321
1805580 320
1805590 320
1805600 319
1805610 319
1805620 319
1805630 318
1805640 318
1805650 318
1805660 318
1805670 317
1805680 316
1805690 316
1805700 315
1805710 314
1805720 314
1805730 314
1805740 314
1805750 314
1805760 314
1805770 315
1805780 315
1805790 315
1805800 315
1805810 315
1805820 315
1805830 315
1805840 315
1805850 315
1805860 316
1805870 316
1805880 316
1805890 316
1805900 317
1805910 318
1805920 319
1805930 320
1805940 320
1805950 320
1805960 321
1805970 322
1805980 322
1805990 323
1806000 324
1806010 325
1806020 325
1806030 326
1806040 328
1806050 329
1806060 330
1806070 330
1806080 331
1806090 332
1806100 333
1806110 335
1806120 336
1806130 337
1806140 337
1806150 338
1806160 339
1806170 340
1806180 341
1806190 343
1806200 344
1806210 345
1806220 346
1806230 347
1806240 347
1806250 347
1806260 347
1806270 347
1806280 347
1806290 346
1806300 346
1806310 345
1806320 344
1806330 343
1806340 342
1806350 341
1806360 340
1806370 339
1806380 337
1806390 336
1806400 335
1806410 333
1806420 332
1806430 330
1806440 328
1806450 326
1806460 324
1806470 322
1806480 321
1806490 319
1806500 318
1806510 316
1806520 315
1806530 313
1806540 312
1806550 311
1806560 309
1806570 308
1806580 307
1806590 306
1806600 305
1806610 304
1806620 302
1806630 301
1806640 299
1806650 298
1806660 297
1806670 296
1806680 295
1806690 294
1806700 293
1806710 292
1806720 292
1806730 291
1806740 290
1806750 289
1806760 287
1806770 286
1806780 285
1806790 284
1806800 282
1806810 281
1806820 280
1806830 279
1806840 278
1806850 277
1806860 276
1806870 275
1806880 274
1806890 273
1806900 272
1806910 272
1806920 271
1806930 270
1806940 270
1806950 269
1806960 269
1806970 269
1806980 268
1806990 268
1807000 267
1807010 266
1807020 265
1807030 264
1807040 263
1807050 263
1807060 262
1807070 262
1807080 262
1807090 261
1807100 261
1807110 261
1807120 261
1807130 261
1807140 261
1807150 261
1807160 261
1807170 261
1807180 260
1807190 260
1807200 260
1807210 260
1807220 259
1807230 259
1807240 259
1807250 259
1807260 259
1807270 259
1807280 259
1807290 260
1807300 260
1807310 261
1807320 261
1807330 261
1807340 262
1807350 262
1807360 263
1807370 264
1807380 264
1807390 265
1807400 265
1807410 266
1807420 266
1807430 267
1807440 267
1807450 268
1807460 268
1807470 269
1807480 269
1807490 270
1807500 271
1807510 272
1807520 273
1807530 273
1807540 273
1807550 272
1807560 272
1807570 271
1807580 271
1807590 270
1807600 269
1807610 268
1807620 267
1807630 266
1807640 265
1807650 265
1807660 264
1807670 263
1807680 263
1807690 262
1807700 262
1807710 261
1807720 261
1807730 260
1807740 259
1807750 259
1807760 257
1807770 256
1807780 256
1807790 256
1807800 256
1807810 255
1807820 256
1807830 256
1807840 256
1807850 256
1807860 256
1807870 257
1807880 257
1807890 258
1807900 258
1807910 258
1807920 259
1807930 259
1807940 260
1807950 260
1807960 260
1807970 261
1807980 261
1807990 262
1808000 262
1808010 263
1808020 264
1808030 265
1808040 266
1808050 266
1808060 267
1808070 268
1808080 269
1808090 270
1808100 271
1808110 272
1808120 273
1808130 274
1808140 274
1808150 275
1808160 276
1808170 277
1808180 278
1808190 279
1808200 280
1808210 281
1808220 282
1808230 283
1808240 284
1808250 285
1808260 286
1808270 287
1808280 288
1808290 289
1808300 291
1808310 292
1808320 293
1808330 295
1808340 296
1808350 297
1808360 299
1808370 300
1808380 301
1808390 302
1808400 303
1808410 305
1808420 306
1808430 307
1808440 309
1808450 310
1808460 311
1808470 312
1808480 315
1808490 316
1808500 317
1808510 317
1808520 318
1808530 319
1808540 320
1808550 320
1808560 320
1808570 319
1808580 318
1808590 318
1808600 317
1808610 316
1808620 315
1808630 314
1808640 312
1808650 310
1808660 309
1808670 309
1808680 308
1808690 307
1808700 306
1808710 305
1808720 304
1808730 303
1808740 302
1808750 301
1808760 299
1808770 298
1808780 297
1808790 296
1808800 294
1808810 293
1808820 292
1808830 290
1808840 288
1808850 287
1808860 286
1808870 285
1808880 284
1808890 282
1808900 281
1808910 280
1808920 278
1808930 277
1808940 276
1808950 275
1808960 274
1808970 272
1808980 271
1808990 271
1809000 270
1809010 270
1809020 270
1809030 269
1809040 268
1809050 267
1809060 266
1809070 266
1809080 265
1809090 265
1809100 264
1809110 264
1809120 263
1809130 262
1809140 262
1809150 261
1809160 260
1809170 259
1809180 258
1809190 257
1809200 256
1809210 254
1809220 253
1809230 251
1809240 249
1809250 247
1809260 245
1809270 244
1809280 243
1809290 243
1809300 242
1809310 242
1809320 242
1809330 242
1809340 242
1809350 242
1809360 242
1809370 242
1809380 242
1809390 241
1809400 241
1809410 241
1809420 241
1809430 241
1809440 241
1809450 242
1809460 242
1809470 242
1809480 242
1809490 242
1809500 243
1809510 243
1809520 244
1809530 244
1809540 244
1809550 245
1809560 245
1809570 246
1809580 246
1809590 247
1809600 247
1809610 248
1809620 248
1809630 249
1809640 249
1809650 250
1809660 250
1809670 251
1809680 252
1809690 252
1809700 253
1809710 254
1809720 255
1809730 256
1809740 257
1809750 258
1809760 260
1809770 261
1809780 262
1809790 263
1809800 265
1809810 267
1809820 269
1809830 271
1809840 273
1809850 274
1809860 274
1809870 273
1809880 272
1809890 271
1809900 269
1809910 269
1809920 269
1809930 271
1809940 272
1809950 273
1809960 273
1809970 273
1809980 272
1809990 270
1810000 270
1810010 269
1810020 269
1810030 269
1810040 269
1810050 269
1810060 269
1810070 269
1810080 269
1810090 269
1810100 269
1810110 270
1810120 270
1810130 271
1810140 272
1810150 272
1810160 273
1810170 275
1810180 277
1810190 279
1810200 280
1810210 281
1810220 282
1810230 283
1810240 285
1810250 286
1810260 288
1810270 289
1810280 291
1810290 292
1810300 293
1810310 294
1810320 295
1810330 296
1810340 297
1810350 298
1810360 299
1810370 301
1810380 302
1810390 303
1810400 304
1810410 305
1810420 306
1810430 308
1810440 309
1810450 310
1810460 312
1810470 312
1810480 313
1810490 313
1810500 313
1810510 313
1810520 313
1810530 312
1810540 312
1810550 312
1810560 311
1810570 311
1810580 311
1810590 310
1810600 310
1810610 309
1810620 308
1810630 307
1810640 306
1810650 305
1810660 304
1810670 303
1810680 301
1810690 301
1810700 300
1810710 300
1810720 300
1810730 301
1810740 301
1810750 300
1810760 300
1810770 300
1810780 300
1810790 300
1810800 299
1810810 299
1810820 299
1810830 299
1810840 299
1810850 299
1810860 299
1810870 298
1810880 298
1810890 298
1810900 298
1810910 298
1810920 298
1810930 299
1810940 299
1810950 299
1810960 299
1810970 299
1810980 299
1810990 299
1811000 299
1811010 299
1811020 299
1811030 299
1811040 299
1811050 299
1811060 300
1811070 300
1811080 300
1811090 299
1811100 299
1811110 298
1811120 298
1811130 297
1811140 296
1811150 294
1811160 293
1811170 291
1811180 290
1811190 289
1811200 287
1811210 286
1811220 284
1811230 283
1811240 282
1811250 281
1811260 279
1811270 278
1811280 277
1811290 277
1811300 276
1811310 275
1811320 274
1811330 273
1811340 272
1811350 271
1811360 270
1811370 269
1811380 268
1811390 267
1811400 266
1811410 265
1811420 264
1811430 263
1811440 262
1811450 261
1811460 261
1811470 260
1811480 259
1811490 259
1811500 258
1811510 257
1811520 256
1811530 256
1811540 255
1811550 255
1811560 254
1811570 254
1811580 253
1811590 253
1811600 252
1811610 252
1811620 251
1811630 251
1811640 251
1811650 250
1811660 250
1811670 249
1811680 248
1811690 247
1811700 247
1811710 246
1811720 246
1811730 246
1811740 246
1811750 247
1811760 248
1811770 249
1811780 250
1811790 250
1811800 251
1811810 252
1811820 253
1811830 254
1811840 255
1811850 256
1811860 257
1811870 258
1811880 259
1811890 260
1811900 261
1811910 263
1811920 264
1811930 265
1811940 267
1811950 268
1811960 269
1811970 271
1811980 272
1811990 274
1812000 275
1812010 277
1812020 278
1812030 279
1812040 280
1812050 281
1812060 282
1812070 283
1812080 284
1812090 286
1812100 287
1812110 289
1812120 290
1812130 291
1812140 292
1812150 293
1812160 294
1812170 295
1812180 296
1812190 296
1812200 296
1812210 296
1812220 295
1812230 294
1812240 293
1812250 292
1812260 291
1812270 290
1812280 289
1812290 288
1812300 287
1812310 286
1812320 285
1812330 284
1812340 283
1812350 282
1812360 281
1812370 280
1812380 278
1812390 277
1812400 276
1812410 274
1812420 272
1812430 271
1812440 268
1812450 266
1812460 263
1812470 262
1812480 260
1812490 260
1812500 260
1812510 260
1812520 259
1812530 259
1812540 257
1812550 255
1812560 253
1812570 252
1812580 252
1812590 252
1812600 252
1812610 250
1812620 248
1812630 246
1812640 244
1812650 242
1812660 241
1812670 240
1812680 239
1812690 238
1812700 237
1812710 236
1812720 235
1812730 234
1812740 233
1812750 233
1812760 232
1812770 232
1812780 231
1812790 231
1812800 231
1812810 231
1812820 231
1812830 231
1812840 231
1812850 231
1812860 231
1812870 231
1812880 231
1812890 231
1812900 231
1812910 231
1812920 231
1812930 231
1812940 231
1812950 231
1812960 231
1812970 231
1812980 231
1812990 231
1813000 231
1813010 231
1813020 231
1813030 232
1813040 232
1813050 232
1813060 233
1813070 233
1813080 234
1813090 234
1813100 235
1813110 235
1813120 235
1813130 236
1813140 236
1813150 236
1813160 236
1813170 236
1813180 237
1813190 237
1813200 237
1813210 237
1813220 236
1813230 236
1813240 235
1813250 235
1813260 234
1813270 234
1813280 233
1813290 233
1813300 232
1813310 232
1813320 232
1813330 233
1813340 235
1813350 236
1813360 236
1813370 237
1813380 237
1813390 237
1813400 238
1813410 238
1813420 239
1813430 239
1813440 239
1813450 240
1813460 241
1813470 243
1813480 245
1813490 247
1813500 249
1813510 249
1813520 250
1813530 249
1813540 248
1813550 248
1813560 248
1813570 249
1813580 250
1813590 250
1813600 250
1813610 250
1813620 250
1813630 250
1813640 249
1813650 249
1813660 249
1813670 248
1813680 248
1813690 247
1813700 247
1813710 247
1813720 246
1813730 246
1813740 246
1813750 245
1813760 245
1813770 244
1813780 244
1813790 244
1813800 243
1813810 243
1813820 242
1813830 242
1813840 241
1813850 241
1813860 241
1813870 240
1813880 240
1813890 239
1813900 239
1813910 239
1813920 238
1813930 238
1813940 237
1813950 236
1813960 236
1813970 235
1813980 235
1813990 234
1814000 234
1814010 233
1814020 233
1814030 232
1814040 232
1814050 231
1814060 231
1814070 230
1814080 230
1814090 229
1814100 229
1814110 228
1814120 228
1814130 227
1814140 227
1814150 226
1814160 226
1814170 225
1814180 225
1814190 225
1814200 224
1814210 224
1814220 223
1814230 223
1814240 222
1814250 222
1814260 222
1814270 222
1814280 221
1814290 221
1814300 221
1814310 221
1814320 221
1814330 221
1814340 221
1814350 221
1814360 221
1814370 220
1814380 220
1814390 220
1814400 220
1814410 220
1814420 219
1814430 219
1814440 219
1814450 219
1814460 219
1814470 219
1814480 219
1814490 219
1814500 219
1814510 219
1814520 219
1814530 219
1814540 219
1814550 219
1814560 219
1814570 219
1814580 219
1814590 219
1814600 219
1814610 219
1814620 218
1814630 218
1814640 218
1814650 218
1814660 218
1814670 218
1814680 218
1814690 218
1814700 218
1814710 218
1814720 218
1814730 218
1814740 218
1814750 218
1814760 218
1814770 218
1814780 218
1814790 218
1814800 218
1814810 218
1814820 218
1814830 218
1814840 218
1814850 218
1814860 218
1814870 218
1814880 218
1814890 218
1814900 218
1814910 218
1814920 218
1814930 218
1814940 218
1814950 218
1814960 218
1814970 218
1814980 218
1814990 218
1815000 218
1815010 218
1815020 218
1815030 218
1815040 218
1815050 218
1815060 218
1815070 218
1815080 218
1815090 218
1815100 218
1815110 218
1815120 218
1815130 218
1815140 218
1815150 218
1815160 218
1815170 218
1815180 218
1815190 218
1815200 218
1815210 218
1815220 218
1815230 218
1815240 218
1815250 218
1815260 218
1815270 218
1815280 218
1815290 218
1815300 218
1815310 218
1815320 218
1815330 218
1815340 218
1815350 218
1815360 218
1815370 218
1815380 218
1815390 218
1815400 218
1815410 218
1815420 218
1815430 217
1815440 217
1815450 217
1815460 217
1815470 217
1815480 217
1815490 217
1815500 217
1815510 217
1815520 217
1815530 217
1815540 217
1815550 217
1815560 217
1815570 217
1815580 217
1815590 218
1815600 218
1815610 218
1815620 218
1815630 218
1815640 218
1815650 218
1815660 218
1815670 218
1815680 218
1815690 218
1815700 218
1815710 218
1815720 218
1815730 218
1815740 218
1815750 218
1815760 218
1815770 217
1815780 217
1815790 217
1815800 217
1815810 217
1815820 217
1815830 217
1815840 217
1815850 217
1815860 217
1815870 217
1815880 217
1815890 217
1815900 217
1815910 217
1815920 217
1815930 217
1815940 217
1815950 217
1815960 217
1815970 217
1815980 216
1815990 217
1816000 217
1816010 217
1816020 217
1816030 217
1816040 216
1816050 216
1816060 216
1816070 216
1816080 216
1816090 216
1816100 216
1816110 216
1816120 216
1816130 216
1816140 216
1816150 216
1816160 216
1816170 216
1816180 216
1816190 216
1816200 216
1816210 216
1816220 216
1816230 216
1816240 216
1816250 216
1816260 216
1816270 216
1816280 216
1816290 216
1816300 216
1816310 216
1816320 216
1816330 216
1816340 216
1816350 216
1816360 216
1816370 216
1816380 216
1816390 216
1816400 216
1816410 216
1816420 216
1816430 216
1816440 216
1816450 216
1816460 216
1816470 216
1816480 216
1816490 216
1816500 216
1816510 216
1816520 216
1816530 216
1816540 216
1816550 216
1816560 216
1816570 216
1816580 216
1816590 216
1816600 216
1816610 216
1816620 216
1816630 216
1816640 216
1816650 216
1816660 216
1816670 216
1816680 216
1816690 216
1816700 216
1816710 216
1816720 216
1816730 216
1816740 216
1816750 216
1816760 216
1816770 216
1816780 216
1816790 217
1816800 217
1816810 217
1816820 217
1816830 218
1816840 218
1816850 219
1816860 219
1816870 219
1816880 220
1816890 220
1816900 220
1816910 220
1816920 221
1816930 221
1816940 221
1816950 222
1816960 223
1816970 224
1816980 226
1816990 228
1817000 229
1817010 230
1817020 230
1817030 231
1817040 233
1817050 235
1817060 237
1817070 239
1817080 240
1817090 240
1817100 241
1817110 241
1817120 243
1817130 243
1817140 242
1817150 242
1817160 242
1817170 242
1817180 242
1817190 241
1817200 240
1817210 240
1817220 239
1817230 238
1817240 238
1817250 236
1817260 236
1817270 235
1817280 235
1817290 235
1817300 235
1817310 234
1817320 233
1817330 232
1817340 231
1817350 231
1817360 230
1817370 229
1817380 229
1817390 228
1817400 227
1817410 227
1817420 226
1817430 225
1817440 225
1817450 224
1817460 223
1817470 222
1817480 222
1817490 221
1817500 220
1817510 220
1817520 219
1817530 219
1817540 219
1817550 218
1817560 218
1817570 217
1817580 216
1817590 216
1817600 215
1817610 215
1817620 215
1817630 214
1817640 214
1817650 214
1817660 214
1817670 214
1817680 213
1817690 213
1817700 213
1817710 213
1817720 213
1817730 213
1817740 213
1817750 212
1817760 212
1817770 212
1817780 212
1817790 212
1817800 212
1817810 212
1817820 212
1817830 212
1817840 212
1817850 212
1817860 212
1817870 212
1817880 212
1817890 212
1817900 212
1817910 212
1817920 212
1817930 212
1817940 212
1817950 212
1817960 212
1817970 212
1817980 212
1817990 212
1818000 212
1818010 212
1818020 212
1818030 212
1818040 212
1818050 212
1818060 212
1818070 212
1818080 212
1818090 212
1818100 212
1818110 212
1818120 212
1818130 212
1818140 212
1818150 212
1818160 212
1818170 212
1818180 212
1818190 212
1818200 212
1818210 212
1818220 212
1818230 212
1818240 212
1818250 212
1818260 212
1818270 212
1818280 212
1818290 212
1818300 212
1818310 212
1818320 212
1818330 212
1818340 212
1818350 212
1818360 212
1818370 212
1818380 212
1818390 212
1818400 212
1818410 212
1818420 212
1818430 212
1818440 212
1818450 212
1818460 212
1818470 212
1818480 212
1818490 212
1818500 212
1818510 212
1818520 212
1818530 212
1818540 212
1818550 211
1818560 211
1818570 211
1818580 211
1818590 211
1818600 211
1818610 211
1818620 211
1818630 211
1818640 211
1818650 211
1818660 211
1818670 211
1818680 211
1818690 211
1818700 211
1818710 211
1818720 211
1818730 211
1818740 211
1818750 211
1818760 211
1818770 211
1818780 211
1818790 211
1818800 211
1818810 211
1818820 211
1818830 211
1818840 211
1818850 211
1818860 211
1818870 211
1818880 211
1818890 211
1818900 211
1818910 211
1818920 211
1818930 211
1818940 211
1818950 211
1818960 211
1818970 211
1818980 211
1818990 211
1819000 211
1819010 211
1819020 212
1819030 212
1819040 212
1819050 212
1819060 212
1819070 212
1819080 211
1819090 211
1819100 210
1819110 210
1819120 210
1819130 211
1819140 212
1819150 212
1819160 212
1819170 212
1819180 211
1819190 211
1819200 211
1819210 211
1819220 211
1819230 211
1819240 211
1819250 211
1819260 211
1819270 211
1819280 211
1819290 211
1819300 211
1819310 211
1819320 211
1819330 211
1819340 211
1819350 211
1819360 211
1819370 211
1819380 211
1819390 211
1819400 211
1819410 211
1819420 211
1819430 211
1819440 211
1819450 211
1819460 211
1819470 211
1819480 211
1819490 211
1819500 211
1819510 211
1819520 211
1819530 211
1819540 211
1819550 211
1819560 211
1819570 211
1819580 211
1819590 211
1819600 211
1819610 211
1819620 211
1819630 211
1819640 211
1819650 211
1819660 211
1819670 211
1819680 211
1819690 211
1819700 211
1819710 212
1819720 212
1819730 212
1819740 212
1819750 212
1819760 212
1819770 212
1819780 212
1819790 212
1819800 212
1819810 212
1819820 212
1819830 212
1819840 212
1819850 212
1819860 212
1819870 212
1819880 212
1819890 212
1819900 212
1819910 212
1819920 212
1819930 213
1819940 213
1819950 213
1819960 213
1819970 213
1819980 213
1819990 213
