1800000 298
1800010 299
1800020 299
1800030 301
1800040 302
1800050 304
1800060 305
1800070 307
1800080 308
1800090 309
1800100 310
1800110 312
1800120 313
1800130 314
1800140 315
1800150 316
1800160 317
1800170 319
1800180 320
1800190 322
1800200 323
1800210 325
1800220 326
1800230 328
1800240 330
1800250 331
1800260 333
1800270 335
1800280 337
1800290 339
1800300 341
1800310 343
1800320 345
1800330 347
1800340 348
1800350 349
1800360 350
1800370 350
1800380 350
1800390 349
1800400 348
1800410 347
1800420 346
1800430 345
1800440 343
1800450 342
1800460 340
1800470 339
1800480 337
1800490 335
1800500 333
1800510 332
1800520 330
1800530 328
1800540 326
1800550 324
1800560 322
1800570 320
1800580 319
1800590 317
1800600 315
1800610 313
1800620 311
1800630 309
1800640 308
1800650 306
1800660 305
1800670 304
1800680 304
1800690 303
1800700 302
1800710 301
1800720 300
1800730 300
1800740 299
1800750 298
1800760 297
1800770 296
1800780 295
1800790 294
1800800 293
1800810 292
1800820 292
1800830 292
1800840 292
1800850 292
1800860 292
1800870 292
1800880 293
1800890 293
1800900 294
1800910 296
1800920 297
1800930 299
1800940 301
1800950 302
1800960 303
1800970 305
1800980 306
1800990 307
1801000 309
1801010 310
1801020 311
1801030 312
1801040 313
1801050 314
1801060 316
1801070 318
1801080 320
1801090 322
1801100 322
1801110 322
1801120 320
1801130 318
1801140 317
1801150 315
1801160 314
1801170 313
1801180 311
1801190 310
1801200 310
1801210 309
1801220 309
1801230 309
1801240 308
1801250 308
1801260 307
1801270 307
1801280 306
1801290 306
1801300 306
1801310 307
1801320 308
1801330 309
1801340 310
1801350 311
1801360 312
1801370 314
1801380 315
1801390 317
1801400 318
1801410 320
1801420 321
1801430 323
1801440 324
1801450 326
1801460 327
1801470 329
1801480 331
1801490 333
1801500 335
1801510 337
1801520 338
1801530 339
1801540 340
1801550 340
1801560 341
1801570 340
1801580 339
1801590 339
1801600 338
1801610 337
1801620 336
1801630 335
1801640 334
1801650 333
1801660 332
1801670 331
1801680 330
1801690 329
1801700 328
1801710 327
1801720 325
1801730 324
1801740 323
1801750 321
1801760 320
1801770 318
1801780 317
1801790 316
1801800 314
1801810 313
1801820 312
1801830 310
1801840 308
1801850 307
1801860 305
1801870 303
1801880 301
1801890 299
1801900 298
1801910 297
1801920 295
1801930 294
1801940 293
1801950 292
1801960 291
1801970 290
1801980 290
1801990 290
1802000 290
1802010 290
1802020 290
1802030 291
1802040 291
1802050 291
1802060 292
1802070 292
1802080 292
1802090 293
1802100 294
1802110 295
1802120 296
1802130 298
1802140 299
1802150 300
1802160 301
1802170 303
1802180 304
1802190 306
1802200 308
1802210 310
1802220 312
1802230 315
1802240 317
1802250 318
1802260 320
1802270 322
1802280 324
1802290 325
1802300 327
1802310 329
1802320 331
1802330 333
1802340 335
1802350 336
1802360 338
1802370 340
1802380 341
1802390 341
1802400 341
1802410 340
1802420 339
1802430 339
1802440 338
1802450 337
1802460 335
1802470 334
1802480 333
1802490 332
1802500 331
1802510 330
1802520 328
1802530 327
1802540 326
1802550 324
1802560 323
1802570 321
1802580 320
1802590 318
1802600 317
1802610 316
1802620 314
1802630 313
1802640 311
1802650 310
1802660 308
1802670 307
1802680 306
1802690 304
1802700 303
1802710 302
1802720 300
1802730 298
1802740 296
1802750 294
1802760 293
1802770 291
1802780 289
1802790 288
1802800 287
1802810 286
1802820 285
1802830 284
1802840 283
1802850 282
1802860 282
1802870 281
1802880 281
1802890 280
1802900 279
1802910 278
1802920 278
1802930 278
1802940 278
1802950 278
1802960 278
1802970 278
1802980 278
1802990 278
1803000 279
1803010 279
1803020 280
1803030 281
1803040 282
1803050 283
1803060 285
1803070 287
1803080 288
1803090 290
1803100 291
1803110 293
1803120 295
1803130 298
1803140 300
1803150 302
1803160 304
1803170 305
1803180 307
1803190 309
1803200 311
1803210 313
1803220 315
1803230 317
1803240 318
1803250 320
1803260 322
1803270 324
1803280 326
1803290 328
1803300 330
1803310 331
1803320 333
1803330 335
1803340 337
1803350 339
1803360 341
1803370 343
1803380 346
1803390 348
1803400 348
1803410 348
1803420 347
1803430 346
1803440 345
1803450 344
1803460 343
1803470 341
1803480 340
1803490 338
1803500 337
1803510 336
1803520 334
1803530 333
1803540 331
1803550 329
1803560 328
1803570 326
1803580 324
1803590 322
1803600 321
1803610 319
1803620 317
1803630 315
1803640 314
1803650 312
1803660 311
1803670 309
1803680 308
1803690 306
1803700 305
1803710 304
1803720 303
1803730 302
1803740 300
1803750 299
1803760 298
1803770 297
1803780 296
1803790 295
1803800 294
1803810 293
1803820 292
1803830 291
1803840 291
1803850 290
1803860 289
1803870 288
1803880 288
1803890 288
1803900 288
1803910 288
1803920 289
1803930 289
1803940 289
1803950 289
1803960 289
1803970 290
1803980 290
1803990 291
1804000 292
1804010 292
1804020 294
1804030 295
1804040 296
1804050 297
1804060 298
1804070 299
1804080 301
1804090 302
1804100 302
1804110 303
1804120 304
1804130 306
1804140 307
1804150 307
1804160 307
1804170 307
1804180 308
1804190 308
1804200 308
1804210 307
1804220 306
1804230 305
1804240 305
1804250 303
1804260 302
1804270 301
1804280 300
1804290 299
1804300 298
1804310 297
1804320 296
1804330 295
1804340 295
1804350 294
1804360 293
1804370 291
1804380 290
1804390 288
1804400 288
1804410 287
1804420 286
1804430 285
1804440 284
1804450 283
1804460 282
1804470 281
1804480 280
1804490 280
1804500 279
1804510 279
1804520 278
1804530 278
1804540 278
1804550 278
1804560 278
1804570 278
1804580 278
1804590 279
1804600 279
1804610 279
1804620 279
1804630 279
1804640 279
1804650 279
1804660 279
1804670 279
1804680 280
1804690 280
1804700 280
1804710 281
1804720 280
1804730 280
1804740 280
1804750 280
1804760 280
1804770 280
1804780 280
1804790 281
1804800 281
1804810 281
1804820 281
1804830 281
1804840 281
1804850 282
1804860 282
1804870 282
1804880 283
1804890 283
1804900 284
1804910 284
1804920 284
1804930 284
1804940 285
1804950 285
1804960 286
1804970 286
1804980 287
1804990 287
1805000 288
1805010 289
1805020 289
1805030 290
1805040 291
1805050 292
1805060 292
1805070 293
1805080 293
1805090 294
1805100 294
1805110 294
1805120 295
1805130 295
1805140 295
1805150 296
1805160 296
1805170 297
1805180 297
1805190 298
1805200 299
1805210 300
1805220 300
1805230 300
1805240 301
1805250 301
1805260 301
1805270 301
1805280 301
1805290 301
1805300 300
1805310 300
1805320 300
1805330 300
1805340 300
1805350 300
1805360 300
1805370 299
1805380 299
1805390 298
1805400 298
1805410 298
1805420 298
1805430 298
1805440 298
1805450 297
1805460 297
1805470 296
1805480 296
1805490 297
1805500 297
1805510 297
1805520 296
1805530 297
1805540 297
1805550 297
1805560 297
1805570 297
1805580 297
1805590 297
1805600 296
1805610 296
1805620 295
1805630 295
1805640 295
1805650 295
1805660 295
1805670 296
1805680 296
1805690 296
1805700 296
1805710 295
1805720 296
1805730 297
1805740 298
1805750 300
1805760 301
1805770 301
1805780 302
1805790 303
1805800 303
1805810 304
1805820 304
1805830 305
1805840 305
1805850 306
1805860 306
1805870 307
1805880 307
1805890 308
1805900 309
1805910 309
1805920 310
1805930 311
1805940 311
1805950 312
1805960 313
1805970 314
1805980 315
1805990 315
1806000 316
1806010 317
1806020 317
1806030 318
1806040 318
1806050 318
1806060 319
1806070 319
1806080 320
1806090 321
1806100 323
1806110 325
1806120 327
1806130 328
1806140 329
1806150 330
1806160 331
1806170 332
1806180 332
1806190 333
1806200 334
1806210 335
1806220 336
1806230 337
1806240 338
1806250 339
1806260 341
1806270 342
1806280 345
1806290 347
1806300 349
1806310 351
1806320 353
1806330 354
1806340 354
1806350 354
1806360 354
1806370 353
1806380 352
1806390 351
1806400 350
1806410 348
1806420 347
1806430 345
1806440 343
1806450 341
1806460 339
1806470 338
1806480 336
1806490 335
1806500 333
1806510 331
1806520 329
1806530 327
1806540 325
1806550 324
1806560 323
1806570 322
1806580 321
1806590 320
1806600 319
1806610 318
1806620 317
1806630 317
1806640 316
1806650 316
1806660 315
1806670 314
1806680 312
1806690 311
1806700 310
1806710 309
1806720 308
1806730 306
1806740 305
1806750 304
1806760 303
1806770 302
1806780 301
1806790 299
1806800 298
1806810 297
1806820 296
1806830 295
1806840 293
1806850 292
1806860 291
1806870 290
1806880 290
1806890 289
1806900 288
1806910 288
1806920 287
1806930 286
1806940 285
1806950 284
1806960 282
1806970 281
1806980 279
1806990 278
1807000 277
1807010 276
1807020 275
1807030 274
1807040 274
1807050 273
1807060 273
1807070 273
1807080 273
1807090 274
1807100 276
1807110 279
1807120 281
1807130 282
1807140 283
1807150 285
1807160 288
1807170 290
1807180 291
1807190 291
1807200 292
1807210 293
1807220 294
1807230 295
1807240 296
1807250 298
1807260 299
1807270 301
1807280 303
1807290 305
1807300 307
1807310 308
1807320 309
1807330 310
1807340 311
1807350 312
1807360 313
1807370 315
1807380 316
1807390 316
1807400 317
1807410 316
1807420 315
1807430 313
1807440 312
1807450 310
1807460 308
1807470 305
1807480 303
1807490 301
1807500 299
1807510 297
1807520 295
1807530 294
1807540 292
1807550 290
1807560 288
1807570 286
1807580 285
1807590 284
1807600 282
1807610 280
1807620 278
1807630 276
1807640 274
1807650 272
1807660 271
1807670 269
1807680 268
1807690 267
1807700 267
1807710 266
1807720 266
1807730 266
1807740 266
1807750 266
1807760 267
1807770 268
1807780 268
1807790 269
1807800 270
1807810 271
1807820 271
1807830 272
1807840 273
1807850 273
1807860 273
1807870 274
1807880 274
1807890 275
1807900 276
1807910 277
1807920 278
1807930 279
1807940 280
1807950 281
1807960 282
1807970 284
1807980 285
1807990 287
1808000 289
1808010 290
1808020 292
1808030 294
1808040 296
1808050 297
1808060 299
1808070 301
1808080 303
1808090 304
1808100 305
1808110 306
1808120 307
1808130 308
1808140 309
1808150 309
1808160 310
1808170 310
1808180 311
1808190 312
1808200 312
1808210 313
1808220 313
1808230 314
1808240 314
1808250 315
1808260 316
1808270 316
1808280 317
1808290 317
1808300 317
1808310 318
1808320 318
1808330 319
1808340 319
1808350 320
1808360 320
1808370 319
1808380 319
1808390 318
1808400 317
1808410 316
1808420 315
1808430 314
1808440 313
1808450 313
1808460 311
1808470 310
1808480 309
1808490 308
1808500 307
1808510 306
1808520 305
1808530 304
1808540 304
1808550 303
1808560 303
1808570 303
1808580 302
1808590 301
1808600 301
1808610 300
1808620 300
1808630 299
1808640 298
1808650 297
1808660 297
1808670 296
1808680 295
1808690 294
1808700 292
1808710 291
1808720 289
1808730 287
1808740 285
1808750 284
1808760 282
1808770 281
1808780 279
1808790 278
1808800 277
1808810 276
1808820 275
1808830 274
1808840 272
1808850 271
1808860 270
1808870 269
1808880 268
1808890 267
1808900 266
1808910 265
1808920 263
1808930 262
1808940 261
1808950 260
1808960 258
1808970 256
1808980 255
1808990 255
1809000 255
1809010 254
1809020 254
1809030 253
1809040 251
1809050 250
1809060 249
1809070 248
1809080 247
1809090 247
1809100 247
1809110 248
1809120 247
1809130 246
1809140 246
1809150 248
1809160 250
1809170 252
1809180 253
1809190 255
1809200 256
1809210 257
1809220 259
1809230 261
1809240 262
1809250 263
1809260 264
1809270 265
1809280 266
1809290 267
1809300 268
1809310 270
1809320 271
1809330 272
1809340 273
1809350 274
1809360 275
1809370 276
1809380 276
1809390 277
1809400 278
1809410 280
1809420 282
1809430 283
1809440 284
1809450 285
1809460 285
1809470 285
1809480 285
1809490 285
1809500 285
1809510 284
1809520 284
1809530 283
1809540 282
1809550 282
1809560 281
1809570 280
1809580 280
1809590 279
1809600 278
1809610 277
1809620 277
1809630 276
1809640 276
1809650 275
1809660 275
1809670 274
1809680 273
1809690 272
1809700 271
1809710 270
1809720 269
1809730 268
1809740 267
1809750 267
1809760 267
1809770 267
1809780 267
1809790 267
1809800 266
1809810 266
1809820 266
1809830 266
1809840 266
1809850 265
1809860 265
1809870 264
1809880 263
1809890 262
1809900 262
1809910 261
1809920 261
1809930 262
1809940 262
1809950 262
1809960 262
1809970 262
1809980 262
1809990 263
1810000 264
1810010 266
1810020 267
1810030 268
1810040 269
1810050 271
1810060 272
1810070 273
1810080 273
1810090 275
1810100 278
1810110 283
1810120 287
1810130 290
1810140 293
1810150 295
1810160 296
1810170 298
1810180 299
1810190 301
1810200 302
1810210 303
1810220 304
1810230 305
1810240 306
1810250 307
1810260 308
1810270 309
1810280 309
1810290 309
1810300 309
1810310 309
1810320 310
1810330 309
1810340 310
1810350 310
1810360 310
1810370 311
1810380 312
1810390 312
1810400 313
1810410 314
1810420 314
1810430 314
1810440 315
1810450 315
1810460 316
1810470 316
1810480 317
1810490 317
1810500 318
1810510 318
1810520 319
1810530 319
1810540 320
1810550 320
1810560 322
1810570 322
1810580 323
1810590 324
1810600 325
1810610 326
1810620 327
1810630 328
1810640 329
1810650 329
1810660 329
1810670 329
1810680 329
1810690 328
1810700 327
1810710 326
1810720 326
1810730 325
1810740 325
1810750 325
1810760 325
1810770 325
1810780 326
1810790 326
1810800 325
1810810 324
1810820 323
1810830 321
1810840 319
1810850 317
1810860 315
1810870 314
1810880 312
1810890 310
1810900 309
1810910 307
1810920 305
1810930 303
1810940 301
1810950 300
1810960 298
1810970 296
1810980 294
1810990 293
1811000 292
1811010 291
1811020 290
1811030 288
1811040 286
1811050 284
1811060 281
1811070 279
1811080 277
1811090 276
1811100 275
1811110 273
1811120 272
1811130 272
1811140 272
1811150 272
1811160 272
1811170 271
1811180 271
1811190 270
1811200 270
1811210 269
1811220 270
1811230 271
1811240 271
1811250 271
1811260 271
1811270 270
1811280 270
1811290 270
1811300 270
1811310 269
1811320 269
1811330 270
1811340 270
1811350 269
1811360 269
1811370 269
1811380 269
1811390 268
1811400 267
1811410 266
1811420 266
1811430 267
1811440 268
1811450 268
1811460 269
1811470 268
1811480 268
1811490 268
1811500 268
1811510 268
1811520 267
1811530 267
1811540 267
1811550 267
1811560 267
1811570 266
1811580 266
1811590 265
1811600 264
1811610 264
1811620 263
1811630 262
1811640 262
1811650 262
1811660 261
1811670 260
1811680 258
1811690 257
1811700 258
1811710 261
1811720 262
1811730 264
1811740 265
1811750 267
1811760 269
1811770 271
1811780 272
1811790 273
1811800 274
1811810 275
1811820 276
1811830 277
1811840 278
1811850 279
1811860 280
1811870 280
1811880 281
1811890 281
1811900 282
1811910 283
1811920 284
1811930 285
1811940 286
1811950 287
1811960 288
1811970 289
1811980 290
1811990 291
1812000 291
1812010 292
1812020 292
1812030 293
1812040 294
1812050 295
1812060 295
1812070 296
1812080 297
1812090 298
1812100 299
1812110 300
1812120 301
1812130 303
1812140 304
1812150 305
1812160 307
1812170 308
1812180 309
1812190 310
1812200 311
1812210 312
1812220 313
1812230 314
1812240 314
1812250 315
1812260 314
1812270 314
1812280 313
1812290 311
1812300 310
1812310 309
1812320 307
1812330 306
1812340 305
1812350 304
1812360 302
1812370 300
1812380 299
1812390 297
1812400 296
1812410 294
1812420 293
1812430 291
1812440 290
1812450 288
1812460 286
1812470 285
1812480 284
1812490 283
1812500 281
1812510 279
1812520 278
1812530 276
1812540 274
1812550 272
1812560 270
1812570 269
1812580 267
1812590 265
1812600 263
1812610 260
1812620 258
1812630 257
1812640 257
1812650 256
1812660 256
1812670 255
1812680 255
1812690 255
1812700 254
1812710 253
1812720 252
1812730 250
1812740 249
1812750 249
1812760 250
1812770 251
1812780 253
1812790 255
1812800 256
1812810 257
1812820 257
1812830 256
1812840 256
1812850 256
1812860 256
1812870 257
1812880 257
1812890 257
1812900 258
1812910 259
1812920 259
1812930 260
1812940 262
1812950 263
1812960 264
1812970 265
1812980 265
1812990 266
1813000 267
1813010 267
1813020 268
1813030 269
1813040 271
1813050 272
1813060 275
1813070 277
1813080 279
1813090 281
1813100 283
1813110 285
1813120 288
1813130 290
1813140 291
1813150 292
1813160 293
1813170 292
1813180 291
1813190 290
1813200 290
1813210 290
1813220 290
1813230 289
1813240 289
1813250 290
1813260 291
1813270 293
1813280 294
1813290 294
1813300 293
1813310 292
1813320 291
1813330 289
1813340 288
1813350 287
1813360 285
1813370 284
1813380 282
1813390 282
1813400 282
1813410 281
1813420 280
1813430 279
1813440 279
1813450 278
1813460 277
1813470 276
1813480 276
1813490 275
1813500 273
1813510 273
1813520 273
1813530 274
1813540 273
1813550 273
1813560 272
1813570 271
1813580 270
1813590 269
1813600 268
1813610 267
1813620 264
1813630 262
1813640 260
1813650 259
1813660 258
1813670 257
1813680 256
1813690 255
1813700 255
1813710 254
1813720 253
1813730 253
1813740 252
1813750 252
1813760 251
1813770 250
1813780 250
1813790 249
1813800 248
1813810 248
1813820 247
1813830 246
1813840 245
1813850 244
1813860 244
1813870 243
1813880 243
1813890 242
1813900 241
1813910 241
1813920 240
1813930 239
1813940 238
1813950 237
1813960 236
1813970 236
1813980 235
1813990 234
1814000 233
1814010 232
1814020 232
1814030 232
1814040 232
1814050 231
1814060 231
1814070 231
1814080 230
1814090 230
1814100 230
1814110 230
1814120 230
1814130 230
1814140 229
1814150 229
1814160 228
1814170 228
1814180 228
1814190 227
1814200 227
1814210 226
1814220 226
1814230 226
1814240 225
1814250 225
1814260 225
1814270 225
1814280 224
1814290 224
1814300 224
1814310 224
1814320 223
1814330 223
1814340 223
1814350 223
1814360 222
1814370 222
1814380 222
1814390 222
1814400 222
1814410 222
1814420 221
1814430 221
1814440 221
1814450 221
1814460 221
1814470 221
1814480 221
1814490 220
1814500 220
1814510 220
1814520 220
1814530 220
1814540 220
1814550 220
1814560 219
1814570 219
1814580 219
1814590 219
1814600 219
1814610 219
1814620 219
1814630 218
1814640 218
1814650 218
1814660 218
1814670 218
1814680 218
1814690 218
1814700 218
1814710 218
1814720 218
1814730 218
1814740 218
1814750 218
1814760 218
1814770 218
1814780 218
1814790 218
1814800 218
1814810 218
1814820 218
1814830 218
1814840 218
1814850 218
1814860 218
1814870 218
1814880 218
1814890 218
1814900 218
1814910 218
1814920 218
1814930 218
1814940 217
1814950 217
1814960 217
1814970 217
1814980 217
1814990 217
1815000 217
1815010 217
1815020 217
1815030 217
1815040 217
1815050 217
1815060 217
1815070 217
1815080 217
1815090 217
1815100 217
1815110 217
1815120 217
1815130 217
1815140 217
1815150 217
1815160 217
1815170 217
1815180 217
1815190 217
1815200 217
1815210 217
1815220 217
1815230 217
1815240 217
1815250 217
1815260 217
1815270 217
1815280 217
1815290 217
1815300 217
1815310 217
1815320 217
1815330 217
1815340 217
1815350 217
1815360 217
1815370 217
1815380 217
1815390 217
1815400 217
1815410 217
1815420 217
1815430 217
1815440 217
1815450 217
1815460 217
1815470 217
1815480 217
1815490 217
1815500 217
1815510 217
1815520 217
1815530 217
1815540 217
1815550 217
1815560 217
1815570 217
1815580 217
1815590 217
1815600 217
1815610 217
1815620 217
1815630 217
1815640 217
1815650 217
1815660 217
1815670 217
1815680 217
1815690 217
1815700 217
1815710 217
1815720 217
1815730 217
1815740 217
1815750 217
1815760 217
1815770 217
1815780 217
1815790 217
1815800 217
1815810 217
1815820 217
1815830 217
1815840 217
1815850 217
1815860 217
1815870 217
1815880 217
1815890 217
1815900 217
1815910 217
1815920 217
1815930 217
1815940 217
1815950 217
1815960 217
1815970 216
1815980 216
1815990 216
1816000 216
1816010 216
1816020 216
1816030 216
1816040 216
1816050 216
1816060 216
1816070 216
1816080 216
1816090 216
1816100 216
1816110 216
1816120 216
1816130 216
1816140 216
1816150 216
1816160 216
1816170 216
1816180 216
1816190 216
1816200 216
1816210 216
1816220 216
1816230 216
1816240 216
1816250 216
1816260 216
1816270 216
1816280 216
1816290 216
1816300 216
1816310 216
1816320 216
1816330 216
1816340 216
1816350 216
1816360 216
1816370 216
1816380 216
1816390 216
1816400 216
1816410 216
1816420 216
1816430 216
1816440 216
1816450 216
1816460 216
1816470 216
1816480 216
1816490 216
1816500 216
1816510 216
1816520 216
1816530 216
1816540 216
1816550 216
1816560 216
1816570 216
1816580 216
1816590 216
1816600 216
1816610 216
1816620 216
1816630 216
1816640 216
1816650 216
1816660 216
1816670 216
1816680 216
1816690 216
1816700 216
1816710 216
1816720 216
1816730 216
1816740 216
1816750 216
1816760 216
1816770 216
1816780 216
1816790 216
1816800 216
1816810 216
1816820 216
1816830 216
1816840 216
1816850 216
1816860 216
1816870 216
1816880 216
1816890 216
1816900 216
1816910 216
1816920 216
1816930 216
1816940 217
1816950 217
1816960 217
1816970 217
1816980 218
1816990 219
1817000 219
1817010 220
1817020 220
1817030 221
1817040 222
1817050 224
1817060 225
1817070 225
1817080 226
1817090 229
1817100 229
1817110 230
1817120 231
1817130 231
1817140 230
1817150 230
1817160 229
1817170 228
1817180 228
1817190 228
1817200 227
1817210 226
1817220 226
1817230 226
1817240 225
1817250 224
1817260 223
1817270 222
1817280 221
1817290 220
1817300 220
1817310 219
1817320 219
1817330 218
1817340 217
1817350 217
1817360 217
1817370 216
1817380 216
1817390 216
1817400 215
1817410 215
1817420 215
1817430 215
1817440 214
1817450 214
1817460 214
1817470 214
1817480 214
1817490 213
1817500 213
1817510 213
1817520 213
1817530 213
1817540 213
1817550 213
1817560 213
1817570 213
1817580 213
1817590 213
1817600 213
1817610 212
1817620 212
1817630 212
1817640 212
1817650 212
1817660 212
1817670 212
1817680 212
1817690 212
1817700 212
1817710 212
1817720 212
1817730 212
1817740 212
1817750 212
1817760 212
1817770 212
1817780 212
1817790 212
1817800 212
1817810 212
1817820 212
1817830 212
1817840 212
1817850 212
1817860 212
1817870 212
1817880 212
1817890 212
1817900 212
1817910 212
1817920 212
1817930 212
1817940 212
1817950 212
1817960 212
1817970 212
1817980 212
1817990 212
1818000 212
1818010 212
1818020 212
1818030 211
1818040 211
1818050 211
1818060 211
1818070 211
1818080 211
1818090 211
1818100 211
1818110 211
1818120 211
1818130 211
1818140 211
1818150 211
1818160 211
1818170 211
1818180 211
1818190 211
1818200 211
1818210 211
1818220 211
1818230 211
1818240 211
1818250 211
1818260 211
1818270 211
1818280 211
1818290 211
1818300 211
1818310 211
1818320 211
1818330 211
1818340 211
1818350 211
1818360 211
1818370 211
1818380 211
1818390 211
1818400 211
1818410 211
1818420 211
1818430 211
1818440 211
1818450 211
1818460 211
1818470 211
1818480 211
1818490 211
1818500 211
1818510 211
1818520 211
1818530 211
1818540 211
1818550 211
1818560 211
1818570 211
1818580 211
1818590 211
1818600 211
1818610 211
1818620 211
1818630 211
1818640 211
1818650 211
1818660 211
1818670 211
1818680 211
1818690 211
1818700 211
1818710 211
1818720 211
1818730 211
1818740 211
1818750 211
1818760 211
1818770 211
1818780 211
1818790 211
1818800 211
1818810 211
1818820 211
1818830 211
1818840 211
1818850 211
1818860 211
1818870 211
1818880 211
1818890 211
1818900 211
1818910 211
1818920 211
1818930 211
1818940 211
1818950 211
1818960 211
1818970 211
1818980 211
1818990 211
1819000 211
1819010 211
1819020 211
1819030 211
1819040 211
1819050 211
1819060 211
1819070 211
1819080 211
1819090 211
1819100 211
1819110 211
1819120 211
1819130 211
1819140 211
1819150 211
1819160 211
1819170 211
1819180 211
1819190 211
1819200 211
1819210 211
1819220 211
1819230 211
1819240 211
1819250 211
1819260 211
1819270 211
1819280 211
1819290 211
1819300 211
1819310 211
1819320 211
1819330 211
1819340 211
1819350 211
1819360 211
1819370 211
1819380 211
1819390 212
1819400 212
1819410 211
1819420 211
1819430 210
1819440 209
1819450 210
1819460 210
1819470 211
1819480 212
1819490 212
1819500 211
1819510 211
1819520 211
1819530 211
1819540 211
1819550 211
1819560 211
1819570 211
1819580 211
1819590 211
1819600 211
1819610 211
1819620 211
1819630 211
1819640 211
1819650 211
1819660 211
1819670 211
1819680 211
1819690 211
1819700 211
1819710 211
1819720 211
1819730 210
1819740 211
1819750 211
1819760 211
1819770 211
1819780 211
1819790 211
1819800 211
1819810 211
1819820 211
1819830 211
1819840 211
1819850 211
1819860 211
1819870 211
1819880 211
1819890 211
1819900 211
1819910 211
1819920 211
1819930 211
1819940 211
1819950 211
1819960 211
1819970 211
1819980 211
1819990 211
