1800000 286
1800010 287
1800020 287
1800030 288
1800040 288
1800050 289
1800060 290
1800070 290
1800080 291
1800090 291
1800100 291
1800110 292
1800120 292
1800130 292
1800140 293
1800150 293
1800160 293
1800170 294
1800180 294
1800190 295
1800200 295
1800210 295
1800220 295
1800230 294
1800240 294
1800250 293
1800260 293
1800270 293
1800280 292
1800290 292
1800300 292
1800310 291
1800320 291
1800330 290
1800340 291
1800350 291
1800360 291
1800370 292
1800380 292
1800390 293
1800400 294
1800410 296
1800420 298
1800430 299
1800440 299
1800450 300
1800460 301
1800470 302
1800480 304
1800490 306
1800500 308
1800510 310
1800520 312
1800530 315
1800540 317
1800550 319
1800560 321
1800570 323
1800580 326
1800590 328
1800600 330
1800610 331
1800620 332
1800630 333
1800640 334
1800650 334
1800660 334
1800670 333
1800680 333
1800690 333
1800700 332
1800710 331
1800720 330
1800730 330
1800740 329
1800750 328
1800760 328
1800770 327
1800780 326
1800790 325
1800800 324
1800810 323
1800820 323
1800830 322
1800840 321
1800850 320
1800860 319
1800870 319
1800880 318
1800890 318
1800900 318
1800910 318
1800920 317
1800930 317
1800940 317
1800950 317
1800960 318
1800970 318
1800980 318
1800990 318
1801000 319
1801010 319
1801020 319
1801030 320
1801040 321
1801050 321
1801060 322
1801070 322
1801080 323
1801090 323
1801100 323
1801110 323
1801120 323
1801130 323
1801140 323
1801150 323
1801160 323
1801170 324
1801180 324
1801190 325
1801200 325
1801210 324
1801220 323
1801230 322
1801240 322
1801250 322
1801260 323
1801270 324
1801280 325
1801290 325
1801300 326
1801310 327
1801320 328
1801330 330
1801340 331
1801350 332
1801360 333
1801370 334
1801380 335
1801390 336
1801400 337
1801410 338
1801420 338
1801430 339
1801440 339
1801450 340
1801460 341
1801470 342
1801480 343
1801490 344
1801500 345
1801510 346
1801520 348
1801530 350
1801540 352
1801550 354
1801560 355
1801570 356
1801580 357
1801590 358
1801600 358
1801610 359
1801620 360
1801630 361
1801640 362
1801650 363
1801660 363
1801670 363
1801680 363
1801690 363
1801700 363
1801710 363
1801720 363
1801730 363
1801740 362
1801750 362
1801760 361
1801770 360
1801780 359
1801790 358
1801800 358
1801810 358
1801820 358
1801830 357
1801840 357
1801850 357
1801860 356
1801870 356
1801880 356
1801890 355
1801900 355
1801910 355
1801920 355
1801930 355
1801940 355
1801950 356
1801960 356
1801970 357
1801980 357
1801990 357
1802000 358
1802010 358
1802020 359
1802030 360
1802040 361
1802050 361
1802060 362
1802070 362
1802080 362
1802090 362
1802100 363
1802110 363
1802120 363
1802130 364
1802140 364
1802150 365
1802160 365
1802170 366
1802180 366
1802190 367
1802200 366
1802210 365
1802220 364
1802230 362
1802240 361
1802250 359
1802260 357
1802270 355
1802280 353
1802290 351
1802300 349
1802310 347
1802320 346
1802330 344
1802340 342
1802350 341
1802360 339
1802370 338
1802380 337
1802390 334
1802400 332
1802410 331
1802420 330
1802430 328
1802440 326
1802450 325
1802460 323
1802470 322
1802480 321
1802490 320
1802500 318
1802510 318
1802520 317
1802530 316
1802540 315
1802550 314
1802560 313
1802570 312
1802580 310
1802590 309
1802600 308
1802610 307
1802620 306
1802630 305
1802640 304
1802650 303
1802660 303
1802670 302
1802680 302
1802690 301
1802700 301
1802710 301
1802720 301
1802730 302
1802740 303
1802750 304
1802760 305
1802770 306
1802780 306
1802790 307
1802800 308
1802810 308
1802820 309
1802830 310
1802840 311
1802850 312
1802860 313
1802870 315
1802880 316
1802890 318
1802900 320
1802910 322
1802920 323
1802930 325
1802940 327
1802950 330
1802960 332
1802970 334
1802980 336
1802990 338
1803000 341
1803010 342
1803020 344
1803030 344
1803040 345
1803050 346
1803060 346
1803070 346
1803080 345
1803090 344
1803100 343
1803110 342
1803120 341
1803130 339
1803140 338
1803150 337
1803160 336
1803170 335
1803180 334
1803190 333
1803200 332
1803210 331
1803220 330
1803230 328
1803240 327
1803250 326
1803260 325
1803270 324
1803280 322
1803290 321
1803300 319
1803310 318
1803320 317
1803330 316
1803340 315
1803350 314
1803360 313
1803370 312
1803380 312
1803390 311
1803400 311
1803410 311
1803420 311
1803430 312
1803440 312
1803450 312
1803460 313
1803470 313
1803480 314
1803490 314
1803500 315
1803510 316
1803520 317
1803530 318
1803540 318
1803550 319
1803560 319
1803570 321
1803580 323
1803590 324
1803600 325
1803610 327
1803620 328
1803630 329
1803640 330
1803650 332
1803660 333
1803670 335
1803680 336
1803690 338
1803700 339
1803710 340
1803720 341
1803730 343
1803740 344
1803750 346
1803760 347
1803770 349
1803780 350
1803790 352
1803800 353
1803810 355
1803820 356
1803830 357
1803840 359
1803850 360
1803860 360
1803870 359
1803880 358
1803890 356
1803900 355
1803910 353
1803920 351
1803930 350
1803940 348
1803950 346
1803960 344
1803970 343
1803980 342
1803990 341
1804000 339
1804010 338
1804020 336
1804030 335
1804040 333
1804050 332
1804060 330
1804070 328
1804080 325
1804090 323
1804100 322
1804110 320
1804120 319
1804130 317
1804140 316
1804150 315
1804160 313
1804170 311
1804180 310
1804190 309
1804200 309
1804210 308
1804220 307
1804230 306
1804240 305
1804250 304
1804260 304
1804270 302
1804280 300
1804290 298
1804300 298
1804310 298
1804320 299
1804330 299
1804340 299
1804350 299
1804360 297
1804370 297
1804380 297
1804390 297
1804400 298
1804410 298
1804420 299
1804430 300
1804440 301
1804450 303
1804460 304
1804470 305
1804480 306
1804490 306
1804500 306
1804510 306
1804520 307
1804530 309
1804540 310
1804550 311
1804560 311
1804570 312
1804580 312
1804590 314
1804600 315
1804610 316
1804620 318
1804630 320
1804640 323
1804650 327
1804660 330
1804670 332
1804680 332
1804690 332
1804700 331
1804710 330
1804720 330
1804730 329
1804740 328
1804750 328
1804760 329
1804770 329
1804780 329
1804790 329
1804800 329
1804810 330
1804820 331
1804830 331
1804840 332
1804850 333
1804860 334
1804870 334
1804880 334
1804890 334
1804900 332
1804910 331
1804920 330
1804930 329
1804940 328
1804950 326
1804960 325
1804970 324
1804980 322
1804990 321
1805000 320
1805010 320
1805020 319
1805030 318
1805040 317
1805050 316
1805060 315
1805070 314
1805080 313
1805090 313
1805100 312
1805110 311
1805120 310
1805130 310
1805140 309
1805150 308
1805160 308
1805170 307
1805180 306
1805190 305
1805200 305
1805210 305
1805220 305
1805230 306
1805240 306
1805250 306
1805260 306
1805270 307
1805280 308
1805290 309
1805300 310
1805310 311
1805320 312
1805330 313
1805340 314
1805350 315
1805360 316
1805370 316
1805380 317
1805390 317
1805400 317
1805410 315
1805420 313
1805430 312
1805440 314
1805450 315
1805460 316
1805470 316
1805480 316
1805490 317
1805500 318
1805510 320
1805520 321
1805530 323
1805540 325
1805550 327
1805560 328
1805570 330
1805580 331
1805590 333
1805600 334
1805610 336
1805620 337
1805630 339
1805640 340
1805650 341
1805660 342
1805670 342
1805680 343
1805690 343
1805700 343
1805710 343
1805720 343
1805730 342
1805740 342
1805750 341
1805760 340
1805770 338
1805780 337
1805790 335
1805800 333
1805810 331
1805820 329
1805830 327
1805840 326
1805850 324
1805860 323
1805870 322
1805880 322
1805890 321
1805900 321
1805910 321
1805920 321
1805930 320
1805940 320
1805950 319
1805960 319
1805970 319
1805980 319
1805990 319
1806000 319
1806010 318
1806020 318
1806030 317
1806040 316
1806050 316
1806060 315
1806070 314
1806080 313
1806090 311
1806100 310
1806110 310
1806120 309
1806130 308
1806140 308
1806150 307
1806160 307
1806170 307
1806180 307
1806190 306
1806200 306
1806210 306
1806220 305
1806230 305
1806240 305
1806250 304
1806260 304
1806270 304
1806280 303
1806290 303
1806300 303
1806310 302
1806320 302
1806330 301
1806340 301
1806350 300
1806360 299
1806370 298
1806380 297
1806390 297
1806400 296
1806410 295
1806420 294
1806430 293
1806440 292
1806450 291
1806460 290
1806470 289
1806480 288
1806490 288
1806500 287
1806510 286
1806520 284
1806530 283
1806540 282
1806550 281
1806560 280
1806570 279
1806580 278
1806590 277
1806600 275
1806610 272
1806620 269
1806630 268
1806640 268
1806650 268
1806660 268
1806670 267
1806680 266
1806690 265
1806700 264
1806710 264
1806720 263
1806730 262
1806740 261
1806750 261
1806760 261
1806770 261
1806780 262
1806790 262
1806800 263
1806810 263
1806820 265
1806830 266
1806840 268
1806850 270
1806860 270
1806870 271
1806880 271
1806890 272
1806900 272
1806910 272
1806920 273
1806930 273
1806940 273
1806950 273
1806960 272
1806970 272
1806980 272
1806990 271
1807000 271
1807010 270
1807020 270
1807030 270
1807040 269
1807050 267
1807060 266
1807070 265
1807080 264
1807090 264
1807100 263
1807110 263
1807120 263
1807130 262
1807140 261
1807150 261
1807160 260
1807170 259
1807180 259
1807190 258
1807200 258
1807210 257
1807220 257
1807230 257
1807240 256
1807250 255
1807260 254
1807270 254
1807280 253
1807290 253
1807300 252
1807310 252
1807320 251
1807330 251
1807340 250
1807350 250
1807360 250
1807370 249
1807380 249
1807390 248
1807400 247
1807410 247
1807420 246
1807430 246
1807440 245
1807450 244
1807460 243
1807470 243
1807480 243
1807490 242
1807500 242
1807510 242
1807520 242
1807530 242
1807540 242
1807550 242
1807560 242
1807570 242
1807580 242
1807590 242
1807600 243
1807610 243
1807620 244
1807630 245
1807640 246
1807650 248
1807660 250
1807670 251
1807680 253
1807690 254
1807700 256
1807710 258
1807720 260
1807730 261
1807740 263
1807750 264
1807760 264
1807770 265
1807780 266
1807790 266
1807800 267
1807810 267
1807820 268
1807830 268
1807840 269
1807850 269
1807860 270
1807870 271
1807880 272
1807890 273
1807900 274
1807910 275
1807920 276
1807930 276
1807940 277
1807950 278
1807960 280
1807970 282
1807980 285
1807990 288
1808000 290
1808010 292
1808020 293
1808030 295
1808040 297
1808050 297
1808060 298
1808070 298
1808080 298
1808090 298
1808100 297
1808110 297
1808120 296
1808130 295
1808140 294
1808150 294
1808160 293
1808170 293
1808180 292
1808190 291
1808200 290
1808210 289
1808220 288
1808230 287
1808240 286
1808250 285
1808260 284
1808270 284
1808280 283
1808290 282
1808300 282
1808310 281
1808320 281
1808330 280
1808340 279
1808350 277
1808360 276
1808370 274
1808380 273
1808390 271
1808400 270
1808410 270
1808420 269
1808430 268
1808440 268
1808450 267
1808460 266
1808470 265
1808480 264
1808490 263
1808500 262
1808510 261
1808520 260
1808530 259
1808540 258
1808550 257
1808560 256
1808570 255
1808580 254
1808590 253
1808600 253
1808610 252
1808620 251
1808630 251
1808640 250
1808650 250
1808660 249
1808670 249
1808680 248
1808690 248
1808700 247
1808710 246
1808720 246
1808730 245
1808740 245
1808750 244
1808760 243
1808770 243
1808780 242
1808790 242
1808800 241
1808810 241
1808820 240
1808830 240
1808840 240
1808850 240
1808860 239
1808870 239
1808880 239
1808890 239
1808900 239
1808910 239
1808920 239
1808930 239
1808940 239
1808950 240
1808960 240
1808970 240
1808980 240
1808990 240
1809000 240
1809010 240
1809020 240
1809030 241
1809040 241
1809050 241
1809060 241
1809070 241
1809080 241
1809090 241
1809100 241
1809110 240
1809120 240
1809130 240
1809140 240
1809150 240
1809160 240
1809170 240
1809180 240
1809190 240
1809200 240
1809210 240
1809220 240
1809230 240
1809240 240
1809250 240
1809260 239
1809270 239
1809280 239
1809290 239
1809300 239
1809310 238
1809320 238
1809330 238
1809340 237
1809350 237
1809360 237
1809370 237
1809380 237
1809390 236
1809400 236
1809410 236
1809420 235
1809430 235
1809440 235
1809450 234
1809460 234
1809470 234
1809480 234
1809490 233
1809500 233
1809510 232
1809520 233
1809530 233
1809540 233
1809550 233
1809560 232
1809570 232
1809580 232
1809590 232
1809600 232
1809610 232
1809620 232
1809630 232
1809640 232
1809650 232
1809660 233
1809670 233
1809680 233
1809690 234
1809700 234
1809710 235
1809720 235
1809730 236
1809740 236
1809750 237
1809760 237
1809770 237
1809780 237
1809790 237
1809800 237
1809810 237
1809820 237
1809830 237
1809840 236
1809850 236
1809860 236
1809870 236
1809880 236
1809890 236
1809900 236
1809910 236
1809920 236
1809930 236
1809940 236
1809950 236
1809960 236
1809970 236
1809980 236
1809990 236
1810000 236
1810010 237
1810020 237
1810030 237
1810040 237
1810050 237
1810060 237
1810070 237
1810080 238
1810090 238
1810100 238
1810110 238
1810120 238
1810130 238
1810140 238
1810150 239
1810160 239
1810170 240
1810180 240
1810190 241
1810200 242
1810210 244
1810220 245
1810230 246
1810240 247
1810250 248
1810260 249
1810270 250
1810280 251
1810290 252
1810300 253
1810310 254
1810320 254
1810330 255
1810340 256
1810350 256
1810360 257
1810370 258
1810380 259
1810390 260
1810400 260
1810410 261
1810420 262
1810430 264
1810440 265
1810450 266
1810460 268
1810470 269
1810480 270
1810490 271
1810500 271
1810510 272
1810520 273
1810530 274
1810540 275
1810550 276
1810560 277
1810570 278
1810580 279
1810590 279
1810600 280
1810610 281
1810620 282
1810630 283
1810640 284
1810650 285
1810660 286
1810670 287
1810680 288
1810690 289
1810700 290
1810710 291
1810720 291
1810730 292
1810740 293
1810750 293
1810760 294
1810770 294
1810780 294
1810790 293
1810800 293
1810810 293
1810820 293
1810830 294
1810840 294
1810850 294
1810860 294
1810870 294
1810880 294
1810890 294
1810900 293
1810910 293
1810920 292
1810930 291
1810940 290
1810950 289
1810960 288
1810970 287
1810980 285
1810990 284
1811000 282
1811010 281
1811020 280
1811030 279
1811040 278
1811050 277
1811060 276
1811070 276
1811080 275
1811090 275
1811100 274
1811110 274
1811120 273
1811130 272
1811140 272
1811150 271
1811160 270
1811170 270
1811180 269
1811190 268
1811200 267
1811210 267
1811220 266
1811230 265
1811240 264
1811250 263
1811260 263
1811270 262
1811280 261
1811290 260
1811300 258
1811310 257
1811320 256
1811330 255
1811340 254
1811350 253
1811360 252
1811370 252
1811380 251
1811390 249
1811400 248
1811410 247
1811420 246
1811430 245
1811440 244
1811450 243
1811460 243
1811470 242
1811480 241
1811490 241
1811500 240
1811510 239
1811520 238
1811530 238
1811540 237
1811550 237
1811560 237
1811570 236
1811580 236
1811590 236
1811600 235
1811610 235
1811620 235
1811630 235
1811640 234
1811650 234
1811660 234
1811670 234
1811680 233
1811690 233
1811700 233
1811710 233
1811720 233
1811730 233
1811740 234
1811750 235
1811760 236
1811770 236
1811780 237
1811790 238
1811800 239
1811810 240
1811820 240
1811830 240
1811840 241
1811850 241
1811860 242
1811870 242
1811880 243
1811890 243
1811900 244
1811910 244
1811920 245
1811930 245
1811940 246
1811950 246
1811960 246
1811970 247
1811980 247
1811990 248
1812000 248
1812010 248
1812020 248
1812030 248
1812040 248
1812050 247
1812060 247
1812070 247
1812080 247
1812090 247
1812100 246
1812110 246
1812120 246
1812130 246
1812140 245
1812150 245
1812160 245
1812170 244
1812180 244
1812190 244
1812200 243
1812210 242
1812220 242
1812230 241
1812240 241
1812250 240
1812260 240
1812270 240
1812280 239
1812290 239
1812300 239
1812310 238
1812320 237
1812330 237
1812340 236
1812350 235
1812360 235
1812370 234
1812380 233
1812390 233
1812400 232
1812410 231
1812420 231
1812430 230
1812440 229
1812450 228
1812460 228
1812470 227
1812480 227
1812490 226
1812500 225
1812510 225
1812520 225
1812530 224
1812540 224
1812550 223
1812560 223
1812570 223
1812580 222
1812590 222
1812600 222
1812610 222
1812620 222
1812630 221
1812640 221
1812650 221
1812660 221
1812670 221
1812680 221
1812690 221
1812700 221
1812710 221
1812720 221
1812730 221
1812740 221
1812750 221
1812760 221
1812770 221
1812780 221
1812790 221
1812800 221
1812810 221
1812820 221
1812830 221
1812840 221
1812850 221
1812860 221
1812870 221
1812880 221
1812890 221
1812900 221
1812910 221
1812920 221
1812930 221
1812940 221
1812950 220
1812960 220
1812970 219
1812980 220
1812990 220
1813000 221
1813010 221
1813020 221
1813030 221
1813040 221
1813050 221
1813060 221
1813070 221
1813080 221
1813090 221
1813100 221
1813110 221
1813120 221
1813130 221
1813140 221
1813150 221
1813160 221
1813170 221
1813180 221
1813190 221
1813200 221
1813210 221
1813220 221
1813230 221
1813240 220
1813250 220
1813260 221
1813270 221
1813280 221
1813290 221
1813300 221
1813310 221
1813320 221
1813330 221
1813340 221
1813350 221
1813360 221
1813370 222
1813380 222
1813390 222
1813400 222
1813410 222
1813420 222
1813430 222
1813440 222
1813450 222
1813460 222
1813470 221
1813480 221
1813490 221
1813500 221
1813510 221
1813520 221
1813530 221
1813540 221
1813550 221
1813560 221
1813570 220
1813580 220
1813590 220
1813600 221
1813610 221
1813620 221
1813630 221
1813640 221
1813650 221
1813660 221
1813670 222
1813680 222
1813690 222
1813700 222
1813710 221
1813720 221
1813730 221
1813740 221
1813750 222
1813760 222
1813770 222
1813780 222
1813790 222
1813800 222
1813810 222
1813820 223
1813830 223
1813840 223
1813850 223
1813860 223
1813870 223
1813880 223
1813890 223
1813900 223
1813910 223
1813920 223
1813930 224
1813940 224
1813950 224
1813960 225
1813970 226
1813980 227
1813990 228
1814000 228
1814010 230
1814020 231
1814030 232
1814040 232
1814050 233
1814060 234
1814070 235
1814080 236
1814090 237
1814100 238
1814110 238
1814120 237
1814130 237
1814140 236
1814150 236
1814160 235
1814170 235
1814180 234
1814190 234
1814200 233
1814210 232
1814220 232
1814230 233
1814240 233
1814250 234
1814260 234
1814270 234
1814280 234
1814290 235
1814300 235
1814310 235
1814320 235
1814330 236
1814340 236
1814350 236
1814360 237
1814370 238
1814380 238
1814390 239
1814400 238
1814410 237
1814420 237
1814430 237
1814440 237
1814450 237
1814460 237
1814470 236
1814480 236
1814490 237
1814500 238
1814510 240
1814520 240
1814530 240
1814540 240
1814550 240
1814560 239
1814570 239
1814580 239
1814590 240
1814600 240
1814610 240
1814620 241
1814630 241
1814640 241
1814650 242
1814660 243
1814670 244
1814680 244
1814690 245
1814700 245
1814710 245
1814720 245
1814730 245
1814740 244
1814750 244
1814760 244
1814770 243
1814780 243
1814790 244
1814800 244
1814810 244
1814820 245
1814830 245
1814840 246
1814850 246
1814860 246
1814870 246
1814880 247
1814890 247
1814900 247
1814910 247
1814920 247
1814930 247
1814940 246
1814950 246
1814960 247
1814970 247
1814980 247
1814990 247
1815000 246
1815010 246
1815020 246
1815030 246
1815040 246
1815050 245
1815060 245
1815070 245
1815080 244
1815090 244
1815100 244
1815110 243
1815120 243
1815130 242
1815140 242
1815150 241
1815160 241
1815170 240
1815180 239
1815190 239
1815200 238
1815210 238
1815220 238
1815230 237
1815240 237
1815250 236
1815260 235
1815270 234
1815280 233
1815290 232
1815300 231
1815310 230
1815320 229
1815330 228
1815340 226
1815350 225
1815360 224
1815370 223
1815380 223
1815390 222
1815400 221
1815410 220
1815420 220
1815430 219
1815440 218
1815450 218
1815460 218
1815470 217
1815480 217
1815490 217
1815500 217
1815510 217
1815520 216
1815530 216
1815540 216
1815550 216
1815560 216
1815570 216
1815580 216
1815590 216
1815600 216
1815610 216
1815620 216
1815630 216
1815640 216
1815650 216
1815660 216
1815670 216
1815680 216
1815690 216
1815700 216
1815710 216
1815720 216
1815730 216
1815740 216
1815750 216
1815760 216
1815770 216
1815780 216
1815790 216
1815800 216
1815810 215
1815820 214
1815830 215
1815840 215
1815850 216
1815860 216
1815870 216
1815880 216
1815890 216
1815900 215
1815910 215
1815920 215
1815930 215
1815940 215
1815950 215
1815960 215
1815970 215
1815980 215
1815990 215
1816000 215
1816010 215
1816020 215
1816030 215
1816040 215
1816050 215
1816060 215
1816070 215
1816080 215
1816090 215
1816100 215
1816110 215
1816120 215
1816130 215
1816140 215
1816150 215
1816160 214
1816170 214
1816180 214
1816190 214
1816200 214
1816210 214
1816220 214
1816230 214
1816240 214
1816250 214
1816260 215
1816270 215
1816280 215
1816290 215
1816300 215
1816310 215
1816320 215
1816330 215
1816340 215
1816350 215
1816360 215
1816370 215
1816380 214
1816390 214
1816400 215
1816410 215
1816420 215
1816430 215
1816440 215
1816450 215
1816460 215
1816470 215
1816480 215
1816490 215
1816500 215
1816510 215
1816520 215
1816530 215
1816540 215
1816550 215
1816560 215
1816570 215
1816580 215
1816590 215
1816600 215
1816610 215
1816620 215
1816630 215
1816640 215
1816650 215
1816660 215
1816670 215
1816680 215
1816690 216
1816700 216
1816710 216
1816720 216
1816730 215
1816740 216
1816750 216
1816760 215
1816770 215
1816780 216
1816790 216
1816800 216
1816810 216
1816820 217
1816830 218
1816840 219
1816850 219
1816860 220
1816870 220
1816880 220
1816890 220
1816900 221
1816910 221
1816920 222
1816930 223
1816940 223
1816950 224
1816960 224
1816970 223
1816980 224
1816990 225
1817000 226
1817010 227
1817020 228
1817030 228
1817040 228
1817050 228
1817060 228
1817070 228
1817080 228
1817090 228
1817100 228
1817110 228
1817120 228
1817130 228
1817140 229
1817150 229
1817160 229
1817170 228
1817180 228
1817190 227
1817200 226
1817210 225
1817220 225
1817230 225
1817240 225
1817250 225
1817260 225
1817270 225
1817280 224
1817290 224
1817300 224
1817310 224
1817320 223
1817330 223
1817340 223
1817350 223
1817360 223
1817370 222
1817380 222
1817390 221
1817400 221
1817410 220
1817420 221
1817430 221
1817440 221
1817450 221
1817460 220
1817470 220
1817480 219
1817490 219
1817500 218
1817510 218
1817520 217
1817530 217
1817540 217
1817550 216
1817560 216
1817570 216
1817580 216
1817590 216
1817600 215
1817610 215
1817620 215
1817630 215
1817640 214
1817650 214
1817660 214
1817670 214
1817680 214
1817690 214
1817700 214
1817710 214
1817720 214
1817730 214
1817740 214
1817750 214
1817760 214
1817770 214
1817780 214
1817790 214
1817800 214
1817810 215
1817820 216
1817830 216
1817840 214
1817850 213
1817860 213
1817870 213
1817880 213
1817890 213
1817900 213
1817910 213
1817920 213
1817930 213
1817940 213
1817950 213
1817960 213
1817970 213
1817980 213
1817990 213
1818000 213
1818010 213
1818020 213
1818030 213
1818040 213
1818050 213
1818060 213
1818070 213
1818080 213
1818090 213
1818100 213
1818110 213
1818120 213
1818130 213
1818140 213
1818150 213
1818160 213
1818170 213
1818180 213
1818190 213
1818200 213
1818210 212
1818220 212
1818230 213
1818240 213
1818250 213
1818260 213
1818270 212
1818280 212
1818290 211
1818300 211
1818310 210
1818320 211
1818330 212
1818340 212
1818350 213
1818360 213
1818370 213
1818380 213
1818390 213
1818400 213
1818410 213
1818420 213
1818430 213
1818440 213
1818450 213
1818460 213
1818470 213
1818480 213
1818490 213
1818500 213
1818510 213
1818520 213
1818530 213
1818540 213
1818550 212
1818560 212
1818570 212
1818580 212
1818590 212
1818600 212
1818610 212
1818620 212
1818630 212
1818640 212
1818650 212
1818660 212
1818670 212
1818680 212
1818690 212
1818700 213
1818710 213
1818720 213
1818730 213
1818740 213
1818750 213
1818760 212
1818770 212
1818780 212
1818790 212
1818800 212
1818810 212
1818820 212
1818830 212
1818840 212
1818850 212
1818860 212
1818870 212
1818880 212
1818890 212
1818900 212
1818910 212
1818920 212
1818930 212
1818940 212
1818950 212
1818960 212
1818970 212
1818980 212
1818990 212
1819000 212
1819010 212
1819020 212
1819030 212
1819040 212
1819050 212
1819060 213
1819070 213
1819080 213
1819090 214
1819100 214
1819110 214
1819120 214
1819130 215
1819140 215
1819150 215
1819160 216
1819170 216
1819180 216
1819190 216
1819200 216
1819210 217
1819220 217
1819230 217
1819240 217
1819250 217
1819260 218
1819270 218
1819280 218
1819290 218
1819300 218
1819310 218
1819320 218
1819330 218
1819340 218
1819350 218
1819360 219
1819370 219
1819380 219
1819390 219
1819400 219
1819410 219
1819420 219
1819430 219
1819440 219
1819450 219
1819460 219
1819470 220
1819480 220
1819490 220
1819500 220
1819510 220
1819520 221
1819530 222
1819540 222
1819550 223
1819560 223
1819570 224
1819580 225
1819590 225
1819600 226
1819610 227
1819620 228
1819630 228
1819640 229
1819650 230
1819660 230
1819670 230
1819680 231
1819690 231
1819700 231
1819710 231
1819720 231
1819730 231
1819740 231
1819750 231
1819760 231
1819770 231
1819780 231
1819790 231
1819800 230
1819810 230
1819820 230
1819830 230
1819840 230
1819850 230
1819860 230
1819870 230
1819880 230
1819890 230
1819900 230
1819910 229
1819920 229
1819930 229
1819940 229
1819950 229
1819960 229
1819970 229
1819980 229
1819990 230
