1800000 282
1800010 282
1800020 282
1800030 282
1800040 283
1800050 283
1800060 283
1800070 283
1800080 284
1800090 284
1800100 284
1800110 285
1800120 285
1800130 286
1800140 286
1800150 287
1800160 287
1800170 287
1800180 287
1800190 287
1800200 287
1800210 287
1800220 287
1800230 287
1800240 287
1800250 286
1800260 286
1800270 287
1800280 287
1800290 287
1800300 287
1800310 288
1800320 288
1800330 289
1800340 290
1800350 291
1800360 292
1800370 293
1800380 295
1800390 296
1800400 296
1800410 297
1800420 298
1800430 299
1800440 301
1800450 302
1800460 303
1800470 305
1800480 306
1800490 308
1800500 310
1800510 312
1800520 315
1800530 317
1800540 319
1800550 320
1800560 322
1800570 323
1800580 324
1800590 325
1800600 326
1800610 327
1800620 327
1800630 328
1800640 328
1800650 328
1800660 328
1800670 327
1800680 327
1800690 326
1800700 325
1800710 325
1800720 325
1800730 324
1800740 323
1800750 322
1800760 321
1800770 321
1800780 320
1800790 319
1800800 318
1800810 317
1800820 316
1800830 315
1800840 314
1800850 313
1800860 313
1800870 312
1800880 312
1800890 312
1800900 312
1800910 312
1800920 311
1800930 311
1800940 310
1800950 310
1800960 309
1800970 309
1800980 309
1800990 309
1801000 309
1801010 308
1801020 308
1801030 308
1801040 308
1801050 308
1801060 309
1801070 310
1801080 311
1801090 311
1801100 312
1801110 313
1801120 313
1801130 313
1801140 312
1801150 313
1801160 313
1801170 313
1801180 313
1801190 314
1801200 315
1801210 316
1801220 317
1801230 318
1801240 319
1801250 320
1801260 321
1801270 322
1801280 323
1801290 323
1801300 324
1801310 325
1801320 325
1801330 326
1801340 327
1801350 328
1801360 329
1801370 330
1801380 331
1801390 332
1801400 333
1801410 333
1801420 334
1801430 336
1801440 337
1801450 338
1801460 339
1801470 341
1801480 343
1801490 344
1801500 345
1801510 347
1801520 349
1801530 351
1801540 352
1801550 354
1801560 355
1801570 356
1801580 357
1801590 359
1801600 359
1801610 360
1801620 362
1801630 363
1801640 364
1801650 365
1801660 365
1801670 366
1801680 366
1801690 366
1801700 366
1801710 367
1801720 367
1801730 367
1801740 367
1801750 367
1801760 367
1801770 367
1801780 367
1801790 367
1801800 367
1801810 367
1801820 367
1801830 366
1801840 366
1801850 366
1801860 365
1801870 365
1801880 364
1801890 364
1801900 364
1801910 364
1801920 363
1801930 363
1801940 363
1801950 363
1801960 363
1801970 363
1801980 363
1801990 363
1802000 364
1802010 365
1802020 366
1802030 366
1802040 366
1802050 366
1802060 367
1802070 367
1802080 367
1802090 367
1802100 368
1802110 369
1802120 369
1802130 370
1802140 372
1802150 373
1802160 374
1802170 374
1802180 374
1802190 372
1802200 370
1802210 368
1802220 365
1802230 363
1802240 361
1802250 359
1802260 356
1802270 354
1802280 352
1802290 349
1802300 347
1802310 345
1802320 343
1802330 341
1802340 340
1802350 339
1802360 338
1802370 337
1802380 336
1802390 334
1802400 332
1802410 331
1802420 330
1802430 328
1802440 327
1802450 326
1802460 325
1802470 323
1802480 322
1802490 321
1802500 320
1802510 319
1802520 318
1802530 317
1802540 317
1802550 317
1802560 317
1802570 316
1802580 315
1802590 313
1802600 312
1802610 311
1802620 310
1802630 309
1802640 308
1802650 308
1802660 307
1802670 306
1802680 305
1802690 305
1802700 304
1802710 303
1802720 303
1802730 303
1802740 304
1802750 305
1802760 306
1802770 307
1802780 308
1802790 310
1802800 311
1802810 312
1802820 313
1802830 314
1802840 315
1802850 316
1802860 318
1802870 319
1802880 321
1802890 322
1802900 324
1802910 326
1802920 328
1802930 330
1802940 331
1802950 333
1802960 335
1802970 337
1802980 339
1802990 341
1803000 343
1803010 345
1803020 346
1803030 347
1803040 347
1803050 347
1803060 347
1803070 347
1803080 347
1803090 346
1803100 345
1803110 344
1803120 343
1803130 341
1803140 340
1803150 339
1803160 337
1803170 336
1803180 336
1803190 335
1803200 334
1803210 333
1803220 332
1803230 332
1803240 331
1803250 330
1803260 329
1803270 329
1803280 328
1803290 327
1803300 327
1803310 326
1803320 325
1803330 324
1803340 323
1803350 322
1803360 321
1803370 320
1803380 318
1803390 317
1803400 315
1803410 313
1803420 313
1803430 313
1803440 313
1803450 314
1803460 315
1803470 316
1803480 317
1803490 317
1803500 318
1803510 318
1803520 318
1803530 319
1803540 319
1803550 320
1803560 320
1803570 321
1803580 321
1803590 322
1803600 323
1803610 324
1803620 325
1803630 326
1803640 328
1803650 329
1803660 331
1803670 332
1803680 335
1803690 337
1803700 338
1803710 339
1803720 341
1803730 342
1803740 343
1803750 344
1803760 346
1803770 347
1803780 349
1803790 350
1803800 352
1803810 353
1803820 355
1803830 356
1803840 356
1803850 356
1803860 355
1803870 354
1803880 352
1803890 351
1803900 350
1803910 348
1803920 346
1803930 345
1803940 344
1803950 342
1803960 341
1803970 340
1803980 338
1803990 337
1804000 335
1804010 334
1804020 332
1804030 331
1804040 329
1804050 327
1804060 326
1804070 324
1804080 323
1804090 322
1804100 321
1804110 319
1804120 317
1804130 315
1804140 313
1804150 312
1804160 311
1804170 310
1804180 309
1804190 307
1804200 305
1804210 302
1804220 299
1804230 298
1804240 297
1804250 297
1804260 296
1804270 295
1804280 294
1804290 293
1804300 292
1804310 292
1804320 292
1804330 292
1804340 292
1804350 292
1804360 291
1804370 290
1804380 290
1804390 293
1804400 294
1804410 296
1804420 297
1804430 298
1804440 299
1804450 300
1804460 301
1804470 302
1804480 302
1804490 302
1804500 302
1804510 303
1804520 304
1804530 305
1804540 307
1804550 308
1804560 310
1804570 310
1804580 312
1804590 312
1804600 313
1804610 313
1804620 315
1804630 316
1804640 317
1804650 318
1804660 319
1804670 323
1804680 327
1804690 331
1804700 334
1804710 335
1804720 335
1804730 335
1804740 335
1804750 336
1804760 336
1804770 336
1804780 336
1804790 336
1804800 337
1804810 338
1804820 338
1804830 339
1804840 339
1804850 339
1804860 338
1804870 337
1804880 336
1804890 335
1804900 334
1804910 333
1804920 331
1804930 329
1804940 326
1804950 323
1804960 322
1804970 321
1804980 320
1804990 318
1805000 317
1805010 316
1805020 315
1805030 314
1805040 313
1805050 313
1805060 312
1805070 311
1805080 310
1805090 309
1805100 308
1805110 307
1805120 306
1805130 306
1805140 305
1805150 304
1805160 303
1805170 303
1805180 302
1805190 302
1805200 301
1805210 300
1805220 299
1805230 299
1805240 299
1805250 300
1805260 300
1805270 301
1805280 302
1805290 303
1805300 304
1805310 305
1805320 305
1805330 306
1805340 307
1805350 307
1805360 307
1805370 307
1805380 306
1805390 305
1805400 305
1805410 305
1805420 306
1805430 307
1805440 308
1805450 309
1805460 309
1805470 311
1805480 312
1805490 313
1805500 315
1805510 316
1805520 317
1805530 318
1805540 319
1805550 320
1805560 320
1805570 320
1805580 320
1805590 321
1805600 322
1805610 324
1805620 327
1805630 329
1805640 332
1805650 335
1805660 337
1805670 339
1805680 341
1805690 341
1805700 342
1805710 341
1805720 341
1805730 340
1805740 339
1805750 338
1805760 336
1805770 334
1805780 332
1805790 330
1805800 328
1805810 326
1805820 324
1805830 322
1805840 321
1805850 320
1805860 318
1805870 317
1805880 316
1805890 315
1805900 315
1805910 315
1805920 314
1805930 314
1805940 313
1805950 313
1805960 312
1805970 311
1805980 311
1805990 312
1806000 312
1806010 311
1806020 311
1806030 311
1806040 310
1806050 309
1806060 308
1806070 308
1806080 307
1806090 306
1806100 304
1806110 303
1806120 302
1806130 301
1806140 300
1806150 299
1806160 299
1806170 298
1806180 298
1806190 298
1806200 298
1806210 299
1806220 298
1806230 298
1806240 298
1806250 298
1806260 298
1806270 298
1806280 297
1806290 297
1806300 297
1806310 297
1806320 296
1806330 295
1806340 295
1806350 294
1806360 294
1806370 293
1806380 292
1806390 292
1806400 291
1806410 290
1806420 289
1806430 289
1806440 288
1806450 287
1806460 286
1806470 286
1806480 285
1806490 284
1806500 283
1806510 283
1806520 282
1806530 282
1806540 281
1806550 280
1806560 280
1806570 278
1806580 277
1806590 273
1806600 270
1806610 267
1806620 266
1806630 266
1806640 265
1806650 264
1806660 264
1806670 264
1806680 264
1806690 263
1806700 263
1806710 262
1806720 261
1806730 260
1806740 259
1806750 258
1806760 258
1806770 257
1806780 257
1806790 257
1806800 258
1806810 258
1806820 259
1806830 260
1806840 261
1806850 262
1806860 264
1806870 265
1806880 266
1806890 266
1806900 266
1806910 266
1806920 266
1806930 266
1806940 265
1806950 265
1806960 265
1806970 264
1806980 264
1806990 263
1807000 263
1807010 263
1807020 262
1807030 262
1807040 261
1807050 261
1807060 260
1807070 260
1807080 259
1807090 259
1807100 259
1807110 258
1807120 258
1807130 257
1807140 256
1807150 255
1807160 254
1807170 254
1807180 253
1807190 252
1807200 252
1807210 251
1807220 251
1807230 250
1807240 250
1807250 250
1807260 250
1807270 250
1807280 250
1807290 249
1807300 249
1807310 248
1807320 248
1807330 247
1807340 247
1807350 247
1807360 246
1807370 246
1807380 245
1807390 245
1807400 244
1807410 244
1807420 243
1807430 243
1807440 242
1807450 242
1807460 242
1807470 242
1807480 242
1807490 242
1807500 242
1807510 242
1807520 242
1807530 241
1807540 241
1807550 241
1807560 241
1807570 241
1807580 242
1807590 242
1807600 242
1807610 242
1807620 242
1807630 243
1807640 244
1807650 245
1807660 246
1807670 246
1807680 247
1807690 249
1807700 250
1807710 251
1807720 252
1807730 254
1807740 256
1807750 257
1807760 258
1807770 259
1807780 260
1807790 261
1807800 261
1807810 262
1807820 263
1807830 264
1807840 264
1807850 265
1807860 266
1807870 267
1807880 268
1807890 269
1807900 270
1807910 271
1807920 272
1807930 273
1807940 274
1807950 274
1807960 275
1807970 278
1807980 280
1807990 282
1808000 284
1808010 287
1808020 289
1808030 291
1808040 292
1808050 294
1808060 294
1808070 294
1808080 294
1808090 294
1808100 294
1808110 294
1808120 293
1808130 292
1808140 291
1808150 290
1808160 290
1808170 289
1808180 289
1808190 289
1808200 288
1808210 287
1808220 287
1808230 286
1808240 285
1808250 285
1808260 284
1808270 283
1808280 282
1808290 281
1808300 280
1808310 279
1808320 278
1808330 277
1808340 276
1808350 275
1808360 274
1808370 273
1808380 272
1808390 271
1808400 271
1808410 270
1808420 270
1808430 269
1808440 268
1808450 268
1808460 267
1808470 266
1808480 265
1808490 264
1808500 263
1808510 262
1808520 261
1808530 259
1808540 258
1808550 257
1808560 256
1808570 255
1808580 254
1808590 253
1808600 253
1808610 252
1808620 251
1808630 251
1808640 251
1808650 250
1808660 249
1808670 248
1808680 248
1808690 247
1808700 246
1808710 245
1808720 244
1808730 244
1808740 243
1808750 242
1808760 242
1808770 241
1808780 240
1808790 240
1808800 240
1808810 239
1808820 239
1808830 238
1808840 238
1808850 238
1808860 238
1808870 238
1808880 237
1808890 237
1808900 237
1808910 237
1808920 236
1808930 236
1808940 237
1808950 237
1808960 237
1808970 237
1808980 237
1808990 237
1809000 237
1809010 237
1809020 237
1809030 237
1809040 237
1809050 237
1809060 237
1809070 237
1809080 237
1809090 237
1809100 237
1809110 237
1809120 237
1809130 237
1809140 237
1809150 237
1809160 237
1809170 237
1809180 238
1809190 238
1809200 238
1809210 238
1809220 238
1809230 237
1809240 237
1809250 238
1809260 238
1809270 238
1809280 238
1809290 238
1809300 237
1809310 237
1809320 237
1809330 236
1809340 236
1809350 236
1809360 235
1809370 235
1809380 235
1809390 235
1809400 234
1809410 234
1809420 234
1809430 234
1809440 233
1809450 233
1809460 233
1809470 233
1809480 232
1809490 232
1809500 232
1809510 232
1809520 232
1809530 232
1809540 232
1809550 232
1809560 232
1809570 232
1809580 232
1809590 232
1809600 232
1809610 232
1809620 232
1809630 232
1809640 232
1809650 232
1809660 232
1809670 232
1809680 232
1809690 233
1809700 233
1809710 233
1809720 234
1809730 234
1809740 234
1809750 235
1809760 235
1809770 235
1809780 235
1809790 235
1809800 235
1809810 235
1809820 235
1809830 234
1809840 234
1809850 234
1809860 234
1809870 233
1809880 233
1809890 233
1809900 233
1809910 233
1809920 233
1809930 233
1809940 233
1809950 234
1809960 234
1809970 234
1809980 234
1809990 234
1810000 234
1810010 234
1810020 234
1810030 234
1810040 235
1810050 235
1810060 235
1810070 235
1810080 235
1810090 235
1810100 236
1810110 236
1810120 237
1810130 237
1810140 238
1810150 239
1810160 240
1810170 241
1810180 242
1810190 243
1810200 244
1810210 245
1810220 246
1810230 247
1810240 248
1810250 249
1810260 250
1810270 251
1810280 252
1810290 253
1810300 253
1810310 254
1810320 255
1810330 256
1810340 256
1810350 257
1810360 258
1810370 258
1810380 259
1810390 260
1810400 260
1810410 261
1810420 262
1810430 263
1810440 264
1810450 265
1810460 266
1810470 267
1810480 267
1810490 268
1810500 269
1810510 269
1810520 270
1810530 271
1810540 272
1810550 272
1810560 273
1810570 274
1810580 275
1810590 276
1810600 277
1810610 277
1810620 278
1810630 279
1810640 280
1810650 280
1810660 281
1810670 282
1810680 283
1810690 284
1810700 285
1810710 286
1810720 287
1810730 288
1810740 288
1810750 289
1810760 289
1810770 290
1810780 291
1810790 291
1810800 291
1810810 292
1810820 292
1810830 292
1810840 291
1810850 291
1810860 291
1810870 291
1810880 291
1810890 291
1810900 291
1810910 291
1810920 291
1810930 290
1810940 290
1810950 289
1810960 288
1810970 287
1810980 286
1810990 285
1811000 284
1811010 282
1811020 281
1811030 280
1811040 279
1811050 278
1811060 278
1811070 277
1811080 276
1811090 276
1811100 275
1811110 274
1811120 274
1811130 273
1811140 273
1811150 272
1811160 272
1811170 271
1811180 270
1811190 270
1811200 269
1811210 268
1811220 268
1811230 267
1811240 266
1811250 265
1811260 264
1811270 263
1811280 262
1811290 261
1811300 260
1811310 259
1811320 258
1811330 257
1811340 256
1811350 254
1811360 253
1811370 253
1811380 252
1811390 251
1811400 250
1811410 250
1811420 249
1811430 248
1811440 247
1811450 246
1811460 245
1811470 244
1811480 244
1811490 243
1811500 242
1811510 241
1811520 241
1811530 240
1811540 239
1811550 239
1811560 238
1811570 238
1811580 237
1811590 237
1811600 236
1811610 236
1811620 235
1811630 235
1811640 235
1811650 235
1811660 235
1811670 234
1811680 234
1811690 234
1811700 233
1811710 233
1811720 233
1811730 233
1811740 232
1811750 232
1811760 232
1811770 231
1811780 232
1811790 232
1811800 232
1811810 233
1811820 234
1811830 234
1811840 235
1811850 235
1811860 236
1811870 237
1811880 237
1811890 238
1811900 238
1811910 239
1811920 239
1811930 239
1811940 240
1811950 240
1811960 241
1811970 241
1811980 241
1811990 241
1812000 242
1812010 242
1812020 242
1812030 242
1812040 243
1812050 243
1812060 243
1812070 242
1812080 242
1812090 242
1812100 242
1812110 242
1812120 242
1812130 241
1812140 241
1812150 241
1812160 241
1812170 241
1812180 241
1812190 241
1812200 240
1812210 240
1812220 240
1812230 239
1812240 239
1812250 238
1812260 238
1812270 238
1812280 237
1812290 236
1812300 236
1812310 235
1812320 235
1812330 235
1812340 234
1812350 234
1812360 233
1812370 232
1812380 231
1812390 231
1812400 230
1812410 229
1812420 228
1812430 228
1812440 227
1812450 226
1812460 226
1812470 225
1812480 225
1812490 224
1812500 224
1812510 224
1812520 224
1812530 223
1812540 223
1812550 222
1812560 222
1812570 222
1812580 222
1812590 222
1812600 222
1812610 221
1812620 221
1812630 221
1812640 221
1812650 221
1812660 221
1812670 221
1812680 221
1812690 221
1812700 221
1812710 221
1812720 221
1812730 221
1812740 221
1812750 221
1812760 221
1812770 221
1812780 221
1812790 221
1812800 221
1812810 221
1812820 221
1812830 221
1812840 221
1812850 221
1812860 221
1812870 221
1812880 221
1812890 221
1812900 220
1812910 219
1812920 219
1812930 220
1812940 221
1812950 221
1812960 221
1812970 221
1812980 221
1812990 221
1813000 221
1813010 221
1813020 221
1813030 221
1813040 221
1813050 221
1813060 221
1813070 221
1813080 221
1813090 221
1813100 221
1813110 221
1813120 221
1813130 221
1813140 221
1813150 221
1813160 221
1813170 221
1813180 221
1813190 221
1813200 221
1813210 221
1813220 221
1813230 221
1813240 221
1813250 221
1813260 221
1813270 221
1813280 221
1813290 222
1813300 222
1813310 222
1813320 222
1813330 222
1813340 222
1813350 222
1813360 222
1813370 222
1813380 222
1813390 222
1813400 222
1813410 223
1813420 223
1813430 223
1813440 223
1813450 223
1813460 223
1813470 222
1813480 222
1813490 222
1813500 222
1813510 222
1813520 222
1813530 222
1813540 222
1813550 222
1813560 222
1813570 222
1813580 222
1813590 222
1813600 222
1813610 222
1813620 223
1813630 223
1813640 223
1813650 223
1813660 223
1813670 223
1813680 224
1813690 224
1813700 224
1813710 224
1813720 224
1813730 224
1813740 225
1813750 225
1813760 225
1813770 225
1813780 225
1813790 225
1813800 225
1813810 225
1813820 224
1813830 224
1813840 224
1813850 224
1813860 224
1813870 224
1813880 224
1813890 224
1813900 225
1813910 225
1813920 225
1813930 226
1813940 227
1813950 227
1813960 228
1813970 229
1813980 230
1813990 231
1814000 232
1814010 233
1814020 234
1814030 235
1814040 236
1814050 237
1814060 238
1814070 239
1814080 240
1814090 240
1814100 240
1814110 240
1814120 240
1814130 240
1814140 240
1814150 239
1814160 239
1814170 239
1814180 238
1814190 238
1814200 237
1814210 237
1814220 237
1814230 237
1814240 237
1814250 237
1814260 237
1814270 238
1814280 238
1814290 239
1814300 239
1814310 239
1814320 240
1814330 240
1814340 240
1814350 241
1814360 241
1814370 241
1814380 242
1814390 242
1814400 242
1814410 243
1814420 243
1814430 243
1814440 244
1814450 244
1814460 244
1814470 245
1814480 245
1814490 244
1814500 244
1814510 244
1814520 245
1814530 245
1814540 245
1814550 245
1814560 245
1814570 245
1814580 245
1814590 245
1814600 245
1814610 245
1814620 245
1814630 246
1814640 246
1814650 246
1814660 246
1814670 246
1814680 247
1814690 247
1814700 247
1814710 247
1814720 247
1814730 247
1814740 247
1814750 247
1814760 247
1814770 247
1814780 247
1814790 247
1814800 247
1814810 247
1814820 247
1814830 247
1814840 247
1814850 248
1814860 248
1814870 248
1814880 248
1814890 247
1814900 247
1814910 247
1814920 247
1814930 247
1814940 247
1814950 247
1814960 247
1814970 247
1814980 247
1814990 247
1815000 247
1815010 246
1815020 245
1815030 245
1815040 244
1815050 244
1815060 243
1815070 243
1815080 243
1815090 242
1815100 242
1815110 241
1815120 241
1815130 241
1815140 240
1815150 239
1815160 237
1815170 236
1815180 235
1815190 234
1815200 233
1815210 232
1815220 232
1815230 231
1815240 231
1815250 230
1815260 230
1815270 229
1815280 228
1815290 227
1815300 226
1815310 226
1815320 225
1815330 225
1815340 224
1815350 223
1815360 223
1815370 222
1815380 222
1815390 221
1815400 221
1815410 221
1815420 220
1815430 219
1815440 219
1815450 218
1815460 218
1815470 218
1815480 218
1815490 218
1815500 217
1815510 217
1815520 217
1815530 217
1815540 217
1815550 217
1815560 216
1815570 216
1815580 216
1815590 216
1815600 216
1815610 216
1815620 216
1815630 216
1815640 216
1815650 216
1815660 216
1815670 216
1815680 216
1815690 216
1815700 216
1815710 216
1815720 216
1815730 216
1815740 216
1815750 216
1815760 216
1815770 216
1815780 216
1815790 216
1815800 216
1815810 216
1815820 216
1815830 216
1815840 216
1815850 216
1815860 215
1815870 215
1815880 214
1815890 214
1815900 215
1815910 215
1815920 215
1815930 215
1815940 215
1815950 215
1815960 215
1815970 215
1815980 215
1815990 215
1816000 215
1816010 215
1816020 215
1816030 215
1816040 215
1816050 215
1816060 215
1816070 215
1816080 215
1816090 215
1816100 215
1816110 215
1816120 215
1816130 215
1816140 215
1816150 215
1816160 215
1816170 215
1816180 215
1816190 215
1816200 215
1816210 215
1816220 215
1816230 214
1816240 214
1816250 214
1816260 214
1816270 215
1816280 215
1816290 215
1816300 215
1816310 215
1816320 215
1816330 214
1816340 214
1816350 214
1816360 214
1816370 215
1816380 214
1816390 214
1816400 214
1816410 215
1816420 215
1816430 215
1816440 215
1816450 215
1816460 215
1816470 215
1816480 215
1816490 215
1816500 215
1816510 215
1816520 215
1816530 215
1816540 215
1816550 215
1816560 215
1816570 215
1816580 215
1816590 215
1816600 214
1816610 214
1816620 214
1816630 214
1816640 214
1816650 214
1816660 214
1816670 214
1816680 214
1816690 214
1816700 214
1816710 215
1816720 215
1816730 216
1816740 216
1816750 216
1816760 215
1816770 215
1816780 215
1816790 216
1816800 216
1816810 216
1816820 216
1816830 216
1816840 216
1816850 216
1816860 217
1816870 217
1816880 217
1816890 218
1816900 218
1816910 219
1816920 219
1816930 220
1816940 220
1816950 221
1816960 221
1816970 221
1816980 221
1816990 221
1817000 221
1817010 220
1817020 220
1817030 220
1817040 220
1817050 220
1817060 221
1817070 221
1817080 221
1817090 221
1817100 221
1817110 221
1817120 222
1817130 222
1817140 222
1817150 222
1817160 222
1817170 222
1817180 222
1817190 221
1817200 220
1817210 220
1817220 221
1817230 221
1817240 221
1817250 221
1817260 220
1817270 220
1817280 220
1817290 219
1817300 219
1817310 219
1817320 219
1817330 219
1817340 219
1817350 219
1817360 219
1817370 219
1817380 219
1817390 219
1817400 219
1817410 219
1817420 219
1817430 219
1817440 218
1817450 217
1817460 217
1817470 216
1817480 215
1817490 215
1817500 215
1817510 215
1817520 215
1817530 215
1817540 215
1817550 215
1817560 214
1817570 214
1817580 214
1817590 215
1817600 215
1817610 214
1817620 214
1817630 214
1817640 214
1817650 214
1817660 214
1817670 214
1817680 214
1817690 214
1817700 214
1817710 214
1817720 214
1817730 214
1817740 214
1817750 214
1817760 214
1817770 214
1817780 215
1817790 216
1817800 216
1817810 215
1817820 214
1817830 213
1817840 213
1817850 213
1817860 213
1817870 213
1817880 213
1817890 213
1817900 213
1817910 213
1817920 213
1817930 213
1817940 213
1817950 213
1817960 213
1817970 213
1817980 213
1817990 213
1818000 213
1818010 213
1818020 213
1818030 213
1818040 213
1818050 213
1818060 213
1818070 213
1818080 213
1818090 213
1818100 213
1818110 213
1818120 213
1818130 213
1818140 213
1818150 212
1818160 212
1818170 211
1818180 211
1818190 211
1818200 211
1818210 211
1818220 212
1818230 212
1818240 212
1818250 213
1818260 213
1818270 213
1818280 213
1818290 213
1818300 213
1818310 213
1818320 213
1818330 213
1818340 213
1818350 213
1818360 213
1818370 213
1818380 213
1818390 213
1818400 213
1818410 213
1818420 213
1818430 213
1818440 212
1818450 212
1818460 212
1818470 212
1818480 213
1818490 213
1818500 213
1818510 213
1818520 213
1818530 213
1818540 213
1818550 213
1818560 213
1818570 213
1818580 213
1818590 213
1818600 213
1818610 213
1818620 213
1818630 213
1818640 213
1818650 214
1818660 213
1818670 213
1818680 213
1818690 214
1818700 214
1818710 214
1818720 214
1818730 213
1818740 213
1818750 213
1818760 213
1818770 213
1818780 213
1818790 212
1818800 212
1818810 212
1818820 212
1818830 212
1818840 212
1818850 212
1818860 212
1818870 212
1818880 213
1818890 213
1818900 213
1818910 213
1818920 213
1818930 213
1818940 213
1818950 213
1818960 213
1818970 213
1818980 213
1818990 213
1819000 213
1819010 213
1819020 214
1819030 214
1819040 215
1819050 215
1819060 216
1819070 216
1819080 216
1819090 217
1819100 217
1819110 217
1819120 217
1819130 218
1819140 218
1819150 218
1819160 220
1819170 221
1819180 222
1819190 223
1819200 225
1819210 225
1819220 226
1819230 226
1819240 226
1819250 226
1819260 226
1819270 226
1819280 226
1819290 226
1819300 226
1819310 226
1819320 226
1819330 227
1819340 227
1819350 227
1819360 227
1819370 227
1819380 227
1819390 227
1819400 227
1819410 226
1819420 226
1819430 225
1819440 225
1819450 223
1819460 221
1819470 220
1819480 220
1819490 220
1819500 220
1819510 220
1819520 220
1819530 221
1819540 223
1819550 224
1819560 225
1819570 225
1819580 226
1819590 226
1819600 227
1819610 228
1819620 229
1819630 229
1819640 230
1819650 230
1819660 230
1819670 231
1819680 231
1819690 231
1819700 231
1819710 231
1819720 231
1819730 231
1819740 231
1819750 231
1819760 230
1819770 230
1819780 230
1819790 230
1819800 230
1819810 230
1819820 230
1819830 230
1819840 230
1819850 230
1819860 230
1819870 230
1819880 230
1819890 230
1819900 230
1819910 230
1819920 230
1819930 230
1819940 230
1819950 230
1819960 230
1819970 230
1819980 230
1819990 230
