1800000 287
1800010 288
1800020 289
1800030 289
1800040 290
1800050 290
1800060 291
1800070 291
1800080 292
1800090 292
1800100 292
1800110 293
1800120 293
1800130 294
1800140 294
1800150 294
1800160 295
1800170 295
1800180 295
1800190 296
1800200 296
1800210 296
1800220 296
1800230 295
1800240 295
1800250 294
1800260 294
1800270 294
1800280 293
1800290 293
1800300 293
1800310 292
1800320 292
1800330 291
1800340 291
1800350 291
1800360 291
1800370 292
1800380 293
1800390 293
1800400 294
1800410 296
1800420 298
1800430 299
1800440 299
1800450 300
1800460 301
1800470 303
1800480 304
1800490 305
1800500 307
1800510 309
1800520 312
1800530 314
1800540 316
1800550 319
1800560 321
1800570 323
1800580 325
1800590 328
1800600 330
1800610 331
1800620 332
1800630 333
1800640 334
1800650 334
1800660 334
1800670 334
1800680 334
1800690 333
1800700 333
1800710 332
1800720 332
1800730 331
1800740 330
1800750 329
1800760 329
1800770 328
1800780 327
1800790 326
1800800 325
1800810 325
1800820 324
1800830 323
1800840 322
1800850 321
1800860 320
1800870 320
1800880 319
1800890 319
1800900 319
1800910 319
1800920 318
1800930 318
1800940 318
1800950 318
1800960 319
1800970 319
1800980 319
1800990 320
1801000 320
1801010 321
1801020 321
1801030 322
1801040 323
1801050 323
1801060 324
1801070 324
1801080 324
1801090 324
1801100 324
1801110 324
1801120 324
1801130 324
1801140 324
1801150 325
1801160 325
1801170 325
1801180 326
1801190 326
1801200 326
1801210 326
1801220 325
1801230 324
1801240 324
1801250 324
1801260 325
1801270 325
1801280 325
1801290 326
1801300 327
1801310 328
1801320 329
1801330 331
1801340 332
1801350 334
1801360 335
1801370 336
1801380 337
1801390 337
1801400 338
1801410 339
1801420 340
1801430 340
1801440 340
1801450 341
1801460 342
1801470 342
1801480 344
1801490 345
1801500 346
1801510 347
1801520 348
1801530 350
1801540 351
1801550 353
1801560 355
1801570 356
1801580 357
1801590 357
1801600 358
1801610 359
1801620 360
1801630 361
1801640 362
1801650 363
1801660 363
1801670 364
1801680 364
1801690 364
1801700 363
1801710 363
1801720 363
1801730 362
1801740 362
1801750 361
1801760 360
1801770 359
1801780 358
1801790 357
1801800 356
1801810 356
1801820 356
1801830 356
1801840 356
1801850 355
1801860 355
1801870 354
1801880 354
1801890 354
1801900 354
1801910 353
1801920 354
1801930 354
1801940 354
1801950 354
1801960 355
1801970 355
1801980 356
1801990 356
1802000 356
1802010 357
1802020 357
1802030 358
1802040 359
1802050 360
1802060 361
1802070 361
1802080 361
1802090 361
1802100 362
1802110 362
1802120 363
1802130 363
1802140 363
1802150 364
1802160 365
1802170 365
1802180 366
1802190 366
1802200 366
1802210 365
1802220 363
1802230 362
1802240 361
1802250 359
1802260 357
1802270 355
1802280 353
1802290 351
1802300 349
1802310 347
1802320 345
1802330 344
1802340 342
1802350 341
1802360 339
1802370 338
1802380 337
1802390 335
1802400 333
1802410 332
1802420 330
1802430 328
1802440 326
1802450 325
1802460 323
1802470 322
1802480 321
1802490 320
1802500 318
1802510 318
1802520 317
1802530 316
1802540 315
1802550 314
1802560 313
1802570 312
1802580 311
1802590 309
1802600 308
1802610 307
1802620 306
1802630 305
1802640 304
1802650 303
1802660 302
1802670 302
1802680 301
1802690 301
1802700 301
1802710 300
1802720 301
1802730 301
1802740 302
1802750 303
1802760 304
1802770 304
1802780 305
1802790 306
1802800 307
1802810 308
1802820 309
1802830 310
1802840 311
1802850 312
1802860 313
1802870 314
1802880 316
1802890 318
1802900 319
1802910 321
1802920 323
1802930 325
1802940 327
1802950 329
1802960 332
1802970 334
1802980 336
1802990 338
1803000 340
1803010 342
1803020 343
1803030 344
1803040 345
1803050 345
1803060 345
1803070 345
1803080 344
1803090 343
1803100 342
1803110 341
1803120 340
1803130 338
1803140 338
1803150 337
1803160 336
1803170 335
1803180 334
1803190 333
1803200 331
1803210 330
1803220 329
1803230 327
1803240 326
1803250 325
1803260 324
1803270 322
1803280 321
1803290 319
1803300 318
1803310 317
1803320 316
1803330 315
1803340 314
1803350 313
1803360 312
1803370 311
1803380 311
1803390 311
1803400 311
1803410 311
1803420 311
1803430 311
1803440 311
1803450 312
1803460 312
1803470 313
1803480 314
1803490 314
1803500 315
1803510 316
1803520 317
1803530 318
1803540 319
1803550 319
1803560 320
1803570 321
1803580 323
1803590 325
1803600 326
1803610 328
1803620 329
1803630 330
1803640 332
1803650 333
1803660 334
1803670 336
1803680 337
1803690 338
1803700 339
1803710 340
1803720 342
1803730 343
1803740 344
1803750 346
1803760 347
1803770 349
1803780 350
1803790 352
1803800 353
1803810 355
1803820 356
1803830 358
1803840 359
1803850 361
1803860 362
1803870 361
1803880 360
1803890 358
1803900 356
1803910 353
1803920 352
1803930 350
1803940 349
1803950 347
1803960 345
1803970 343
1803980 342
1803990 341
1804000 340
1804010 338
1804020 336
1804030 335
1804040 333
1804050 332
1804060 329
1804070 326
1804080 324
1804090 322
1804100 321
1804110 320
1804120 319
1804130 318
1804140 317
1804150 315
1804160 314
1804170 312
1804180 311
1804190 310
1804200 309
1804210 309
1804220 308
1804230 307
1804240 306
1804250 305
1804260 305
1804270 302
1804280 300
1804290 299
1804300 299
1804310 300
1804320 300
1804330 300
1804340 299
1804350 298
1804360 298
1804370 298
1804380 298
1804390 298
1804400 299
1804410 299
1804420 300
1804430 301
1804440 302
1804450 304
1804460 306
1804470 306
1804480 307
1804490 307
1804500 307
1804510 307
1804520 308
1804530 310
1804540 311
1804550 311
1804560 312
1804570 313
1804580 314
1804590 316
1804600 317
1804610 319
1804620 322
1804630 324
1804640 327
1804650 330
1804660 331
1804670 332
1804680 333
1804690 332
1804700 331
1804710 330
1804720 329
1804730 328
1804740 327
1804750 327
1804760 327
1804770 328
1804780 328
1804790 328
1804800 328
1804810 328
1804820 329
1804830 330
1804840 331
1804850 332
1804860 333
1804870 334
1804880 334
1804890 333
1804900 332
1804910 331
1804920 330
1804930 329
1804940 328
1804950 327
1804960 325
1804970 324
1804980 323
1804990 322
1805000 321
1805010 320
1805020 319
1805030 318
1805040 317
1805050 316
1805060 315
1805070 315
1805080 314
1805090 313
1805100 313
1805110 312
1805120 311
1805130 310
1805140 310
1805150 309
1805160 309
1805170 308
1805180 307
1805190 306
1805200 306
1805210 306
1805220 307
1805230 307
1805240 307
1805250 308
1805260 308
1805270 308
1805280 309
1805290 310
1805300 311
1805310 312
1805320 314
1805330 315
1805340 316
1805350 316
1805360 317
1805370 317
1805380 318
1805390 319
1805400 319
1805410 317
1805420 316
1805430 314
1805440 315
1805450 315
1805460 317
1805470 317
1805480 317
1805490 318
1805500 319
1805510 320
1805520 321
1805530 323
1805540 325
1805550 327
1805560 329
1805570 331
1805580 332
1805590 334
1805600 335
1805610 337
1805620 338
1805630 339
1805640 340
1805650 341
1805660 342
1805670 343
1805680 343
1805690 344
1805700 344
1805710 344
1805720 343
1805730 343
1805740 342
1805750 341
1805760 340
1805770 339
1805780 337
1805790 335
1805800 333
1805810 332
1805820 330
1805830 328
1805840 326
1805850 325
1805860 324
1805870 324
1805880 323
1805890 323
1805900 322
1805910 322
1805920 322
1805930 322
1805940 321
1805950 321
1805960 320
1805970 320
1805980 320
1805990 320
1806000 320
1806010 319
1806020 319
1806030 318
1806040 317
1806050 317
1806060 316
1806070 315
1806080 313
1806090 312
1806100 311
1806110 310
1806120 310
1806130 310
1806140 309
1806150 309
1806160 309
1806170 308
1806180 308
1806190 308
1806200 308
1806210 307
1806220 307
1806230 306
1806240 306
1806250 306
1806260 305
1806270 305
1806280 304
1806290 304
1806300 304
1806310 303
1806320 302
1806330 302
1806340 301
1806350 301
1806360 300
1806370 299
1806380 298
1806390 298
1806400 297
1806410 296
1806420 295
1806430 293
1806440 292
1806450 291
1806460 290
1806470 290
1806480 289
1806490 288
1806500 287
1806510 286
1806520 285
1806530 283
1806540 282
1806550 281
1806560 280
1806570 279
1806580 278
1806590 276
1806600 275
1806610 272
1806620 270
1806630 269
1806640 269
1806650 269
1806660 268
1806670 267
1806680 266
1806690 266
1806700 265
1806710 264
1806720 264
1806730 263
1806740 262
1806750 261
1806760 262
1806770 262
1806780 263
1806790 263
1806800 264
1806810 264
1806820 265
1806830 267
1806840 269
1806850 271
1806860 271
1806870 272
1806880 272
1806890 273
1806900 273
1806910 273
1806920 274
1806930 274
1806940 274
1806950 274
1806960 274
1806970 274
1806980 273
1806990 273
1807000 272
1807010 272
1807020 272
1807030 272
1807040 270
1807050 269
1807060 268
1807070 267
1807080 265
1807090 264
1807100 264
1807110 264
1807120 263
1807130 263
1807140 262
1807150 261
1807160 260
1807170 260
1807180 259
1807190 259
1807200 258
1807210 258
1807220 258
1807230 258
1807240 257
1807250 257
1807260 255
1807270 255
1807280 254
1807290 254
1807300 253
1807310 252
1807320 252
1807330 251
1807340 251
1807350 251
1807360 250
1807370 249
1807380 249
1807390 248
1807400 247
1807410 247
1807420 246
1807430 246
1807440 245
1807450 244
1807460 243
1807470 243
1807480 243
1807490 243
1807500 242
1807510 242
1807520 242
1807530 242
1807540 242
1807550 242
1807560 242
1807570 242
1807580 242
1807590 243
1807600 243
1807610 243
1807620 244
1807630 245
1807640 246
1807650 248
1807660 250
1807670 252
1807680 253
1807690 255
1807700 257
1807710 259
1807720 261
1807730 262
1807740 263
1807750 265
1807760 266
1807770 266
1807780 267
1807790 267
1807800 268
1807810 268
1807820 269
1807830 269
1807840 270
1807850 270
1807860 271
1807870 272
1807880 273
1807890 274
1807900 275
1807910 275
1807920 276
1807930 277
1807940 278
1807950 279
1807960 281
1807970 284
1807980 287
1807990 289
1808000 291
1808010 293
1808020 294
1808030 296
1808040 297
1808050 298
1808060 298
1808070 298
1808080 298
1808090 298
1808100 298
1808110 297
1808120 297
1808130 296
1808140 295
1808150 294
1808160 294
1808170 293
1808180 292
1808190 291
1808200 290
1808210 289
1808220 288
1808230 287
1808240 286
1808250 285
1808260 284
1808270 284
1808280 283
1808290 283
1808300 282
1808310 281
1808320 281
1808330 280
1808340 279
1808350 278
1808360 276
1808370 274
1808380 273
1808390 272
1808400 270
1808410 270
1808420 269
1808430 268
1808440 268
1808450 267
1808460 266
1808470 265
1808480 264
1808490 263
1808500 262
1808510 261
1808520 260
1808530 259
1808540 258
1808550 257
1808560 256
1808570 256
1808580 255
1808590 254
1808600 253
1808610 252
1808620 252
1808630 251
1808640 251
1808650 250
1808660 249
1808670 249
1808680 248
1808690 248
1808700 247
1808710 246
1808720 246
1808730 245
1808740 245
1808750 244
1808760 244
1808770 243
1808780 242
1808790 242
1808800 241
1808810 241
1808820 241
1808830 240
1808840 240
1808850 240
1808860 240
1808870 240
1808880 240
1808890 240
1808900 240
1808910 240
1808920 240
1808930 240
1808940 240
1808950 240
1808960 240
1808970 240
1808980 240
1808990 241
1809000 241
1809010 241
1809020 241
1809030 241
1809040 241
1809050 241
1809060 242
1809070 241
1809080 241
1809090 241
1809100 241
1809110 241
1809120 241
1809130 241
1809140 241
1809150 241
1809160 241
1809170 241
1809180 241
1809190 240
1809200 240
1809210 240
1809220 240
1809230 240
1809240 240
1809250 240
1809260 240
1809270 240
1809280 239
1809290 239
1809300 239
1809310 239
1809320 238
1809330 238
1809340 238
1809350 237
1809360 237
1809370 237
1809380 237
1809390 237
1809400 236
1809410 236
1809420 236
1809430 235
1809440 235
1809450 234
1809460 234
1809470 234
1809480 234
1809490 233
1809500 233
1809510 233
1809520 233
1809530 233
1809540 233
1809550 233
1809560 233
1809570 233
1809580 232
1809590 232
1809600 232
1809610 232
1809620 232
1809630 233
1809640 233
1809650 233
1809660 233
1809670 233
1809680 233
1809690 234
1809700 234
1809710 235
1809720 236
1809730 236
1809740 237
1809750 237
1809760 237
1809770 237
1809780 238
1809790 238
1809800 237
1809810 237
1809820 237
1809830 237
1809840 237
1809850 237
1809860 237
1809870 236
1809880 236
1809890 236
1809900 236
1809910 236
1809920 236
1809930 236
1809940 236
1809950 236
1809960 236
1809970 236
1809980 237
1809990 237
1810000 237
1810010 237
1810020 237
1810030 238
1810040 238
1810050 238
1810060 238
1810070 238
1810080 238
1810090 238
1810100 238
1810110 238
1810120 239
1810130 239
1810140 239
1810150 239
1810160 239
1810170 240
1810180 240
1810190 241
1810200 242
1810210 244
1810220 245
1810230 246
1810240 247
1810250 248
1810260 249
1810270 250
1810280 251
1810290 252
1810300 253
1810310 254
1810320 255
1810330 255
1810340 256
1810350 257
1810360 258
1810370 258
1810380 259
1810390 260
1810400 260
1810410 261
1810420 262
1810430 264
1810440 266
1810450 267
1810460 268
1810470 269
1810480 270
1810490 271
1810500 272
1810510 273
1810520 273
1810530 275
1810540 276
1810550 277
1810560 277
1810570 278
1810580 279
1810590 280
1810600 281
1810610 282
1810620 283
1810630 284
1810640 285
1810650 286
1810660 287
1810670 288
1810680 289
1810690 290
1810700 290
1810710 291
1810720 292
1810730 293
1810740 293
1810750 294
1810760 294
1810770 294
1810780 294
1810790 293
1810800 293
1810810 293
1810820 293
1810830 294
1810840 295
1810850 295
1810860 295
1810870 295
1810880 295
1810890 294
1810900 294
1810910 293
1810920 292
1810930 292
1810940 290
1810950 289
1810960 288
1810970 287
1810980 285
1810990 283
1811000 282
1811010 281
1811020 280
1811030 279
1811040 278
1811050 277
1811060 276
1811070 275
1811080 275
1811090 274
1811100 274
1811110 273
1811120 273
1811130 272
1811140 271
1811150 271
1811160 270
1811170 269
1811180 269
1811190 268
1811200 267
1811210 266
1811220 266
1811230 265
1811240 264
1811250 263
1811260 262
1811270 262
1811280 260
1811290 259
1811300 258
1811310 257
1811320 256
1811330 255
1811340 254
1811350 253
1811360 252
1811370 251
1811380 250
1811390 249
1811400 248
1811410 247
1811420 246
1811430 245
1811440 244
1811450 243
1811460 243
1811470 242
1811480 241
1811490 240
1811500 240
1811510 239
1811520 238
1811530 238
1811540 237
1811550 237
1811560 237
1811570 236
1811580 236
1811590 236
1811600 235
1811610 235
1811620 235
1811630 235
1811640 234
1811650 234
1811660 234
1811670 234
1811680 233
1811690 233
1811700 233
1811710 233
1811720 234
1811730 235
1811740 235
1811750 236
1811760 237
1811770 238
1811780 239
1811790 240
1811800 240
1811810 240
1811820 241
1811830 241
1811840 242
1811850 242
1811860 243
1811870 243
1811880 244
1811890 244
1811900 245
1811910 245
1811920 246
1811930 246
1811940 247
1811950 247
1811960 247
1811970 248
1811980 248
1811990 249
1812000 248
1812010 248
1812020 248
1812030 248
1812040 248
1812050 248
1812060 248
1812070 248
1812080 247
1812090 247
1812100 247
1812110 247
1812120 246
1812130 246
1812140 246
1812150 246
1812160 245
1812170 245
1812180 244
1812190 244
1812200 243
1812210 243
1812220 242
1812230 241
1812240 241
1812250 241
1812260 240
1812270 240
1812280 240
1812290 239
1812300 239
1812310 238
1812320 237
1812330 237
1812340 236
1812350 235
1812360 235
1812370 234
1812380 234
1812390 233
1812400 232
1812410 232
1812420 231
1812430 230
1812440 229
1812450 229
1812460 228
1812470 227
1812480 227
1812490 226
1812500 226
1812510 225
1812520 225
1812530 225
1812540 224
1812550 223
1812560 223
1812570 223
1812580 223
1812590 222
1812600 222
1812610 222
1812620 222
1812630 222
1812640 221
1812650 221
1812660 221
1812670 221
1812680 221
1812690 221
1812700 221
1812710 221
1812720 221
1812730 221
1812740 221
1812750 221
1812760 221
1812770 221
1812780 221
1812790 221
1812800 221
1812810 221
1812820 221
1812830 221
1812840 221
1812850 221
1812860 221
1812870 221
1812880 221
1812890 221
1812900 221
1812910 221
1812920 221
1812930 221
1812940 221
1812950 221
1812960 220
1812970 220
1812980 220
1812990 220
1813000 220
1813010 221
1813020 221
1813030 221
1813040 221
1813050 221
1813060 221
1813070 221
1813080 221
1813090 221
1813100 221
1813110 221
1813120 221
1813130 221
1813140 221
1813150 221
1813160 221
1813170 221
1813180 221
1813190 221
1813200 221
1813210 221
1813220 220
1813230 220
1813240 220
1813250 220
1813260 220
1813270 221
1813280 221
1813290 221
1813300 221
1813310 221
1813320 221
1813330 221
1813340 221
1813350 221
1813360 221
1813370 221
1813380 221
1813390 222
1813400 222
1813410 222
1813420 222
1813430 222
1813440 221
1813450 221
1813460 221
1813470 221
1813480 221
1813490 221
1813500 221
1813510 221
1813520 221
1813530 221
1813540 221
1813550 220
1813560 220
1813570 220
1813580 220
1813590 220
1813600 220
1813610 221
1813620 221
1813630 221
1813640 221
1813650 221
1813660 221
1813670 221
1813680 221
1813690 221
1813700 221
1813710 221
1813720 221
1813730 221
1813740 221
1813750 221
1813760 221
1813770 221
1813780 222
1813790 222
1813800 222
1813810 222
1813820 222
1813830 222
1813840 223
1813850 223
1813860 223
1813870 223
1813880 223
1813890 223
1813900 223
1813910 223
1813920 223
1813930 223
1813940 223
1813950 224
1813960 224
1813970 225
1813980 226
1813990 226
1814000 227
1814010 228
1814020 229
1814030 230
1814040 231
1814050 232
1814060 233
1814070 234
1814080 235
1814090 235
1814100 236
1814110 236
1814120 236
1814130 236
1814140 236
1814150 235
1814160 235
1814170 234
1814180 233
1814190 233
1814200 232
1814210 231
1814220 231
1814230 232
1814240 232
1814250 233
1814260 233
1814270 233
1814280 233
1814290 234
1814300 234
1814310 234
1814320 235
1814330 235
1814340 235
1814350 235
1814360 236
1814370 236
1814380 238
1814390 238
1814400 237
1814410 236
1814420 236
1814430 236
1814440 236
1814450 236
1814460 236
1814470 235
1814480 235
1814490 236
1814500 238
1814510 239
1814520 239
1814530 239
1814540 239
1814550 238
1814560 238
1814570 238
1814580 238
1814590 239
1814600 238
1814610 239
1814620 239
1814630 239
1814640 240
1814650 241
1814660 242
1814670 243
1814680 243
1814690 244
1814700 244
1814710 244
1814720 244
1814730 244
1814740 244
1814750 243
1814760 243
1814770 243
1814780 243
1814790 243
1814800 243
1814810 244
1814820 244
1814830 245
1814840 245
1814850 246
1814860 246
1814870 246
1814880 246
1814890 246
1814900 246
1814910 246
1814920 246
1814930 246
1814940 246
1814950 246
1814960 246
1814970 246
1814980 246
1814990 246
1815000 246
1815010 246
1815020 246
1815030 246
1815040 246
1815050 246
1815060 246
1815070 245
1815080 245
1815090 244
1815100 244
1815110 243
1815120 243
1815130 243
1815140 242
1815150 241
1815160 241
1815170 240
1815180 239
1815190 239
1815200 238
1815210 238
1815220 238
1815230 237
1815240 237
1815250 237
1815260 236
1815270 235
1815280 233
1815290 232
1815300 231
1815310 230
1815320 229
1815330 228
1815340 227
1815350 225
1815360 224
1815370 223
1815380 223
1815390 222
1815400 221
1815410 220
1815420 220
1815430 219
1815440 218
1815450 218
1815460 217
1815470 217
1815480 217
1815490 217
1815500 217
1815510 216
1815520 216
1815530 216
1815540 216
1815550 216
1815560 216
1815570 216
1815580 216
1815590 216
1815600 216
1815610 216
1815620 216
1815630 216
1815640 216
1815650 216
1815660 216
1815670 216
1815680 216
1815690 216
1815700 216
1815710 216
1815720 216
1815730 216
1815740 216
1815750 216
1815760 216
1815770 216
1815780 216
1815790 216
1815800 215
1815810 215
1815820 215
1815830 215
1815840 216
1815850 216
1815860 216
1815870 216
1815880 216
1815890 216
1815900 215
1815910 215
1815920 215
1815930 215
1815940 215
1815950 215
1815960 215
1815970 215
1815980 215
1815990 215
1816000 215
1816010 215
1816020 215
1816030 215
1816040 215
1816050 215
1816060 215
1816070 215
1816080 215
1816090 215
1816100 215
1816110 215
1816120 215
1816130 215
1816140 215
1816150 214
1816160 214
1816170 214
1816180 214
1816190 214
1816200 214
1816210 214
1816220 214
1816230 214
1816240 215
1816250 215
1816260 215
1816270 215
1816280 215
1816290 215
1816300 215
1816310 215
1816320 215
1816330 215
1816340 215
1816350 215
1816360 215
1816370 215
1816380 215
1816390 214
1816400 214
1816410 215
1816420 215
1816430 215
1816440 215
1816450 215
1816460 215
1816470 215
1816480 215
1816490 215
1816500 215
1816510 215
1816520 215
1816530 215
1816540 215
1816550 215
1816560 215
1816570 215
1816580 215
1816590 215
1816600 215
1816610 215
1816620 215
1816630 215
1816640 215
1816650 214
1816660 215
1816670 216
1816680 216
1816690 216
1816700 216
1816710 216
1816720 216
1816730 216
1816740 216
1816750 215
1816760 215
1816770 215
1816780 215
1816790 216
1816800 216
1816810 216
1816820 217
1816830 218
1816840 219
1816850 220
1816860 220
1816870 220
1816880 220
1816890 220
1816900 221
1816910 221
1816920 222
1816930 224
1816940 225
1816950 226
1816960 226
1816970 225
1816980 226
1816990 227
1817000 228
1817010 228
1817020 228
1817030 228
1817040 228
1817050 228
1817060 228
1817070 228
1817080 228
1817090 228
1817100 228
1817110 228
1817120 228
1817130 229
1817140 229
1817150 229
1817160 229
1817170 228
1817180 228
1817190 227
1817200 227
1817210 226
1817220 226
1817230 226
1817240 225
1817250 225
1817260 225
1817270 225
1817280 224
1817290 224
1817300 224
1817310 224
1817320 223
1817330 223
1817340 223
1817350 223
1817360 222
1817370 222
1817380 222
1817390 221
1817400 221
1817410 221
1817420 221
1817430 221
1817440 221
1817450 221
1817460 221
1817470 220
1817480 220
1817490 219
1817500 219
1817510 218
1817520 218
1817530 218
1817540 217
1817550 216
1817560 216
1817570 216
1817580 216
1817590 216
1817600 215
1817610 215
1817620 215
1817630 215
1817640 215
1817650 214
1817660 214
1817670 214
1817680 214
1817690 214
1817700 214
1817710 214
1817720 214
1817730 214
1817740 214
1817750 214
1817760 214
1817770 214
1817780 214
1817790 214
1817800 214
1817810 214
1817820 215
1817830 216
1817840 215
1817850 214
1817860 213
1817870 213
1817880 213
1817890 213
1817900 213
1817910 213
1817920 213
1817930 213
1817940 213
1817950 213
1817960 213
1817970 213
1817980 213
1817990 213
1818000 213
1818010 213
1818020 213
1818030 213
1818040 213
1818050 213
1818060 213
1818070 213
1818080 213
1818090 213
1818100 213
1818110 213
1818120 213
1818130 213
1818140 213
1818150 213
1818160 213
1818170 213
1818180 213
1818190 213
1818200 213
1818210 212
1818220 212
1818230 213
1818240 213
1818250 213
1818260 213
1818270 213
1818280 213
1818290 212
1818300 212
1818310 211
1818320 211
1818330 211
1818340 211
1818350 212
1818360 212
1818370 213
1818380 213
1818390 213
1818400 213
1818410 213
1818420 213
1818430 213
1818440 213
1818450 213
1818460 213
1818470 213
1818480 213
1818490 213
1818500 213
1818510 213
1818520 213
1818530 213
1818540 212
1818550 212
1818560 212
1818570 212
1818580 212
1818590 212
1818600 212
1818610 212
1818620 212
1818630 212
1818640 212
1818650 212
1818660 212
1818670 212
1818680 212
1818690 212
1818700 212
1818710 213
1818720 213
1818730 213
1818740 213
1818750 213
1818760 213
1818770 213
1818780 212
1818790 212
1818800 212
1818810 212
1818820 212
1818830 212
1818840 212
1818850 212
1818860 212
1818870 212
1818880 212
1818890 212
1818900 212
1818910 212
1818920 212
1818930 212
1818940 212
1818950 212
1818960 212
1818970 212
1818980 212
1818990 212
1819000 212
1819010 212
1819020 212
1819030 212
1819040 212
1819050 212
1819060 212
1819070 212
1819080 213
1819090 213
1819100 213
1819110 214
1819120 214
1819130 214
1819140 214
1819150 215
1819160 215
1819170 215
1819180 215
1819190 215
1819200 216
1819210 216
1819220 216
1819230 216
1819240 217
1819250 217
1819260 217
1819270 217
1819280 217
1819290 217
1819300 217
1819310 217
1819320 217
1819330 217
1819340 217
1819350 217
1819360 217
1819370 218
1819380 218
1819390 218
1819400 218
1819410 218
1819420 218
1819430 219
1819440 219
1819450 219
1819460 219
1819470 219
1819480 219
1819490 219
1819500 219
1819510 220
1819520 220
1819530 221
1819540 222
1819550 222
1819560 223
1819570 224
1819580 224
1819590 225
1819600 226
1819610 227
1819620 227
1819630 228
1819640 229
1819650 229
1819660 230
1819670 230
1819680 230
1819690 231
1819700 231
1819710 231
1819720 231
1819730 231
1819740 231
1819750 231
1819760 231
1819770 231
1819780 231
1819790 231
1819800 230
1819810 230
1819820 230
1819830 230
1819840 230
1819850 230
1819860 230
1819870 230
1819880 230
1819890 230
1819900 230
1819910 229
1819920 229
1819930 229
1819940 229
1819950 229
1819960 229
1819970 229
1819980 229
1819990 229
