1800000 352
1800010 352
1800020 352
1800030 352
1800040 351
1800050 351
1800060 351
1800070 350
1800080 350
1800090 350
1800100 349
1800110 349
1800120 348
1800130 348
1800140 347
1800150 347
1800160 347
1800170 347
1800180 347
1800190 346
1800200 346
1800210 346
1800220 346
1800230 346
1800240 345
1800250 345
1800260 345
1800270 345
1800280 344
1800290 344
1800300 343
1800310 342
1800320 342
1800330 341
1800340 340
1800350 340
1800360 340
1800370 339
1800380 338
1800390 338
1800400 338
1800410 337
1800420 337
1800430 337
1800440 336
1800450 336
1800460 336
1800470 336
1800480 336
1800490 336
1800500 336
1800510 337
1800520 337
1800530 338
1800540 338
1800550 339
1800560 340
1800570 340
1800580 341
1800590 341
1800600 342
1800610 342
1800620 343
1800630 344
1800640 345
1800650 346
1800660 347
1800670 348
1800680 349
1800690 349
1800700 350
1800710 350
1800720 349
1800730 349
1800740 349
1800750 349
1800760 348
1800770 349
1800780 349
1800790 349
1800800 349
1800810 350
1800820 350
1800830 350
1800840 350
1800850 350
1800860 350
1800870 350
1800880 350
1800890 349
1800900 348
1800910 347
1800920 347
1800930 347
1800940 347
1800950 346
1800960 345
1800970 344
1800980 343
1800990 342
1801000 341
1801010 340
1801020 338
1801030 337
1801040 336
1801050 335
1801060 334
1801070 333
1801080 332
1801090 331
1801100 330
1801110 330
1801120 329
1801130 329
1801140 328
1801150 328
1801160 328
1801170 328
1801180 328
1801190 327
1801200 327
1801210 327
1801220 328
1801230 328
1801240 329
1801250 329
1801260 330
1801270 331
1801280 332
1801290 332
1801300 332
1801310 332
1801320 331
1801330 331
1801340 330
1801350 330
1801360 329
1801370 328
1801380 327
1801390 326
1801400 325
1801410 324
1801420 322
1801430 321
1801440 320
1801450 318
1801460 317
1801470 316
1801480 314
1801490 313
1801500 312
1801510 312
1801520 311
1801530 312
1801540 313
1801550 315
1801560 318
1801570 321
1801580 323
1801590 324
1801600 324
1801610 326
1801620 328
1801630 330
1801640 329
1801650 328
1801660 326
1801670 325
1801680 324
1801690 323
1801700 321
1801710 320
1801720 318
1801730 316
1801740 314
1801750 313
1801760 311
1801770 311
1801780 312
1801790 314
1801800 316
1801810 319
1801820 321
1801830 323
1801840 325
1801850 328
1801860 330
1801870 332
1801880 335
1801890 337
1801900 339
1801910 342
1801920 344
1801930 346
1801940 349
1801950 351
1801960 352
1801970 354
1801980 355
1801990 356
1802000 357
1802010 358
1802020 359
1802030 359
1802040 359
1802050 359
1802060 359
1802070 359
1802080 359
1802090 359
1802100 358
1802110 358
1802120 357
1802130 357
1802140 357
1802150 356
1802160 356
1802170 355
1802180 355
1802190 354
1802200 354
1802210 353
1802220 352
1802230 352
1802240 351
1802250 350
1802260 349
1802270 348
1802280 348
1802290 347
1802300 346
1802310 345
1802320 345
1802330 344
1802340 343
1802350 343
1802360 342
1802370 342
1802380 341
1802390 341
1802400 340
1802410 339
1802420 339
1802430 339
1802440 339
1802450 338
1802460 338
1802470 337
1802480 337
1802490 336
1802500 335
1802510 334
1802520 334
1802530 333
1802540 332
1802550 332
1802560 331
1802570 331
1802580 331
1802590 330
1802600 330
1802610 330
1802620 330
1802630 330
1802640 330
1802650 330
1802660 329
1802670 329
1802680 329
1802690 329
1802700 329
1802710 329
1802720 329
1802730 328
1802740 328
1802750 328
1802760 328
1802770 327
1802780 327
1802790 327
1802800 327
1802810 327
1802820 326
1802830 326
1802840 326
1802850 326
1802860 326
1802870 326
1802880 325
1802890 325
1802900 325
1802910 325
1802920 325
1802930 324
1802940 324
1802950 324
1802960 323
1802970 323
1802980 322
1802990 321
1803000 320
1803010 320
1803020 320
1803030 319
1803040 319
1803050 318
1803060 318
1803070 317
1803080 317
1803090 316
1803100 315
1803110 315
1803120 314
1803130 313
1803140 313
1803150 312
1803160 311
1803170 310
1803180 310
1803190 309
1803200 308
1803210 307
1803220 306
1803230 305
1803240 304
1803250 304
1803260 303
1803270 302
1803280 302
1803290 302
1803300 301
1803310 301
1803320 301
1803330 301
1803340 301
1803350 300
1803360 300
1803370 300
1803380 299
1803390 299
1803400 298
1803410 298
1803420 297
1803430 296
1803440 296
1803450 295
1803460 294
1803470 293
1803480 291
1803490 290
1803500 290
1803510 289
1803520 288
1803530 287
1803540 286
1803550 284
1803560 283
1803570 282
1803580 281
1803590 280
1803600 279
1803610 277
1803620 275
1803630 274
1803640 272
1803650 270
1803660 269
1803670 267
1803680 266
1803690 265
1803700 263
1803710 262
1803720 261
1803730 261
1803740 260
1803750 260
1803760 259
1803770 258
1803780 258
1803790 257
1803800 257
1803810 257
1803820 256
1803830 255
1803840 256
1803850 256
1803860 256
1803870 256
1803880 256
1803890 256
1803900 256
1803910 257
1803920 257
1803930 257
1803940 257
1803950 258
1803960 258
1803970 258
1803980 259
1803990 260
1804000 260
1804010 260
1804020 261
1804030 261
1804040 262
1804050 263
1804060 263
1804070 264
1804080 264
1804090 266
1804100 267
1804110 267
1804120 268
1804130 269
1804140 270
1804150 272
1804160 273
1804170 275
1804180 276
1804190 277
1804200 279
1804210 280
1804220 282
1804230 284
1804240 286
1804250 287
1804260 289
1804270 290
1804280 292
1804290 293
1804300 295
1804310 296
1804320 297
1804330 299
1804340 300
1804350 302
1804360 303
1804370 304
1804380 305
1804390 307
1804400 308
1804410 309
1804420 311
1804430 312
1804440 313
1804450 314
1804460 315
1804470 315
1804480 314
1804490 313
1804500 312
1804510 311
1804520 310
1804530 308
1804540 306
1804550 304
1804560 302
1804570 301
1804580 299
1804590 298
1804600 297
1804610 297
1804620 296
1804630 295
1804640 293
1804650 292
1804660 291
1804670 290
1804680 289
1804690 287
1804700 286
1804710 286
1804720 284
1804730 283
1804740 282
1804750 281
1804760 280
1804770 279
1804780 279
1804790 278
1804800 278
1804810 277
1804820 276
1804830 275
1804840 275
1804850 274
1804860 273
1804870 272
1804880 271
1804890 271
1804900 270
1804910 269
1804920 268
1804930 268
1804940 267
1804950 266
1804960 265
1804970 265
1804980 264
1804990 263
1805000 262
1805010 261
1805020 261
1805030 261
1805040 261
1805050 260
1805060 260
1805070 259
1805080 259
1805090 259
1805100 258
1805110 258
1805120 258
1805130 258
1805140 258
1805150 258
1805160 259
1805170 259
1805180 259
1805190 260
1805200 260
1805210 261
1805220 261
1805230 262
1805240 263
1805250 263
1805260 264
1805270 265
1805280 265
1805290 266
1805300 267
1805310 268
1805320 269
1805330 270
1805340 271
1805350 273
1805360 274
1805370 275
1805380 276
1805390 277
1805400 279
1805410 281
1805420 282
1805430 283
1805440 285
1805450 286
1805460 288
1805470 289
1805480 290
1805490 291
1805500 293
1805510 295
1805520 297
1805530 299
1805540 300
1805550 302
1805560 304
1805570 306
1805580 307
1805590 309
1805600 310
1805610 311
1805620 313
1805630 314
1805640 316
1805650 317
1805660 319
1805670 320
1805680 321
1805690 323
1805700 324
1805710 326
1805720 327
1805730 329
1805740 331
1805750 332
1805760 334
1805770 336
1805780 337
1805790 339
1805800 340
1805810 340
1805820 340
1805830 339
1805840 339
1805850 338
1805860 337
1805870 336
1805880 335
1805890 333
1805900 331
1805910 329
1805920 327
1805930 326
1805940 324
1805950 322
1805960 320
1805970 318
1805980 316
1805990 314
1806000 313
1806010 312
1806020 311
1806030 310
1806040 309
1806050 308
1806060 307
1806070 306
1806080 305
1806090 304
1806100 303
1806110 302
1806120 302
1806130 301
1806140 300
1806150 299
1806160 298
1806170 297
1806180 296
1806190 294
1806200 292
1806210 290
1806220 289
1806230 288
1806240 287
1806250 286
1806260 286
1806270 286
1806280 285
1806290 285
1806300 284
1806310 284
1806320 283
1806330 281
1806340 279
1806350 277
1806360 276
1806370 274
1806380 273
1806390 273
1806400 272
1806410 271
1806420 271
1806430 270
1806440 270
1806450 269
1806460 268
1806470 268
1806480 267
1806490 267
1806500 266
1806510 266
1806520 265
1806530 264
1806540 263
1806550 263
1806560 262
1806570 261
1806580 260
1806590 259
1806600 258
1806610 257
1806620 256
1806630 256
1806640 255
1806650 255
1806660 254
1806670 254
1806680 254
1806690 254
1806700 254
1806710 253
1806720 253
1806730 253
1806740 253
1806750 253
1806760 253
1806770 253
1806780 253
1806790 254
1806800 254
1806810 255
1806820 255
1806830 255
1806840 255
1806850 254
1806860 254
1806870 254
1806880 254
1806890 254
1806900 254
1806910 254
1806920 254
1806930 254
1806940 253
1806950 253
1806960 252
1806970 252
1806980 251
1806990 251
1807000 251
1807010 250
1807020 250
1807030 250
1807040 250
1807050 250
1807060 250
1807070 249
1807080 249
1807090 249
1807100 249
1807110 249
1807120 249
1807130 249
1807140 249
1807150 249
1807160 249
1807170 249
1807180 248
1807190 248
1807200 248
1807210 248
1807220 248
1807230 248
1807240 248
1807250 248
1807260 248
1807270 247
1807280 247
1807290 247
1807300 247
1807310 247
1807320 247
1807330 247
1807340 247
1807350 247
1807360 247
1807370 247
1807380 247
1807390 247
1807400 247
1807410 247
1807420 247
1807430 247
1807440 247
1807450 247
1807460 247
1807470 247
1807480 248
1807490 248
1807500 248
1807510 248
1807520 249
1807530 249
1807540 250
1807550 250
1807560 250
1807570 250
1807580 251
1807590 251
1807600 251
1807610 251
1807620 251
1807630 251
1807640 250
1807650 250
1807660 250
1807670 249
1807680 249
1807690 249
1807700 248
1807710 248
1807720 247
1807730 247
1807740 246
1807750 245
1807760 245
1807770 244
1807780 244
1807790 243
1807800 243
1807810 242
1807820 242
1807830 241
1807840 241
1807850 240
1807860 240
1807870 239
1807880 238
1807890 238
1807900 238
1807910 237
1807920 237
1807930 237
1807940 236
1807950 236
1807960 236
1807970 235
1807980 234
1807990 234
1808000 233
1808010 233
1808020 232
1808030 232
1808040 232
1808050 231
1808060 231
1808070 231
1808080 231
1808090 231
1808100 230
1808110 230
1808120 230
1808130 230
1808140 230
1808150 230
1808160 230
1808170 230
1808180 230
1808190 230
1808200 230
1808210 230
1808220 230
1808230 230
1808240 230
1808250 230
1808260 230
1808270 230
1808280 230
1808290 230
1808300 230
1808310 230
1808320 230
1808330 230
1808340 230
1808350 230
1808360 229
1808370 229
1808380 229
1808390 229
1808400 229
1808410 229
1808420 229
1808430 229
1808440 229
1808450 229
1808460 229
1808470 229
1808480 229
1808490 229
1808500 229
1808510 229
1808520 229
1808530 229
1808540 229
1808550 229
1808560 229
1808570 229
1808580 229
1808590 228
1808600 228
1808610 228
1808620 228
1808630 228
1808640 228
1808650 229
1808660 229
1808670 229
1808680 228
1808690 228
1808700 227
1808710 228
1808720 228
1808730 228
1808740 229
1808750 229
1808760 229
1808770 229
1808780 229
1808790 228
1808800 228
1808810 228
1808820 228
1808830 229
1808840 229
1808850 229
1808860 229
1808870 229
1808880 230
1808890 230
1808900 231
1808910 231
1808920 232
1808930 232
1808940 233
1808950 233
1808960 234
1808970 234
1808980 234
1808990 234
1809000 234
1809010 235
1809020 235
1809030 235
1809040 235
1809050 235
1809060 235
1809070 235
1809080 235
1809090 235
1809100 235
1809110 235
1809120 235
1809130 235
1809140 235
1809150 235
1809160 235
1809170 235
1809180 235
1809190 235
1809200 236
1809210 236
1809220 236
1809230 236
1809240 236
1809250 236
1809260 236
1809270 235
1809280 235
1809290 235
1809300 235
1809310 235
1809320 235
1809330 235
1809340 234
1809350 234
1809360 234
1809370 234
1809380 234
1809390 234
1809400 234
1809410 235
1809420 235
1809430 235
1809440 235
1809450 235
1809460 236
1809470 236
1809480 236
1809490 236
1809500 237
1809510 238
1809520 238
1809530 239
1809540 239
1809550 240
1809560 241
1809570 241
1809580 241
1809590 242
1809600 242
1809610 243
1809620 244
1809630 244
1809640 244
1809650 245
1809660 245
1809670 245
1809680 245
1809690 246
1809700 246
1809710 246
1809720 246
1809730 246
1809740 245
1809750 245
1809760 245
1809770 244
1809780 244
1809790 244
1809800 243
1809810 243
1809820 243
1809830 242
1809840 242
1809850 242
1809860 242
1809870 242
1809880 242
1809890 242
1809900 242
1809910 243
1809920 243
1809930 243
1809940 243
1809950 244
1809960 244
1809970 244
1809980 244
1809990 245
1810000 245
1810010 245
1810020 245
1810030 244
1810040 244
1810050 244
1810060 244
1810070 243
1810080 243
1810090 243
1810100 242
1810110 242
1810120 241
1810130 241
1810140 241
1810150 240
1810160 240
1810170 239
1810180 239
1810190 239
1810200 238
1810210 238
1810220 238
1810230 237
1810240 237
1810250 236
1810260 235
1810270 234
1810280 234
1810290 233
1810300 232
1810310 232
1810320 231
1810330 230
1810340 230
1810350 229
1810360 229
1810370 228
1810380 228
1810390 227
1810400 227
1810410 227
1810420 226
1810430 226
1810440 225
1810450 225
1810460 225
1810470 225
1810480 225
1810490 225
1810500 225
1810510 225
1810520 225
1810530 225
1810540 225
1810550 225
1810560 225
1810570 225
1810580 225
1810590 225
1810600 225
1810610 225
1810620 225
1810630 225
1810640 225
1810650 225
1810660 225
1810670 225
1810680 225
1810690 225
1810700 225
1810710 225
1810720 225
1810730 225
1810740 225
1810750 225
1810760 225
1810770 225
1810780 225
1810790 225
1810800 225
1810810 225
1810820 225
1810830 225
1810840 225
1810850 225
1810860 224
1810870 225
1810880 225
1810890 225
1810900 225
1810910 225
1810920 225
1810930 225
1810940 225
1810950 225
1810960 225
1810970 225
1810980 225
1810990 225
1811000 226
1811010 227
1811020 227
1811030 228
1811040 228
1811050 229
1811060 229
1811070 230
1811080 232
1811090 232
1811100 233
1811110 234
1811120 235
1811130 237
1811140 238
1811150 239
1811160 241
1811170 242
1811180 244
1811190 245
1811200 246
1811210 248
1811220 249
1811230 250
1811240 252
1811250 252
1811260 253
1811270 254
1811280 255
1811290 255
1811300 256
1811310 256
1811320 254
1811330 253
1811340 253
1811350 252
1811360 252
1811370 252
1811380 251
1811390 250
1811400 248
1811410 247
1811420 246
1811430 244
1811440 243
1811450 242
1811460 241
1811470 240
1811480 239
1811490 238
1811500 237
1811510 236
1811520 236
1811530 235
1811540 234
1811550 234
1811560 233
1811570 232
1811580 232
1811590 231
1811600 230
1811610 230
1811620 229
1811630 229
1811640 228
1811650 228
1811660 228
1811670 228
1811680 227
1811690 227
1811700 227
1811710 227
1811720 227
1811730 226
1811740 226
1811750 226
1811760 225
1811770 225
1811780 225
1811790 224
1811800 224
1811810 224
1811820 224
1811830 224
1811840 224
1811850 224
1811860 224
1811870 223
1811880 223
1811890 223
1811900 223
1811910 222
1811920 222
1811930 222
1811940 222
1811950 222
1811960 222
1811970 223
1811980 223
1811990 223
1812000 223
1812010 223
1812020 223
1812030 223
1812040 223
1812050 223
1812060 223
1812070 223
1812080 223
1812090 223
1812100 223
1812110 223
1812120 223
1812130 223
1812140 223
1812150 223
1812160 224
1812170 224
1812180 224
1812190 224
1812200 224
1812210 224
1812220 224
1812230 223
1812240 223
1812250 224
1812260 224
1812270 224
1812280 224
1812290 224
1812300 224
1812310 224
1812320 224
1812330 224
1812340 225
1812350 225
1812360 225
1812370 226
1812380 226
1812390 227
1812400 227
1812410 227
1812420 227
1812430 228
1812440 228
1812450 228
1812460 228
1812470 227
1812480 227
1812490 227
1812500 227
1812510 228
1812520 228
1812530 228
1812540 228
1812550 228
1812560 228
1812570 228
1812580 228
1812590 228
1812600 229
1812610 229
1812620 229
1812630 230
1812640 230
1812650 231
1812660 231
1812670 232
1812680 232
1812690 233
1812700 233
1812710 234
1812720 234
1812730 235
1812740 236
1812750 238
1812760 238
1812770 239
1812780 240
1812790 240
1812800 241
1812810 241
1812820 242
1812830 243
1812840 244
1812850 245
1812860 246
1812870 246
1812880 247
1812890 248
1812900 248
1812910 249
1812920 249
1812930 250
1812940 250
1812950 250
1812960 250
1812970 251
1812980 251
1812990 251
1813000 251
1813010 251
1813020 250
1813030 250
1813040 250
1813050 250
1813060 250
1813070 250
1813080 250
1813090 250
1813100 250
1813110 250
1813120 250
1813130 250
1813140 250
1813150 251
1813160 251
1813170 251
1813180 250
1813190 250
1813200 251
1813210 252
1813220 252
1813230 252
1813240 253
1813250 253
1813260 254
1813270 254
1813280 254
1813290 255
1813300 255
1813310 256
1813320 256
1813330 256
1813340 256
1813350 256
1813360 256
1813370 256
1813380 255
1813390 254
1813400 253
1813410 252
1813420 251
1813430 250
1813440 249
1813450 248
1813460 247
1813470 246
1813480 245
1813490 245
1813500 244
1813510 243
1813520 242
1813530 240
1813540 239
1813550 239
1813560 240
1813570 241
1813580 241
1813590 242
1813600 243
1813610 243
1813620 244
1813630 244
1813640 245
1813650 245
1813660 246
1813670 246
1813680 247
1813690 248
1813700 248
1813710 249
1813720 250
1813730 252
1813740 253
1813750 254
1813760 255
1813770 256
1813780 256
1813790 257
1813800 258
1813810 259
1813820 260
1813830 260
1813840 261
1813850 261
1813860 262
1813870 262
1813880 262
1813890 262
1813900 263
1813910 263
1813920 263
1813930 263
1813940 264
1813950 264
1813960 264
1813970 264
1813980 264
1813990 264
1814000 264
1814010 264
1814020 264
1814030 264
1814040 265
1814050 265
1814060 265
1814070 265
1814080 265
1814090 265
1814100 265
1814110 265
1814120 265
1814130 265
1814140 265
1814150 265
1814160 265
1814170 265
1814180 265
1814190 265
1814200 265
1814210 265
1814220 265
1814230 265
1814240 265
1814250 265
1814260 265
1814270 265
1814280 265
1814290 265
1814300 265
1814310 265
1814320 265
1814330 265
1814340 265
1814350 265
1814360 265
1814370 265
1814380 265
1814390 265
1814400 265
1814410 265
1814420 265
1814430 265
1814440 265
1814450 265
1814460 265
1814470 264
1814480 264
1814490 263
1814500 263
1814510 262
1814520 261
1814530 260
1814540 259
1814550 258
1814560 257
1814570 255
1814580 254
1814590 253
1814600 252
1814610 251
1814620 250
1814630 249
1814640 248
1814650 247
1814660 245
1814670 244
1814680 243
1814690 242
1814700 241
1814710 240
1814720 238
1814730 237
1814740 235
1814750 234
1814760 233
1814770 232
1814780 232
1814790 232
1814800 231
1814810 229
1814820 228
1814830 228
1814840 228
1814850 227
1814860 227
1814870 227
1814880 226
1814890 226
1814900 226
1814910 225
1814920 225
1814930 224
1814940 224
1814950 223
1814960 223
1814970 223
1814980 222
1814990 222
1815000 222
1815010 221
1815020 221
1815030 221
1815040 221
1815050 221
1815060 221
1815070 220
1815080 220
1815090 220
1815100 220
1815110 220
1815120 220
1815130 220
1815140 220
1815150 220
1815160 220
1815170 220
1815180 219
1815190 219
1815200 219
1815210 219
1815220 219
1815230 219
1815240 219
1815250 219
1815260 219
1815270 219
1815280 218
1815290 218
1815300 218
1815310 218
1815320 218
1815330 218
1815340 217
1815350 217
1815360 217
1815370 217
1815380 217
1815390 217
1815400 217
1815410 217
1815420 217
1815430 217
1815440 216
1815450 216
1815460 216
1815470 216
1815480 216
1815490 216
1815500 216
1815510 216
1815520 216
1815530 216
1815540 216
1815550 216
1815560 216
1815570 216
1815580 216
1815590 216
1815600 216
1815610 216
1815620 215
1815630 215
1815640 215
1815650 215
1815660 215
1815670 215
1815680 215
1815690 215
1815700 215
1815710 215
1815720 215
1815730 215
1815740 216
1815750 216
1815760 216
1815770 216
1815780 216
1815790 216
1815800 216
1815810 216
1815820 216
1815830 215
1815840 214
1815850 213
1815860 213
1815870 214
1815880 215
1815890 216
1815900 216
1815910 216
1815920 216
1815930 215
1815940 215
1815950 215
1815960 215
1815970 215
1815980 215
1815990 215
1816000 215
1816010 215
1816020 215
1816030 215
1816040 216
1816050 216
1816060 216
1816070 216
1816080 216
1816090 216
1816100 215
1816110 215
1816120 215
1816130 215
1816140 215
1816150 215
1816160 215
1816170 215
1816180 215
1816190 215
1816200 215
1816210 215
1816220 215
1816230 215
1816240 215
1816250 215
1816260 215
1816270 215
1816280 215
1816290 215
1816300 216
1816310 216
1816320 216
1816330 216
1816340 216
1816350 216
1816360 216
1816370 216
1816380 216
1816390 216
1816400 216
1816410 216
1816420 216
1816430 216
1816440 216
1816450 216
1816460 216
1816470 216
1816480 216
1816490 216
1816500 216
1816510 216
1816520 216
1816530 216
1816540 216
1816550 216
1816560 217
1816570 217
1816580 217
1816590 217
1816600 217
1816610 217
1816620 217
1816630 217
1816640 217
1816650 217
1816660 217
1816670 217
1816680 218
1816690 218
1816700 218
1816710 218
1816720 218
1816730 219
1816740 219
1816750 219
1816760 219
1816770 220
1816780 220
1816790 220
1816800 220
1816810 220
1816820 220
1816830 220
1816840 220
1816850 220
1816860 220
1816870 220
1816880 220
1816890 220
1816900 220
1816910 220
1816920 220
1816930 220
1816940 220
1816950 220
1816960 220
1816970 220
1816980 220
1816990 220
1817000 220
1817010 219
1817020 219
1817030 219
1817040 220
1817050 220
1817060 220
1817070 221
1817080 221
1817090 222
1817100 224
1817110 225
1817120 225
1817130 224
1817140 223
1817150 221
1817160 221
1817170 221
1817180 221
1817190 221
1817200 221
1817210 221
1817220 222
1817230 222
1817240 223
1817250 223
1817260 223
1817270 223
1817280 224
1817290 224
1817300 224
1817310 224
1817320 224
1817330 224
1817340 224
1817350 224
1817360 224
1817370 223
1817380 223
1817390 224
1817400 224
1817410 224
1817420 225
1817430 225
1817440 225
1817450 225
1817460 225
1817470 225
1817480 226
1817490 227
1817500 227
1817510 227
1817520 227
1817530 227
1817540 227
1817550 228
1817560 228
1817570 228
1817580 228
1817590 229
1817600 229
1817610 230
1817620 230
1817630 230
1817640 230
1817650 230
1817660 231
1817670 231
1817680 231
1817690 232
1817700 232
1817710 232
1817720 232
1817730 232
1817740 232
1817750 232
1817760 232
1817770 232
1817780 232
1817790 232
1817800 232
1817810 232
1817820 232
1817830 232
1817840 232
1817850 232
1817860 232
1817870 232
1817880 232
1817890 232
1817900 232
1817910 232
1817920 232
1817930 232
1817940 232
1817950 232
1817960 232
1817970 232
1817980 232
1817990 232
1818000 231
1818010 231
1818020 231
1818030 230
1818040 230
1818050 231
1818060 232
1818070 232
1818080 232
1818090 232
1818100 232
1818110 232
1818120 232
1818130 232
1818140 232
1818150 232
1818160 232
1818170 232
1818180 233
1818190 233
1818200 233
1818210 233
1818220 233
1818230 233
1818240 233
1818250 233
1818260 234
1818270 234
1818280 234
1818290 234
1818300 234
1818310 234
1818320 234
1818330 234
1818340 234
1818350 234
1818360 234
1818370 234
1818380 234
1818390 234
1818400 234
1818410 234
1818420 234
1818430 234
1818440 234
1818450 234
1818460 234
1818470 234
1818480 234
1818490 234
1818500 234
1818510 234
1818520 234
1818530 234
1818540 234
1818550 234
1818560 234
1818570 234
1818580 234
1818590 234
1818600 234
1818610 234
1818620 234
1818630 234
1818640 234
1818650 234
1818660 234
1818670 234
1818680 234
1818690 234
1818700 234
1818710 234
1818720 234
1818730 234
1818740 234
1818750 234
1818760 234
1818770 234
1818780 234
1818790 234
1818800 234
1818810 234
1818820 234
1818830 234
1818840 234
1818850 234
1818860 234
1818870 234
1818880 234
1818890 234
1818900 234
1818910 234
1818920 234
1818930 234
1818940 234
1818950 234
1818960 234
1818970 234
1818980 235
1818990 235
1819000 235
1819010 235
1819020 235
1819030 235
1819040 235
1819050 235
1819060 235
1819070 235
1819080 235
1819090 235
1819100 235
1819110 235
1819120 235
1819130 236
1819140 236
1819150 236
1819160 236
1819170 236
1819180 236
1819190 236
1819200 236
1819210 236
1819220 237
1819230 237
1819240 237
1819250 237
1819260 237
1819270 237
1819280 237
1819290 238
1819300 238
1819310 239
1819320 239
1819330 239
1819340 239
1819350 239
1819360 239
1819370 239
1819380 240
1819390 240
1819400 240
1819410 240
1819420 240
1819430 240
1819440 241
1819450 240
1819460 240
1819470 239
1819480 240
1819490 240
1819500 241
1819510 241
1819520 242
1819530 243
1819540 243
1819550 244
1819560 244
1819570 244
1819580 244
1819590 244
1819600 244
1819610 245
1819620 246
1819630 246
1819640 246
1819650 246
1819660 247
1819670 247
1819680 247
1819690 247
1819700 247
1819710 248
1819720 248
1819730 248
1819740 248
1819750 248
1819760 248
1819770 248
1819780 248
1819790 248
1819800 248
1819810 248
1819820 248
1819830 248
1819840 248
1819850 247
1819860 247
1819870 247
1819880 247
1819890 247
1819900 246
1819910 246
1819920 245
1819930 245
1819940 246
1819950 246
1819960 246
1819970 246
1819980 246
1819990 246
