1800000 247
1800010 247
1800020 247
1800030 247
1800040 247
1800050 247
1800060 247
1800070 247
1800080 247
1800090 247
1800100 247
1800110 247
1800120 247
1800130 247
1800140 247
1800150 247
1800160 247
1800170 247
1800180 247
1800190 247
1800200 247
1800210 247
1800220 247
1800230 247
1800240 246
1800250 246
1800260 246
1800270 246
1800280 246
1800290 246
1800300 246
1800310 246
1800320 246
1800330 246
1800340 246
1800350 246
1800360 246
1800370 246
1800380 246
1800390 246
1800400 246
1800410 246
1800420 246
1800430 246
1800440 246
1800450 246
1800460 247
1800470 247
1800480 247
1800490 247
1800500 247
1800510 247
1800520 247
1800530 247
1800540 248
1800550 248
1800560 248
1800570 248
1800580 248
1800590 248
1800600 248
1800610 248
1800620 248
1800630 248
1800640 248
1800650 248
1800660 249
1800670 249
1800680 249
1800690 249
1800700 249
1800710 250
1800720 250
1800730 250
1800740 251
1800750 251
1800760 252
1800770 252
1800780 253
1800790 254
1800800 254
1800810 255
1800820 255
1800830 256
1800840 256
1800850 256
1800860 257
1800870 257
1800880 258
1800890 258
1800900 259
1800910 259
1800920 260
1800930 260
1800940 261
1800950 261
1800960 261
1800970 261
1800980 262
1800990 262
1801000 262
1801010 263
1801020 263
1801030 263
1801040 263
1801050 263
1801060 264
1801070 264
1801080 264
1801090 264
1801100 264
1801110 264
1801120 263
1801130 262
1801140 262
1801150 261
1801160 260
1801170 259
1801180 258
1801190 258
1801200 257
1801210 257
1801220 258
1801230 257
1801240 257
1801250 257
1801260 258
1801270 259
1801280 259
1801290 260
1801300 261
1801310 261
1801320 262
1801330 262
1801340 263
1801350 264
1801360 265
1801370 266
1801380 267
1801390 269
1801400 270
1801410 271
1801420 272
1801430 273
1801440 274
1801450 275
1801460 276
1801470 278
1801480 279
1801490 279
1801500 280
1801510 281
1801520 282
1801530 283
1801540 285
1801550 286
1801560 287
1801570 287
1801580 288
1801590 289
1801600 290
1801610 290
1801620 290
1801630 291
1801640 291
1801650 290
1801660 290
1801670 289
1801680 289
1801690 288
1801700 287
1801710 287
1801720 286
1801730 285
1801740 284
1801750 284
1801760 283
1801770 282
1801780 281
1801790 281
1801800 280
1801810 279
1801820 278
1801830 277
1801840 276
1801850 275
1801860 274
1801870 273
1801880 272
1801890 271
1801900 271
1801910 270
1801920 269
1801930 268
1801940 267
1801950 267
1801960 266
1801970 265
1801980 264
1801990 263
1802000 263
1802010 262
1802020 260
1802030 259
1802040 257
1802050 256
1802060 255
1802070 255
1802080 254
1802090 254
1802100 254
1802110 253
1802120 253
1802130 252
1802140 250
1802150 250
1802160 249
1802170 249
1802180 249
1802190 249
1802200 249
1802210 248
1802220 248
1802230 248
1802240 248
1802250 248
1802260 247
1802270 247
1802280 247
1802290 247
1802300 247
1802310 247
1802320 247
1802330 247
1802340 247
1802350 247
1802360 247
1802370 247
1802380 248
1802390 248
1802400 248
1802410 248
1802420 248
1802430 248
1802440 248
1802450 248
1802460 248
1802470 248
1802480 248
1802490 248
1802500 248
1802510 248
1802520 248
1802530 248
1802540 249
1802550 249
1802560 249
1802570 249
1802580 249
1802590 249
1802600 250
1802610 250
1802620 251
1802630 251
1802640 252
1802650 253
1802660 254
1802670 255
1802680 255
1802690 256
1802700 257
1802710 258
1802720 259
1802730 260
1802740 261
1802750 262
1802760 263
1802770 263
1802780 263
1802790 263
1802800 263
1802810 263
1802820 263
1802830 264
1802840 265
1802850 266
1802860 267
1802870 268
1802880 270
1802890 272
1802900 274
1802910 277
1802920 279
1802930 281
1802940 282
1802950 283
1802960 284
1802970 285
1802980 286
1802990 286
1803000 287
1803010 287
1803020 289
1803030 290
1803040 291
1803050 292
1803060 293
1803070 294
1803080 295
1803090 296
1803100 297
1803110 298
1803120 299
1803130 299
1803140 300
1803150 301
1803160 301
1803170 302
1803180 303
1803190 304
1803200 304
1803210 305
1803220 306
1803230 306
1803240 307
1803250 307
1803260 307
1803270 307
1803280 307
1803290 307
1803300 306
1803310 305
1803320 304
1803330 303
1803340 303
1803350 302
1803360 300
1803370 298
1803380 295
1803390 292
1803400 290
1803410 289
1803420 290
1803430 292
1803440 292
1803450 291
1803460 290
1803470 289
1803480 288
1803490 287
1803500 286
1803510 285
1803520 284
1803530 283
1803540 281
1803550 280
1803560 278
1803570 277
1803580 276
1803590 276
1803600 275
1803610 276
1803620 276
1803630 275
1803640 274
1803650 272
1803660 271
1803670 271
1803680 271
1803690 271
1803700 271
1803710 271
1803720 270
1803730 270
1803740 269
1803750 268
1803760 266
1803770 265
1803780 264
1803790 264
1803800 264
1803810 264
1803820 264
1803830 264
1803840 263
1803850 263
1803860 264
1803870 265
1803880 266
1803890 267
1803900 268
1803910 269
1803920 271
1803930 272
1803940 273
1803950 274
1803960 274
1803970 275
1803980 275
1803990 276
1804000 277
1804010 278
1804020 279
1804030 279
1804040 279
1804050 280
1804060 281
1804070 282
1804080 283
1804090 284
1804100 285
1804110 285
1804120 286
1804130 287
1804140 287
1804150 288
1804160 288
1804170 289
1804180 290
1804190 292
1804200 294
1804210 295
1804220 296
1804230 296
1804240 297
1804250 298
1804260 298
1804270 299
1804280 301
1804290 303
1804300 306
1804310 308
1804320 310
1804330 312
1804340 315
1804350 317
1804360 319
1804370 322
1804380 325
1804390 327
1804400 328
1804410 328
1804420 327
1804430 327
1804440 326
1804450 325
1804460 324
1804470 323
1804480 322
1804490 321
1804500 320
1804510 319
1804520 318
1804530 317
1804540 316
1804550 315
1804560 313
1804570 312
1804580 311
1804590 309
1804600 307
1804610 306
1804620 305
1804630 304
1804640 303
1804650 302
1804660 301
1804670 300
1804680 299
1804690 298
1804700 297
1804710 296
1804720 295
1804730 295
1804740 294
1804750 294
1804760 293
1804770 293
1804780 292
1804790 291
1804800 291
1804810 291
1804820 291
1804830 292
1804840 292
1804850 293
1804860 293
1804870 293
1804880 294
1804890 294
1804900 295
1804910 296
1804920 297
1804930 298
1804940 299
1804950 300
1804960 301
1804970 302
1804980 303
1804990 305
1805000 307
1805010 308
1805020 310
1805030 311
1805040 313
1805050 314
1805060 315
1805070 317
1805080 318
1805090 320
1805100 322
1805110 325
1805120 326
1805130 327
1805140 328
1805150 328
1805160 328
1805170 328
1805180 328
1805190 327
1805200 327
1805210 327
1805220 326
1805230 325
1805240 325
1805250 324
1805260 323
1805270 323
1805280 322
1805290 322
1805300 321
1805310 320
1805320 320
1805330 319
1805340 318
1805350 318
1805360 317
1805370 316
1805380 316
1805390 315
1805400 314
1805410 313
1805420 312
1805430 311
1805440 311
1805450 310
1805460 309
1805470 308
1805480 308
1805490 308
1805500 307
1805510 306
1805520 306
1805530 305
1805540 305
1805550 304
1805560 304
1805570 303
1805580 303
1805590 303
1805600 302
1805610 302
1805620 301
1805630 301
1805640 300
1805650 300
1805660 299
1805670 299
1805680 298
1805690 298
1805700 297
1805710 297
1805720 296
1805730 296
1805740 295
1805750 295
1805760 294
1805770 294
1805780 293
1805790 292
1805800 292
1805810 291
1805820 290
1805830 290
1805840 289
1805850 288
1805860 287
1805870 286
1805880 286
1805890 285
1805900 285
1805910 285
1805920 284
1805930 284
1805940 283
1805950 283
1805960 282
1805970 282
1805980 281
1805990 280
1806000 280
1806010 279
1806020 279
1806030 278
1806040 278
1806050 277
1806060 277
1806070 276
1806080 276
1806090 276
1806100 275
1806110 275
1806120 274
1806130 274
1806140 274
1806150 274
1806160 273
1806170 273
1806180 273
1806190 273
1806200 273
1806210 273
1806220 273
1806230 273
1806240 273
1806250 273
1806260 273
1806270 273
1806280 273
1806290 273
1806300 274
1806310 274
1806320 275
1806330 276
1806340 277
1806350 278
1806360 279
1806370 280
1806380 281
1806390 281
1806400 282
1806410 283
1806420 283
1806430 284
1806440 285
1806450 285
1806460 286
1806470 286
1806480 287
1806490 288
1806500 290
1806510 291
1806520 292
1806530 293
1806540 294
1806550 295
1806560 297
1806570 299
1806580 300
1806590 301
1806600 303
1806610 304
1806620 305
1806630 306
1806640 307
1806650 308
1806660 309
1806670 310
1806680 311
1806690 312
1806700 313
1806710 314
1806720 316
1806730 317
1806740 318
1806750 319
1806760 320
1806770 322
1806780 323
1806790 324
1806800 325
1806810 326
1806820 327
1806830 328
1806840 328
1806850 328
1806860 328
1806870 327
1806880 327
1806890 327
1806900 326
1806910 325
1806920 324
1806930 323
1806940 322
1806950 322
1806960 321
1806970 320
1806980 319
1806990 318
1807000 317
1807010 316
1807020 315
1807030 314
1807040 313
1807050 312
1807060 311
1807070 311
1807080 310
1807090 309
1807100 308
1807110 307
1807120 306
1807130 306
1807140 305
1807150 305
1807160 304
1807170 303
1807180 302
1807190 302
1807200 301
1807210 301
1807220 301
1807230 300
1807240 300
1807250 299
1807260 298
1807270 298
1807280 297
1807290 297
1807300 296
1807310 296
1807320 295
1807330 294
1807340 294
1807350 294
1807360 294
1807370 294
1807380 294
1807390 293
1807400 293
1807410 293
1807420 294
1807430 295
1807440 296
1807450 297
1807460 298
1807470 299
1807480 299
1807490 300
1807500 300
1807510 301
1807520 302
1807530 303
1807540 305
1807550 306
1807560 308
1807570 309
1807580 311
1807590 313
1807600 315
1807610 316
1807620 317
1807630 318
1807640 320
1807650 321
1807660 322
1807670 323
1807680 325
1807690 326
1807700 327
1807710 329
1807720 330
1807730 332
1807740 333
1807750 334
1807760 336
1807770 337
1807780 337
1807790 338
1807800 339
1807810 339
1807820 339
1807830 338
1807840 338
1807850 338
1807860 338
1807870 338
1807880 337
1807890 335
1807900 334
1807910 332
1807920 331
1807930 330
1807940 330
1807950 329
1807960 327
1807970 326
1807980 325
1807990 324
1808000 324
1808010 323
1808020 323
1808030 322
1808040 322
1808050 320
1808060 318
1808070 316
1808080 315
1808090 313
1808100 311
1808110 309
1808120 308
1808130 307
1808140 306
1808150 304
1808160 304
1808170 303
1808180 303
1808190 302
1808200 302
1808210 301
1808220 301
1808230 301
1808240 300
1808250 300
1808260 300
1808270 300
1808280 300
1808290 300
1808300 300
1808310 299
1808320 299
1808330 299
1808340 299
1808350 299
1808360 298
1808370 298
1808380 297
1808390 297
1808400 296
1808410 296
1808420 295
1808430 294
1808440 293
1808450 291
1808460 289
1808470 288
1808480 286
1808490 285
1808500 283
1808510 283
1808520 282
1808530 281
1808540 280
1808550 279
1808560 279
1808570 278
1808580 277
1808590 276
1808600 275
1808610 275
1808620 274
1808630 273
1808640 272
1808650 271
1808660 271
1808670 270
1808680 270
1808690 270
1808700 269
1808710 269
1808720 268
1808730 268
1808740 267
1808750 267
1808760 267
1808770 266
1808780 266
1808790 265
1808800 264
1808810 264
1808820 263
1808830 263
1808840 262
1808850 261
1808860 260
1808870 259
1808880 259
1808890 258
1808900 257
1808910 257
1808920 256
1808930 256
1808940 255
1808950 255
1808960 255
1808970 255
1808980 255
1808990 255
1809000 254
1809010 254
1809020 253
1809030 252
1809040 251
1809050 250
1809060 249
1809070 248
1809080 247
1809090 246
1809100 245
1809110 244
1809120 244
1809130 243
1809140 243
1809150 243
1809160 242
1809170 242
1809180 242
1809190 241
1809200 241
1809210 241
1809220 240
1809230 240
1809240 239
1809250 239
1809260 239
1809270 238
1809280 238
1809290 238
1809300 238
1809310 237
1809320 237
1809330 237
1809340 236
1809350 236
1809360 235
1809370 235
1809380 234
1809390 234
1809400 233
1809410 233
1809420 232
1809430 232
1809440 232
1809450 231
1809460 231
1809470 231
1809480 231
1809490 230
1809500 230
1809510 230
1809520 230
1809530 230
1809540 230
1809550 230
1809560 230
1809570 230
1809580 230
1809590 230
1809600 231
1809610 231
1809620 231
1809630 231
1809640 230
1809650 230
1809660 229
1809670 228
1809680 228
1809690 228
1809700 227
1809710 227
1809720 227
1809730 227
1809740 227
1809750 227
1809760 227
1809770 227
1809780 227
1809790 227
1809800 227
1809810 227
1809820 227
1809830 227
1809840 227
1809850 227
1809860 227
1809870 227
1809880 227
1809890 227
1809900 227
1809910 227
1809920 227
1809930 227
1809940 227
1809950 227
1809960 227
1809970 227
1809980 227
1809990 227
1810000 227
1810010 226
1810020 225
1810030 225
1810040 226
1810050 226
1810060 227
1810070 227
1810080 227
1810090 227
1810100 227
1810110 227
1810120 227
1810130 227
1810140 227
1810150 227
1810160 227
1810170 227
1810180 227
1810190 227
1810200 227
1810210 227
1810220 227
1810230 227
1810240 227
1810250 227
1810260 227
1810270 227
1810280 227
1810290 227
1810300 227
1810310 227
1810320 227
1810330 227
1810340 227
1810350 227
1810360 227
1810370 227
1810380 227
1810390 227
1810400 227
1810410 227
1810420 227
1810430 227
1810440 227
1810450 227
1810460 227
1810470 227
1810480 227
1810490 227
1810500 227
1810510 227
1810520 227
1810530 227
1810540 227
1810550 227
1810560 227
1810570 227
1810580 227
1810590 227
1810600 227
1810610 227
1810620 227
1810630 227
1810640 227
1810650 227
1810660 226
1810670 226
1810680 226
1810690 226
1810700 226
1810710 226
1810720 226
1810730 226
1810740 226
1810750 226
1810760 226
1810770 226
1810780 226
1810790 226
1810800 226
1810810 226
1810820 226
1810830 226
1810840 226
1810850 226
1810860 226
1810870 226
1810880 227
1810890 227
1810900 227
1810910 227
1810920 227
1810930 227
1810940 227
1810950 228
1810960 228
1810970 229
1810980 229
1810990 229
1811000 229
1811010 230
1811020 230
1811030 230
1811040 230
1811050 231
1811060 231
1811070 231
1811080 232
1811090 232
1811100 232
1811110 232
1811120 232
1811130 232
1811140 232
1811150 232
1811160 232
1811170 232
1811180 232
1811190 232
1811200 232
1811210 232
1811220 232
1811230 232
1811240 232
1811250 232
1811260 232
1811270 232
1811280 232
1811290 233
1811300 233
1811310 233
1811320 233
1811330 233
1811340 233
1811350 232
1811360 232
1811370 232
1811380 232
1811390 232
1811400 232
1811410 232
1811420 232
1811430 232
1811440 232
1811450 232
1811460 231
1811470 231
1811480 231
1811490 232
1811500 232
1811510 232
1811520 232
1811530 231
1811540 232
1811550 232
1811560 232
1811570 232
1811580 232
1811590 232
1811600 232
1811610 232
1811620 232
1811630 232
1811640 232
1811650 232
1811660 232
1811670 232
1811680 232
1811690 232
1811700 232
1811710 232
1811720 232
1811730 232
1811740 232
1811750 232
1811760 232
1811770 232
1811780 233
1811790 233
1811800 233
1811810 233
1811820 233
1811830 233
1811840 233
1811850 233
1811860 233
1811870 233
1811880 233
1811890 234
1811900 234
1811910 234
1811920 234
1811930 234
1811940 234
1811950 234
1811960 234
1811970 234
1811980 234
1811990 234
1812000 234
1812010 234
1812020 234
1812030 234
1812040 234
1812050 234
1812060 235
1812070 235
1812080 235
1812090 235
1812100 235
1812110 235
1812120 235
1812130 235
1812140 235
1812150 235
1812160 235
1812170 235
1812180 234
1812190 234
1812200 234
1812210 234
1812220 234
1812230 233
1812240 233
1812250 233
1812260 232
1812270 232
1812280 231
1812290 231
1812300 231
1812310 231
1812320 230
1812330 230
1812340 230
1812350 230
1812360 230
1812370 230
1812380 230
1812390 230
1812400 230
1812410 230
1812420 230
1812430 230
1812440 230
1812450 230
1812460 230
1812470 230
1812480 229
1812490 230
1812500 230
1812510 230
1812520 231
1812530 232
1812540 232
1812550 233
1812560 233
1812570 234
1812580 235
1812590 235
1812600 236
1812610 237
1812620 237
1812630 238
1812640 239
1812650 239
1812660 240
1812670 241
1812680 241
1812690 242
1812700 243
1812710 243
1812720 244
1812730 245
1812740 245
1812750 246
1812760 247
1812770 247
1812780 248
1812790 248
1812800 249
1812810 250
1812820 250
1812830 250
1812840 251
1812850 251
1812860 251
1812870 251
1812880 251
1812890 252
1812900 252
1812910 252
1812920 252
1812930 252
1812940 252
1812950 252
1812960 252
1812970 252
1812980 252
1812990 252
1813000 252
1813010 252
1813020 252
1813030 252
1813040 252
1813050 253
1813060 253
1813070 253
1813080 253
1813090 253
1813100 253
1813110 253
1813120 253
1813130 253
1813140 253
1813150 253
1813160 253
1813170 253
1813180 253
1813190 253
1813200 253
1813210 253
1813220 253
1813230 253
1813240 253
1813250 253
1813260 253
1813270 253
1813280 253
1813290 253
1813300 253
1813310 253
1813320 253
1813330 253
1813340 253
1813350 253
1813360 253
1813370 253
1813380 253
1813390 253
1813400 253
1813410 254
1813420 254
1813430 254
1813440 254
1813450 254
1813460 254
1813470 254
1813480 253
1813490 253
1813500 253
1813510 253
1813520 253
1813530 253
1813540 253
1813550 253
1813560 253
1813570 253
1813580 253
1813590 253
1813600 253
1813610 253
1813620 253
1813630 253
1813640 253
1813650 253
1813660 253
1813670 253
1813680 253
1813690 253
1813700 253
1813710 253
1813720 253
1813730 253
1813740 253
1813750 253
1813760 253
1813770 253
1813780 253
1813790 253
1813800 253
1813810 253
1813820 253
1813830 253
1813840 253
1813850 253
1813860 253
1813870 253
1813880 253
1813890 253
1813900 253
1813910 253
1813920 253
1813930 253
1813940 253
1813950 252
1813960 253
1813970 253
1813980 253
1813990 252
1814000 252
1814010 251
1814020 251
1814030 250
1814040 250
1814050 249
1814060 249
1814070 248
1814080 247
1814090 246
1814100 245
1814110 245
1814120 244
1814130 243
1814140 244
1814150 244
1814160 244
1814170 245
1814180 245
1814190 245
1814200 246
1814210 246
1814220 246
1814230 246
1814240 246
1814250 247
1814260 247
1814270 247
1814280 247
1814290 248
1814300 248
1814310 249
1814320 249
1814330 250
1814340 250
1814350 250
1814360 251
1814370 251
1814380 252
1814390 252
1814400 253
1814410 253
1814420 254
1814430 254
1814440 254
1814450 254
1814460 254
1814470 254
1814480 254
1814490 254
1814500 254
1814510 254
1814520 254
1814530 254
1814540 253
1814550 253
1814560 253
1814570 253
1814580 253
1814590 253
1814600 253
1814610 252
1814620 252
1814630 252
1814640 252
1814650 252
1814660 253
1814670 253
1814680 254
1814690 254
1814700 255
1814710 255
1814720 256
1814730 256
1814740 257
1814750 257
1814760 257
1814770 258
1814780 258
1814790 258
1814800 259
1814810 259
1814820 259
1814830 259
1814840 259
1814850 259
1814860 259
1814870 258
1814880 258
1814890 257
1814900 257
1814910 256
1814920 255
1814930 255
1814940 255
1814950 254
1814960 254
1814970 253
1814980 253
1814990 252
1815000 252
1815010 252
1815020 252
1815030 252
1815040 253
1815050 253
1815060 254
1815070 255
1815080 255
1815090 256
1815100 256
1815110 257
1815120 258
1815130 259
1815140 260
1815150 261
1815160 262
1815170 263
1815180 264
1815190 264
1815200 265
1815210 266
1815220 266
1815230 267
1815240 267
1815250 268
1815260 269
1815270 270
1815280 270
1815290 271
1815300 272
1815310 273
1815320 274
1815330 275
1815340 277
1815350 278
1815360 279
1815370 280
1815380 281
1815390 282
1815400 283
1815410 284
1815420 285
1815430 286
1815440 287
1815450 289
1815460 290
1815470 291
1815480 291
1815490 292
1815500 293
1815510 294
1815520 294
1815530 295
1815540 296
1815550 297
1815560 298
1815570 299
1815580 300
1815590 301
1815600 303
1815610 304
1815620 305
1815630 306
1815640 307
1815650 308
1815660 309
1815670 310
1815680 311
1815690 312
1815700 313
1815710 314
1815720 315
1815730 316
1815740 317
1815750 317
1815760 318
1815770 319
1815780 320
1815790 320
1815800 321
1815810 322
1815820 323
1815830 324
1815840 324
1815850 325
1815860 326
1815870 326
1815880 327
1815890 328
1815900 329
1815910 329
1815920 329
1815930 330
1815940 330
1815950 330
1815960 330
1815970 330
1815980 329
1815990 329
1816000 328
1816010 328
1816020 327
1816030 326
1816040 325
1816050 324
1816060 323
1816070 322
1816080 321
1816090 320
1816100 319
1816110 318
1816120 317
1816130 315
1816140 314
1816150 313
1816160 312
1816170 311
1816180 310
1816190 308
1816200 307
1816210 306
1816220 305
1816230 304
1816240 303
1816250 302
1816260 301
1816270 300
1816280 299
1816290 297
1816300 296
1816310 295
1816320 294
1816330 292
1816340 291
1816350 290
1816360 289
1816370 288
1816380 287
1816390 287
1816400 286
1816410 285
1816420 284
1816430 283
1816440 283
1816450 282
1816460 282
1816470 281
1816480 281
1816490 280
1816500 280
1816510 280
1816520 279
1816530 279
1816540 279
1816550 278
1816560 278
1816570 278
1816580 278
1816590 277
1816600 277
1816610 277
1816620 277
1816630 277
1816640 277
1816650 276
1816660 276
1816670 276
1816680 276
1816690 275
1816700 275
1816710 275
1816720 275
1816730 275
1816740 274
1816750 274
1816760 274
1816770 273
1816780 273
1816790 272
1816800 272
1816810 271
1816820 270
1816830 270
1816840 269
1816850 268
1816860 268
1816870 268
1816880 267
1816890 267
1816900 267
1816910 267
1816920 267
1816930 267
1816940 268
1816950 268
1816960 269
1816970 270
1816980 271
1816990 272
1817000 273
1817010 274
1817020 275
1817030 276
1817040 277
1817050 278
1817060 279
1817070 280
1817080 281
1817090 282
1817100 283
1817110 284
1817120 285
1817130 286
1817140 288
1817150 289
1817160 290
1817170 291
1817180 292
1817190 293
1817200 293
1817210 293
1817220 293
1817230 292
1817240 291
1817250 290
1817260 289
1817270 289
1817280 287
1817290 286
1817300 285
1817310 284
1817320 283
1817330 283
1817340 282
1817350 281
1817360 280
1817370 280
1817380 280
1817390 279
1817400 279
1817410 278
1817420 278
1817430 278
1817440 278
1817450 278
1817460 278
1817470 278
1817480 278
1817490 279
1817500 279
1817510 280
1817520 281
1817530 282
1817540 283
1817550 283
1817560 283
1817570 284
1817580 285
1817590 286
1817600 287
1817610 287
1817620 288
1817630 288
1817640 289
1817650 289
1817660 290
1817670 291
1817680 292
1817690 293
1817700 294
1817710 295
1817720 296
1817730 298
1817740 299
1817750 300
1817760 301
1817770 303
1817780 304
1817790 305
1817800 307
1817810 308
1817820 310
1817830 311
1817840 313
1817850 314
1817860 316
1817870 317
1817880 318
1817890 319
1817900 319
1817910 318
1817920 318
1817930 317
1817940 316
1817950 316
1817960 315
1817970 314
1817980 313
1817990 313
1818000 312
1818010 311
1818020 310
1818030 309
1818040 308
1818050 307
1818060 306
1818070 305
1818080 304
1818090 303
1818100 302
1818110 301
1818120 300
1818130 299
1818140 298
1818150 298
1818160 297
1818170 296
1818180 295
1818190 295
1818200 294
1818210 294
1818220 292
1818230 291
1818240 290
1818250 290
1818260 289
1818270 289
1818280 288
1818290 288
1818300 288
1818310 288
1818320 287
1818330 287
1818340 286
1818350 285
1818360 284
1818370 283
1818380 283
1818390 283
1818400 282
1818410 282
1818420 281
1818430 281
1818440 280
1818450 280
1818460 279
1818470 278
1818480 277
1818490 276
1818500 274
1818510 272
1818520 271
1818530 270
1818540 270
1818550 269
1818560 269
1818570 268
1818580 268
1818590 267
1818600 266
1818610 265
1818620 264
1818630 263
1818640 263
1818650 263
1818660 262
1818670 262
1818680 261
1818690 261
1818700 261
1818710 260
1818720 260
1818730 259
1818740 259
1818750 259
1818760 258
1818770 258
1818780 258
1818790 257
1818800 257
1818810 256
1818820 256
1818830 255
1818840 255
1818850 254
1818860 254
1818870 253
1818880 252
1818890 252
1818900 251
1818910 251
1818920 250
1818930 250
1818940 249
1818950 249
1818960 248
1818970 248
1818980 247
1818990 247
1819000 246
1819010 246
1819020 246
1819030 245
1819040 245
1819050 245
1819060 245
1819070 245
1819080 244
1819090 244
1819100 244
1819110 244
1819120 244
1819130 244
1819140 244
1819150 244
1819160 245
1819170 245
1819180 245
1819190 244
1819200 244
1819210 244
1819220 244
1819230 244
1819240 244
1819250 244
1819260 244
1819270 244
1819280 244
1819290 244
1819300 243
1819310 243
1819320 243
1819330 243
1819340 243
1819350 243
1819360 243
1819370 243
1819380 243
1819390 243
1819400 243
1819410 243
1819420 243
1819430 243
1819440 243
1819450 243
1819460 243
1819470 243
1819480 243
1819490 243
1819500 243
1819510 243
1819520 243
1819530 243
1819540 243
1819550 244
1819560 244
1819570 245
1819580 246
1819590 247
1819600 247
1819610 248
1819620 249
1819630 249
1819640 250
1819650 250
1819660 250
1819670 250
1819680 250
1819690 251
1819700 251
1819710 251
1819720 251
1819730 251
1819740 251
1819750 252
1819760 252
1819770 252
1819780 252
1819790 252
1819800 252
1819810 253
1819820 253
1819830 253
1819840 253
1819850 253
1819860 254
1819870 254
1819880 255
1819890 256
1819900 256
1819910 258
1819920 258
1819930 259
1819940 259
1819950 260
1819960 260
1819970 261
1819980 261
1819990 262
