1800000 261
1800010 260
1800020 259
1800030 258
1800040 257
1800050 256
1800060 256
1800070 256
1800080 256
1800090 256
1800100 256
1800110 256
1800120 257
1800130 258
1800140 260
1800150 261
1800160 262
1800170 263
1800180 264
1800190 265
1800200 267
1800210 268
1800220 270
1800230 271
1800240 272
1800250 274
1800260 275
1800270 277
1800280 279
1800290 280
1800300 282
1800310 284
1800320 285
1800330 286
1800340 288
1800350 288
1800360 289
1800370 290
1800380 290
1800390 289
1800400 289
1800410 288
1800420 287
1800430 286
1800440 285
1800450 284
1800460 283
1800470 282
1800480 280
1800490 279
1800500 278
1800510 276
1800520 275
1800530 273
1800540 272
1800550 271
1800560 270
1800570 270
1800580 269
1800590 268
1800600 267
1800610 266
1800620 265
1800630 265
1800640 264
1800650 264
1800660 263
1800670 262
1800680 262
1800690 262
1800700 262
1800710 263
1800720 263
1800730 264
1800740 264
1800750 265
1800760 266
1800770 267
1800780 268
1800790 269
1800800 270
1800810 271
1800820 273
1800830 275
1800840 276
1800850 278
1800860 279
1800870 281
1800880 282
1800890 283
1800900 285
1800910 286
1800920 287
1800930 288
1800940 289
1800950 290
1800960 292
1800970 293
1800980 294
1800990 296
1801000 297
1801010 298
1801020 299
1801030 300
1801040 301
1801050 301
1801060 301
1801070 301
1801080 301
1801090 300
1801100 300
1801110 300
1801120 299
1801130 298
1801140 298
1801150 297
1801160 296
1801170 295
1801180 295
1801190 294
1801200 293
1801210 293
1801220 292
1801230 291
1801240 290
1801250 289
1801260 288
1801270 288
1801280 287
1801290 287
1801300 286
1801310 285
1801320 285
1801330 284
1801340 283
1801350 283
1801360 282
1801370 281
1801380 280
1801390 280
1801400 279
1801410 278
1801420 277
1801430 275
1801440 274
1801450 273
1801460 272
1801470 271
1801480 271
1801490 270
1801500 270
1801510 269
1801520 268
1801530 268
1801540 267
1801550 266
1801560 266
1801570 265
1801580 265
1801590 265
1801600 264
1801610 264
1801620 263
1801630 262
1801640 262
1801650 261
1801660 260
1801670 260
1801680 259
1801690 259
1801700 259
1801710 258
1801720 258
1801730 258
1801740 257
1801750 256
1801760 256
1801770 255
1801780 254
1801790 253
1801800 253
1801810 253
1801820 252
1801830 252
1801840 252
1801850 252
1801860 252
1801870 251
1801880 252
1801890 252
1801900 252
1801910 252
1801920 252
1801930 252
1801940 252
1801950 252
1801960 252
1801970 252
1801980 253
1801990 253
1802000 254
1802010 254
1802020 254
1802030 255
1802040 255
1802050 255
1802060 256
1802070 256
1802080 257
1802090 257
1802100 257
1802110 257
1802120 257
1802130 257
1802140 257
1802150 257
1802160 257
1802170 257
1802180 257
1802190 258
1802200 259
1802210 259
1802220 259
1802230 259
1802240 259
1802250 260
1802260 261
1802270 261
1802280 262
1802290 263
1802300 264
1802310 265
1802320 266
1802330 266
1802340 267
1802350 268
1802360 269
1802370 270
1802380 271
1802390 273
1802400 275
1802410 276
1802420 277
1802430 278
1802440 278
1802450 279
1802460 279
1802470 280
1802480 280
1802490 280
1802500 279
1802510 279
1802520 278
1802530 278
1802540 277
1802550 276
1802560 275
1802570 274
1802580 273
1802590 272
1802600 270
1802610 269
1802620 267
1802630 266
1802640 265
1802650 264
1802660 263
1802670 262
1802680 261
1802690 261
1802700 260
1802710 259
1802720 259
1802730 258
1802740 258
1802750 257
1802760 256
1802770 256
1802780 255
1802790 255
1802800 254
1802810 254
1802820 254
1802830 253
1802840 253
1802850 253
1802860 254
1802870 254
1802880 254
1802890 254
1802900 254
1802910 254
1802920 254
1802930 254
1802940 255
1802950 255
1802960 255
1802970 255
1802980 256
1802990 256
1803000 256
1803010 256
1803020 257
1803030 258
1803040 259
1803050 260
1803060 261
1803070 261
1803080 262
1803090 263
1803100 264
1803110 265
1803120 266
1803130 267
1803140 269
1803150 270
1803160 272
1803170 273
1803180 275
1803190 276
1803200 277
1803210 278
1803220 280
1803230 281
1803240 282
1803250 282
1803260 282
1803270 282
1803280 282
1803290 284
1803300 285
1803310 287
1803320 288
1803330 290
1803340 291
1803350 292
1803360 293
1803370 292
1803380 292
1803390 293
1803400 294
1803410 296
1803420 297
1803430 299
1803440 301
1803450 302
1803460 303
1803470 304
1803480 305
1803490 306
1803500 307
1803510 308
1803520 309
1803530 310
1803540 310
1803550 311
1803560 312
1803570 312
1803580 312
1803590 313
1803600 313
1803610 313
1803620 313
1803630 313
1803640 314
1803650 314
1803660 314
1803670 314
1803680 314
1803690 314
1803700 314
1803710 314
1803720 314
1803730 314
1803740 314
1803750 314
1803760 314
1803770 314
1803780 314
1803790 313
1803800 313
1803810 313
1803820 312
1803830 312
1803840 311
1803850 311
1803860 310
1803870 311
1803880 310
1803890 310
1803900 310
1803910 310
1803920 310
1803930 310
1803940 310
1803950 310
1803960 310
1803970 310
1803980 310
1803990 310
1804000 310
1804010 309
1804020 308
1804030 307
1804040 306
1804050 305
1804060 304
1804070 303
1804080 303
1804090 302
1804100 301
1804110 301
1804120 300
1804130 300
1804140 300
1804150 300
1804160 301
1804170 301
1804180 302
1804190 302
1804200 303
1804210 303
1804220 304
1804230 304
1804240 305
1804250 305
1804260 306
1804270 307
1804280 307
1804290 308
1804300 308
1804310 308
1804320 307
1804330 306
1804340 304
1804350 303
1804360 302
1804370 301
1804380 300
1804390 299
1804400 298
1804410 298
1804420 297
1804430 297
1804440 296
1804450 295
1804460 293
1804470 292
1804480 291
1804490 290
1804500 289
1804510 289
1804520 289
1804530 290
1804540 290
1804550 290
1804560 290
1804570 290
1804580 290
1804590 290
1804600 290
1804610 290
1804620 290
1804630 290
1804640 290
1804650 290
1804660 290
1804670 290
1804680 290
1804690 289
1804700 289
1804710 289
1804720 289
1804730 289
1804740 289
1804750 288
1804760 288
1804770 288
1804780 287
1804790 287
1804800 287
1804810 287
1804820 286
1804830 286
1804840 286
1804850 286
1804860 285
1804870 285
1804880 285
1804890 284
1804900 284
1804910 284
1804920 284
1804930 284
1804940 284
1804950 284
1804960 283
1804970 283
1804980 283
1804990 283
1805000 283
1805010 283
1805020 282
1805030 282
1805040 281
1805050 281
1805060 281
1805070 281
1805080 281
1805090 280
1805100 280
1805110 280
1805120 280
1805130 279
1805140 279
1805150 279
1805160 278
1805170 278
1805180 277
1805190 277
1805200 277
1805210 276
1805220 276
1805230 276
1805240 277
1805250 278
1805260 278
1805270 278
1805280 277
1805290 276
1805300 275
1805310 274
1805320 273
1805330 272
1805340 272
1805350 271
1805360 271
1805370 271
1805380 271
1805390 271
1805400 271
1805410 270
1805420 270
1805430 270
1805440 269
1805450 269
1805460 269
1805470 269
1805480 271
1805490 272
1805500 273
1805510 272
1805520 271
1805530 270
1805540 268
1805550 267
1805560 267
1805570 266
1805580 265
1805590 264
1805600 264
1805610 264
1805620 264
1805630 265
1805640 264
1805650 264
1805660 264
1805670 263
1805680 263
1805690 263
1805700 263
1805710 264
1805720 264
1805730 264
1805740 265
1805750 265
1805760 266
1805770 266
1805780 267
1805790 267
1805800 268
1805810 268
1805820 268
1805830 269
1805840 270
1805850 270
1805860 271
1805870 272
1805880 272
1805890 273
1805900 273
1805910 274
1805920 275
1805930 275
1805940 276
1805950 276
1805960 276
1805970 276
1805980 277
1805990 278
1806000 279
1806010 280
1806020 281
1806030 282
1806040 283
1806050 284
1806060 285
1806070 287
1806080 288
1806090 289
1806100 290
1806110 291
1806120 292
1806130 293
1806140 294
1806150 296
1806160 298
1806170 300
1806180 302
1806190 303
1806200 304
1806210 305
1806220 305
1806230 304
1806240 304
1806250 303
1806260 302
1806270 301
1806280 301
1806290 300
1806300 299
1806310 298
1806320 298
1806330 297
1806340 296
1806350 296
1806360 295
1806370 295
1806380 294
1806390 293
1806400 293
1806410 292
1806420 292
1806430 291
1806440 290
1806450 290
1806460 289
1806470 288
1806480 288
1806490 288
1806500 288
1806510 288
1806520 287
1806530 287
1806540 288
1806550 289
1806560 290
1806570 290
1806580 291
1806590 291
1806600 291
1806610 292
1806620 293
1806630 293
1806640 294
1806650 295
1806660 296
1806670 296
1806680 297
1806690 298
1806700 299
1806710 299
1806720 300
1806730 301
1806740 302
1806750 302
1806760 303
1806770 304
1806780 305
1806790 305
1806800 307
1806810 308
1806820 309
1806830 310
1806840 311
1806850 312
1806860 312
1806870 313
1806880 314
1806890 315
1806900 316
1806910 317
1806920 317
1806930 318
1806940 318
1806950 319
1806960 320
1806970 320
1806980 321
1806990 322
1807000 323
1807010 324
1807020 325
1807030 326
1807040 326
1807050 327
1807060 328
1807070 329
1807080 330
1807090 331
1807100 331
1807110 332
1807120 333
1807130 333
1807140 334
1807150 334
1807160 335
1807170 336
1807180 336
1807190 337
1807200 337
1807210 338
1807220 339
1807230 339
1807240 339
1807250 339
1807260 338
1807270 336
1807280 334
1807290 332
1807300 330
1807310 328
1807320 325
1807330 323
1807340 321
1807350 319
1807360 318
1807370 318
1807380 317
1807390 315
1807400 314
1807410 312
1807420 311
1807430 310
1807440 310
1807450 311
1807460 311
1807470 311
1807480 310
1807490 310
1807500 309
1807510 308
1807520 308
1807530 307
1807540 307
1807550 306
1807560 305
1807570 305
1807580 304
1807590 304
1807600 303
1807610 303
1807620 302
1807630 301
1807640 300
1807650 299
1807660 297
1807670 296
1807680 295
1807690 294
1807700 293
1807710 292
1807720 291
1807730 290
1807740 289
1807750 289
1807760 288
1807770 287
1807780 287
1807790 287
1807800 286
1807810 286
1807820 286
1807830 285
1807840 284
1807850 283
1807860 283
1807870 282
1807880 282
1807890 281
1807900 280
1807910 280
1807920 278
1807930 277
1807940 275
1807950 274
1807960 272
1807970 271
1807980 270
1807990 268
1808000 268
1808010 267
1808020 267
1808030 266
1808040 266
1808050 266
1808060 266
1808070 265
1808080 265
1808090 264
1808100 264
1808110 264
1808120 264
1808130 263
1808140 263
1808150 262
1808160 262
1808170 261
1808180 261
1808190 260
1808200 259
1808210 258
1808220 257
1808230 256
1808240 255
1808250 255
1808260 255
1808270 254
1808280 254
1808290 254
1808300 254
1808310 254
1808320 254
1808330 254
1808340 254
1808350 253
1808360 252
1808370 252
1808380 251
1808390 251
1808400 250
1808410 250
1808420 249
1808430 249
1808440 249
1808450 248
1808460 248
1808470 248
1808480 247
1808490 247
1808500 246
1808510 246
1808520 245
1808530 245
1808540 244
1808550 244
1808560 243
1808570 243
1808580 242
1808590 242
1808600 242
1808610 242
1808620 243
1808630 243
1808640 243
1808650 242
1808660 242
1808670 242
1808680 242
1808690 242
1808700 242
1808710 242
1808720 242
1808730 242
1808740 241
1808750 241
1808760 241
1808770 240
1808780 240
1808790 239
1808800 239
1808810 238
1808820 238
1808830 237
1808840 236
1808850 236
1808860 235
1808870 235
1808880 234
1808890 234
1808900 234
1808910 233
1808920 233
1808930 233
1808940 232
1808950 232
1808960 232
1808970 232
1808980 231
1808990 231
1809000 231
1809010 231
1809020 231
1809030 231
1809040 230
1809050 230
1809060 230
1809070 230
1809080 230
1809090 230
1809100 230
1809110 230
1809120 230
1809130 230
1809140 229
1809150 229
1809160 229
1809170 229
1809180 229
1809190 229
1809200 229
1809210 229
1809220 229
1809230 229
1809240 229
1809250 229
1809260 229
1809270 229
1809280 228
1809290 228
1809300 228
1809310 228
1809320 228
1809330 228
1809340 228
1809350 228
1809360 228
1809370 228
1809380 228
1809390 228
1809400 228
1809410 228
1809420 228
1809430 228
1809440 228
1809450 228
1809460 228
1809470 228
1809480 228
1809490 228
1809500 228
1809510 228
1809520 228
1809530 228
1809540 228
1809550 228
1809560 228
1809570 228
1809580 228
1809590 227
1809600 227
1809610 226
1809620 226
1809630 227
1809640 227
1809650 227
1809660 227
1809670 227
1809680 228
1809690 228
1809700 228
1809710 228
1809720 228
1809730 228
1809740 228
1809750 228
1809760 228
1809770 228
1809780 228
1809790 228
1809800 228
1809810 228
1809820 228
1809830 228
1809840 228
1809850 228
1809860 228
1809870 228
1809880 228
1809890 228
1809900 228
1809910 228
1809920 228
1809930 228
1809940 228
1809950 228
1809960 228
1809970 228
1809980 228
1809990 227
1810000 228
1810010 228
1810020 228
1810030 228
1810040 228
1810050 228
1810060 228
1810070 228
1810080 228
1810090 228
1810100 228
1810110 228
1810120 228
1810130 228
1810140 228
1810150 228
1810160 228
1810170 228
1810180 228
1810190 228
1810200 228
1810210 228
1810220 228
1810230 228
1810240 228
1810250 228
1810260 228
1810270 228
1810280 228
1810290 228
1810300 228
1810310 228
1810320 229
1810330 229
1810340 229
1810350 229
1810360 229
1810370 229
1810380 229
1810390 229
1810400 229
1810410 229
1810420 229
1810430 229
1810440 229
1810450 229
1810460 229
1810470 229
1810480 229
1810490 229
1810500 229
1810510 229
1810520 229
1810530 229
1810540 229
1810550 229
1810560 229
1810570 229
1810580 229
1810590 229
1810600 229
1810610 229
1810620 229
1810630 229
1810640 229
1810650 229
1810660 229
1810670 229
1810680 229
1810690 229
1810700 229
1810710 229
1810720 229
1810730 229
1810740 229
1810750 229
1810760 229
1810770 229
1810780 229
1810790 229
1810800 230
1810810 230
1810820 230
1810830 230
1810840 230
1810850 230
1810860 230
1810870 230
1810880 231
1810890 231
1810900 231
1810910 232
1810920 232
1810930 233
1810940 233
1810950 234
1810960 234
1810970 234
1810980 234
1810990 234
1811000 234
1811010 234
1811020 234
1811030 235
1811040 235
1811050 235
1811060 235
1811070 235
1811080 235
1811090 235
1811100 235
1811110 235
1811120 234
1811130 234
1811140 234
1811150 234
1811160 234
1811170 234
1811180 234
1811190 234
1811200 234
1811210 234
1811220 234
1811230 234
1811240 234
1811250 234
1811260 234
1811270 234
1811280 234
1811290 234
1811300 234
1811310 234
1811320 234
1811330 234
1811340 234
1811350 234
1811360 234
1811370 234
1811380 234
1811390 234
1811400 234
1811410 234
1811420 234
1811430 234
1811440 234
1811450 234
1811460 234
1811470 234
1811480 234
1811490 234
1811500 234
1811510 235
1811520 235
1811530 235
1811540 235
1811550 235
1811560 235
1811570 235
1811580 235
1811590 235
1811600 236
1811610 236
1811620 236
1811630 236
1811640 236
1811650 237
1811660 237
1811670 238
1811680 238
1811690 238
1811700 238
1811710 238
1811720 239
1811730 239
1811740 239
1811750 239
1811760 240
1811770 240
1811780 240
1811790 241
1811800 241
1811810 241
1811820 242
1811830 242
1811840 242
1811850 243
1811860 243
1811870 243
1811880 243
1811890 243
1811900 244
1811910 244
1811920 243
1811930 243
1811940 243
1811950 243
1811960 243
1811970 243
1811980 242
1811990 242
1812000 242
1812010 241
1812020 241
1812030 241
1812040 241
1812050 241
1812060 241
1812070 241
1812080 242
1812090 242
1812100 242
1812110 242
1812120 242
1812130 243
1812140 243
1812150 243
1812160 244
1812170 244
1812180 244
1812190 244
1812200 245
1812210 245
1812220 245
1812230 245
1812240 246
1812250 246
1812260 246
1812270 246
1812280 246
1812290 246
1812300 246
1812310 246
1812320 246
1812330 246
1812340 246
1812350 246
1812360 246
1812370 245
1812380 245
1812390 244
1812400 243
1812410 243
1812420 242
1812430 241
1812440 240
1812450 239
1812460 238
1812470 238
1812480 237
1812490 236
1812500 235
1812510 234
1812520 234
1812530 233
1812540 233
1812550 232
1812560 232
1812570 232
1812580 232
1812590 232
1812600 232
1812610 232
1812620 232
1812630 232
1812640 232
1812650 232
1812660 232
1812670 232
1812680 232
1812690 232
1812700 233
1812710 233
1812720 234
1812730 234
1812740 235
1812750 236
1812760 237
1812770 238
1812780 238
1812790 239
1812800 240
1812810 241
1812820 241
1812830 242
1812840 243
1812850 243
1812860 244
1812870 244
1812880 245
1812890 246
1812900 246
1812910 247
1812920 247
1812930 248
1812940 248
1812950 248
1812960 248
1812970 248
1812980 247
1812990 247
1813000 246
1813010 246
1813020 245
1813030 244
1813040 243
1813050 242
1813060 242
1813070 242
1813080 243
1813090 245
1813100 246
1813110 248
1813120 249
1813130 249
1813140 250
1813150 251
1813160 252
1813170 252
1813180 253
1813190 253
1813200 253
1813210 254
1813220 254
1813230 255
1813240 255
1813250 255
1813260 255
1813270 255
1813280 255
1813290 255
1813300 256
1813310 256
1813320 256
1813330 256
1813340 256
1813350 256
1813360 256
1813370 257
1813380 257
1813390 257
1813400 257
1813410 257
1813420 257
1813430 257
1813440 257
1813450 258
1813460 258
1813470 258
1813480 258
1813490 258
1813500 258
1813510 258
1813520 258
1813530 259
1813540 259
1813550 259
1813560 259
1813570 259
1813580 259
1813590 259
1813600 260
1813610 260
1813620 260
1813630 260
1813640 260
1813650 260
1813660 260
1813670 260
1813680 260
1813690 260
1813700 261
1813710 261
1813720 261
1813730 261
1813740 261
1813750 261
1813760 261
1813770 261
1813780 261
1813790 261
1813800 261
1813810 261
1813820 261
1813830 261
1813840 261
1813850 261
1813860 261
1813870 261
1813880 261
1813890 261
1813900 261
1813910 261
1813920 261
1813930 261
1813940 261
1813950 260
1813960 259
1813970 259
1813980 258
1813990 257
1814000 255
1814010 254
1814020 253
1814030 252
1814040 252
1814050 251
1814060 252
1814070 253
1814080 254
1814090 255
1814100 256
1814110 256
1814120 257
1814130 257
1814140 258
1814150 258
1814160 259
1814170 259
1814180 260
1814190 260
1814200 261
1814210 262
1814220 262
1814230 262
1814240 263
1814250 263
1814260 264
1814270 264
1814280 265
1814290 265
1814300 266
1814310 267
1814320 268
1814330 269
1814340 270
1814350 271
1814360 272
1814370 273
1814380 274
1814390 275
1814400 276
1814410 277
1814420 278
1814430 279
1814440 280
1814450 281
1814460 282
1814470 282
1814480 283
1814490 284
1814500 285
1814510 286
1814520 287
1814530 288
1814540 288
1814550 289
1814560 290
1814570 291
1814580 292
1814590 293
1814600 293
1814610 295
1814620 296
1814630 297
1814640 299
1814650 300
1814660 300
1814670 300
1814680 300
1814690 301
1814700 300
1814710 300
1814720 299
1814730 298
1814740 298
1814750 297
1814760 296
1814770 295
1814780 294
1814790 293
1814800 292
1814810 291
1814820 290
1814830 289
1814840 288
1814850 287
1814860 285
1814870 284
1814880 283
1814890 282
1814900 281
1814910 280
1814920 279
1814930 278
1814940 277
1814950 276
1814960 275
1814970 275
1814980 274
1814990 273
1815000 272
1815010 272
1815020 271
1815030 271
1815040 271
1815050 270
1815060 270
1815070 269
1815080 269
1815090 268
1815100 268
1815110 267
1815120 267
1815130 266
1815140 266
1815150 265
1815160 264
1815170 264
1815180 263
1815190 263
1815200 262
1815210 262
1815220 261
1815230 260
1815240 260
1815250 259
1815260 259
1815270 260
1815280 260
1815290 260
1815300 260
1815310 261
1815320 261
1815330 261
1815340 261
1815350 261
1815360 261
1815370 261
1815380 261
1815390 261
1815400 261
1815410 262
1815420 262
1815430 263
1815440 264
1815450 264
1815460 264
1815470 264
1815480 264
1815490 264
1815500 264
1815510 265
1815520 265
1815530 265
1815540 266
1815550 267
1815560 267
1815570 268
1815580 269
1815590 269
1815600 270
1815610 272
1815620 273
1815630 274
1815640 275
1815650 276
1815660 277
1815670 278
1815680 279
1815690 280
1815700 281
1815710 282
1815720 282
1815730 283
1815740 284
1815750 285
1815760 287
1815770 288
1815780 289
1815790 290
1815800 291
1815810 292
1815820 293
1815830 294
1815840 295
1815850 296
1815860 297
1815870 298
1815880 299
1815890 301
1815900 303
1815910 304
1815920 306
1815930 307
1815940 308
1815950 309
1815960 311
1815970 312
1815980 313
1815990 315
1816000 316
1816010 318
1816020 319
1816030 320
1816040 321
1816050 321
1816060 322
1816070 322
1816080 322
1816090 322
1816100 322
1816110 321
1816120 321
1816130 320
1816140 320
1816150 319
1816160 318
1816170 317
1816180 316
1816190 316
1816200 314
1816210 313
1816220 312
1816230 312
1816240 311
1816250 310
1816260 310
1816270 309
1816280 308
1816290 307
1816300 306
1816310 305
1816320 304
1816330 303
1816340 302
1816350 301
1816360 300
1816370 299
1816380 298
1816390 297
1816400 296
1816410 295
1816420 293
1816430 292
1816440 291
1816450 291
1816460 290
1816470 289
1816480 288
1816490 288
1816500 287
1816510 287
1816520 287
1816530 286
1816540 286
1816550 285
1816560 284
1816570 284
1816580 283
1816590 282
1816600 281
1816610 281
1816620 280
1816630 279
1816640 279
1816650 278
1816660 278
1816670 277
1816680 277
1816690 276
1816700 276
1816710 276
1816720 276
1816730 276
1816740 276
1816750 276
1816760 276
1816770 276
1816780 276
1816790 276
1816800 277
1816810 277
1816820 277
1816830 277
1816840 277
1816850 278
1816860 278
1816870 278
1816880 279
1816890 279
1816900 280
1816910 281
1816920 281
1816930 282
1816940 283
1816950 283
1816960 284
1816970 285
1816980 285
1816990 286
1817000 287
1817010 287
1817020 288
1817030 289
1817040 290
1817050 290
1817060 291
1817070 292
1817080 293
1817090 294
1817100 296
1817110 298
1817120 300
1817130 301
1817140 302
1817150 303
1817160 304
1817170 305
1817180 306
1817190 307
1817200 308
1817210 308
1817220 309
1817230 310
1817240 311
1817250 311
1817260 312
1817270 312
1817280 313
1817290 313
1817300 313
1817310 313
1817320 313
1817330 313
1817340 312
1817350 312
1817360 312
1817370 311
1817380 311
1817390 311
1817400 310
1817410 310
1817420 310
1817430 309
1817440 309
1817450 309
1817460 308
1817470 308
1817480 307
1817490 307
1817500 306
1817510 306
1817520 305
1817530 305
1817540 305
1817550 305
1817560 305
1817570 304
1817580 304
1817590 303
1817600 303
1817610 303
1817620 302
1817630 302
1817640 302
1817650 302
1817660 302
1817670 302
1817680 302
1817690 301
1817700 301
1817710 301
1817720 301
1817730 301
1817740 301
1817750 301
1817760 301
1817770 302
1817780 302
1817790 302
1817800 302
1817810 302
1817820 302
1817830 302
1817840 302
1817850 302
1817860 302
1817870 302
1817880 301
1817890 301
1817900 301
1817910 301
1817920 301
1817930 300
1817940 300
1817950 299
1817960 299
1817970 299
1817980 298
1817990 298
1818000 297
1818010 297
1818020 296
1818030 295
1818040 295
1818050 294
1818060 293
1818070 292
1818080 291
1818090 290
1818100 289
1818110 288
1818120 287
1818130 286
1818140 285
1818150 283
1818160 282
1818170 281
1818180 280
1818190 280
1818200 279
1818210 278
1818220 278
1818230 277
1818240 276
1818250 276
1818260 275
1818270 275
1818280 274
1818290 273
1818300 273
1818310 272
1818320 272
1818330 271
1818340 271
1818350 270
1818360 269
1818370 268
1818380 268
1818390 267
1818400 266
1818410 265
1818420 264
1818430 264
1818440 263
1818450 263
1818460 262
1818470 262
1818480 261
1818490 261
1818500 260
1818510 259
1818520 258
1818530 256
1818540 255
1818550 254
1818560 253
1818570 252
1818580 252
1818590 252
1818600 252
1818610 252
1818620 252
1818630 252
1818640 252
1818650 251
1818660 251
1818670 250
1818680 250
1818690 249
1818700 248
1818710 248
1818720 248
1818730 248
1818740 247
1818750 247
1818760 247
1818770 246
1818780 246
1818790 246
1818800 246
1818810 246
1818820 246
1818830 246
1818840 246
1818850 246
1818860 246
1818870 246
1818880 246
1818890 246
1818900 246
1818910 246
1818920 246
1818930 246
1818940 246
1818950 247
1818960 247
1818970 247
1818980 247
1818990 247
1819000 247
1819010 247
1819020 247
1819030 247
1819040 247
1819050 247
1819060 247
1819070 247
1819080 247
1819090 247
1819100 247
1819110 247
1819120 247
1819130 247
1819140 247
1819150 247
1819160 247
1819170 247
1819180 248
1819190 248
1819200 248
1819210 248
1819220 248
1819230 248
1819240 249
1819250 249
1819260 250
1819270 250
1819280 250
1819290 251
1819300 252
1819310 252
1819320 253
1819330 254
1819340 254
1819350 255
1819360 256
1819370 257
1819380 258
1819390 259
1819400 260
1819410 261
1819420 262
1819430 263
1819440 264
1819450 265
1819460 266
1819470 266
1819480 267
1819490 268
1819500 268
1819510 269
1819520 269
1819530 269
1819540 270
1819550 270
1819560 270
1819570 270
1819580 270
1819590 270
1819600 271
1819610 271
1819620 271
1819630 270
1819640 270
1819650 270
1819660 269
1819670 268
1819680 267
1819690 266
1819700 264
1819710 263
1819720 262
1819730 261
1819740 261
1819750 261
1819760 260
1819770 260
1819780 259
1819790 259
1819800 259
1819810 260
1819820 260
1819830 260
1819840 260
1819850 260
1819860 259
1819870 260
1819880 260
1819890 261
1819900 262
1819910 262
1819920 263
1819930 263
1819940 264
1819950 265
1819960 266
1819970 266
1819980 267
1819990 268
