1800000 292
1800010 292
1800020 292
1800030 291
1800040 291
1800050 291
1800060 291
1800070 292
1800080 292
1800090 292
1800100 292
1800110 292
1800120 292
1800130 292
1800140 292
1800150 292
1800160 292
1800170 292
1800180 293
1800190 292
1800200 292
1800210 292
1800220 293
1800230 293
1800240 293
1800250 293
1800260 293
1800270 293
1800280 293
1800290 293
1800300 293
1800310 293
1800320 293
1800330 293
1800340 294
1800350 294
1800360 294
1800370 294
1800380 294
1800390 294
1800400 294
1800410 295
1800420 295
1800430 295
1800440 295
1800450 295
1800460 295
1800470 296
1800480 296
1800490 296
1800500 296
1800510 297
1800520 297
1800530 297
1800540 297
1800550 298
1800560 298
1800570 299
1800580 300
1800590 300
1800600 301
1800610 302
1800620 302
1800630 303
1800640 303
1800650 304
1800660 304
1800670 305
1800680 306
1800690 306
1800700 307
1800710 307
1800720 306
1800730 307
1800740 307
1800750 308
1800760 309
1800770 311
1800780 312
1800790 312
1800800 313
1800810 313
1800820 314
1800830 314
1800840 315
1800850 315
1800860 316
1800870 316
1800880 317
1800890 317
1800900 318
1800910 318
1800920 319
1800930 319
1800940 319
1800950 320
1800960 320
1800970 320
1800980 320
1800990 320
1801000 321
1801010 320
1801020 319
1801030 319
1801040 319
1801050 319
1801060 319
1801070 319
1801080 319
1801090 320
1801100 320
1801110 320
1801120 320
1801130 321
1801140 321
1801150 321
1801160 321
1801170 322
1801180 322
1801190 322
1801200 322
1801210 322
1801220 322
1801230 323
1801240 323
1801250 323
1801260 323
1801270 323
1801280 323
1801290 324
1801300 324
1801310 324
1801320 324
1801330 324
1801340 324
1801350 324
1801360 324
1801370 324
1801380 324
1801390 324
1801400 324
1801410 324
1801420 324
1801430 324
1801440 324
1801450 324
1801460 324
1801470 324
1801480 324
1801490 324
1801500 324
1801510 324
1801520 324
1801530 324
1801540 324
1801550 324
1801560 324
1801570 324
1801580 324
1801590 324
1801600 323
1801610 323
1801620 323
1801630 323
1801640 323
1801650 323
1801660 323
1801670 323
1801680 322
1801690 322
1801700 322
1801710 322
1801720 322
1801730 321
1801740 321
1801750 321
1801760 320
1801770 320
1801780 320
1801790 320
1801800 320
1801810 320
1801820 320
1801830 320
1801840 320
1801850 320
1801860 320
1801870 320
1801880 320
1801890 319
1801900 319
1801910 319
1801920 319
1801930 318
1801940 318
1801950 317
1801960 317
1801970 316
1801980 315
1801990 314
1802000 314
1802010 313
1802020 313
1802030 312
1802040 311
1802050 311
1802060 310
1802070 310
1802080 309
1802090 308
1802100 308
1802110 307
1802120 306
1802130 303
1802140 302
1802150 302
1802160 304
1802170 305
1802180 307
1802190 308
1802200 308
1802210 309
1802220 309
1802230 310
1802240 311
1802250 311
1802260 312
1802270 313
1802280 314
1802290 314
1802300 315
1802310 316
1802320 317
1802330 318
1802340 319
1802350 319
1802360 320
1802370 320
1802380 320
1802390 321
1802400 321
1802410 321
1802420 321
1802430 321
1802440 321
1802450 321
1802460 321
1802470 321
1802480 321
1802490 321
1802500 321
1802510 321
1802520 321
1802530 321
1802540 321
1802550 321
1802560 321
1802570 321
1802580 320
1802590 320
1802600 320
1802610 320
1802620 320
1802630 320
1802640 319
1802650 319
1802660 319
1802670 318
1802680 317
1802690 316
1802700 315
1802710 314
1802720 313
1802730 311
1802740 310
1802750 309
1802760 309
1802770 308
1802780 307
1802790 307
1802800 306
1802810 305
1802820 304
1802830 303
1802840 303
1802850 301
1802860 300
1802870 299
1802880 298
1802890 297
1802900 296
1802910 296
1802920 295
1802930 295
1802940 294
1802950 294
1802960 293
1802970 293
1802980 292
1802990 292
1803000 291
1803010 291
1803020 290
1803030 289
1803040 289
1803050 289
1803060 288
1803070 288
1803080 289
1803090 290
1803100 290
1803110 291
1803120 291
1803130 292
1803140 292
1803150 292
1803160 293
1803170 294
1803180 294
1803190 295
1803200 295
1803210 296
1803220 296
1803230 297
1803240 298
1803250 300
1803260 300
1803270 301
1803280 302
1803290 303
1803300 304
1803310 304
1803320 305
1803330 306
1803340 307
1803350 308
1803360 309
1803370 309
1803380 310
1803390 310
1803400 311
1803410 311
1803420 312
1803430 312
1803440 313
1803450 313
1803460 313
1803470 313
1803480 313
1803490 312
1803500 312
1803510 311
1803520 311
1803530 310
1803540 310
1803550 310
1803560 310
1803570 309
1803580 308
1803590 308
1803600 307
1803610 306
1803620 305
1803630 304
1803640 303
1803650 302
1803660 301
1803670 300
1803680 299
1803690 297
1803700 295
1803710 294
1803720 292
1803730 291
1803740 290
1803750 288
1803760 287
1803770 286
1803780 285
1803790 284
1803800 282
1803810 281
1803820 278
1803830 276
1803840 274
1803850 273
1803860 272
1803870 270
1803880 269
1803890 268
1803900 267
1803910 267
1803920 267
1803930 267
1803940 268
1803950 268
1803960 268
1803970 268
1803980 269
1803990 269
1804000 270
1804010 270
1804020 271
1804030 273
1804040 274
1804050 275
1804060 277
1804070 278
1804080 280
1804090 282
1804100 283
1804110 285
1804120 287
1804130 289
1804140 291
1804150 293
1804160 295
1804170 297
1804180 298
1804190 299
1804200 300
1804210 301
1804220 302
1804230 302
1804240 302
1804250 301
1804260 301
1804270 300
1804280 299
1804290 298
1804300 297
1804310 296
1804320 295
1804330 294
1804340 293
1804350 292
1804360 291
1804370 290
1804380 289
1804390 287
1804400 286
1804410 285
1804420 284
1804430 283
1804440 282
1804450 281
1804460 279
1804470 278
1804480 277
1804490 275
1804500 274
1804510 273
1804520 271
1804530 270
1804540 270
1804550 269
1804560 268
1804570 267
1804580 266
1804590 265
1804600 265
1804610 264
1804620 263
1804630 263
1804640 262
1804650 261
1804660 260
1804670 259
1804680 258
1804690 257
1804700 256
1804710 255
1804720 254
1804730 253
1804740 252
1804750 251
1804760 250
1804770 249
1804780 248
1804790 248
1804800 248
1804810 247
1804820 247
1804830 247
1804840 247
1804850 247
1804860 247
1804870 247
1804880 247
1804890 247
1804900 248
1804910 248
1804920 248
1804930 248
1804940 249
1804950 250
1804960 251
1804970 252
1804980 253
1804990 255
1805000 256
1805010 258
1805020 259
1805030 260
1805040 261
1805050 262
1805060 264
1805070 265
1805080 266
1805090 267
1805100 268
1805110 269
1805120 270
1805130 271
1805140 271
1805150 272
1805160 273
1805170 274
1805180 274
1805190 275
1805200 276
1805210 278
1805220 279
1805230 280
1805240 281
1805250 283
1805260 284
1805270 285
1805280 286
1805290 288
1805300 289
1805310 289
1805320 290
1805330 291
1805340 291
1805350 292
1805360 292
1805370 292
1805380 292
1805390 292
1805400 292
1805410 292
1805420 292
1805430 291
1805440 291
1805450 290
1805460 290
1805470 290
1805480 290
1805490 290
1805500 290
1805510 290
1805520 290
1805530 290
1805540 290
1805550 290
1805560 290
1805570 291
1805580 291
1805590 292
1805600 293
1805610 294
1805620 295
1805630 296
1805640 297
1805650 298
1805660 298
1805670 299
1805680 299
1805690 300
1805700 301
1805710 301
1805720 301
1805730 302
1805740 302
1805750 303
1805760 303
1805770 304
1805780 305
1805790 305
1805800 306
1805810 307
1805820 308
1805830 310
1805840 311
1805850 313
1805860 314
1805870 315
1805880 315
1805890 316
1805900 316
1805910 317
1805920 318
1805930 318
1805940 318
1805950 318
1805960 317
1805970 317
1805980 317
1805990 316
1806000 315
1806010 314
1806020 313
1806030 312
1806040 311
1806050 310
1806060 310
1806070 309
1806080 308
1806090 307
1806100 307
1806110 306
1806120 305
1806130 303
1806140 301
1806150 299
1806160 297
1806170 296
1806180 294
1806190 293
1806200 293
1806210 292
1806220 291
1806230 291
1806240 290
1806250 289
1806260 288
1806270 287
1806280 286
1806290 285
1806300 283
1806310 282
1806320 282
1806330 281
1806340 280
1806350 279
1806360 279
1806370 278
1806380 277
1806390 276
1806400 275
1806410 274
1806420 274
1806430 273
1806440 272
1806450 272
1806460 271
1806470 270
1806480 270
1806490 269
1806500 268
1806510 267
1806520 266
1806530 266
1806540 265
1806550 265
1806560 264
1806570 264
1806580 263
1806590 263
1806600 262
1806610 261
1806620 261
1806630 260
1806640 260
1806650 260
1806660 259
1806670 259
1806680 258
1806690 258
1806700 257
1806710 257
1806720 257
1806730 256
1806740 256
1806750 256
1806760 256
1806770 256
1806780 256
1806790 256
1806800 257
1806810 257
1806820 257
1806830 257
1806840 257
1806850 257
1806860 257
1806870 257
1806880 257
1806890 257
1806900 257
1806910 257
1806920 257
1806930 257
1806940 257
1806950 258
1806960 258
1806970 258
1806980 259
1806990 259
1807000 259
1807010 259
1807020 260
1807030 260
1807040 260
1807050 260
1807060 261
1807070 261
1807080 261
1807090 262
1807100 263
1807110 264
1807120 265
1807130 267
1807140 267
1807150 268
1807160 269
1807170 269
1807180 270
1807190 271
1807200 272
1807210 273
1807220 273
1807230 274
1807240 275
1807250 276
1807260 277
1807270 278
1807280 280
1807290 281
1807300 282
1807310 283
1807320 284
1807330 284
1807340 285
1807350 285
1807360 286
1807370 287
1807380 289
1807390 290
1807400 291
1807410 292
1807420 294
1807430 295
1807440 296
1807450 297
1807460 298
1807470 299
1807480 300
1807490 300
1807500 301
1807510 302
1807520 302
1807530 303
1807540 303
1807550 304
1807560 305
1807570 306
1807580 306
1807590 307
1807600 308
1807610 309
1807620 310
1807630 311
1807640 312
1807650 313
1807660 314
1807670 314
1807680 315
1807690 315
1807700 316
1807710 316
1807720 316
1807730 316
1807740 316
1807750 316
1807760 316
1807770 316
1807780 316
1807790 316
1807800 316
1807810 316
1807820 316
1807830 316
1807840 316
1807850 316
1807860 316
1807870 316
1807880 315
1807890 315
1807900 315
1807910 315
1807920 315
1807930 315
1807940 315
1807950 315
1807960 315
1807970 314
1807980 314
1807990 314
1808000 314
1808010 314
1808020 314
1808030 314
1808040 313
1808050 313
1808060 313
1808070 313
1808080 313
1808090 313
1808100 312
1808110 312
1808120 312
1808130 312
1808140 312
1808150 312
1808160 312
1808170 313
1808180 313
1808190 313
1808200 313
1808210 312
1808220 312
1808230 312
1808240 312
1808250 312
1808260 312
1808270 312
1808280 312
1808290 311
1808300 311
1808310 311
1808320 310
1808330 310
1808340 310
1808350 309
1808360 309
1808370 309
1808380 308
1808390 308
1808400 307
1808410 307
1808420 307
1808430 306
1808440 306
1808450 306
1808460 305
1808470 305
1808480 305
1808490 305
1808500 305
1808510 305
1808520 305
1808530 305
1808540 305
1808550 305
1808560 306
1808570 306
1808580 306
1808590 307
1808600 307
1808610 307
1808620 308
1808630 308
1808640 308
1808650 308
1808660 308
1808670 308
1808680 308
1808690 308
1808700 308
1808710 308
1808720 307
1808730 307
1808740 307
1808750 306
1808760 306
1808770 305
1808780 305
1808790 304
1808800 304
1808810 303
1808820 303
1808830 302
1808840 302
1808850 301
1808860 301
1808870 300
1808880 299
1808890 298
1808900 297
1808910 296
1808920 295
1808930 294
1808940 293
1808950 292
1808960 291
1808970 290
1808980 289
1808990 288
1809000 287
1809010 286
1809020 285
1809030 285
1809040 284
1809050 284
1809060 283
1809070 282
1809080 281
1809090 280
1809100 280
1809110 279
1809120 278
1809130 278
1809140 277
1809150 277
1809160 276
1809170 276
1809180 275
1809190 274
1809200 272
1809210 272
1809220 273
1809230 273
1809240 274
1809250 274
1809260 274
1809270 275
1809280 276
1809290 276
1809300 278
1809310 279
1809320 280
1809330 281
1809340 282
1809350 283
1809360 284
1809370 285
1809380 286
1809390 287
1809400 287
1809410 288
1809420 289
1809430 289
1809440 290
1809450 290
1809460 291
1809470 291
1809480 292
1809490 293
1809500 293
1809510 294
1809520 294
1809530 295
1809540 295
1809550 295
1809560 295
1809570 294
1809580 294
1809590 294
1809600 294
1809610 294
1809620 293
1809630 293
1809640 292
1809650 291
1809660 291
1809670 290
1809680 289
1809690 289
1809700 288
1809710 288
1809720 287
1809730 287
1809740 286
1809750 286
1809760 285
1809770 284
1809780 284
1809790 284
1809800 284
1809810 285
1809820 286
1809830 288
1809840 289
1809850 290
1809860 291
1809870 291
1809880 292
1809890 293
1809900 293
1809910 294
1809920 295
1809930 295
1809940 296
1809950 297
1809960 298
1809970 299
1809980 300
1809990 301
1810000 302
1810010 303
1810020 303
1810030 303
1810040 304
1810050 304
1810060 305
1810070 305
1810080 305
1810090 305
1810100 305
1810110 305
1810120 305
1810130 305
1810140 305
1810150 305
1810160 304
1810170 304
1810180 303
1810190 303
1810200 302
1810210 302
1810220 302
1810230 301
1810240 300
1810250 299
1810260 298
1810270 297
1810280 296
1810290 296
1810300 295
1810310 294
1810320 293
1810330 292
1810340 292
1810350 291
1810360 290
1810370 289
1810380 288
1810390 287
1810400 286
1810410 286
1810420 285
1810430 284
1810440 283
1810450 282
1810460 281
1810470 280
1810480 279
1810490 278
1810500 278
1810510 277
1810520 275
1810530 273
1810540 272
1810550 272
1810560 271
1810570 270
1810580 270
1810590 269
1810600 268
1810610 267
1810620 266
1810630 265
1810640 264
1810650 264
1810660 263
1810670 263
1810680 263
1810690 263
1810700 263
1810710 263
1810720 263
1810730 263
1810740 263
1810750 263
1810760 263
1810770 263
1810780 263
1810790 263
1810800 264
1810810 264
1810820 265
1810830 266
1810840 266
1810850 267
1810860 268
1810870 269
1810880 271
1810890 272
1810900 274
1810910 275
1810920 277
1810930 278
1810940 280
1810950 281
1810960 282
1810970 283
1810980 284
1810990 285
1811000 285
1811010 286
1811020 287
1811030 287
1811040 288
1811050 289
1811060 290
1811070 290
1811080 291
1811090 292
1811100 292
1811110 293
1811120 293
1811130 294
1811140 294
1811150 295
1811160 296
1811170 296
1811180 296
1811190 297
1811200 298
1811210 298
1811220 299
1811230 299
1811240 300
1811250 300
1811260 301
1811270 301
1811280 302
1811290 302
1811300 302
1811310 303
1811320 303
1811330 303
1811340 303
1811350 303
1811360 303
1811370 303
1811380 303
1811390 303
1811400 303
1811410 303
1811420 302
1811430 302
1811440 302
1811450 302
1811460 302
1811470 302
1811480 302
1811490 302
1811500 302
1811510 302
1811520 302
1811530 301
1811540 301
1811550 301
1811560 301
1811570 301
1811580 300
1811590 300
1811600 300
1811610 299
1811620 299
1811630 298
1811640 298
1811650 297
1811660 297
1811670 296
1811680 296
1811690 295
1811700 295
1811710 294
1811720 293
1811730 293
1811740 292
1811750 292
1811760 291
1811770 291
1811780 291
1811790 291
1811800 291
1811810 291
1811820 291
1811830 291
1811840 291
1811850 292
1811860 292
1811870 293
1811880 293
1811890 294
1811900 295
1811910 296
1811920 296
1811930 297
1811940 297
1811950 298
1811960 298
1811970 298
1811980 299
1811990 299
1812000 299
1812010 299
1812020 300
1812030 300
1812040 300
1812050 300
1812060 300
1812070 300
1812080 301
1812090 301
1812100 301
1812110 300
1812120 300
1812130 300
1812140 300
1812150 299
1812160 298
1812170 298
1812180 297
1812190 297
1812200 296
1812210 295
1812220 295
1812230 294
1812240 293
1812250 293
1812260 292
1812270 293
1812280 294
1812290 295
1812300 295
1812310 296
1812320 297
1812330 297
1812340 298
1812350 299
1812360 299
1812370 300
1812380 301
1812390 302
1812400 302
1812410 303
1812420 304
1812430 305
1812440 306
1812450 306
1812460 307
1812470 308
1812480 309
1812490 309
1812500 310
1812510 310
1812520 310
1812530 311
1812540 311
1812550 311
1812560 311
1812570 311
1812580 311
1812590 311
1812600 311
1812610 311
1812620 311
1812630 311
1812640 311
1812650 311
1812660 311
1812670 311
1812680 311
1812690 311
1812700 311
1812710 311
1812720 311
1812730 311
1812740 311
1812750 311
1812760 311
1812770 311
1812780 311
1812790 311
1812800 311
1812810 311
1812820 311
1812830 310
1812840 310
1812850 309
1812860 309
1812870 308
1812880 307
1812890 307
1812900 306
1812910 306
1812920 305
1812930 305
1812940 304
1812950 304
1812960 303
1812970 303
1812980 302
1812990 302
1813000 302
1813010 301
1813020 301
1813030 300
1813040 300
1813050 299
1813060 299
1813070 298
1813080 298
1813090 297
1813100 297
1813110 296
1813120 296
1813130 295
1813140 295
1813150 294
1813160 294
1813170 293
1813180 293
1813190 292
1813200 292
1813210 291
1813220 291
1813230 291
1813240 290
1813250 290
1813260 290
1813270 289
1813280 289
1813290 288
1813300 288
1813310 288
1813320 287
1813330 287
1813340 286
1813350 286
1813360 285
1813370 284
1813380 284
1813390 283
1813400 282
1813410 281
1813420 280
1813430 279
1813440 278
1813450 277
1813460 276
1813470 276
1813480 275
1813490 275
1813500 275
1813510 274
1813520 273
1813530 273
1813540 272
1813550 271
1813560 271
1813570 270
1813580 270
1813590 269
1813600 268
1813610 267
1813620 267
1813630 266
1813640 266
1813650 266
1813660 267
1813670 266
1813680 267
1813690 267
1813700 268
1813710 269
1813720 269
1813730 269
1813740 269
1813750 269
1813760 270
1813770 269
1813780 269
1813790 268
1813800 268
1813810 269
1813820 270
1813830 271
1813840 271
1813850 271
1813860 271
1813870 271
1813880 272
1813890 272
1813900 273
1813910 274
1813920 274
1813930 275
1813940 276
1813950 277
1813960 278
1813970 279
1813980 280
1813990 281
1814000 281
1814010 282
1814020 283
1814030 284
1814040 284
1814050 285
1814060 286
1814070 287
1814080 288
1814090 288
1814100 289
1814110 290
1814120 291
1814130 292
1814140 293
1814150 294
1814160 294
1814170 295
1814180 296
1814190 297
1814200 297
1814210 298
1814220 299
1814230 300
1814240 300
1814250 301
1814260 301
1814270 302
1814280 302
1814290 303
1814300 304
1814310 304
1814320 305
1814330 305
1814340 305
1814350 305
1814360 305
1814370 305
1814380 305
1814390 305
1814400 305
1814410 305
1814420 305
1814430 305
1814440 305
1814450 305
1814460 305
1814470 304
1814480 304
1814490 304
1814500 304
1814510 304
1814520 304
1814530 304
1814540 304
1814550 304
1814560 303
1814570 303
1814580 303
1814590 303
1814600 303
1814610 303
1814620 303
1814630 302
1814640 302
1814650 302
1814660 302
1814670 302
1814680 302
1814690 302
1814700 302
1814710 302
1814720 302
1814730 302
1814740 302
1814750 302
1814760 302
1814770 302
1814780 302
1814790 302
1814800 302
1814810 302
1814820 301
1814830 301
1814840 301
1814850 301
1814860 301
1814870 301
1814880 301
1814890 300
1814900 300
1814910 300
1814920 300
1814930 300
1814940 300
1814950 300
1814960 300
1814970 300
1814980 299
1814990 300
1815000 300
1815010 300
1815020 300
1815030 300
1815040 300
1815050 301
1815060 301
1815070 301
1815080 301
1815090 302
1815100 302
1815110 302
1815120 302
1815130 302
1815140 302
1815150 302
1815160 302
1815170 302
1815180 302
1815190 302
1815200 302
1815210 302
1815220 302
1815230 302
1815240 302
1815250 302
1815260 302
1815270 301
1815280 301
1815290 301
1815300 300
1815310 300
1815320 300
1815330 299
1815340 299
1815350 298
1815360 298
1815370 298
1815380 298
1815390 298
1815400 298
1815410 298
1815420 298
1815430 298
1815440 298
1815450 298
1815460 299
1815470 299
1815480 299
1815490 300
1815500 300
1815510 300
1815520 300
1815530 300
1815540 301
1815550 301
1815560 301
1815570 301
1815580 301
1815590 301
1815600 301
1815610 301
1815620 301
1815630 301
1815640 301
1815650 301
1815660 300
1815670 300
1815680 300
1815690 300
1815700 300
1815710 300
1815720 300
1815730 300
1815740 300
1815750 300
1815760 300
1815770 300
1815780 300
1815790 300
1815800 299
1815810 299
1815820 299
1815830 299
1815840 299
1815850 299
1815860 299
1815870 299
1815880 299
1815890 299
1815900 299
1815910 299
1815920 299
1815930 300
1815940 300
1815950 300
1815960 300
1815970 300
1815980 300
1815990 300
1816000 300
1816010 300
1816020 300
1816030 300
1816040 300
1816050 300
1816060 300
1816070 300
1816080 300
1816090 300
1816100 300
1816110 300
1816120 300
1816130 299
1816140 299
1816150 299
1816160 299
1816170 299
1816180 299
1816190 299
1816200 299
1816210 299
1816220 299
1816230 299
1816240 298
1816250 298
1816260 298
1816270 298
1816280 297
1816290 297
1816300 297
1816310 296
1816320 296
1816330 296
1816340 295
1816350 295
1816360 295
1816370 295
1816380 295
1816390 294
1816400 294
1816410 294
1816420 294
1816430 294
1816440 294
1816450 294
1816460 294
1816470 294
1816480 294
1816490 294
1816500 294
1816510 294
1816520 294
1816530 294
1816540 294
1816550 294
1816560 294
1816570 294
1816580 294
1816590 294
1816600 294
1816610 294
1816620 294
1816630 294
1816640 294
1816650 294
1816660 294
1816670 293
1816680 293
1816690 293
1816700 293
1816710 293
1816720 293
1816730 293
1816740 293
1816750 293
1816760 293
1816770 293
1816780 292
1816790 292
1816800 292
1816810 292
1816820 292
1816830 292
1816840 291
1816850 291
1816860 291
1816870 291
1816880 291
1816890 291
1816900 290
1816910 290
1816920 290
1816930 290
1816940 290
1816950 290
1816960 290
1816970 291
1816980 291
1816990 291
1817000 291
1817010 291
1817020 291
1817030 291
1817040 291
1817050 292
1817060 292
1817070 292
1817080 292
1817090 292
1817100 292
1817110 292
1817120 292
1817130 292
1817140 292
1817150 292
1817160 292
1817170 293
1817180 293
1817190 293
1817200 293
1817210 293
1817220 293
1817230 293
1817240 293
1817250 293
1817260 293
1817270 293
1817280 293
1817290 293
1817300 293
1817310 294
1817320 294
1817330 294
1817340 294
1817350 294
1817360 294
1817370 294
1817380 294
1817390 294
1817400 294
1817410 294
1817420 294
1817430 294
1817440 294
1817450 294
1817460 294
1817470 294
1817480 294
1817490 294
1817500 294
1817510 294
1817520 294
1817530 293
1817540 293
1817550 293
1817560 293
1817570 293
1817580 293
1817590 293
1817600 293
1817610 293
1817620 293
1817630 293
1817640 293
1817650 293
1817660 293
1817670 293
1817680 293
1817690 293
1817700 293
1817710 293
1817720 293
1817730 293
1817740 293
1817750 293
1817760 293
1817770 293
1817780 293
1817790 293
1817800 293
1817810 293
1817820 293
1817830 293
1817840 293
1817850 293
1817860 293
1817870 293
1817880 293
1817890 293
1817900 293
1817910 293
1817920 293
1817930 293
1817940 293
1817950 292
1817960 292
1817970 292
1817980 292
1817990 292
1818000 292
1818010 292
1818020 292
1818030 292
1818040 292
1818050 292
1818060 292
1818070 292
1818080 291
1818090 291
1818100 291
1818110 291
1818120 291
1818130 290
1818140 290
1818150 290
1818160 290
1818170 289
1818180 289
1818190 289
1818200 289
1818210 289
1818220 289
1818230 288
1818240 288
1818250 288
1818260 288
1818270 288
1818280 288
1818290 287
1818300 287
1818310 287
1818320 287
1818330 287
1818340 288
1818350 288
1818360 288
1818370 288
1818380 288
1818390 288
1818400 288
1818410 288
1818420 288
1818430 288
1818440 288
1818450 288
1818460 288
1818470 288
1818480 288
1818490 288
1818500 288
1818510 288
1818520 288
1818530 288
1818540 288
1818550 288
1818560 288
1818570 288
1818580 288
1818590 288
1818600 288
1818610 288
1818620 288
1818630 288
1818640 288
1818650 288
1818660 288
1818670 288
1818680 288
1818690 288
1818700 288
1818710 287
1818720 287
1818730 287
1818740 287
1818750 287
1818760 287
1818770 287
1818780 287
1818790 286
1818800 286
1818810 286
1818820 286
1818830 286
1818840 286
1818850 286
1818860 286
1818870 285
1818880 285
1818890 285
1818900 285
1818910 285
1818920 285
1818930 284
1818940 284
1818950 284
1818960 284
1818970 284
1818980 284
1818990 284
1819000 284
1819010 284
1819020 283
1819030 283
1819040 283
1819050 283
1819060 283
1819070 283
1819080 283
1819090 283
1819100 283
1819110 283
1819120 283
1819130 283
1819140 282
1819150 282
1819160 282
1819170 282
1819180 282
1819190 282
1819200 282
1819210 282
1819220 282
1819230 282
1819240 282
1819250 282
1819260 282
1819270 282
1819280 282
1819290 282
1819300 281
1819310 281
1819320 281
1819330 281
1819340 281
1819350 281
1819360 281
1819370 281
1819380 281
1819390 281
1819400 281
1819410 281
1819420 281
1819430 281
1819440 281
1819450 281
1819460 281
1819470 281
1819480 281
1819490 281
1819500 281
1819510 281
1819520 281
1819530 281
1819540 281
1819550 281
1819560 281
1819570 281
1819580 281
1819590 281
1819600 281
1819610 281
1819620 282
1819630 282
1819640 282
1819650 282
1819660 282
1819670 282
1819680 282
1819690 282
1819700 282
1819710 282
1819720 281
1819730 281
1819740 281
1819750 281
1819760 281
1819770 281
1819780 281
1819790 281
1819800 280
1819810 280
1819820 280
1819830 280
1819840 280
1819850 279
1819860 279
1819870 279
1819880 279
1819890 279
1819900 278
1819910 278
1819920 278
1819930 278
1819940 278
1819950 278
1819960 278
1819970 278
1819980 277
1819990 277
