1800000 313
1800010 314
1800020 315
1800030 316
1800040 317
1800050 318
1800060 319
1800070 320
1800080 321
1800090 322
1800100 323
1800110 324
1800120 324
1800130 325
1800140 326
1800150 327
1800160 329
1800170 330
1800180 331
1800190 331
1800200 332
1800210 333
1800220 334
1800230 335
1800240 336
1800250 336
1800260 337
1800270 338
1800280 339
1800290 340
1800300 340
1800310 341
1800320 342
1800330 342
1800340 343
1800350 344
1800360 345
1800370 346
1800380 346
1800390 347
1800400 348
1800410 349
1800420 350
1800430 350
1800440 351
1800450 351
1800460 351
1800470 351
1800480 351
1800490 351
1800500 351
1800510 351
1800520 351
1800530 350
1800540 350
1800550 350
1800560 349
1800570 349
1800580 349
1800590 348
1800600 348
1800610 347
1800620 347
1800630 346
1800640 346
1800650 345
1800660 345
1800670 344
1800680 344
1800690 343
1800700 342
1800710 341
1800720 340
1800730 339
1800740 338
1800750 338
1800760 337
1800770 336
1800780 336
1800790 335
1800800 334
1800810 333
1800820 332
1800830 332
1800840 331
1800850 331
1800860 330
1800870 329
1800880 329
1800890 328
1800900 327
1800910 327
1800920 326
1800930 325
1800940 325
1800950 324
1800960 323
1800970 323
1800980 322
1800990 321
1801000 321
1801010 320
1801020 319
1801030 319
1801040 318
1801050 317
1801060 317
1801070 316
1801080 315
1801090 314
1801100 313
1801110 311
1801120 310
1801130 308
1801140 307
1801150 306
1801160 306
1801170 305
1801180 304
1801190 303
1801200 301
1801210 300
1801220 300
1801230 300
1801240 300
1801250 299
1801260 300
1801270 301
1801280 302
1801290 303
1801300 304
1801310 305
1801320 307
1801330 308
1801340 310
1801350 311
1801360 313
1801370 314
1801380 314
1801390 314
1801400 314
1801410 313
1801420 313
1801430 313
1801440 314
1801450 314
1801460 315
1801470 316
1801480 318
1801490 320
1801500 321
1801510 323
1801520 324
1801530 325
1801540 326
1801550 327
1801560 328
1801570 329
1801580 329
1801590 330
1801600 330
1801610 330
1801620 329
1801630 329
1801640 328
1801650 327
1801660 326
1801670 324
1801680 324
1801690 323
1801700 322
1801710 321
1801720 320
1801730 318
1801740 317
1801750 316
1801760 315
1801770 314
1801780 312
1801790 310
1801800 309
1801810 308
1801820 308
1801830 308
1801840 308
1801850 308
1801860 310
1801870 312
1801880 314
1801890 316
1801900 317
1801910 318
1801920 319
1801930 320
1801940 321
1801950 321
1801960 322
1801970 323
1801980 323
1801990 323
1802000 324
1802010 324
1802020 325
1802030 325
1802040 325
1802050 326
1802060 326
1802070 327
1802080 328
1802090 328
1802100 329
1802110 329
1802120 330
1802130 331
1802140 333
1802150 334
1802160 335
1802170 336
1802180 337
1802190 337
1802200 338
1802210 339
1802220 340
1802230 340
1802240 341
1802250 341
1802260 342
1802270 343
1802280 343
1802290 344
1802300 344
1802310 345
1802320 345
1802330 346
1802340 346
1802350 346
1802360 346
1802370 346
1802380 346
1802390 345
1802400 345
1802410 344
1802420 344
1802430 343
1802440 342
1802450 342
1802460 341
1802470 341
1802480 340
1802490 339
1802500 339
1802510 338
1802520 337
1802530 336
1802540 336
1802550 335
1802560 334
1802570 333
1802580 332
1802590 331
1802600 330
1802610 329
1802620 328
1802630 327
1802640 326
1802650 325
1802660 324
1802670 323
1802680 322
1802690 320
1802700 319
1802710 318
1802720 316
1802730 315
1802740 314
1802750 313
1802760 311
1802770 310
1802780 308
1802790 307
1802800 306
1802810 305
1802820 305
1802830 304
1802840 303
1802850 302
1802860 301
1802870 299
1802880 299
1802890 298
1802900 297
1802910 297
1802920 298
1802930 299
1802940 299
1802950 300
1802960 300
1802970 300
1802980 301
1802990 301
1803000 302
1803010 302
1803020 302
1803030 302
1803040 302
1803050 302
1803060 301
1803070 301
1803080 300
1803090 300
1803100 299
1803110 298
1803120 297
1803130 296
1803140 295
1803150 293
1803160 291
1803170 290
1803180 289
1803190 289
1803200 289
1803210 289
1803220 288
1803230 287
1803240 286
1803250 285
1803260 284
1803270 283
1803280 282
1803290 281
1803300 280
1803310 279
1803320 278
1803330 277
1803340 276
1803350 275
1803360 274
1803370 273
1803380 272
1803390 270
1803400 269
1803410 269
1803420 268
1803430 268
1803440 267
1803450 266
1803460 264
1803470 264
1803480 263
1803490 262
1803500 262
1803510 261
1803520 261
1803530 261
1803540 261
1803550 260
1803560 260
1803570 260
1803580 260
1803590 260
1803600 260
1803610 260
1803620 260
1803630 259
1803640 260
1803650 260
1803660 260
1803670 260
1803680 260
1803690 260
1803700 260
1803710 261
1803720 261
1803730 261
1803740 261
1803750 262
1803760 262
1803770 262
1803780 263
1803790 263
1803800 265
1803810 267
1803820 268
1803830 269
1803840 269
1803850 270
1803860 272
1803870 274
1803880 277
1803890 279
1803900 282
1803910 284
1803920 286
1803930 288
1803940 291
1803950 293
1803960 295
1803970 298
1803980 299
1803990 301
1804000 302
1804010 302
1804020 303
1804030 304
1804040 304
1804050 304
1804060 304
1804070 304
1804080 304
1804090 304
1804100 304
1804110 304
1804120 303
1804130 303
1804140 303
1804150 303
1804160 302
1804170 302
1804180 301
1804190 301
1804200 301
1804210 300
1804220 300
1804230 299
1804240 299
1804250 298
1804260 297
1804270 296
1804280 296
1804290 295
1804300 294
1804310 293
1804320 293
1804330 292
1804340 292
1804350 291
1804360 291
1804370 290
1804380 290
1804390 289
1804400 289
1804410 289
1804420 289
1804430 289
1804440 288
1804450 287
1804460 286
1804470 285
1804480 284
1804490 283
1804500 282
1804510 282
1804520 281
1804530 281
1804540 281
1804550 281
1804560 280
1804570 280
1804580 280
1804590 279
1804600 279
1804610 278
1804620 278
1804630 278
1804640 278
1804650 278
1804660 278
1804670 278
1804680 278
1804690 278
1804700 278
1804710 278
1804720 278
1804730 278
1804740 278
1804750 278
1804760 279
1804770 279
1804780 280
1804790 281
1804800 281
1804810 281
1804820 281
1804830 281
1804840 282
1804850 282
1804860 283
1804870 283
1804880 283
1804890 283
1804900 284
1804910 284
1804920 285
1804930 285
1804940 287
1804950 290
1804960 293
1804970 295
1804980 298
1804990 299
1805000 301
1805010 302
1805020 303
1805030 305
1805040 306
1805050 307
1805060 308
1805070 309
1805080 309
1805090 310
1805100 310
1805110 311
1805120 311
1805130 312
1805140 312
1805150 313
1805160 314
1805170 314
1805180 315
1805190 315
1805200 316
1805210 317
1805220 317
1805230 318
1805240 318
1805250 319
1805260 320
1805270 321
1805280 321
1805290 322
1805300 323
1805310 324
1805320 325
1805330 326
1805340 327
1805350 328
1805360 329
1805370 330
1805380 331
1805390 332
1805400 333
1805410 335
1805420 336
1805430 337
1805440 338
1805450 338
1805460 339
1805470 340
1805480 341
1805490 341
1805500 342
1805510 343
1805520 344
1805530 344
1805540 344
1805550 345
1805560 345
1805570 345
1805580 344
1805590 343
1805600 343
1805610 342
1805620 341
1805630 341
1805640 340
1805650 339
1805660 338
1805670 337
1805680 336
1805690 335
1805700 335
1805710 334
1805720 333
1805730 333
1805740 332
1805750 331
1805760 331
1805770 330
1805780 329
1805790 328
1805800 327
1805810 326
1805820 326
1805830 325
1805840 324
1805850 323
1805860 322
1805870 321
1805880 321
1805890 320
1805900 319
1805910 318
1805920 318
1805930 317
1805940 316
1805950 315
1805960 314
1805970 313
1805980 313
1805990 313
1806000 312
1806010 312
1806020 311
1806030 310
1806040 309
1806050 308
1806060 308
1806070 307
1806080 306
1806090 305
1806100 304
1806110 303
1806120 302
1806130 302
1806140 301
1806150 300
1806160 299
1806170 298
1806180 297
1806190 296
1806200 295
1806210 294
1806220 293
1806230 292
1806240 291
1806250 291
1806260 289
1806270 288
1806280 288
1806290 287
1806300 286
1806310 285
1806320 284
1806330 283
1806340 282
1806350 281
1806360 280
1806370 280
1806380 279
1806390 278
1806400 277
1806410 276
1806420 274
1806430 273
1806440 272
1806450 272
1806460 272
1806470 272
1806480 272
1806490 272
1806500 272
1806510 272
1806520 272
1806530 272
1806540 272
1806550 272
1806560 272
1806570 273
1806580 274
1806590 275
1806600 277
1806610 278
1806620 279
1806630 281
1806640 282
1806650 284
1806660 285
1806670 287
1806680 289
1806690 291
1806700 292
1806710 293
1806720 294
1806730 295
1806740 295
1806750 295
1806760 295
1806770 294
1806780 293
1806790 292
1806800 291
1806810 290
1806820 288
1806830 287
1806840 286
1806850 284
1806860 283
1806870 281
1806880 280
1806890 278
1806900 276
1806910 275
1806920 274
1806930 273
1806940 273
1806950 273
1806960 273
1806970 273
1806980 273
1806990 273
1807000 273
1807010 273
1807020 274
1807030 275
1807040 276
1807050 278
1807060 279
1807070 280
1807080 281
1807090 282
1807100 283
1807110 284
1807120 284
1807130 285
1807140 286
1807150 287
1807160 288
1807170 289
1807180 290
1807190 291
1807200 291
1807210 292
1807220 293
1807230 293
1807240 293
1807250 294
1807260 294
1807270 294
1807280 294
1807290 295
1807300 295
1807310 295
1807320 295
1807330 295
1807340 295
1807350 296
1807360 296
1807370 296
1807380 295
1807390 295
1807400 295
1807410 293
1807420 292
1807430 291
1807440 290
1807450 289
1807460 288
1807470 288
1807480 288
1807490 288
1807500 288
1807510 289
1807520 290
1807530 290
1807540 290
1807550 289
1807560 289
1807570 288
1807580 287
1807590 286
1807600 286
1807610 286
1807620 287
1807630 289
1807640 289
1807650 288
1807660 288
1807670 287
1807680 287
1807690 287
1807700 287
1807710 287
1807720 287
1807730 288
1807740 288
1807750 289
1807760 289
1807770 289
1807780 289
1807790 289
1807800 289
1807810 289
1807820 289
1807830 289
1807840 290
1807850 291
1807860 293
1807870 295
1807880 296
1807890 298
1807900 299
1807910 300
1807920 301
1807930 302
1807940 302
1807950 303
1807960 304
1807970 305
1807980 306
1807990 306
1808000 307
1808010 309
1808020 310
1808030 312
1808040 313
1808050 314
1808060 315
1808070 316
1808080 317
1808090 317
1808100 318
1808110 319
1808120 321
1808130 322
1808140 323
1808150 324
1808160 326
1808170 327
1808180 328
1808190 329
1808200 330
1808210 331
1808220 332
1808230 332
1808240 333
1808250 334
1808260 335
1808270 336
1808280 337
1808290 338
1808300 339
1808310 340
1808320 341
1808330 343
1808340 344
1808350 345
1808360 346
1808370 347
1808380 348
1808390 349
1808400 349
1808410 348
1808420 348
1808430 348
1808440 347
1808450 347
1808460 346
1808470 345
1808480 344
1808490 343
1808500 342
1808510 341
1808520 339
1808530 338
1808540 337
1808550 336
1808560 335
1808570 334
1808580 332
1808590 331
1808600 330
1808610 329
1808620 327
1808630 326
1808640 325
1808650 324
1808660 323
1808670 322
1808680 321
1808690 320
1808700 320
1808710 319
1808720 318
1808730 317
1808740 316
1808750 315
1808760 314
1808770 313
1808780 313
1808790 312
1808800 311
1808810 310
1808820 309
1808830 308
1808840 306
1808850 305
1808860 303
1808870 301
1808880 301
1808890 303
1808900 304
1808910 305
1808920 306
1808930 307
1808940 308
1808950 309
1808960 310
1808970 312
1808980 312
1808990 314
1809000 315
1809010 315
1809020 316
1809030 317
1809040 318
1809050 319
1809060 321
1809070 323
1809080 325
1809090 326
1809100 327
1809110 328
1809120 330
1809130 331
1809140 332
1809150 333
1809160 335
1809170 336
1809180 337
1809190 338
1809200 339
1809210 340
1809220 340
1809230 341
1809240 342
1809250 343
1809260 344
1809270 345
1809280 345
1809290 345
1809300 345
1809310 344
1809320 344
1809330 343
1809340 343
1809350 342
1809360 341
1809370 341
1809380 340
1809390 340
1809400 339
1809410 339
1809420 338
1809430 338
1809440 337
1809450 337
1809460 336
1809470 336
1809480 335
1809490 335
1809500 334
1809510 333
1809520 333
1809530 332
1809540 332
1809550 331
1809560 330
1809570 329
1809580 328
1809590 328
1809600 328
1809610 328
1809620 328
1809630 329
1809640 330
1809650 330
1809660 331
1809670 331
1809680 331
1809690 332
1809700 332
1809710 332
1809720 332
1809730 333
1809740 333
1809750 333
1809760 333
1809770 334
1809780 334
1809790 335
1809800 335
1809810 335
1809820 336
1809830 336
1809840 336
1809850 337
1809860 337
1809870 338
1809880 338
1809890 339
1809900 339
1809910 340
1809920 341
1809930 341
1809940 342
1809950 342
1809960 343
1809970 343
1809980 344
1809990 344
1810000 345
1810010 345
1810020 345
1810030 346
1810040 345
1810050 345
1810060 344
1810070 343
1810080 343
1810090 342
1810100 341
1810110 340
1810120 340
1810130 339
1810140 338
1810150 337
1810160 336
1810170 335
1810180 334
1810190 333
1810200 332
1810210 331
1810220 330
1810230 329
1810240 328
1810250 327
1810260 326
1810270 326
1810280 325
1810290 325
1810300 324
1810310 323
1810320 322
1810330 321
1810340 320
1810350 319
1810360 318
1810370 317
1810380 315
1810390 314
1810400 312
1810410 311
1810420 310
1810430 310
1810440 309
1810450 309
1810460 309
1810470 309
1810480 308
1810490 308
1810500 308
1810510 308
1810520 308
1810530 309
1810540 310
1810550 310
1810560 311
1810570 311
1810580 311
1810590 310
1810600 309
1810610 308
1810620 308
1810630 308
1810640 308
1810650 309
1810660 309
1810670 310
1810680 311
1810690 313
1810700 314
1810710 315
1810720 316
1810730 317
1810740 318
1810750 319
1810760 320
1810770 320
1810780 321
1810790 322
1810800 323
1810810 324
1810820 326
1810830 327
1810840 328
1810850 329
1810860 330
1810870 330
1810880 331
1810890 332
1810900 332
1810910 333
1810920 333
1810930 333
1810940 334
1810950 334
1810960 335
1810970 335
1810980 336
1810990 336
1811000 337
1811010 337
1811020 337
1811030 338
1811040 338
1811050 339
1811060 340
1811070 340
1811080 341
1811090 341
1811100 342
1811110 342
1811120 343
1811130 344
1811140 345
1811150 345
1811160 346
1811170 346
1811180 347
1811190 347
1811200 347
1811210 348
1811220 348
1811230 348
1811240 348
1811250 349
1811260 349
1811270 349
1811280 350
1811290 350
1811300 351
1811310 351
1811320 352
1811330 352
1811340 352
1811350 353
1811360 353
1811370 354
1811380 354
1811390 354
1811400 355
1811410 355
1811420 355
1811430 355
1811440 355
1811450 355
1811460 354
1811470 354
1811480 354
1811490 353
1811500 353
1811510 353
1811520 353
1811530 353
1811540 352
1811550 351
1811560 350
1811570 349
1811580 349
1811590 348
1811600 347
1811610 346
1811620 346
1811630 345
1811640 344
1811650 344
1811660 343
1811670 343
1811680 342
1811690 342
1811700 342
1811710 342
1811720 342
1811730 342
1811740 342
1811750 342
1811760 342
1811770 342
1811780 342
1811790 342
1811800 342
1811810 341
1811820 341
1811830 341
1811840 341
1811850 340
1811860 340
1811870 339
1811880 339
1811890 338
1811900 338
1811910 337
1811920 336
1811930 336
1811940 335
1811950 335
1811960 334
1811970 333
1811980 333
1811990 332
1812000 331
1812010 331
1812020 330
1812030 329
1812040 329
1812050 328
1812060 327
1812070 327
1812080 326
1812090 325
1812100 324
1812110 323
1812120 322
1812130 321
1812140 320
1812150 319
1812160 318
1812170 316
1812180 315
1812190 314
1812200 313
1812210 312
1812220 312
1812230 311
1812240 310
1812250 310
1812260 309
1812270 309
1812280 308
1812290 308
1812300 307
1812310 306
1812320 306
1812330 306
1812340 306
1812350 305
1812360 305
1812370 305
1812380 305
1812390 306
1812400 306
1812410 306
1812420 306
1812430 307
1812440 307
1812450 307
1812460 307
1812470 307
1812480 307
1812490 306
1812500 306
1812510 305
1812520 305
1812530 304
1812540 304
1812550 303
1812560 302
1812570 301
1812580 300
1812590 299
1812600 298
1812610 298
1812620 297
1812630 296
1812640 296
1812650 296
1812660 296
1812670 296
1812680 296
1812690 296
1812700 296
1812710 297
1812720 297
1812730 298
1812740 299
1812750 299
1812760 300
1812770 300
1812780 301
1812790 302
1812800 303
1812810 304
1812820 305
1812830 305
1812840 306
1812850 306
1812860 307
1812870 308
1812880 309
1812890 310
1812900 311
1812910 312
1812920 313
1812930 314
1812940 315
1812950 316
1812960 318
1812970 319
1812980 321
1812990 322
1813000 323
1813010 324
1813020 325
1813030 326
1813040 327
1813050 328
1813060 330
1813070 332
1813080 333
1813090 334
1813100 335
1813110 337
1813120 338
1813130 339
1813140 340
1813150 341
1813160 342
1813170 343
1813180 344
1813190 345
1813200 346
1813210 347
1813220 348
1813230 349
1813240 350
1813250 351
1813260 352
1813270 353
1813280 354
1813290 354
1813300 355
1813310 355
1813320 356
1813330 356
1813340 357
1813350 357
1813360 357
1813370 358
1813380 358
1813390 359
1813400 359
1813410 359
1813420 360
1813430 360
1813440 361
1813450 361
1813460 362
1813470 362
1813480 363
1813490 363
1813500 364
1813510 364
1813520 365
1813530 365
1813540 366
1813550 366
1813560 367
1813570 367
1813580 367
1813590 367
1813600 368
1813610 368
1813620 368
1813630 368
1813640 368
1813650 368
1813660 368
1813670 368
1813680 368
1813690 368
1813700 368
1813710 368
1813720 368
1813730 367
1813740 367
1813750 367
1813760 367
1813770 366
1813780 366
1813790 366
1813800 365
1813810 365
1813820 365
1813830 364
1813840 364
1813850 363
1813860 363
1813870 362
1813880 362
1813890 361
1813900 361
1813910 360
1813920 360
1813930 359
1813940 359
1813950 358
1813960 357
1813970 357
1813980 356
1813990 355
1814000 354
1814010 352
1814020 351
1814030 350
1814040 349
1814050 348
1814060 347
1814070 346
1814080 346
1814090 345
1814100 344
1814110 343
1814120 342
1814130 341
1814140 341
1814150 340
1814160 339
1814170 338
1814180 337
1814190 337
1814200 336
1814210 336
1814220 335
1814230 335
1814240 334
1814250 334
1814260 335
1814270 336
1814280 337
1814290 338
1814300 339
1814310 341
1814320 342
1814330 343
1814340 344
1814350 345
1814360 346
1814370 347
1814380 347
1814390 348
1814400 348
1814410 348
1814420 348
1814430 348
1814440 348
1814450 348
1814460 348
1814470 348
1814480 348
1814490 348
1814500 348
1814510 348
1814520 349
1814530 349
1814540 349
1814550 349
1814560 349
1814570 349
1814580 348
1814590 348
1814600 347
1814610 347
1814620 346
1814630 345
1814640 345
1814650 344
1814660 344
1814670 343
1814680 342
1814690 342
1814700 341
1814710 340
1814720 338
1814730 337
1814740 336
1814750 335
1814760 333
1814770 332
1814780 331
1814790 330
1814800 328
1814810 327
1814820 326
1814830 325
1814840 324
1814850 323
1814860 323
1814870 324
1814880 324
1814890 324
1814900 324
1814910 323
1814920 323
1814930 323
1814940 322
1814950 322
1814960 322
1814970 321
1814980 321
1814990 321
1815000 320
1815010 320
1815020 319
1815030 318
1815040 317
1815050 316
1815060 315
1815070 315
1815080 315
1815090 316
1815100 316
1815110 315
1815120 314
1815130 314
1815140 313
1815150 313
1815160 312
1815170 311
1815180 311
1815190 310
1815200 309
1815210 308
1815220 308
1815230 307
1815240 306
1815250 306
1815260 305
1815270 305
1815280 304
1815290 303
1815300 302
1815310 300
1815320 299
1815330 299
1815340 298
1815350 298
1815360 298
1815370 297
1815380 296
1815390 295
1815400 294
1815410 293
1815420 293
1815430 293
1815440 295
1815450 296
1815460 297
1815470 298
1815480 300
1815490 301
1815500 302
1815510 303
1815520 304
1815530 306
1815540 307
1815550 308
1815560 310
1815570 311
1815580 312
1815590 314
1815600 316
1815610 318
1815620 319
1815630 321
1815640 323
1815650 324
1815660 325
1815670 326
1815680 326
1815690 326
1815700 326
1815710 325
1815720 325
1815730 324
1815740 323
1815750 323
1815760 322
1815770 321
1815780 320
1815790 320
1815800 319
1815810 318
1815820 318
1815830 318
1815840 317
1815850 316
1815860 316
1815870 315
1815880 314
1815890 313
1815900 312
1815910 311
1815920 310
1815930 309
1815940 307
1815950 306
1815960 305
1815970 304
1815980 303
1815990 303
1816000 302
1816010 301
1816020 301
1816030 300
1816040 299
1816050 298
1816060 297
1816070 297
1816080 295
1816090 294
1816100 293
1816110 292
1816120 291
1816130 291
1816140 291
1816150 290
1816160 289
1816170 289
1816180 289
1816190 288
1816200 288
1816210 287
1816220 287
1816230 286
1816240 286
1816250 285
1816260 285
1816270 285
1816280 285
1816290 284
1816300 284
1816310 283
1816320 283
1816330 283
1816340 282
1816350 282
1816360 281
1816370 281
1816380 280
1816390 280
1816400 279
1816410 279
1816420 278
1816430 278
1816440 277
1816450 277
1816460 276
1816470 276
1816480 275
1816490 275
1816500 275
1816510 274
1816520 274
1816530 273
1816540 273
1816550 273
1816560 272
1816570 272
1816580 272
1816590 272
1816600 271
1816610 271
1816620 270
1816630 269
1816640 269
1816650 268
1816660 267
1816670 267
1816680 267
1816690 266
1816700 266
1816710 266
1816720 266
1816730 266
1816740 267
1816750 267
1816760 266
1816770 266
1816780 266
1816790 266
1816800 266
1816810 266
1816820 266
1816830 266
1816840 266
1816850 265
1816860 265
1816870 265
1816880 264
1816890 264
1816900 264
1816910 264
1816920 263
1816930 263
1816940 263
1816950 262
1816960 262
1816970 262
1816980 262
1816990 261
1817000 261
1817010 261
1817020 261
1817030 261
1817040 261
1817050 260
1817060 260
1817070 260
1817080 260
1817090 260
1817100 260
1817110 260
1817120 260
1817130 260
1817140 260
1817150 260
1817160 259
1817170 259
1817180 259
1817190 259
1817200 259
1817210 259
1817220 259
1817230 259
1817240 259
1817250 259
1817260 259
1817270 259
1817280 259
1817290 258
1817300 258
1817310 258
1817320 258
1817330 258
1817340 258
1817350 258
1817360 258
1817370 258
1817380 258
1817390 258
1817400 258
1817410 258
1817420 258
1817430 258
1817440 258
1817450 258
1817460 258
1817470 257
1817480 258
1817490 258
1817500 258
1817600 259
1817610 258
1817620 258
1817630 257
1817640 257
1817650 257
1817660 257
1817670 257
1817680 257
1817690 257
1817700 257
1817710 257
1817720 257
1817730 257
1817740 256
1817750 256
1817760 256
1817770 256
1817780 256
1817790 256
1817800 256
1817810 256
1817820 256
1817830 256
1817840 256
1817850 256
1817860 256
1817870 256
1817880 256
1817890 256
1817900 256
1817910 256
1817920 256
1817930 256
1817940 256
1817950 256
1817960 256
1817970 256
1817980 256
1817990 256
1818000 256
1818010 256
1818020 256
1818030 256
1818040 256
1818050 256
1818060 256
1818070 256
1818080 256
1818090 256
1818100 256
1818110 256
1818120 256
1818130 256
1818140 256
1818150 256
1818160 256
1818170 256
1818180 256
1818190 256
1818200 256
1818210 256
1818220 256
1818230 256
1818240 256
1818250 256
1818260 256
1818270 256
1818280 256
1818290 256
1818300 256
1818310 256
1818320 256
1818330 256
1818340 256
1818350 256
1818360 256
1818370 256
1818380 255
1818390 255
1818400 255
1818410 255
1818420 255
1818430 255
1818440 255
1818450 255
1818460 255
1818470 255
1818480 255
1818490 255
1818500 255
1818510 255
1818520 255
1818530 255
1818540 255
1818550 255
1818560 255
1818570 255
1818580 255
1818590 255
1818600 255
1818610 255
1818620 255
1818630 255
1818640 255
1818650 255
1818660 255
1818670 255
1818680 255
1818690 255
1818700 255
1818710 255
1818720 255
1818730 255
1818740 255
1818750 255
1818760 255
1818770 255
1818780 255
1818790 255
1818800 255
1818810 255
1818820 255
1818830 255
1818840 255
1818850 255
1818860 255
1818870 255
1818880 255
1818890 255
1818900 255
1818910 255
1818920 255
1818930 255
1818940 255
1818950 255
1818960 255
1818970 255
1818980 255
1818990 255
1819000 255
1819010 255
1819020 255
1819030 255
1819040 255
1819050 254
1819060 253
1819070 253
1819080 254
1819090 255
1819100 255
1819110 255
1819120 255
1819130 255
1819140 255
1819150 255
1819160 255
1819170 255
1819180 255
1819190 255
1819200 255
1819210 256
1819220 256
1819230 256
1819240 255
1819250 255
1819260 255
1819270 255
1819280 254
1819290 254
1819300 254
1819310 254
1819320 254
1819330 254
1819340 254
1819350 254
1819360 254
1819370 254
1819380 254
1819390 254
1819400 254
1819410 254
1819420 254
1819430 254
1819440 254
1819450 254
1819460 254
1819470 254
1819480 254
1819490 254
1819500 254
1819510 254
1819520 254
1819530 254
1819540 254
1819550 254
1819560 254
1819570 254
1819580 254
1819590 254
1819600 254
1819610 254
1819620 254
1819630 254
1819640 254
1819650 254
1819660 254
1819670 254
1819680 254
1819690 254
1819700 254
1819710 254
1819720 254
1819730 254
1819740 254
1819750 254
1819760 254
1819770 254
1819780 254
1819790 254
1819800 254
1819810 254
1819820 254
1819830 254
1819840 254
1819850 254
1819860 254
1819870 254
1819880 254
1819890 253
1819900 253
1819910 253
1819920 253
1819930 253
1819940 253
1819950 253
1819960 253
1819970 253
1819980 253
1819990 253
