1800000 339
1800010 340
1800020 341
1800030 342
1800040 343
1800050 344
1800060 345
1800070 346
1800080 347
1800090 348
1800100 348
1800110 349
1800120 350
1800130 351
1800140 352
1800150 353
1800160 353
1800170 353
1800180 354
1800190 354
1800200 355
1800210 356
1800220 358
1800230 359
1800240 360
1800250 360
1800260 361
1800270 362
1800280 362
1800290 363
1800300 363
1800310 363
1800320 363
1800330 363
1800340 363
1800350 363
1800360 363
1800370 363
1800380 363
1800390 363
1800400 363
1800410 362
1800420 362
1800430 362
1800440 362
1800450 362
1800460 361
1800470 361
1800480 361
1800490 361
1800500 360
1800510 360
1800520 360
1800530 360
1800540 360
1800550 359
1800560 359
1800570 359
1800580 359
1800590 359
1800600 359
1800610 358
1800620 358
1800630 357
1800640 357
1800650 357
1800660 356
1800670 356
1800680 357
1800690 357
1800700 356
1800710 356
1800720 356
1800730 356
1800740 355
1800750 355
1800760 355
1800770 355
1800780 355
1800790 355
1800800 356
1800810 356
1800820 356
1800830 356
1800840 357
1800850 357
1800860 356
1800870 356
1800880 356
1800890 356
1800900 356
1800910 356
1800920 355
1800930 355
1800940 354
1800950 354
1800960 353
1800970 352
1800980 351
1800990 350
1801000 350
1801010 349
1801020 348
1801030 348
1801040 349
1801050 349
1801060 350
1801070 351
1801080 351
1801090 352
1801100 353
1801110 354
1801120 355
1801130 356
1801140 357
1801150 359
1801160 360
1801170 361
1801180 362
1801190 362
1801200 363
1801210 364
1801220 364
1801230 365
1801240 364
1801250 364
1801260 364
1801270 363
1801280 362
1801290 362
1801300 361
1801310 360
1801320 359
1801330 357
1801340 356
1801350 355
1801360 354
1801370 353
1801380 352
1801390 351
1801400 350
1801410 349
1801420 348
1801430 347
1801440 345
1801450 345
1801460 344
1801470 343
1801480 342
1801490 342
1801500 342
1801510 342
1801520 341
1801530 341
1801540 340
1801550 339
1801560 339
1801570 338
1801580 338
1801590 338
1801600 339
1801610 340
1801620 341
1801630 342
1801640 343
1801650 344
1801660 345
1801670 347
1801680 348
1801690 350
1801700 351
1801710 352
1801720 354
1801730 354
1801740 354
1801750 354
1801760 354
1801770 353
1801780 352
1801790 352
1801800 351
1801810 351
1801820 350
1801830 350
1801840 349
1801850 348
1801860 348
1801870 350
1801880 352
1801890 352
1801900 353
1801910 353
1801920 353
1801930 354
1801940 354
1801950 355
1801960 355
1801970 356
1801980 357
1801990 357
1802000 357
1802010 357
1802020 357
1802030 357
1802040 357
1802050 356
1802060 356
1802070 356
1802080 356
1802090 355
1802100 354
1802110 354
1802120 353
1802130 353
1802140 352
1802150 351
1802160 350
1802170 349
1802180 348
1802190 348
1802200 347
1802210 346
1802220 345
1802230 344
1802240 343
1802250 342
1802260 341
1802270 340
1802280 339
1802290 339
1802300 338
1802310 337
1802320 337
1802330 336
1802340 335
1802350 334
1802360 334
1802370 333
1802380 332
1802390 331
1802400 330
1802410 329
1802420 328
1802430 328
1802440 328
1802450 327
1802460 327
1802470 327
1802480 327
1802490 327
1802500 326
1802510 327
1802520 326
1802530 326
1802540 326
1802550 325
1802560 325
1802570 324
1802580 324
1802590 323
1802600 323
1802610 322
1802620 321
1802630 320
1802640 319
1802650 318
1802660 316
1802670 315
1802680 314
1802690 313
1802700 312
1802710 311
1802720 310
1802730 309
1802740 309
1802750 308
1802760 307
1802770 306
1802780 305
1802790 304
1802800 303
1802810 301
1802820 299
1802830 298
1802840 298
1802850 297
1802860 296
1802870 296
1802880 295
1802890 294
1802900 293
1802910 292
1802920 291
1802930 290
1802940 289
1802950 288
1802960 287
1802970 286
1802980 285
1802990 285
1803000 284
1803010 283
1803020 282
1803030 281
1803040 280
1803050 279
1803060 278
1803070 277
1803080 276
1803090 275
1803100 274
1803110 274
1803120 273
1803130 272
1803140 271
1803150 271
1803160 270
1803170 269
1803180 268
1803190 267
1803200 267
1803210 267
1803220 267
1803230 266
1803240 266
1803250 266
1803260 266
1803270 265
1803280 264
1803290 264
1803300 264
1803310 264
1803320 263
1803330 263
1803340 263
1803350 263
1803360 263
1803370 263
1803380 263
1803390 263
1803400 262
1803410 262
1803420 262
1803430 262
1803440 262
1803450 262
1803460 262
1803470 262
1803480 262
1803490 262
1803500 262
1803510 262
1803520 262
1803530 262
1803540 262
1803550 262
1803560 262
1803570 262
1803580 262
1803590 262
1803600 262
1803610 263
1803620 263
1803630 263
1803640 263
1803650 263
1803660 263
1803670 264
1803680 264
1803690 264
1803700 264
1803710 264
1803720 264
1803730 265
1803740 265
1803750 266
1803760 267
1803770 268
1803780 269
1803790 270
1803800 272
1803810 273
1803820 275
1803830 277
1803840 279
1803850 281
1803860 284
1803870 286
1803880 288
1803890 290
1803900 292
1803910 295
1803920 297
1803930 299
1803940 300
1803950 300
1803960 300
1803970 300
1803980 300
1803990 299
1804000 299
1804010 298
1804020 297
1804030 297
1804040 296
1804050 295
1804060 295
1804070 295
1804080 294
1804090 294
1804100 293
1804110 293
1804120 292
1804130 292
1804140 291
1804150 290
1804160 289
1804170 288
1804180 288
1804190 287
1804200 286
1804210 285
1804220 284
1804230 283
1804240 282
1804250 282
1804260 281
1804270 280
1804280 279
1804290 278
1804300 277
1804310 276
1804320 275
1804330 275
1804340 274
1804350 273
1804360 273
1804370 272
1804380 272
1804390 271
1804400 271
1804410 272
1804420 273
1804430 273
1804440 274
1804450 274
1804460 274
1804470 275
1804480 275
1804490 276
1804500 276
1804510 276
1804520 276
1804530 277
1804540 277
1804550 278
1804560 278
1804570 279
1804580 280
1804590 280
1804600 281
1804610 282
1804620 282
1804630 282
1804640 281
1804650 280
1804660 280
1804670 280
1804680 281
1804690 281
1804700 281
1804710 282
1804720 282
1804730 283
1804740 283
1804750 284
1804760 284
1804770 285
1804780 285
1804790 286
1804800 286
1804810 287
1804820 288
1804830 288
1804840 289
1804850 289
1804860 290
1804870 290
1804880 290
1804890 291
1804900 292
1804910 292
1804920 293
1804930 294
1804940 294
1804950 295
1804960 295
1804970 296
1804980 297
1804990 297
1805000 298
1805010 299
1805020 299
1805030 300
1805040 300
1805050 301
1805060 302
1805070 304
1805080 305
1805090 306
1805100 308
1805110 309
1805120 310
1805130 311
1805140 312
1805150 313
1805160 314
1805170 316
1805180 317
1805190 318
1805200 319
1805210 320
1805220 321
1805230 322
1805240 323
1805250 324
1805260 325
1805270 326
1805280 327
1805290 327
1805300 329
1805310 331
1805320 333
1805330 334
1805340 335
1805350 335
1805360 336
1805370 337
1805380 337
1805390 338
1805400 339
1805410 340
1805420 342
1805430 342
1805440 342
1805450 342
1805460 340
1805470 339
1805480 338
1805490 337
1805500 336
1805510 334
1805520 333
1805530 332
1805540 331
1805550 330
1805560 328
1805570 327
1805580 326
1805590 325
1805600 324
1805610 323
1805620 322
1805630 321
1805640 319
1805650 318
1805660 317
1805670 317
1805680 316
1805690 315
1805700 314
1805710 313
1805720 311
1805730 310
1805740 309
1805750 308
1805760 307
1805770 306
1805780 305
1805790 303
1805800 302
1805810 301
1805820 300
1805830 299
1805840 298
1805850 297
1805860 296
1805870 295
1805880 295
1805890 294
1805900 293
1805910 292
1805920 292
1805930 291
1805940 290
1805950 289
1805960 288
1805970 288
1805980 287
1805990 286
1806000 285
1806010 284
1806020 283
1806030 282
1806040 282
1806050 281
1806060 280
1806070 280
1806080 280
1806090 280
1806100 279
1806110 279
1806120 279
1806130 278
1806140 278
1806150 278
1806160 278
1806170 278
1806180 278
1806190 277
1806200 277
1806210 278
1806220 279
1806230 280
1806240 281
1806250 283
1806260 284
1806270 286
1806280 288
1806290 289
1806300 291
1806310 292
1806320 294
1806330 295
1806340 296
1806350 297
1806360 298
1806370 299
1806380 300
1806390 301
1806400 301
1806410 300
1806420 300
1806430 300
1806440 300
1806450 300
1806460 300
1806470 300
1806480 300
1806490 301
1806500 302
1806510 303
1806520 303
1806530 304
1806540 305
1806550 306
1806560 306
1806570 307
1806580 308
1806590 309
1806600 311
1806610 312
1806620 313
1806630 314
1806640 315
1806650 316
1806660 317
1806670 318
1806680 319
1806690 320
1806700 321
1806710 321
1806720 321
1806730 320
1806740 319
1806750 318
1806760 317
1806770 316
1806780 315
1806790 314
1806800 313
1806810 312
1806820 312
1806830 311
1806840 310
1806850 309
1806860 308
1806870 307
1806880 306
1806890 305
1806900 304
1806910 303
1806920 302
1806930 301
1806940 300
1806950 299
1806960 298
1806970 296
1806980 295
1806990 294
1807000 293
1807010 292
1807020 291
1807030 290
1807040 289
1807050 288
1807060 287
1807070 285
1807080 283
1807090 282
1807100 282
1807110 282
1807120 282
1807130 282
1807140 282
1807150 282
1807160 282
1807170 282
1807180 282
1807190 281
1807200 281
1807210 281
1807220 281
1807230 281
1807240 281
1807250 280
1807260 281
1807270 281
1807280 281
1807290 281
1807300 281
1807310 282
1807320 282
1807330 282
1807340 283
1807350 283
1807360 284
1807370 284
1807380 285
1807390 285
1807400 286
1807410 286
1807420 286
1807430 287
1807440 287
1807450 288
1807460 289
1807470 290
1807480 291
1807490 291
1807500 292
1807510 293
1807520 294
1807530 295
1807540 296
1807550 297
1807560 297
1807570 298
1807580 299
1807590 300
1807600 300
1807610 301
1807620 303
1807630 305
1807640 306
1807650 307
1807660 308
1807670 309
1807680 310
1807690 311
1807700 312
1807710 314
1807720 315
1807730 316
1807740 317
1807750 317
1807760 318
1807770 318
1807780 319
1807790 319
1807800 319
1807810 320
1807820 321
1807830 321
1807840 322
1807850 323
1807860 323
1807870 323
1807880 322
1807890 322
1807900 322
1807910 321
1807920 321
1807930 320
1807940 319
1807950 318
1807960 318
1807970 318
1807980 318
1807990 319
1808000 319
1808010 320
1808020 320
1808030 320
1808040 320
1808050 320
1808060 320
1808070 319
1808080 318
1808090 318
1808100 317
1808110 317
1808120 318
1808130 318
1808140 318
1808150 318
1808160 318
1808170 317
1808180 319
1808190 321
1808200 321
1808210 320
1808220 319
1808230 319
1808240 320
1808250 322
1808260 325
1808270 326
1808280 327
1808290 329
1808300 330
1808310 331
1808320 332
1808330 333
1808340 334
1808350 335
1808360 336
1808370 338
1808380 339
1808390 340
1808400 341
1808410 342
1808420 343
1808430 344
1808440 345
1808450 346
1808460 348
1808470 349
1808480 350
1808490 352
1808500 354
1808510 355
1808520 357
1808530 359
1808540 360
1808550 361
1808560 361
1808570 362
1808580 362
1808590 361
1808600 361
1808610 360
1808620 360
1808630 359
1808640 358
1808650 357
1808660 357
1808670 356
1808680 355
1808690 354
1808700 353
1808710 353
1808720 352
1808730 351
1808740 350
1808750 350
1808760 349
1808770 348
1808780 347
1808790 347
1808800 346
1808810 345
1808820 344
1808830 343
1808840 342
1808850 341
1808860 340
1808870 340
1808880 339
1808890 338
1808900 337
1808910 336
1808920 335
1808930 335
1808940 334
1808950 333
1808960 332
1808970 331
1808980 331
1808990 330
1809000 329
1809010 328
1809020 327
1809030 326
1809040 325
1809050 325
1809060 323
1809070 322
1809080 321
1809090 321
1809100 322
1809110 323
1809120 323
1809130 324
1809140 324
1809150 325
1809160 326
1809170 326
1809180 327
1809190 328
1809200 329
1809210 330
1809220 331
1809230 332
1809240 333
1809250 334
1809260 335
1809270 336
1809280 337
1809290 339
1809300 340
1809310 341
1809320 343
1809330 344
1809340 345
1809350 345
1809360 346
1809370 347
1809380 348
1809390 348
1809400 349
1809410 350
1809420 350
1809430 351
1809440 352
1809450 352
1809460 353
1809470 354
1809480 354
1809490 355
1809500 356
1809510 357
1809520 358
1809530 359
1809540 360
1809550 361
1809560 362
1809570 363
1809580 364
1809590 365
1809600 366
1809610 367
1809620 367
1809630 368
1809640 369
1809650 370
1809660 371
1809670 372
1809680 373
1809690 374
1809700 375
1809710 377
1809720 378
1809730 379
1809740 380
1809750 381
1809760 382
1809770 383
1809780 384
1809790 385
1809800 385
1809810 386
1809820 387
1809830 388
1809840 389
1809850 390
1809860 390
1809870 391
1809880 391
1809890 391
1809900 391
1809910 390
1809920 390
1809930 390
1809940 390
1809950 389
1809960 389
1809970 389
1809980 389
1809990 388
1810000 388
1810010 388
1810020 387
1810030 387
1810040 387
1810050 386
1810060 386
1810070 386
1810080 386
1810090 386
1810100 386
1810110 386
1810120 386
1810130 386
1810140 386
1810150 386
1810160 385
1810170 385
1810180 385
1810190 385
1810200 385
1810210 385
1810220 385
1810230 385
1810240 385
1810250 385
1810260 385
1810270 384
1810280 384
1810290 384
1810300 384
1810310 384
1810320 384
1810330 384
1810340 383
1810350 383
1810360 383
1810370 383
1810380 383
1810390 383
1810400 382
1810410 382
1810420 382
1810430 381
1810440 381
1810450 381
1810460 381
1810470 381
1810480 381
1810490 381
1810500 380
1810510 380
1810520 380
1810530 380
1810540 380
1810550 380
1810560 380
1810570 380
1810580 380
1810590 380
1810600 380
1810610 380
1810620 380
1810630 380
1810640 381
1810650 381
1810660 381
1810670 381
1810680 381
1810690 381
1810700 381
1810710 381
1810720 381
1810730 381
1810740 380
1810750 380
1810760 379
1810770 378
1810780 378
1810790 377
1810800 377
1810810 376
1810820 376
1810830 375
1810840 375
1810850 374
1810860 374
1810870 373
1810880 372
1810890 372
1810900 371
1810910 371
1810920 370
1810930 370
1810940 370
1810950 369
1810960 369
1810970 368
1810980 367
1810990 367
1811000 366
1811010 365
1811020 365
1811030 364
1811040 364
1811050 363
1811060 363
1811070 362
1811080 362
1811090 362
1811100 362
1811110 362
1811120 362
1811130 362
1811140 362
1811150 361
1811160 361
1811170 361
1811180 360
1811190 360
1811200 359
1811210 359
1811220 358
1811230 358
1811240 357
1811250 357
1811260 356
1811270 355
1811280 355
1811290 354
1811300 353
1811310 353
1811320 352
1811330 351
1811340 350
1811350 350
1811360 350
1811370 349
1811380 349
1811390 349
1811400 348
1811410 348
1811420 347
1811430 347
1811440 346
1811450 346
1811460 346
1811470 345
1811480 345
1811490 345
1811500 345
1811510 344
1811520 344
1811530 344
1811540 343
1811550 343
1811560 342
1811570 342
1811580 342
1811590 341
1811600 341
1811610 340
1811620 339
1811630 339
1811640 338
1811650 338
1811660 337
1811670 336
1811680 336
1811690 336
1811700 335
1811710 335
1811720 334
1811730 334
1811740 333
1811750 333
1811760 332
1811770 331
1811780 331
1811790 330
1811800 329
1811810 328
1811820 327
1811830 327
1811840 326
1811850 325
1811860 324
1811870 323
1811880 322
1811890 321
1811900 320
1811910 319
1811920 319
1811930 318
1811940 318
1811950 317
1811960 316
1811970 316
1811980 315
1811990 315
1812000 315
1812010 314
1812020 314
1812030 314
1812040 313
1812050 313
1812060 313
1812070 312
1812080 312
1812090 312
1812100 311
1812110 311
1812120 311
1812130 310
1812140 310
1812150 310
1812160 310
1812170 309
1812180 309
1812190 309
1812200 309
1812210 308
1812220 308
1812230 308
1812240 308
1812250 307
1812260 307
1812270 307
1812280 307
1812290 306
1812300 306
1812310 306
1812320 306
1812330 305
1812340 304
1812350 304
1812360 304
1812370 304
1812380 304
1812390 304
1812400 304
1812410 305
1812420 305
1812430 305
1812440 305
1812450 305
1812460 305
1812470 305
1812480 305
1812490 305
1812500 305
1812510 306
1812520 306
1812530 306
1812540 306
1812550 306
1812560 307
1812570 307
1812580 307
1812590 308
1812600 309
1812610 309
1812620 310
1812630 311
1812640 312
1812650 313
1812660 314
1812670 315
1812680 316
1812690 317
1812700 318
1812710 319
1812720 320
1812730 322
1812740 324
1812750 325
1812760 327
1812770 328
1812780 329
1812790 330
1812800 331
1812810 332
1812820 332
1812830 333
1812840 334
1812850 334
1812860 334
1812870 335
1812880 335
1812890 334
1812900 334
1812910 334
1812920 334
1812930 334
1812940 334
1812950 334
1812960 334
1812970 334
1812980 334
1812990 334
1813000 334
1813010 335
1813020 335
1813030 335
1813040 335
1813050 335
1813060 335
1813070 336
1813080 336
1813090 336
1813100 337
1813110 337
1813120 337
1813130 337
1813140 337
1813150 338
1813160 339
1813170 340
1813180 341
1813190 342
1813200 343
1813210 343
1813220 343
1813230 342
1813240 342
1813250 342
1813260 340
1813270 339
1813280 338
1813290 337
1813300 335
1813310 334
1813320 333
1813330 331
1813340 330
1813350 329
1813360 328
1813370 327
1813380 326
1813390 325
1813400 324
1813410 323
1813420 322
1813430 321
1813440 320
1813450 320
1813460 319
1813470 319
1813480 318
1813490 318
1813500 317
1813510 317
1813520 316
1813530 315
1813540 315
1813550 315
1813560 315
1813570 314
1813580 314
1813590 313
1813600 313
1813610 313
1813620 312
1813630 312
1813640 312
1813650 311
1813660 311
1813670 310
1813680 310
1813690 309
1813700 308
1813710 308
1813720 308
1813730 307
1813740 307
1813750 307
1813760 306
1813770 305
1813780 305
1813790 304
1813800 304
1813810 303
1813820 303
1813830 302
1813840 301
1813850 301
1813860 300
1813870 300
1813880 299
1813890 298
1813900 297
1813910 296
1813920 296
1813930 295
1813940 294
1813950 293
1813960 293
1813970 292
1813980 291
1813990 291
1814000 290
1814010 289
1814020 289
1814030 289
1814040 288
1814050 287
1814060 286
1814070 286
1814080 287
1814090 288
1814100 289
1814110 290
1814120 291
1814130 292
1814140 293
1814150 294
1814160 294
1814170 295
1814180 296
1814190 297
1814200 298
1814210 299
1814220 300
1814230 302
1814240 303
1814250 304
1814260 306
1814270 307
1814280 308
1814290 310
1814300 312
1814310 313
1814320 315
1814330 316
1814340 317
1814350 318
1814360 319
1814370 319
1814380 318
1814390 318
1814400 317
1814410 317
1814420 316
1814430 316
1814440 315
1814450 315
1814460 314
1814470 314
1814480 313
1814490 313
1814500 312
1814510 311
1814520 311
1814530 310
1814540 309
1814550 309
1814560 308
1814570 307
1814580 306
1814590 306
1814600 305
1814610 305
1814620 304
1814630 304
1814640 303
1814650 303
1814660 302
1814670 301
1814680 300
1814690 300
1814700 299
1814710 298
1814720 298
1814730 298
1814740 297
1814750 297
1814760 297
1814770 297
1814780 296
1814790 296
1814800 295
1814810 295
1814820 294
1814830 294
1814840 293
1814850 293
1814860 293
1814870 292
1814880 292
1814890 291
1814900 291
1814910 290
1814920 290
1814930 290
1814940 290
1814950 289
1814960 289
1814970 289
1814980 288
1814990 288
1815000 288
1815010 287
1815020 287
1815030 287
1815040 287
1815050 286
1815060 286
1815070 286
1815080 286
1815090 285
1815100 285
1815110 284
1815120 284
1815130 284
1815140 283
1815150 283
1815160 283
1815170 282
1815180 282
1815190 281
1815200 281
1815210 281
1815220 280
1815230 280
1815240 280
1815250 279
1815260 279
1815270 278
1815280 277
1815290 277
1815300 276
1815310 276
1815320 276
1815330 276
1815340 275
1815350 275
1815360 274
1815370 274
1815380 273
1815390 273
1815400 272
1815410 272
1815420 272
1815430 272
1815440 271
1815450 271
1815460 270
1815470 269
1815480 269
1815490 269
1815500 268
1815510 268
1815520 268
1815530 268
1815540 268
1815550 268
1815560 268
1815570 267
1815580 267
1815590 267
1815600 267
1815610 267
1815620 266
1815630 266
1815640 266
1815650 266
1815660 265
1815670 265
1815680 265
1815690 265
1815700 265
1815710 265
1815720 265
1815730 265
1815740 265
1815750 265
1815760 265
1815770 265
1815780 264
1815790 264
1815800 264
1815810 264
1815820 264
1815830 264
1815840 264
1815850 264
1815860 263
1815870 263
1815880 263
1815890 263
1815900 263
1815910 263
1815920 263
1815930 263
1815940 263
1815950 262
1815960 262
1815970 262
1815980 262
1815990 262
1816000 262
1816010 262
1816020 262
1816030 262
1816040 262
1816050 262
1816060 262
1816070 262
1816080 262
1816090 262
1816100 262
1816110 262
1816120 262
1816130 262
1816140 262
1816150 262
1816160 262
1816170 261
1816180 261
1816190 261
1816200 261
1816210 261
1816220 262
1816230 262
1816240 262
1816250 262
1816260 262
1816270 262
1816280 263
1816290 263
1816300 263
1816310 263
1816320 263
1816330 264
1816340 264
1816350 265
1816360 265
1816370 266
1816380 267
1816390 267
1816400 267
1816410 267
1816420 267
1816430 267
1816440 266
1816450 266
1816460 266
1816470 265
1816480 265
1816490 265
1816500 264
1816510 264
1816520 263
1816530 262
1816540 261
1816550 261
1816560 261
1816570 260
1816580 260
1816590 260
1816600 260
1816610 260
1816620 260
1816630 260
1816640 260
1816650 260
1816660 260
1816670 260
1816680 260
1816690 260
1816700 260
1816710 260
1816720 260
1816730 260
1816740 260
1816750 260
1816760 260
1816770 260
1816780 260
1816790 260
1816800 260
1816810 260
1816820 260
1816830 260
1816840 260
1816850 260
1816860 260
1816870 260
1816880 260
1816890 259
1816900 259
1816910 259
1816920 259
1816930 259
1816940 259
1816950 259
1816960 259
1816970 259
1816980 259
1816990 259
1817000 259
1817010 259
1817020 259
1817030 259
1817040 259
1817050 259
1817060 259
1817070 259
1817080 259
1817090 259
1817100 259
1817110 259
1817120 259
1817130 259
1817140 259
1817150 259
1817160 259
1817170 259
1817180 259
1817190 259
1817200 259
1817210 259
1817220 259
1817230 259
1817240 259
1817250 259
1817260 258
1817270 258
1817280 259
1817290 259
1817300 258
1817310 258
1817320 258
1817330 258
1817340 258
1817350 258
1817360 258
1817370 258
1817380 258
1817390 258
1817400 258
1817410 258
1817420 258
1817430 258
1817440 258
1817450 258
1817460 258
1817470 258
1817480 258
1817490 258
1817500 258
1817510 258
1817520 258
1817530 258
1817540 258
1817550 258
1817560 258
1817570 258
1817580 258
1817590 258
1817600 258
1817610 258
1817620 258
1817630 258
1817640 258
1817650 258
1817660 258
1817670 258
1817680 259
1817690 259
1817700 259
1817710 259
1817720 258
1817730 257
1817740 258
1817750 258
1817760 259
1817770 259
1817780 259
1817790 259
1817800 259
1817810 259
1817820 258
1817830 258
1817840 258
1817850 258
1817860 258
1817870 258
1817880 258
1817890 258
1817900 258
1817910 258
1817920 258
1817930 258
1817940 258
1817950 258
1817960 258
1817970 258
1817980 258
1817990 258
1818000 258
1818010 258
1818020 258
1818030 258
1818040 258
1818050 258
1818060 258
1818070 258
1818080 258
1818090 258
1818100 258
1818110 258
1818120 258
1818130 258
1818140 258
1818150 258
1818160 258
1818170 258
1818180 258
1818190 258
1818200 258
1818210 258
1818220 258
1818230 258
1818240 257
1818250 257
1818260 257
1818270 257
1818280 257
1818290 257
1818300 258
1818310 258
1818320 258
1818330 258
1818340 258
1818350 258
1818360 258
1818370 258
1818380 258
1818390 258
1818400 258
1818410 258
1818420 258
1818430 258
1818440 258
1818450 258
1818460 258
1818470 258
1818480 258
1818490 258
1818500 258
1818510 258
1818520 258
1818530 258
1818540 258
1818550 258
1818560 258
1818570 258
1818580 258
1818590 258
1818600 258
1818610 258
1818620 258
1818630 258
1818640 258
1818650 259
1818660 259
1818670 259
1818680 259
1818690 259
1818700 259
1818710 259
1818720 259
1818730 259
1818740 259
1818750 259
1818760 259
1818770 259
1818780 259
1818790 259
1818800 260
1818810 260
1818820 260
1818830 260
1818840 260
1818850 260
1818860 260
1818870 260
1818880 260
1818890 260
1818900 260
1818910 260
1818920 260
1818930 260
1818940 260
1818950 260
1818960 260
1818970 260
1818980 260
1818990 260
1819000 260
1819010 260
1819020 260
1819030 260
1819040 260
1819050 260
1819060 261
1819070 261
1819080 261
1819090 261
1819100 261
1819110 261
1819120 261
1819130 261
1819140 261
1819150 261
1819160 261
1819170 261
1819180 261
1819190 261
1819200 261
1819210 261
1819220 261
1819230 261
1819240 261
1819250 261
1819260 261
1819270 261
1819280 261
1819290 261
1819300 261
1819310 261
1819320 261
1819330 262
1819340 262
1819350 262
1819360 262
1819370 262
1819380 262
1819390 262
1819400 262
1819410 263
1819420 263
1819430 263
1819440 263
1819450 263
1819460 263
1819470 263
1819480 263
1819490 264
1819500 264
1819510 264
1819520 264
1819530 264
1819540 264
1819550 264
1819560 264
1819570 264
1819580 264
1819590 264
1819600 264
1819610 264
1819620 264
1819630 264
1819640 264
1819650 264
1819660 264
1819670 264
1819680 264
1819690 264
1819700 264
1819710 264
1819720 264
1819730 264
1819740 265
1819750 265
1819760 265
1819770 265
1819780 265
1819790 265
1819800 265
1819810 266
1819820 266
1819830 266
1819840 266
1819850 266
1819860 266
1819870 266
1819880 266
1819890 266
1819900 267
1819910 267
1819920 267
1819930 267
1819940 267
1819950 267
1819960 267
1819970 267
1819980 267
1819990 267
