1800000 343
1800010 343
1800020 344
1800030 344
1800040 345
1800050 346
1800060 348
1800070 349
1800080 350
1800090 350
1800100 351
1800110 352
1800120 353
1800130 353
1800140 354
1800150 355
1800160 356
1800170 357
1800180 358
1800190 359
1800200 360
1800210 361
1800220 362
1800230 363
1800240 364
1800250 364
1800260 364
1800270 365
1800280 365
1800290 365
1800300 365
1800310 365
1800320 365
1800330 365
1800340 365
1800350 364
1800360 364
1800370 364
1800380 364
1800390 363
1800400 363
1800410 363
1800420 362
1800430 362
1800440 362
1800450 361
1800460 361
1800470 360
1800480 360
1800490 359
1800500 359
1800510 359
1800520 359
1800530 358
1800540 358
1800550 358
1800560 357
1800570 357
1800580 357
1800590 356
1800600 356
1800610 357
1800620 357
1800630 357
1800640 357
1800650 357
1800660 357
1800670 357
1800680 357
1800690 357
1800700 357
1800710 357
1800720 356
1800730 356
1800740 356
1800750 356
1800760 356
1800770 356
1800780 357
1800790 357
1800800 357
1800810 357
1800820 358
1800830 358
1800840 358
1800850 358
1800860 358
1800870 359
1800880 359
1800890 359
1800900 358
1800910 358
1800920 358
1800930 357
1800940 357
1800950 356
1800960 355
1800970 355
1800980 354
1800990 353
1801000 353
1801010 352
1801020 352
1801030 353
1801040 353
1801050 354
1801060 354
1801070 355
1801080 356
1801090 357
1801100 358
1801110 359
1801120 360
1801130 361
1801140 362
1801150 363
1801160 364
1801170 365
1801180 365
1801190 366
1801200 366
1801210 367
1801220 367
1801230 366
1801240 366
1801250 365
1801260 364
1801270 363
1801280 362
1801290 361
1801300 359
1801310 358
1801320 356
1801330 355
1801340 354
1801350 353
1801360 351
1801370 350
1801380 349
1801390 348
1801400 347
1801410 346
1801420 345
1801430 344
1801440 343
1801450 342
1801460 340
1801470 339
1801480 338
1801490 338
1801500 337
1801510 337
1801520 336
1801530 335
1801540 335
1801550 334
1801560 334
1801570 333
1801580 333
1801590 332
1801600 330
1801610 330
1801620 331
1801630 333
1801640 334
1801650 335
1801660 335
1801670 336
1801680 337
1801690 337
1801700 338
1801710 339
1801720 340
1801730 341
1801740 341
1801750 341
1801760 341
1801770 341
1801780 341
1801790 341
1801800 341
1801810 341
1801820 341
1801830 340
1801840 338
1801850 337
1801860 339
1801870 341
1801880 342
1801890 342
1801900 343
1801910 344
1801920 345
1801930 346
1801940 347
1801950 348
1801960 349
1801970 351
1801980 351
1801990 352
1802000 352
1802010 352
1802020 353
1802030 353
1802040 353
1802050 353
1802060 353
1802070 353
1802080 353
1802090 353
1802100 353
1802110 353
1802120 353
1802130 353
1802140 352
1802150 352
1802160 351
1802170 351
1802180 350
1802190 349
1802200 349
1802210 348
1802220 347
1802230 346
1802240 346
1802250 345
1802260 344
1802270 344
1802280 343
1802290 343
1802300 342
1802310 342
1802320 341
1802330 341
1802340 340
1802350 340
1802360 339
1802370 339
1802380 338
1802390 338
1802400 338
1802410 337
1802420 337
1802430 337
1802440 336
1802450 336
1802460 336
1802470 335
1802480 335
1802490 334
1802500 334
1802510 333
1802520 333
1802530 332
1802540 332
1802550 331
1802560 331
1802570 330
1802580 329
1802590 328
1802600 327
1802610 326
1802620 325
1802630 322
1802640 321
1802650 319
1802660 318
1802670 316
1802680 315
1802690 314
1802700 313
1802710 312
1802720 311
1802730 310
1802740 309
1802750 308
1802760 307
1802770 305
1802780 304
1802790 303
1802800 302
1802810 300
1802820 300
1802830 299
1802840 298
1802850 297
1802860 296
1802870 295
1802880 294
1802890 293
1802900 292
1802910 291
1802920 290
1802930 289
1802940 288
1802950 287
1802960 286
1802970 285
1802980 284
1802990 283
1803000 282
1803010 281
1803020 280
1803030 279
1803040 278
1803050 277
1803060 276
1803070 275
1803080 274
1803090 273
1803100 272
1803110 271
1803120 270
1803130 269
1803140 269
1803150 268
1803160 267
1803170 266
1803180 266
1803190 265
1803200 265
1803210 265
1803220 264
1803230 264
1803240 264
1803250 264
1803260 263
1803270 263
1803280 263
1803290 263
1803300 263
1803310 263
1803320 263
1803330 263
1803340 263
1803350 263
1803360 262
1803370 262
1803380 262
1803390 262
1803400 262
1803410 262
1803420 262
1803430 262
1803440 262
1803450 262
1803460 262
1803470 262
1803480 262
1803490 262
1803500 262
1803510 262
1803520 262
1803530 262
1803540 262
1803550 262
1803560 263
1803570 263
1803580 263
1803590 263
1803600 263
1803610 264
1803620 264
1803630 264
1803640 264
1803650 265
1803660 265
1803670 266
1803680 266
1803690 266
1803700 266
1803710 267
1803720 267
1803730 268
1803740 268
1803750 268
1803760 269
1803770 270
1803780 271
1803790 272
1803800 273
1803810 274
1803820 276
1803830 277
1803840 278
1803850 280
1803860 282
1803870 284
1803880 285
1803890 287
1803900 289
1803910 291
1803920 293
1803930 295
1803940 298
1803950 299
1803960 301
1803970 301
1803980 301
1803990 301
1804000 301
1804010 300
1804020 299
1804030 298
1804040 298
1804050 297
1804060 296
1804070 296
1804080 296
1804090 295
1804100 295
1804110 294
1804120 294
1804130 294
1804140 293
1804150 293
1804160 292
1804170 291
1804180 290
1804190 290
1804200 289
1804210 288
1804220 287
1804230 286
1804240 285
1804250 284
1804260 283
1804270 282
1804280 281
1804290 280
1804300 279
1804310 278
1804320 277
1804330 277
1804340 276
1804350 275
1804360 275
1804370 274
1804380 274
1804390 274
1804400 273
1804410 273
1804420 272
1804430 272
1804440 273
1804450 273
1804460 274
1804470 275
1804480 276
1804490 277
1804500 278
1804510 279
1804520 279
1804530 280
1804540 282
1804550 283
1804560 284
1804570 286
1804580 287
1804590 287
1804600 288
1804610 288
1804620 289
1804630 290
1804640 290
1804650 291
1804660 291
1804670 291
1804680 291
1804690 291
1804700 291
1804710 292
1804720 292
1804730 292
1804740 292
1804750 292
1804760 292
1804770 291
1804780 291
1804790 291
1804800 291
1804810 291
1804820 292
1804830 292
1804840 292
1804850 293
1804860 293
1804870 293
1804880 294
1804890 294
1804900 295
1804910 295
1804920 296
1804930 297
1804940 299
1804950 301
1804960 302
1804970 304
1804980 306
1804990 307
1805000 308
1805010 308
1805020 308
1805030 308
1805040 307
1805050 307
1805060 307
1805070 308
1805080 308
1805090 308
1805100 308
1805110 308
1805120 309
1805130 309
1805140 310
1805150 310
1805160 311
1805170 312
1805180 314
1805190 315
1805200 316
1805210 317
1805220 318
1805230 319
1805240 320
1805250 321
1805260 322
1805270 323
1805280 325
1805290 326
1805300 327
1805310 328
1805320 330
1805330 331
1805340 333
1805350 334
1805360 336
1805370 337
1805380 337
1805390 337
1805400 337
1805410 337
1805420 338
1805430 338
1805440 339
1805450 338
1805460 338
1805470 337
1805480 336
1805490 335
1805500 334
1805510 333
1805520 332
1805530 331
1805540 329
1805550 328
1805560 327
1805570 326
1805580 324
1805590 323
1805600 322
1805610 321
1805620 320
1805630 319
1805640 317
1805650 316
1805660 315
1805670 314
1805680 313
1805690 313
1805700 311
1805710 310
1805720 309
1805730 308
1805740 307
1805750 305
1805760 304
1805770 303
1805780 302
1805790 301
1805800 299
1805810 298
1805820 296
1805830 295
1805840 295
1805850 294
1805860 293
1805870 292
1805880 291
1805890 291
1805900 290
1805910 289
1805920 288
1805930 288
1805940 287
1805950 287
1805960 286
1805970 285
1805980 284
1805990 284
1806000 283
1806010 282
1806020 281
1806030 281
1806040 280
1806050 280
1806060 279
1806070 279
1806080 279
1806090 279
1806100 279
1806110 279
1806120 279
1806130 279
1806140 279
1806150 278
1806160 278
1806170 278
1806180 278
1806190 278
1806200 280
1806210 282
1806220 284
1806230 285
1806240 286
1806250 287
1806260 288
1806270 289
1806280 290
1806290 291
1806300 293
1806310 294
1806320 296
1806330 297
1806340 299
1806350 300
1806360 301
1806370 302
1806380 303
1806390 304
1806400 305
1806410 306
1806420 306
1806430 307
1806440 307
1806450 307
1806460 307
1806470 307
1806480 307
1806490 307
1806500 307
1806510 308
1806520 308
1806530 308
1806540 309
1806550 310
1806560 311
1806570 311
1806580 312
1806590 313
1806600 313
1806610 314
1806620 315
1806630 316
1806640 317
1806650 318
1806660 319
1806670 320
1806680 321
1806690 322
1806700 321
1806710 321
1806720 320
1806730 319
1806740 318
1806750 317
1806760 316
1806770 316
1806780 315
1806790 314
1806800 313
1806810 312
1806820 311
1806830 310
1806840 309
1806850 308
1806860 308
1806870 307
1806880 305
1806890 304
1806900 303
1806910 302
1806920 301
1806930 300
1806940 299
1806950 298
1806960 297
1806970 295
1806980 294
1806990 293
1807000 292
1807010 291
1807020 290
1807030 288
1807040 287
1807050 286
1807060 285
1807070 286
1807080 286
1807090 286
1807100 286
1807110 286
1807120 286
1807130 286
1807140 287
1807150 287
1807160 287
1807170 288
1807180 288
1807190 287
1807200 286
1807210 286
1807220 285
1807230 284
1807240 284
1807250 284
1807260 283
1807270 283
1807280 283
1807290 283
1807300 282
1807310 282
1807320 281
1807330 281
1807340 281
1807350 282
1807360 283
1807370 283
1807380 283
1807390 283
1807400 284
1807410 284
1807420 284
1807430 285
1807440 286
1807450 287
1807460 287
1807470 288
1807480 288
1807490 288
1807500 289
1807510 290
1807520 290
1807530 291
1807540 292
1807550 293
1807560 293
1807570 294
1807580 294
1807590 294
1807600 295
1807610 296
1807620 297
1807630 299
1807640 300
1807650 301
1807660 302
1807670 302
1807680 303
1807690 304
1807700 305
1807710 306
1807720 307
1807730 308
1807740 309
1807750 309
1807760 310
1807770 311
1807780 311
1807790 311
1807800 311
1807810 311
1807820 312
1807830 312
1807840 313
1807850 313
1807860 313
1807870 313
1807880 313
1807890 313
1807900 313
1807910 314
1807920 314
1807930 314
1807940 314
1807950 313
1807960 312
1807970 312
1807980 312
1807990 312
1808000 311
1808010 312
1808020 312
1808030 312
1808040 312
1808050 312
1808060 312
1808070 312
1808080 311
1808090 311
1808100 311
1808110 311
1808120 311
1808130 311
1808140 311
1808150 312
1808160 312
1808170 313
1808180 313
1808190 314
1808200 315
1808210 316
1808220 317
1808230 318
1808240 320
1808250 322
1808260 324
1808270 326
1808280 328
1808290 330
1808300 331
1808310 332
1808320 333
1808330 334
1808340 335
1808350 336
1808360 337
1808370 338
1808380 339
1808390 340
1808400 340
1808410 341
1808420 342
1808430 344
1808440 345
1808450 346
1808460 347
1808470 349
1808480 350
1808490 351
1808500 352
1808510 354
1808520 355
1808530 357
1808540 358
1808550 359
1808560 360
1808570 361
1808580 361
1808590 362
1808600 362
1808610 361
1808620 361
1808630 360
1808640 360
1808650 359
1808660 358
1808670 357
1808680 356
1808690 355
1808700 354
1808710 353
1808720 352
1808730 351
1808740 351
1808750 350
1808760 349
1808770 349
1808780 348
1808790 347
1808800 346
1808810 345
1808820 344
1808830 343
1808840 343
1808850 342
1808860 341
1808870 340
1808880 339
1808890 338
1808900 337
1808910 336
1808920 335
1808930 334
1808940 333
1808950 332
1808960 332
1808970 331
1808980 330
1808990 329
1809000 329
1809010 328
1809020 327
1809030 325
1809040 324
1809050 323
1809060 322
1809070 323
1809080 323
1809090 323
1809100 323
1809110 324
1809120 324
1809130 324
1809140 324
1809150 324
1809160 325
1809170 326
1809180 327
1809190 328
1809200 328
1809210 329
1809220 330
1809230 330
1809240 331
1809250 331
1809260 332
1809270 333
1809280 334
1809290 335
1809300 335
1809310 336
1809320 337
1809330 338
1809340 339
1809350 340
1809360 341
1809370 342
1809380 343
1809390 344
1809400 345
1809410 346
1809420 347
1809430 348
1809440 349
1809450 350
1809460 351
1809470 351
1809480 352
1809490 353
1809500 354
1809510 355
1809520 356
1809530 357
1809540 359
1809550 360
1809560 361
1809570 362
1809580 363
1809590 363
1809600 364
1809610 365
1809620 366
1809630 368
1809640 369
1809650 370
1809660 372
1809670 373
1809680 375
1809690 376
1809700 377
1809710 378
1809720 379
1809730 380
1809740 380
1809750 381
1809760 382
1809770 383
1809780 384
1809790 386
1809800 387
1809810 388
1809820 389
1809830 390
1809840 390
1809850 391
1809860 392
1809870 392
1809880 392
1809890 393
1809900 393
1809910 393
1809920 393
1809930 393
1809940 392
1809950 392
1809960 392
1809970 391
1809980 391
1809990 391
1810000 391
1810010 390
1810020 390
1810030 390
1810040 389
1810050 389
1810060 389
1810070 389
1810080 389
1810090 388
1810100 388
1810110 388
1810120 388
1810130 388
1810140 387
1810150 387
1810160 387
1810170 387
1810180 386
1810190 386
1810200 386
1810210 385
1810220 385
1810230 385
1810240 385
1810250 384
1810260 384
1810270 384
1810280 384
1810290 384
1810300 384
1810310 383
1810320 383
1810330 383
1810340 383
1810350 383
1810360 383
1810370 382
1810380 382
1810390 381
1810400 381
1810410 381
1810420 381
1810430 380
1810440 380
1810450 380
1810460 380
1810470 379
1810480 379
1810490 379
1810500 378
1810510 378
1810520 378
1810530 378
1810540 377
1810550 377
1810560 377
1810570 377
1810580 377
1810590 376
1810600 376
1810610 376
1810620 376
1810630 376
1810640 376
1810650 376
1810660 376
1810670 376
1810680 375
1810690 375
1810700 375
1810710 375
1810720 375
1810730 374
1810740 374
1810750 374
1810760 373
1810770 373
1810780 373
1810790 372
1810800 372
1810810 371
1810820 371
1810830 370
1810840 370
1810850 369
1810860 368
1810870 368
1810880 367
1810890 367
1810900 366
1810910 366
1810920 366
1810930 365
1810940 365
1810950 364
1810960 364
1810970 363
1810980 363
1810990 362
1811000 361
1811010 361
1811020 361
1811030 361
1811040 361
1811050 361
1811060 361
1811070 360
1811080 360
1811090 360
1811100 360
1811110 360
1811120 359
1811130 359
1811140 359
1811150 358
1811160 358
1811170 358
1811180 357
1811190 356
1811200 355
1811210 354
1811220 354
1811230 353
1811240 353
1811250 352
1811260 351
1811270 351
1811280 350
1811290 349
1811300 348
1811310 348
1811320 347
1811330 347
1811340 347
1811350 347
1811360 346
1811370 346
1811380 346
1811390 345
1811400 344
1811410 344
1811420 344
1811430 343
1811440 343
1811450 342
1811460 342
1811470 342
1811480 341
1811490 341
1811500 341
1811510 341
1811520 341
1811530 340
1811540 340
1811550 340
1811560 339
1811570 338
1811580 337
1811590 336
1811600 335
1811610 335
1811620 335
1811630 334
1811640 334
1811650 333
1811660 333
1811670 332
1811680 332
1811690 331
1811700 331
1811710 330
1811720 330
1811730 329
1811740 329
1811750 328
1811760 328
1811770 327
1811780 327
1811790 326
1811800 325
1811810 325
1811820 324
1811830 323
1811840 323
1811850 322
1811860 321
1811870 320
1811880 319
1811890 319
1811900 318
1811910 317
1811920 317
1811930 316
1811940 316
1811950 315
1811960 315
1811970 314
1811980 314
1811990 313
1812000 313
1812010 312
1812020 312
1812030 312
1812040 311
1812050 311
1812060 311
1812070 311
1812080 310
1812090 310
1812100 310
1812110 310
1812120 309
1812130 309
1812140 309
1812150 308
1812160 308
1812170 308
1812180 307
1812190 307
1812200 307
1812210 306
1812220 306
1812230 305
1812240 305
1812250 305
1812260 305
1812270 305
1812280 306
1812290 306
1812300 306
1812310 306
1812320 306
1812330 306
1812340 306
1812350 306
1812360 306
1812370 305
1812380 305
1812390 305
1812400 305
1812410 305
1812420 306
1812430 306
1812440 306
1812450 306
1812460 307
1812470 307
1812480 307
1812490 307
1812500 307
1812510 307
1812520 307
1812530 307
1812540 308
1812550 308
1812560 308
1812570 308
1812580 308
1812590 309
1812600 310
1812610 310
1812620 311
1812630 312
1812640 313
1812650 314
1812660 315
1812670 316
1812680 317
1812690 318
1812700 320
1812710 321
1812720 323
1812730 325
1812740 327
1812750 329
1812760 330
1812770 332
1812780 334
1812790 335
1812800 336
1812810 338
1812820 338
1812830 339
1812840 340
1812850 341
1812860 341
1812870 342
1812880 342
1812890 343
1812900 343
1812910 343
1812920 344
1812930 344
1812940 344
1812950 344
1812960 344
1812970 343
1812980 343
1812990 343
1813000 343
1813010 343
1813020 343
1813030 343
1813040 343
1813050 343
1813060 343
1813070 343
1813080 342
1813090 342
1813100 342
1813110 342
1813120 342
1813130 342
1813140 342
1813150 343
1813160 343
1813170 343
1813180 344
1813190 344
1813200 344
1813210 343
1813220 343
1813230 342
1813240 340
1813250 339
1813260 337
1813270 336
1813280 334
1813290 332
1813300 331
1813310 330
1813320 328
1813330 327
1813340 326
1813350 324
1813360 323
1813370 322
1813380 321
1813390 320
1813400 320
1813410 320
1813420 319
1813430 319
1813440 318
1813450 318
1813460 317
1813470 316
1813480 316
1813490 315
1813500 315
1813510 314
1813520 314
1813530 314
1813540 313
1813550 313
1813560 312
1813570 312
1813580 311
1813590 311
1813600 311
1813610 310
1813620 310
1813630 309
1813640 308
1813650 307
1813660 306
1813670 306
1813680 305
1813690 305
1813700 305
1813710 305
1813720 304
1813730 304
1813740 303
1813750 303
1813760 303
1813770 302
1813780 302
1813790 302
1813800 301
1813810 301
1813820 301
1813830 299
1813840 298
1813850 297
1813860 296
1813870 296
1813880 295
1813890 294
1813900 293
1813910 292
1813920 292
1813930 291
1813940 291
1813950 290
1813960 290
1813970 289
1813980 289
1813990 288
1814000 288
1814010 287
1814020 287
1814030 287
1814040 286
1814050 286
1814060 285
1814070 285
1814080 286
1814090 287
1814100 288
1814110 289
1814120 290
1814130 291
1814140 292
1814150 293
1814160 294
1814170 295
1814180 296
1814190 297
1814200 299
1814210 300
1814220 302
1814230 303
1814240 305
1814250 306
1814260 308
1814270 309
1814280 311
1814290 312
1814300 313
1814310 314
1814320 315
1814330 315
1814340 315
1814350 316
1814360 316
1814370 316
1814380 315
1814390 315
1814400 314
1814410 314
1814420 313
1814430 313
1814440 312
1814450 312
1814460 311
1814470 311
1814480 310
1814490 310
1814500 309
1814510 308
1814520 308
1814530 307
1814540 306
1814550 306
1814560 305
1814570 304
1814580 304
1814590 303
1814600 302
1814610 301
1814620 301
1814630 300
1814640 300
1814650 299
1814660 299
1814670 298
1814680 298
1814690 298
1814700 297
1814710 297
1814720 296
1814730 296
1814740 295
1814750 295
1814760 295
1814770 294
1814780 294
1814790 294
1814800 293
1814810 293
1814820 292
1814830 292
1814840 291
1814850 291
1814860 291
1814870 290
1814880 290
1814890 290
1814900 289
1814910 289
1814920 289
1814930 288
1814940 288
1814950 287
1814960 287
1814970 286
1814980 286
1814990 286
1815000 286
1815010 286
1815020 285
1815030 285
1815040 284
1815050 284
1815060 284
1815070 284
1815080 283
1815090 283
1815100 282
1815110 282
1815120 281
1815130 281
1815140 281
1815150 280
1815160 280
1815170 279
1815180 279
1815190 279
1815200 279
1815210 278
1815220 278
1815230 278
1815240 277
1815250 277
1815260 276
1815270 276
1815280 276
1815290 275
1815300 275
1815310 274
1815320 274
1815330 274
1815340 273
1815350 273
1815360 272
1815370 272
1815380 272
1815390 271
1815400 271
1815410 271
1815420 271
1815430 270
1815440 270
1815450 270
1815460 270
1815470 269
1815480 269
1815490 269
1815500 268
1815510 268
1815520 268
1815530 267
1815540 267
1815550 267
1815560 267
1815570 267
1815580 266
1815590 266
1815600 266
1815610 266
1815620 266
1815630 266
1815640 266
1815650 265
1815660 265
1815670 265
1815680 265
1815690 264
1815700 264
1815710 264
1815720 264
1815730 264
1815740 264
1815750 264
1815760 264
1815770 264
1815780 264
1815790 264
1815800 264
1815810 264
1815820 263
1815830 263
1815840 263
1815850 263
1815860 263
1815870 263
1815880 263
1815890 263
1815900 263
1815910 263
1815920 263
1815930 263
1815940 263
1815950 263
1815960 263
1815970 262
1815980 262
1815990 262
1816000 262
1816010 262
1816020 262
1816030 262
1816040 262
1816050 262
1816060 262
1816070 261
1816080 261
1816090 262
1816100 262
1816110 263
1816120 263
1816130 263
1816140 263
1816150 263
1816160 263
1816170 263
1816180 263
1816190 263
1816200 263
1816210 263
1816220 263
1816230 263
1816240 263
1816250 263
1816260 263
1816270 264
1816280 264
1816290 264
1816300 264
1816310 264
1816320 265
1816330 265
1816340 266
1816350 267
1816360 267
1816370 267
1816380 268
1816390 268
1816400 268
1816410 268
1816420 267
1816430 267
1816440 267
1816450 266
1816460 266
1816470 265
1816480 264
1816490 264
1816500 263
1816510 263
1816520 262
1816530 261
1816540 261
1816550 261
1816560 260
1816570 260
1816580 260
1816590 260
1816600 260
1816610 260
1816620 260
1816630 260
1816640 260
1816650 260
1816660 260
1816670 260
1816680 260
1816690 260
1816700 260
1816710 260
1816720 260
1816730 260
1816740 260
1816750 260
1816760 260
1816770 260
1816780 260
1816790 260
1816800 260
1816810 260
1816820 260
1816830 260
1816840 260
1816850 260
1816860 260
1816870 260
1816880 260
1816890 259
1816900 259
1816910 259
1816920 259
1816930 259
1816940 259
1816950 259
1816960 259
1816970 259
1816980 259
1816990 259
1817000 259
1817010 259
1817020 259
1817030 259
1817040 259
1817050 259
1817060 259
1817070 259
1817080 259
1817090 259
1817100 259
1817110 259
1817120 259
1817130 259
1817140 259
1817150 259
1817160 259
1817170 259
1817180 259
1817190 259
1817200 259
1817210 259
1817220 259
1817230 259
1817240 259
1817250 259
1817260 259
1817270 259
1817280 259
1817290 259
1817300 259
1817310 259
1817320 259
1817330 259
1817340 259
1817350 258
1817360 258
1817370 259
1817380 259
1817390 259
1817400 259
1817410 259
1817420 259
1817430 259
1817440 259
1817450 259
1817460 258
1817470 258
1817480 258
1817490 258
1817500 258
1817510 258
1817520 258
1817530 258
1817540 258
1817550 258
1817560 258
1817570 258
1817580 258
1817590 258
1817600 258
1817610 258
1817620 258
1817630 258
1817640 259
1817650 259
1817660 259
1817670 259
1817680 259
1817690 259
1817700 259
1817710 259
1817720 259
1817730 259
1817740 258
1817750 257
1817760 258
1817770 259
1817780 259
1817790 259
1817800 259
1817810 258
1817820 258
1817830 258
1817840 258
1817850 258
1817860 258
1817870 258
1817880 258
1817890 258
1817900 258
1817910 258
1817920 258
1817930 258
1817940 258
1817950 258
1817960 258
1817970 258
1817980 258
1817990 258
1818000 258
1818010 258
1818020 258
1818030 258
1818040 258
1818050 258
1818060 258
1818070 258
1818080 258
1818090 258
1818100 258
1818110 258
1818120 258
1818130 258
1818140 258
1818150 258
1818160 258
1818170 258
1818180 258
1818190 258
1818200 258
1818210 258
1818220 259
1818230 258
1818240 258
1818250 257
1818260 257
1818270 257
1818280 258
1818290 258
1818300 258
1818310 258
1818320 258
1818330 258
1818340 258
1818350 258
1818360 258
1818370 258
1818380 258
1818390 258
1818400 258
1818410 258
1818420 258
1818430 258
1818440 258
1818450 258
1818460 258
1818470 258
1818480 258
1818490 258
1818500 258
1818510 258
1818520 258
1818530 258
1818540 258
1818550 258
1818560 258
1818570 259
1818580 259
1818590 259
1818600 259
1818610 259
1818620 259
1818630 259
1818640 259
1818650 259
1818660 259
1818670 259
1818680 259
1818690 259
1818700 259
1818710 259
1818720 259
1818730 259
1818740 260
1818750 260
1818760 260
1818770 260
1818780 260
1818790 260
1818800 260
1818810 260
1818820 260
1818830 260
1818840 260
1818850 260
1818860 260
1818870 260
1818880 260
1818890 260
1818900 260
1818910 260
1818920 260
1818930 260
1818940 260
1818950 260
1818960 260
1818970 260
1818980 260
1818990 260
1819000 260
1819010 261
1819020 261
1819030 261
1819040 261
1819050 261
1819060 261
1819070 261
1819080 261
1819090 261
1819100 261
1819110 261
1819120 261
1819130 261
1819140 261
1819150 261
1819160 261
1819170 261
1819180 261
1819190 261
1819200 261
1819210 261
1819220 261
1819230 261
1819240 261
1819250 261
1819260 261
1819270 261
1819280 262
1819290 262
1819300 262
1819310 262
1819320 262
1819330 262
1819340 262
1819350 262
1819360 262
1819370 262
1819380 263
1819390 263
1819400 263
1819410 263
1819420 263
1819430 263
1819440 263
1819450 264
1819460 264
1819470 264
1819480 264
1819490 264
1819500 264
1819510 265
1819520 265
1819530 265
1819540 265
1819550 265
1819560 265
1819570 265
1819580 265
1819590 265
1819600 265
1819610 265
1819620 265
1819630 265
1819640 265
1819650 264
1819660 264
1819670 264
1819680 265
1819690 265
1819700 265
1819710 265
1819720 265
1819730 265
1819740 265
1819750 265
1819760 265
1819770 265
1819780 265
1819790 265
1819800 265
1819810 266
1819820 266
1819830 266
1819840 266
1819850 266
1819860 266
1819870 266
1819880 267
1819890 267
1819900 267
1819910 267
1819920 267
1819930 267
1819940 267
1819950 267
1819960 267
1819970 267
1819980 267
1819990 267
