1800000 327
1800010 328
1800020 329
1800030 330
1800040 331
1800050 332
1800060 333
1800070 334
1800080 334
1800090 335
1800100 336
1800110 336
1800120 337
1800130 337
1800140 337
1800150 337
1800160 338
1800170 339
1800180 339
1800190 338
1800200 338
1800210 337
1800220 337
1800230 336
1800240 335
1800250 334
1800260 333
1800270 331
1800280 330
1800290 329
1800300 327
1800310 325
1800320 324
1800330 323
1800340 322
1800350 320
1800360 319
1800370 318
1800380 318
1800390 317
1800400 316
1800410 315
1800420 313
1800430 312
1800440 311
1800450 310
1800460 308
1800470 307
1800480 306
1800490 305
1800500 302
1800510 300
1800520 298
1800530 297
1800540 295
1800550 293
1800560 291
1800570 290
1800580 289
1800590 288
1800600 286
1800610 285
1800620 284
1800630 283
1800640 282
1800650 282
1800660 281
1800670 281
1800680 282
1800690 283
1800700 284
1800710 285
1800720 287
1800730 289
1800740 290
1800750 291
1800760 293
1800770 293
1800780 294
1800790 294
1800800 294
1800810 294
1800820 294
1800830 294
1800840 294
1800850 294
1800860 294
1800870 293
1800880 293
1800890 293
1800900 293
1800910 293
1800920 293
1800930 294
1800940 294
1800950 294
1800960 294
1800970 294
1800980 295
1800990 295
1801000 294
1801010 293
1801020 293
1801030 292
1801040 292
1801050 291
1801060 290
1801070 290
1801080 289
1801090 288
1801100 287
1801110 287
1801120 286
1801130 285
1801140 284
1801150 284
1801160 283
1801170 283
1801180 282
1801190 281
1801200 280
1801210 279
1801220 279
1801230 278
1801240 278
1801250 279
1801260 280
1801270 280
1801280 280
1801290 280
1801300 280
1801310 280
1801320 279
1801330 278
1801340 278
1801350 278
1801360 277
1801370 277
1801380 276
1801390 276
1801400 276
1801410 276
1801420 276
1801430 276
1801440 276
1801450 276
1801460 276
1801470 277
1801480 277
1801490 278
1801500 278
1801510 279
1801520 280
1801530 280
1801540 280
1801550 280
1801560 280
1801570 280
1801580 279
1801590 279
1801600 279
1801610 278
1801620 278
1801630 277
1801640 277
1801650 276
1801660 276
1801670 275
1801680 274
1801690 274
1801700 273
1801710 273
1801720 273
1801730 273
1801740 273
1801750 273
1801760 272
1801770 272
1801780 272
1801790 272
1801800 272
1801810 272
1801820 272
1801830 272
1801840 272
1801850 272
1801860 272
1801870 272
1801880 272
1801890 272
1801900 271
1801910 271
1801920 272
1801930 272
1801940 272
1801950 272
1801960 272
1801970 272
1801980 272
1801990 272
1802000 272
1802010 272
1802020 272
1802030 272
1802040 273
1802050 273
1802060 273
1802070 274
1802080 274
1802090 275
1802100 276
1802110 276
1802120 276
1802130 276
1802140 276
1802150 276
1802160 277
1802170 277
1802180 277
1802190 277
1802200 276
1802210 276
1802220 276
1802230 275
1802240 275
1802250 274
1802260 274
1802270 274
1802280 274
1802290 274
1802300 274
1802310 274
1802320 274
1802330 275
1802340 276
1802350 276
1802360 277
1802370 278
1802380 279
1802390 280
1802400 280
1802410 281
1802420 282
1802430 284
1802440 285
1802450 285
1802460 286
1802470 287
1802480 288
1802490 288
1802500 289
1802510 289
1802520 289
1802530 290
1802540 290
1802550 290
1802560 290
1802570 290
1802580 291
1802590 291
1802600 291
1802610 291
1802620 291
1802630 292
1802640 292
1802650 292
1802660 291
1802670 291
1802680 291
1802690 290
1802700 290
1802710 289
1802720 288
1802730 287
1802740 286
1802750 284
1802760 283
1802770 282
1802780 281
1802790 280
1802800 279
1802810 278
1802820 277
1802830 275
1802840 274
1802850 273
1802860 272
1802870 271
1802880 270
1802890 269
1802900 269
1802910 269
1802920 269
1802930 269
1802940 269
1802950 269
1802960 269
1802970 269
1802980 269
1802990 269
1803000 269
1803010 269
1803020 269
1803030 269
1803040 270
1803050 270
1803060 270
1803070 270
1803080 270
1803090 270
1803100 270
1803110 271
1803120 272
1803130 273
1803140 274
1803150 275
1803160 276
1803170 277
1803180 278
1803190 279
1803200 280
1803210 281
1803220 282
1803230 283
1803240 284
1803250 285
1803260 287
1803270 288
1803280 289
1803290 290
1803300 292
1803310 294
1803320 296
1803330 298
1803340 300
1803350 302
1803360 303
1803370 304
1803380 305
1803390 306
1803400 307
1803410 308
1803420 308
1803430 309
1803440 309
1803450 309
1803460 309
1803470 309
1803480 310
1803490 310
1803500 310
1803510 311
1803520 311
1803530 312
1803540 313
1803550 314
1803560 315
1803570 316
1803580 317
1803590 319
1803600 321
1803610 322
1803620 322
1803630 323
1803640 324
1803650 325
1803660 325
1803670 326
1803680 326
1803690 327
1803700 327
1803710 327
1803720 327
1803730 327
1803740 328
1803750 328
1803760 329
1803770 329
1803780 330
1803790 330
1803800 331
1803810 332
1803820 333
1803830 335
1803840 336
1803850 337
1803860 338
1803870 340
1803880 341
1803890 341
1803900 342
1803910 344
1803920 345
1803930 346
1803940 348
1803950 350
1803960 351
1803970 353
1803980 354
1803990 356
1804000 357
1804010 358
1804020 359
1804030 360
1804040 361
1804050 361
1804060 361
1804070 362
1804080 362
1804090 362
1804100 362
1804110 362
1804120 362
1804130 362
1804140 361
1804150 361
1804160 360
1804170 359
1804180 359
1804190 358
1804200 357
1804210 356
1804220 355
1804230 355
1804240 355
1804250 354
1804260 354
1804270 353
1804280 352
1804290 351
1804300 350
1804310 349
1804320 348
1804330 347
1804340 347
1804350 346
1804360 345
1804370 344
1804380 343
1804390 342
1804400 341
1804410 340
1804420 339
1804430 338
1804440 337
1804450 336
1804460 336
1804470 335
1804480 334
1804490 333
1804500 332
1804510 332
1804520 331
1804530 330
1804540 330
1804550 330
1804560 329
1804570 329
1804580 329
1804590 329
1804600 329
1804610 329
1804620 329
1804630 329
1804640 329
1804650 328
1804660 328
1804670 328
1804680 328
1804690 328
1804700 328
1804710 328
1804720 328
1804730 329
1804740 329
1804750 329
1804760 329
1804770 330
1804780 330
1804790 330
1804800 331
1804810 331
1804820 332
1804830 332
1804840 333
1804850 334
1804860 334
1804870 334
1804880 334
1804890 334
1804900 334
1804910 334
1804920 333
1804930 333
1804940 332
1804950 331
1804960 330
1804970 329
1804980 328
1804990 327
1805000 326
1805010 324
1805020 323
1805030 322
1805040 321
1805050 320
1805060 318
1805070 317
1805080 315
1805090 314
1805100 313
1805110 312
1805120 311
1805130 309
1805140 309
1805150 308
1805160 308
1805170 307
1805180 306
1805190 305
1805200 304
1805210 303
1805220 302
1805230 301
1805240 300
1805250 299
1805260 298
1805270 297
1805280 295
1805290 295
1805300 293
1805310 293
1805320 292
1805330 292
1805340 292
1805350 292
1805360 292
1805370 292
1805380 292
1805390 292
1805400 292
1805410 292
1805420 292
1805430 292
1805440 292
1805450 292
1805460 293
1805470 294
1805480 296
1805490 298
1805500 300
1805510 301
1805520 303
1805530 305
1805540 306
1805550 305
1805560 305
1805570 306
1805580 306
1805590 305
1805600 304
1805610 303
1805620 302
1805630 301
1805640 300
1805650 300
1805660 300
1805670 299
1805680 299
1805690 300
1805700 300
1805710 301
1805720 301
1805730 302
1805740 303
1805750 303
1805760 304
1805770 304
1805780 305
1805790 307
1805800 309
1805810 311
1805820 313
1805830 314
1805840 315
1805850 316
1805860 317
1805870 319
1805880 320
1805890 322
1805900 323
1805910 325
1805920 326
1805930 328
1805940 330
1805950 332
1805960 334
1805970 336
1805980 337
1805990 339
1806000 339
1806010 340
1806020 341
1806030 342
1806040 343
1806050 344
1806060 345
1806070 347
1806080 348
1806090 348
1806100 349
1806110 350
1806120 351
1806130 351
1806140 352
1806150 353
1806160 354
1806170 355
1806180 355
1806190 356
1806200 357
1806210 357
1806220 358
1806230 359
1806240 359
1806250 360
1806260 360
1806270 361
1806280 362
1806290 362
1806300 362
1806310 363
1806320 363
1806330 363
1806340 363
1806350 364
1806360 364
1806370 364
1806380 365
1806390 365
1806400 365
1806410 365
1806420 366
1806430 366
1806440 367
1806450 368
1806460 369
1806470 369
1806480 370
1806490 371
1806500 372
1806510 372
1806520 372
1806530 373
1806540 372
1806550 372
1806560 372
1806570 371
1806580 371
1806590 370
1806600 369
1806610 369
1806620 368
1806630 367
1806640 367
1806650 366
1806660 365
1806670 364
1806680 363
1806690 362
1806700 361
1806710 359
1806720 358
1806730 356
1806740 355
1806750 354
1806760 353
1806770 352
1806780 351
1806790 350
1806800 349
1806810 348
1806820 347
1806830 346
1806840 345
1806850 344
1806860 343
1806870 342
1806880 341
1806890 339
1806900 338
1806910 337
1806920 336
1806930 335
1806940 334
1806950 333
1806960 332
1806970 331
1806980 330
1806990 329
1807000 328
1807010 327
1807020 326
1807030 324
1807040 323
1807050 322
1807060 320
1807070 319
1807080 319
1807090 318
1807100 318
1807110 317
1807120 317
1807130 317
1807140 316
1807150 317
1807160 317
1807170 318
1807180 318
1807190 318
1807200 316
1807210 315
1807220 314
1807230 314
1807240 314
1807250 315
1807260 315
1807270 315
1807280 315
1807290 315
1807300 316
1807310 316
1807320 316
1807330 316
1807340 315
1807350 314
1807360 313
1807370 313
1807380 312
1807390 310
1807400 309
1807410 308
1807420 309
1807430 311
1807440 313
1807450 314
1807460 315
1807470 316
1807480 317
1807490 319
1807500 320
1807510 321
1807520 323
1807530 325
1807540 326
1807550 328
1807560 329
1807570 330
1807580 330
1807590 331
1807600 332
1807610 332
1807620 333
1807630 334
1807640 334
1807650 334
1807660 335
1807670 335
1807680 336
1807690 338
1807700 338
1807710 339
1807720 339
1807730 340
1807740 341
1807750 342
1807760 343
1807770 345
1807780 346
1807790 347
1807800 349
1807810 350
1807820 351
1807830 351
1807840 351
1807850 352
1807860 353
1807870 354
1807880 356
1807890 357
1807900 358
1807910 360
1807920 361
1807930 362
1807940 363
1807950 364
1807960 365
1807970 366
1807980 367
1807990 368
1808000 370
1808010 371
1808020 373
1808030 374
1808040 376
1808050 378
1808060 380
1808070 381
1808080 381
1808090 381
1808100 381
1808110 380
1808120 380
1808130 379
1808140 378
1808150 378
1808160 377
1808170 377
1808180 376
1808190 375
1808200 375
1808210 374
1808220 373
1808230 372
1808240 371
1808250 370
1808260 369
1808270 369
1808280 368
1808290 367
1808300 366
1808310 365
1808320 364
1808330 363
1808340 362
1808350 361
1808360 360
1808370 358
1808380 357
1808390 357
1808400 356
1808410 355
1808420 355
1808430 354
1808440 353
1808450 352
1808460 351
1808470 350
1808480 350
1808490 349
1808500 349
1808510 348
1808520 347
1808530 346
1808540 345
1808550 344
1808560 344
1808570 344
1808580 344
1808590 343
1808600 343
1808610 343
1808620 342
1808630 342
1808640 341
1808650 341
1808660 341
1808670 340
1808680 339
1808690 338
1808700 337
1808710 337
1808720 338
1808730 339
1808740 340
1808750 341
1808760 341
1808770 342
1808780 342
1808790 343
1808800 343
1808810 343
1808820 344
1808830 344
1808840 344
1808850 344
1808860 345
1808870 345
1808880 345
1808890 346
1808900 347
1808910 347
1808920 348
1808930 348
1808940 348
1808950 348
1808960 348
1808970 347
1808980 347
1808990 346
1809000 346
1809010 345
1809020 344
1809030 343
1809040 343
1809050 342
1809060 341
1809070 341
1809080 340
1809090 339
1809100 339
1809110 338
1809120 337
1809130 337
1809140 336
1809150 335
1809160 334
1809170 334
1809180 333
1809190 332
1809200 331
1809210 330
1809220 329
1809230 329
1809240 328
1809250 327
1809260 326
1809270 326
1809280 325
1809290 324
1809300 323
1809310 321
1809320 319
1809330 318
1809340 317
1809350 316
1809360 315
1809370 314
1809380 313
1809390 313
1809400 313
1809410 313
1809420 313
1809430 312
1809440 312
1809450 311
1809460 311
1809470 310
1809480 310
1809490 309
1809500 308
1809510 307
1809520 306
1809530 305
1809540 305
1809550 304
1809560 303
1809570 302
1809580 301
1809590 301
1809600 302
1809610 303
1809620 305
1809630 307
1809640 308
1809650 310
1809660 312
1809670 313
1809680 315
1809690 317
1809700 318
1809710 319
1809720 320
1809730 321
1809740 322
1809750 323
1809760 325
1809770 326
1809780 328
1809790 330
1809800 332
1809810 334
1809820 336
1809830 337
1809840 338
1809850 338
1809860 337
1809870 336
1809880 335
1809890 334
1809900 333
1809910 332
1809920 331
1809930 330
1809940 328
1809950 326
1809960 324
1809970 323
1809980 322
1809990 321
1810000 319
1810010 319
1810020 318
1810030 317
1810040 316
1810050 315
1810060 314
1810070 313
1810080 312
1810090 312
1810100 311
1810110 310
1810120 310
1810130 309
1810140 309
1810150 308
1810160 307
1810170 307
1810180 306
1810190 307
1810200 307
1810210 308
1810220 308
1810230 309
1810240 309
1810250 309
1810260 310
1810270 310
1810280 311
1810290 312
1810300 313
1810310 314
1810320 315
1810330 317
1810340 318
1810350 319
1810360 320
1810370 321
1810380 323
1810390 324
1810400 325
1810410 326
1810420 328
1810430 329
1810440 330
1810450 332
1810460 333
1810470 334
1810480 336
1810490 337
1810500 337
1810510 337
1810520 337
1810530 336
1810540 336
1810550 335
1810560 334
1810570 333
1810580 332
1810590 331
1810600 330
1810610 329
1810620 328
1810630 328
1810640 327
1810650 326
1810660 325
1810670 325
1810680 324
1810690 323
1810700 323
1810710 322
1810720 321
1810730 321
1810740 320
1810750 319
1810760 317
1810770 315
1810780 313
1810790 310
1810800 309
1810810 308
1810820 308
1810830 307
1810840 307
1810850 306
1810860 305
1810870 305
1810880 305
1810890 304
1810900 304
1810910 303
1810920 302
1810930 302
1810940 302
1810950 301
1810960 301
1810970 300
1810980 299
1810990 299
1811000 298
1811010 297
1811020 296
1811030 297
1811040 297
1811050 297
1811060 297
1811070 297
1811080 297
1811090 298
1811100 298
1811110 298
1811120 298
1811130 299
1811140 299
1811150 300
1811160 300
1811170 301
1811180 301
1811190 302
1811200 303
1811210 303
1811220 304
1811230 305
1811240 306
1811250 307
1811260 308
1811270 309
1811280 310
1811290 311
1811300 312
1811310 313
1811320 314
1811330 315
1811340 316
1811350 317
1811360 318
1811370 320
1811380 321
1811390 323
1811400 324
1811410 325
1811420 326
1811430 327
1811440 328
1811450 329
1811460 330
1811470 331
1811480 332
1811490 333
1811500 334
1811510 334
1811520 335
1811530 336
1811540 337
1811550 337
1811560 338
1811570 338
1811580 339
1811590 340
1811600 341
1811610 342
1811620 344
1811630 344
1811640 345
1811650 345
1811660 345
1811670 344
1811680 343
1811690 342
1811700 341
1811710 340
1811720 338
1811730 337
1811740 336
1811750 334
1811760 333
1811770 332
1811780 330
1811790 329
1811800 328
1811810 328
1811820 327
1811830 326
1811840 326
1811850 325
1811860 324
1811870 324
1811880 323
1811890 322
1811900 321
1811910 320
1811920 319
1811930 319
1811940 318
1811950 317
1811960 316
1811970 315
1811980 314
1811990 314
1812000 313
1812010 313
1812020 312
1812030 311
1812040 311
1812050 310
1812060 310
1812070 309
1812080 308
1812090 307
1812100 307
1812110 306
1812120 306
1812130 306
1812140 305
1812150 305
1812160 304
1812170 304
1812180 303
1812190 303
1812200 302
1812210 302
1812220 301
1812230 300
1812240 300
1812250 300
1812260 300
1812270 300
1812280 301
1812290 301
1812300 301
1812310 302
1812320 302
1812330 301
1812340 300
1812350 300
1812360 301
1812370 302
1812380 302
1812390 303
1812400 303
1812410 302
1812420 303
1812430 303
1812440 302
1812450 302
1812460 301
1812470 300
1812480 300
1812490 300
1812500 300
1812510 300
1812520 300
1812530 299
1812540 299
1812550 298
1812560 297
1812570 297
1812580 296
1812590 296
1812600 295
1812610 295
1812620 295
1812630 294
1812640 294
1812650 293
1812660 293
1812670 293
1812680 292
1812690 292
1812700 291
1812710 290
1812720 290
1812730 289
1812740 289
1812750 289
1812760 288
1812770 288
1812780 287
1812790 287
1812800 287
1812810 286
1812820 286
1812830 285
1812840 285
1812850 285
1812860 284
1812870 284
1812880 284
1812890 283
1812900 283
1812910 282
1812920 282
1812930 281
1812940 281
1812950 280
1812960 280
1812970 279
1812980 279
1812990 279
1813000 278
1813010 277
1813020 277
1813030 276
1813040 276
1813050 276
1813060 275
1813070 275
1813080 274
1813090 274
1813100 273
1813110 273
1813120 272
1813130 272
1813140 272
1813150 271
1813160 271
1813170 271
1813180 270
1813190 270
1813200 271
1813210 271
1813220 270
1813230 270
1813240 270
1813250 271
1813260 271
1813270 271
1813280 271
1813290 271
1813300 271
1813310 271
1813320 271
1813330 271
1813340 271
1813350 271
1813360 271
1813370 270
1813380 270
1813390 270
1813400 270
1813410 270
1813420 270
1813430 270
1813440 270
1813450 270
1813460 269
1813470 269
1813480 269
1813490 269
1813500 269
1813510 269
1813520 269
1813530 269
1813540 269
1813550 269
1813560 269
1813570 269
1813580 269
1813590 269
1813600 269
1813610 269
1813620 269
1813630 269
1813640 269
1813650 269
1813660 268
1813670 268
1813680 268
1813690 268
1813700 268
1813710 269
1813720 269
1813730 269
1813740 269
1813750 269
1813760 269
1813770 269
1813780 269
1813790 269
1813800 269
1813810 269
1813820 269
1813830 269
1813840 269
1813850 269
1813860 269
1813870 269
1813880 269
1813890 269
1813900 269
1813910 269
1813920 269
1813930 269
1813940 269
1813950 269
1813960 269
1813970 269
1813980 269
1813990 269
1814000 269
1814010 270
1814020 270
1814030 270
1814040 270
1814050 271
1814060 271
1814070 271
1814080 272
1814090 272
1814100 273
1814110 273
1814120 273
1814130 274
1814140 274
1814150 275
1814160 275
1814170 275
1814180 275
1814190 275
1814200 276
1814210 277
1814220 277
1814230 278
1814240 278
1814250 279
1814260 279
1814270 279
1814280 279
1814290 279
1814300 279
1814310 279
1814320 279
1814330 279
1814340 279
1814350 280
1814360 280
1814370 280
1814380 280
1814390 281
1814400 281
1814410 281
1814420 281
1814430 281
1814440 282
1814450 282
1814460 283
1814470 283
1814480 284
1814490 285
1814500 285
1814510 286
1814520 287
1814530 288
1814540 289
1814550 289
1814560 290
1814570 291
1814580 291
1814590 292
1814600 293
1814610 293
1814620 295
1814630 296
1814640 298
1814650 300
1814660 301
1814670 302
1814680 303
1814690 304
1814700 305
1814710 306
1814720 307
1814730 308
1814740 309
1814750 309
1814760 310
1814770 310
1814780 310
1814790 310
1814800 310
1814810 309
1814820 309
1814830 308
1814840 308
1814850 307
1814860 307
1814870 306
1814880 306
1814890 305
1814900 305
1814910 304
1814920 304
1814930 303
1814940 302
1814950 302
1814960 302
1814970 303
1814980 303
1814990 304
1815000 304
1815010 305
1815020 306
1815030 306
1815040 307
1815050 308
1815060 309
1815070 309
1815080 310
1815090 311
1815100 311
1815110 311
1815120 312
1815130 312
1815140 312
1815150 313
1815160 313
1815170 312
1815180 312
1815190 311
1815200 311
1815210 310
1815220 309
1815230 309
1815240 309
1815250 308
1815260 308
1815270 307
1815280 306
1815290 305
1815300 303
1815310 301
1815320 299
1815330 298
1815340 297
1815350 296
1815360 295
1815370 294
1815380 293
1815390 292
1815400 291
1815410 290
1815420 289
1815430 288
1815440 288
1815450 287
1815460 287
1815470 286
1815480 286
1815490 285
1815500 285
1815510 284
1815520 283
1815530 283
1815540 282
1815550 281
1815560 281
1815570 280
1815580 280
1815590 279
1815600 278
1815610 278
1815620 277
1815630 277
1815640 276
1815650 275
1815660 275
1815670 274
1815680 274
1815690 273
1815700 272
1815710 272
1815720 271
1815730 271
1815740 270
1815750 270
1815760 269
1815770 269
1815780 268
1815790 268
1815800 268
1815810 268
1815820 267
1815830 267
1815840 267
1815850 267
1815860 267
1815870 266
1815880 266
1815890 266
1815900 266
1815910 266
1815920 266
1815930 266
1815940 265
1815950 265
1815960 265
1815970 265
1815980 265
1815990 265
1816000 265
1816010 265
1816020 265
1816030 265
1816040 265
1816050 265
1816060 265
1816070 265
1816080 265
1816090 265
1816100 264
1816110 264
1816120 264
1816130 264
1816140 264
1816150 264
1816160 264
1816170 264
1816180 264
1816190 263
1816200 263
1816210 263
1816220 263
1816230 263
1816240 263
1816250 263
1816260 263
1816270 263
1816280 263
1816290 263
1816300 263
1816310 263
1816320 263
1816330 263
1816340 263
1816350 263
1816360 263
1816370 263
1816380 263
1816390 263
1816400 263
1816410 263
1816420 263
1816430 263
1816440 263
1816450 263
1816460 263
1816470 263
1816480 264
1816490 264
1816500 264
1816510 264
1816520 264
1816530 264
1816540 264
1816550 263
1816560 263
1816570 263
1816580 263
1816590 263
1816600 263
1816610 263
1816620 263
1816630 264
1816640 264
1816650 264
1816660 264
1816670 264
1816680 263
1816690 263
1816700 263
1816710 263
1816720 263
1816730 263
1816740 263
1816750 263
1816760 263
1816770 263
1816780 263
1816790 263
1816800 263
1816810 263
1816820 262
1816830 262
1816840 262
1816850 262
1816860 262
1816870 262
1816880 262
1816890 262
1816900 262
1816910 262
1816920 262
1816930 262
1816940 262
1816950 262
1816960 262
1816970 262
1816980 262
1816990 262
1817000 262
1817010 262
1817020 262
1817030 262
1817040 262
1817050 262
1817060 262
1817070 262
1817080 262
1817090 262
1817100 262
1817110 262
1817120 262
1817130 262
1817140 262
1817150 262
1817160 262
1817170 262
1817180 262
1817190 262
1817200 262
1817210 262
1817220 262
1817230 262
1817240 262
1817250 262
1817260 263
1817270 263
1817280 263
1817290 263
1817300 263
1817310 263
1817320 263
1817330 263
1817340 263
1817350 263
1817360 263
1817370 263
1817380 263
1817390 263
1817400 262
1817410 261
1817420 262
1817430 263
1817440 264
1817450 264
1817460 264
1817470 264
1817480 264
1817490 264
1817500 263
1817510 263
1817520 263
1817530 263
1817540 263
1817550 263
1817560 262
1817570 262
1817580 262
1817590 262
1817600 262
1817610 262
1817620 262
1817630 262
1817640 262
1817650 263
1817660 263
1817670 263
1817680 263
1817690 263
1817700 263
1817710 263
1817720 263
1817730 263
1817740 263
1817750 262
1817760 262
1817770 262
1817780 262
1817790 262
1817800 262
1817810 262
1817820 262
1817830 262
1817840 262
1817850 262
1817860 262
1817870 262
1817880 263
1817890 263
1817900 263
1817910 263
1817920 263
1817930 263
1817940 263
1817950 263
1817960 263
1817970 263
1817980 263
1817990 263
1818000 263
1818010 263
1818020 263
1818030 263
1818040 263
1818050 263
1818060 263
1818070 263
1818080 263
1818090 263
1818100 263
1818110 263
1818120 263
1818130 263
1818140 263
1818150 264
1818160 264
1818170 264
1818180 264
1818190 264
1818200 264
1818210 264
1818220 264
1818230 264
1818240 264
1818250 264
1818260 264
1818270 264
1818280 264
1818290 264
1818300 264
1818310 264
1818320 264
1818330 264
1818340 264
1818350 264
1818360 264
1818370 264
1818380 264
1818390 264
1818400 264
1818410 264
1818420 264
1818430 264
1818440 264
1818450 264
1818460 265
1818470 265
1818480 265
1818490 265
1818500 266
1818510 266
1818520 266
1818530 266
1818540 266
1818550 266
1818560 266
1818570 266
1818580 267
1818590 267
1818600 267
1818610 268
1818620 268
1818630 268
1818640 268
1818650 269
1818660 269
1818670 269
1818680 269
1818690 269
1818700 269
1818710 269
1818720 270
1818730 270
1818740 270
1818750 270
1818760 270
1818770 270
1818780 270
1818790 270
1818800 271
1818810 271
1818820 271
1818830 271
1818840 271
1818850 271
1818860 271
1818870 271
1818880 271
1818890 271
1818900 272
1818910 272
1818920 272
1818930 272
1818940 272
1818950 273
1818960 273
1818970 273
1818980 273
1818990 273
1819000 273
1819010 273
1819020 274
1819030 274
1819040 274
1819050 274
1819060 274
1819070 274
1819080 274
1819090 274
1819100 275
1819110 275
1819120 275
1819130 275
1819140 275
1819150 275
1819160 276
1819170 276
1819180 276
1819190 276
1819200 277
1819210 277
1819220 277
1819230 277
1819240 278
1819250 278
1819260 279
1819270 279
1819280 279
1819290 280
1819300 280
1819310 280
1819320 281
1819330 281
1819340 281
1819350 281
1819360 281
1819370 281
1819380 281
1819390 281
1819400 281
1819410 281
1819420 281
1819430 280
1819440 280
1819450 281
1819460 281
1819470 281
1819480 281
1819490 281
1819500 281
1819510 281
1819520 281
1819530 281
1819540 282
1819550 282
1819560 282
1819570 282
1819580 282
1819590 282
1819600 283
1819610 283
1819620 283
1819630 283
1819640 284
1819650 284
1819660 284
1819670 284
1819680 285
1819690 285
1819700 285
1819710 285
1819720 285
1819730 286
1819740 286
1819750 286
1819760 286
1819770 286
1819780 287
1819790 287
1819800 287
1819810 287
1819820 288
1819830 288
1819840 288
1819850 288
1819860 289
1819870 289
1819880 289
1819890 290
1819900 290
1819910 290
1819920 291
1819930 291
1819940 291
1819950 292
1819960 292
1819970 292
1819980 292
1819990 292
