1800000 334
1800010 334
1800020 334
1800030 334
1800040 334
1800050 333
1800060 332
1800070 330
1800080 329
1800090 327
1800100 325
1800110 324
1800120 322
1800130 321
1800140 319
1800150 317
1800160 316
1800170 315
1800180 313
1800190 312
1800200 311
1800210 310
1800220 309
1800230 308
1800240 306
1800250 305
1800260 304
1800270 303
1800280 302
1800290 300
1800300 297
1800310 294
1800320 291
1800330 291
1800340 291
1800350 291
1800360 290
1800370 289
1800380 289
1800390 288
1800400 289
1800410 290
1800420 289
1800430 288
1800440 287
1800450 286
1800460 285
1800470 285
1800480 286
1800490 286
1800500 286
1800510 285
1800520 286
1800530 286
1800540 285
1800550 285
1800560 285
1800570 284
1800580 283
1800590 283
1800600 282
1800610 282
1800620 281
1800630 281
1800640 281
1800650 280
1800660 280
1800670 280
1800680 280
1800690 279
1800700 279
1800710 279
1800720 278
1800730 277
1800740 277
1800750 277
1800760 276
1800770 276
1800780 276
1800790 276
1800800 276
1800810 276
1800820 276
1800830 276
1800840 276
1800850 276
1800860 276
1800870 276
1800880 276
1800890 276
1800900 277
1800910 277
1800920 277
1800930 278
1800940 278
1800950 279
1800960 280
1800970 280
1800980 281
1800990 282
1801000 283
1801010 285
1801020 286
1801030 287
1801040 288
1801050 289
1801060 289
1801070 290
1801080 291
1801090 291
1801100 292
1801110 292
1801120 292
1801130 293
1801140 293
1801150 293
1801160 293
1801170 293
1801180 293
1801190 293
1801200 293
1801210 293
1801220 292
1801230 292
1801240 291
1801250 291
1801260 290
1801270 290
1801280 289
1801290 289
1801300 288
1801310 287
1801320 287
1801330 286
1801340 285
1801350 285
1801360 285
1801370 286
1801380 286
1801390 286
1801400 287
1801410 287
1801420 288
1801430 288
1801440 289
1801450 289
1801460 289
1801470 289
1801480 289
1801490 289
1801500 289
1801510 289
1801520 290
1801530 290
1801540 291
1801550 291
1801560 292
1801570 292
1801580 292
1801590 293
1801600 293
1801610 293
1801620 294
1801630 294
1801640 294
1801650 294
1801660 294
1801670 294
1801680 294
1801690 293
1801700 293
1801710 292
1801720 292
1801730 292
1801740 292
1801750 292
1801760 292
1801770 291
1801780 290
1801790 289
1801800 288
1801810 287
1801820 285
1801830 284
1801840 283
1801850 282
1801860 281
1801870 280
1801880 279
1801890 278
1801900 279
1801910 280
1801920 281
1801930 282
1801940 283
1801950 284
1801960 286
1801970 287
1801980 289
1801990 291
1802000 293
1802010 295
1802020 297
1802030 299
1802040 300
1802050 301
1802060 302
1802070 303
1802080 303
1802090 304
1802100 304
1802110 304
1802120 304
1802130 304
1802140 303
1802150 303
1802160 302
1802170 301
1802180 301
1802190 300
1802200 299
1802210 298
1802220 297
1802230 296
1802240 295
1802250 293
1802260 292
1802270 291
1802280 290
1802290 289
1802300 289
1802310 289
1802320 290
1802330 290
1802340 290
1802350 290
1802360 291
1802370 292
1802380 294
1802390 295
1802400 296
1802410 298
1802420 299
1802430 299
1802440 300
1802450 301
1802460 302
1802470 302
1802480 302
1802490 302
1802500 301
1802510 300
1802520 299
1802530 297
1802540 296
1802550 294
1802560 292
1802570 290
1802580 289
1802590 287
1802600 286
1802610 283
1802620 282
1802630 283
1802640 282
1802650 281
1802660 279
1802670 277
1802680 276
1802690 276
1802700 275
1802710 274
1802720 273
1802730 273
1802740 272
1802750 272
1802760 271
1802770 271
1802780 271
1802790 270
1802800 270
1802810 270
1802820 271
1802830 271
1802840 271
1802850 271
1802860 271
1802870 272
1802880 273
1802890 274
1802900 275
1802910 277
1802920 278
1802930 279
1802940 280
1802950 281
1802960 282
1802970 283
1802980 283
1802990 284
1803000 284
1803010 283
1803020 283
1803030 282
1803040 280
1803050 279
1803060 278
1803070 277
1803080 276
1803090 275
1803100 275
1803110 275
1803120 275
1803130 275
1803140 275
1803150 275
1803160 275
1803170 275
1803180 275
1803190 275
1803200 275
1803210 276
1803220 276
1803230 276
1803240 276
1803250 276
1803260 277
1803270 277
1803280 277
1803290 277
1803300 278
1803310 278
1803320 278
1803330 279
1803340 280
1803350 280
1803360 281
1803370 282
1803380 283
1803390 283
1803400 284
1803410 285
1803420 286
1803430 288
1803440 289
1803450 290
1803460 292
1803470 294
1803480 296
1803490 298
1803500 299
1803510 301
1803520 303
1803530 304
1803540 306
1803550 307
1803560 308
1803570 310
1803580 311
1803590 313
1803600 315
1803610 317
1803620 318
1803630 320
1803640 322
1803650 323
1803660 325
1803670 326
1803680 326
1803690 327
1803700 327
1803710 326
1803720 326
1803730 325
1803740 325
1803750 325
1803760 324
1803770 324
1803780 324
1803790 323
1803800 323
1803810 323
1803820 322
1803830 322
1803840 322
1803850 322
1803860 323
1803870 323
1803880 323
1803890 323
1803900 322
1803910 321
1803920 324
1803930 325
1803940 326
1803950 327
1803960 328
1803970 329
1803980 330
1803990 331
1804000 333
1804010 334
1804020 336
1804030 338
1804040 339
1804050 341
1804060 342
1804070 343
1804080 345
1804090 347
1804100 350
1804110 352
1804120 354
1804130 355
1804140 357
1804150 358
1804160 360
1804170 361
1804180 362
1804190 363
1804200 364
1804210 364
1804220 365
1804230 365
1804240 365
1804250 366
1804260 366
1804270 366
1804280 366
1804290 365
1804300 365
1804310 365
1804320 365
1804330 365
1804340 364
1804350 364
1804360 364
1804370 364
1804380 363
1804390 363
1804400 362
1804410 362
1804420 361
1804430 360
1804440 360
1804450 359
1804460 358
1804470 357
1804480 356
1804490 355
1804500 354
1804510 354
1804520 352
1804530 351
1804540 350
1804550 349
1804560 347
1804570 346
1804580 344
1804590 343
1804600 341
1804610 340
1804620 339
1804630 337
1804640 336
1804650 335
1804660 334
1804670 332
1804680 330
1804690 329
1804700 328
1804710 326
1804720 325
1804730 324
1804740 323
1804750 322
1804760 320
1804770 319
1804780 319
1804790 318
1804800 317
1804810 316
1804820 316
1804830 315
1804840 314
1804850 312
1804860 311
1804870 311
1804880 310
1804890 309
1804900 308
1804910 308
1804920 307
1804930 307
1804940 307
1804950 306
1804960 306
1804970 306
1804980 306
1804990 306
1805000 306
1805010 306
1805020 306
1805030 306
1805040 306
1805050 306
1805060 306
1805070 305
1805080 305
1805090 305
1805100 304
1805110 304
1805120 303
1805130 303
1805140 302
1805150 302
1805160 301
1805170 301
1805180 301
1805190 300
1805200 299
1805210 298
1805220 298
1805230 297
1805240 297
1805250 296
1805260 296
1805270 295
1805280 295
1805290 295
1805300 295
1805310 295
1805320 295
1805330 295
1805340 295
1805350 295
1805360 295
1805370 295
1805380 295
1805390 295
1805400 295
1805410 296
1805420 297
1805430 298
1805440 299
1805450 301
1805460 302
1805470 304
1805480 306
1805490 308
1805500 311
1805510 313
1805520 316
1805530 318
1805540 320
1805550 322
1805560 324
1805570 325
1805580 327
1805590 328
1805600 329
1805610 331
1805620 332
1805630 334
1805640 335
1805650 337
1805660 338
1805670 340
1805680 342
1805690 343
1805700 345
1805710 346
1805720 347
1805730 348
1805740 348
1805750 349
1805760 350
1805770 350
1805780 350
1805790 351
1805800 351
1805810 351
1805820 352
1805830 352
1805840 351
1805850 351
1805860 352
1805870 352
1805880 353
1805890 354
1805900 354
1805910 354
1805920 355
1805930 355
1805940 355
1805950 355
1805960 355
1805970 355
1805980 355
1805990 355
1806000 356
1806010 356
1806020 356
1806030 356
1806040 357
1806050 357
1806060 358
1806070 358
1806080 358
1806090 359
1806100 359
1806110 360
1806120 361
1806130 361
1806140 362
1806150 363
1806160 364
1806170 365
1806180 366
1806190 367
1806200 368
1806210 368
1806220 369
1806230 370
1806240 371
1806250 372
1806260 374
1806270 375
1806280 376
1806290 377
1806300 379
1806310 380
1806320 382
1806330 384
1806340 386
1806350 387
1806360 389
1806370 390
1806380 391
1806390 391
1806400 391
1806410 391
1806420 391
1806430 391
1806440 391
1806450 390
1806460 390
1806470 389
1806480 389
1806490 388
1806500 387
1806510 387
1806520 386
1806530 385
1806540 385
1806550 384
1806560 383
1806570 382
1806580 382
1806590 381
1806600 380
1806610 379
1806620 378
1806630 377
1806640 376
1806650 375
1806660 374
1806670 374
1806680 374
1806690 373
1806700 372
1806710 371
1806720 370
1806730 369
1806740 369
1806750 368
1806760 368
1806770 368
1806780 367
1806790 367
1806800 366
1806810 365
1806820 364
1806830 362
1806840 361
1806850 360
1806860 360
1806870 360
1806880 359
1806890 359
1806900 359
1806910 359
1806920 359
1806930 359
1806940 359
1806950 359
1806960 359
1806970 360
1806980 360
1806990 360
1807000 361
1807010 361
1807020 361
1807030 362
1807040 362
1807050 362
1807060 362
1807070 362
1807080 361
1807090 360
1807100 359
1807110 358
1807120 357
1807130 356
1807140 355
1807150 354
1807160 353
1807170 352
1807180 351
1807190 351
1807200 350
1807210 349
1807220 348
1807230 348
1807240 348
1807250 349
1807260 349
1807270 349
1807280 349
1807290 348
1807300 349
1807310 349
1807320 349
1807330 350
1807340 351
1807350 351
1807360 352
1807370 352
1807380 352
1807390 351
1807400 350
1807410 349
1807420 348
1807430 348
1807440 347
1807450 346
1807460 346
1807470 345
1807480 345
1807490 344
1807500 343
1807510 343
1807520 342
1807530 341
1807540 342
1807550 344
1807560 345
1807570 345
1807580 346
1807590 346
1807600 347
1807610 347
1807620 347
1807630 348
1807640 348
1807650 349
1807660 351
1807670 352
1807680 354
1807690 354
1807700 355
1807710 356
1807720 357
1807730 359
1807740 361
1807750 362
1807760 363
1807770 365
1807780 366
1807790 368
1807800 370
1807810 371
1807820 372
1807830 373
1807840 375
1807850 376
1807860 378
1807870 379
1807880 381
1807890 381
1807900 381
1807910 380
1807920 379
1807930 378
1807940 378
1807950 377
1807960 376
1807970 375
1807980 374
1807990 373
1808000 372
1808010 371
1808020 371
1808030 370
1808040 369
1808050 368
1808060 367
1808070 366
1808080 365
1808090 365
1808100 364
1808110 363
1808120 362
1808130 362
1808140 361
1808150 360
1808160 359
1808170 359
1808180 358
1808190 358
1808200 358
1808210 357
1808220 356
1808230 356
1808240 355
1808250 354
1808260 354
1808270 353
1808280 352
1808290 351
1808300 350
1808310 349
1808320 348
1808330 348
1808340 347
1808350 346
1808360 345
1808370 344
1808380 343
1808390 342
1808400 341
1808410 340
1808420 339
1808430 339
1808440 338
1808450 338
1808460 337
1808470 336
1808480 336
1808490 335
1808500 334
1808510 334
1808520 332
1808530 331
1808540 330
1808550 329
1808560 329
1808570 328
1808580 327
1808590 326
1808600 324
1808610 324
1808620 323
1808630 323
1808640 323
1808650 323
1808660 323
1808670 322
1808680 322
1808690 321
1808700 320
1808710 320
1808720 319
1808730 318
1808740 318
1808750 317
1808760 317
1808770 316
1808780 315
1808790 314
1808800 314
1808810 312
1808820 311
1808830 309
1808840 307
1808850 306
1808860 306
1808870 305
1808880 305
1808890 305
1808900 305
1808910 306
1808920 308
1808930 309
1808940 310
1808950 310
1808960 310
1808970 310
1808980 310
1808990 311
1809000 311
1809010 311
1809020 311
1809030 311
1809040 311
1809050 311
1809060 310
1809070 310
1809080 310
1809090 309
1809100 309
1809110 309
1809120 309
1809130 308
1809140 308
1809150 308
1809160 307
1809170 307
1809180 307
1809190 306
1809200 306
1809210 305
1809220 305
1809230 305
1809240 304
1809250 304
1809260 304
1809270 304
1809280 303
1809290 303
1809300 302
1809310 301
1809320 300
1809330 300
1809340 299
1809350 299
1809360 298
1809370 298
1809380 298
1809390 297
1809400 297
1809410 296
1809420 296
1809430 296
1809440 295
1809450 295
1809460 294
1809470 294
1809480 294
1809490 294
1809500 294
1809510 295
1809520 295
1809530 294
1809540 294
1809550 294
1809560 294
1809570 295
1809580 295
1809590 295
1809600 296
1809610 296
1809620 296
1809630 295
1809640 295
1809650 296
1809660 297
1809670 297
1809680 298
1809690 298
1809700 298
1809710 299
1809720 299
1809730 299
1809740 299
1809750 299
1809760 299
1809770 299
1809780 299
1809790 299
1809800 300
1809810 300
1809820 300
1809830 299
1809840 299
1809850 299
1809860 299
1809870 299
1809880 299
1809890 299
1809900 298
1809910 298
1809920 298
1809930 297
1809940 297
1809950 297
1809960 297
1809970 296
1809980 296
1809990 296
1810000 295
1810010 295
1810020 294
1810030 294
1810040 293
1810050 293
1810060 293
1810070 293
1810080 292
1810090 292
1810100 292
1810110 292
1810120 292
1810130 292
1810140 292
1810150 292
1810160 292
1810170 292
1810180 292
1810190 292
1810200 293
1810210 294
1810220 295
1810230 296
1810240 298
1810250 299
1810260 301
1810270 302
1810280 303
1810290 305
1810300 307
1810310 308
1810320 310
1810330 311
1810340 312
1810350 313
1810360 314
1810370 316
1810380 318
1810390 319
1810400 320
1810410 321
1810420 321
1810430 321
1810440 321
1810450 321
1810460 322
1810470 322
1810480 323
1810490 324
1810500 324
1810510 324
1810520 324
1810530 324
1810540 324
1810550 323
1810560 323
1810570 322
1810580 322
1810590 321
1810600 321
1810610 320
1810620 320
1810630 319
1810640 318
1810650 317
1810660 316
1810670 315
1810680 315
1810690 314
1810700 313
1810710 312
1810720 311
1810730 310
1810740 310
1810750 309
1810760 308
1810770 308
1810780 307
1810790 307
1810800 306
1810810 305
1810820 304
1810830 303
1810840 302
1810850 300
1810860 299
1810870 297
1810880 295
1810890 294
1810900 293
1810910 292
1810920 291
1810930 290
1810940 289
1810950 289
1810960 289
1810970 289
1810980 289
1810990 289
1811000 289
1811010 289
1811020 289
1811030 289
1811040 289
1811050 289
1811060 289
1811070 290
1811080 291
1811090 291
1811100 292
1811110 294
1811120 295
1811130 296
1811140 297
1811150 298
1811160 299
1811170 300
1811180 300
1811190 301
1811200 302
1811210 304
1811220 305
1811230 307
1811240 308
1811250 309
1811260 311
1811270 312
1811280 313
1811290 314
1811300 315
1811310 316
1811320 317
1811330 318
1811340 319
1811350 321
1811360 322
1811370 323
1811380 324
1811390 326
1811400 328
1811410 329
1811420 330
1811430 332
1811440 333
1811450 335
1811460 336
1811470 338
1811480 339
1811490 341
1811500 342
1811510 343
1811520 345
1811530 346
1811540 347
1811550 348
1811560 348
1811570 349
1811580 349
1811590 348
1811600 348
1811610 347
1811620 347
1811630 346
1811640 345
1811650 345
1811660 344
1811670 343
1811680 342
1811690 342
1811700 340
1811710 339
1811720 338
1811730 337
1811740 336
1811750 335
1811760 334
1811770 334
1811780 333
1811790 332
1811800 332
1811810 331
1811820 330
1811830 329
1811840 328
1811850 327
1811860 326
1811870 326
1811880 324
1811890 323
1811900 322
1811910 321
1811920 319
1811930 318
1811940 317
1811950 316
1811960 315
1811970 314
1811980 312
1811990 311
1812000 310
1812010 309
1812020 308
1812030 306
1812040 305
1812050 304
1812060 303
1812070 302
1812080 302
1812090 301
1812100 300
1812110 299
1812120 299
1812130 298
1812140 297
1812150 296
1812160 295
1812170 294
1812180 294
1812190 293
1812200 292
1812210 291
1812220 290
1812230 289
1812240 288
1812250 287
1812260 286
1812270 285
1812280 285
1812290 284
1812300 284
1812310 283
1812320 283
1812330 282
1812340 282
1812350 282
1812360 282
1812370 281
1812380 281
1812390 281
1812400 280
1812410 280
1812420 280
1812430 280
1812440 279
1812450 279
1812460 279
1812470 279
1812480 279
1812490 279
1812500 279
1812510 279
1812520 279
1812530 279
1812540 279
1812550 279
1812560 279
1812570 279
1812580 279
1812590 279
1812600 279
1812610 279
1812620 279
1812630 279
1812640 279
1812650 279
1812660 279
1812670 279
1812680 278
1812690 278
1812700 278
1812710 278
1812720 277
1812730 277
1812740 277
1812750 277
1812760 276
1812770 276
1812780 276
1812790 276
1812800 275
1812810 275
1812820 274
1812830 273
1812840 273
1812850 272
1812860 272
1812870 272
1812880 271
1812890 271
1812900 271
1812910 271
1812920 271
1812930 271
1812940 271
1812950 271
1812960 271
1812970 271
1812980 270
1812990 270
1813000 270
1813010 270
1813020 270
1813030 270
1813040 270
1813050 270
1813060 270
1813070 270
1813080 270
1813090 270
1813100 271
1813110 271
1813120 271
1813130 271
1813140 271
1813150 271
1813160 271
1813170 271
1813180 271
1813190 271
1813200 272
1813210 272
1813220 272
1813230 272
1813240 272
1813250 272
1813260 272
1813270 272
1813280 273
1813290 273
1813300 273
1813310 273
1813320 273
1813330 274
1813340 274
1813350 274
1813360 274
1813370 274
1813380 274
1813390 275
1813400 275
1813410 275
1813420 275
1813430 275
1813440 275
1813450 275
1813460 275
1813470 275
1813480 275
1813490 275
1813500 275
1813510 275
1813520 275
1813530 275
1813540 276
1813550 276
1813560 275
1813570 275
1813580 275
1813590 275
1813600 275
1813610 275
1813620 275
1813630 275
1813640 275
1813650 274
1813660 274
1813670 274
1813680 274
1813690 275
1813700 275
1813710 276
1813720 276
1813730 276
1813740 277
1813750 277
1813760 277
1813770 278
1813780 278
1813790 278
1813800 279
1813810 279
1813820 280
1813830 280
1813840 281
1813850 281
1813860 282
1813870 282
1813880 282
1813890 282
1813900 282
1813910 282
1813920 281
1813930 281
1813940 280
1813950 279
1813960 278
1813970 278
1813980 277
1813990 277
1814000 277
1814010 277
1814020 277
1814030 277
1814040 277
1814050 278
1814060 279
1814070 280
1814080 281
1814090 281
1814100 282
1814110 283
1814120 284
1814130 284
1814140 285
1814150 286
1814160 287
1814170 288
1814180 289
1814190 290
1814200 291
1814210 291
1814220 292
1814230 292
1814240 293
1814250 294
1814260 295
1814270 296
1814280 297
1814290 298
1814300 299
1814310 300
1814320 301
1814330 302
1814340 303
1814350 304
1814360 305
1814370 306
1814380 307
1814390 308
1814400 309
1814410 310
1814420 311
1814430 312
1814440 313
1814450 313
1814460 313
1814470 314
1814480 314
1814490 314
1814500 314
1814510 314
1814520 315
1814530 315
1814540 315
1814550 315
1814560 316
1814570 316
1814580 316
1814590 316
1814600 317
1814610 317
1814620 317
1814630 317
1814640 317
1814650 317
1814660 317
1814670 317
1814680 317
1814690 316
1814700 316
1814710 316
1814720 315
1814730 315
1814740 315
1814750 314
1814760 314
1814770 313
1814780 313
1814790 312
1814800 311
1814810 311
1814820 310
1814830 310
1814840 309
1814850 309
1814860 308
1814870 307
1814880 307
1814890 306
1814900 306
1814910 305
1814920 304
1814930 304
1814940 303
1814950 303
1814960 302
1814970 302
1814980 301
1814990 300
1815000 300
1815010 300
1815020 299
1815030 299
1815040 298
1815050 297
1815060 297
1815070 296
1815080 295
1815090 295
1815100 294
1815110 293
1815120 293
1815130 292
1815140 292
1815150 292
1815160 291
1815170 291
1815180 290
1815190 289
1815200 289
1815210 288
1815220 287
1815230 287
1815240 286
1815250 286
1815260 285
1815270 285
1815280 284
1815290 284
1815300 283
1815310 283
1815320 282
1815330 282
1815340 281
1815350 280
1815360 280
1815370 279
1815380 278
1815390 277
1815400 276
1815410 276
1815420 275
1815430 274
1815440 274
1815450 273
1815460 273
1815470 272
1815480 271
1815490 271
1815500 270
1815510 270
1815520 269
1815530 269
1815540 269
1815550 269
1815560 269
1815570 268
1815580 268
1815590 267
1815600 267
1815610 267
1815620 267
1815630 267
1815640 266
1815650 266
1815660 266
1815670 266
1815680 266
1815690 266
1815700 266
1815710 266
1815720 266
1815730 266
1815740 265
1815750 265
1815760 265
1815770 265
1815780 265
1815790 265
1815800 265
1815810 265
1815820 265
1815830 265
1815840 265
1815850 265
1815860 265
1815870 265
1815880 265
1815890 265
1815900 265
1815910 265
1815920 265
1815930 265
1815940 265
1815950 265
1815960 265
1815970 265
1815980 265
1815990 265
1816000 265
1816010 265
1816020 265
1816030 265
1816040 265
1816050 265
1816060 265
1816070 265
1816080 265
1816090 265
1816100 265
1816110 265
1816120 265
1816130 264
1816140 264
1816150 263
1816160 264
1816170 265
1816180 265
1816190 264
1816200 264
1816210 265
1816220 265
1816230 265
1816240 265
1816250 265
1816260 265
1816270 264
1816280 264
1816290 264
1816300 264
1816310 264
1816320 264
1816330 264
1816340 264
1816350 264
1816360 264
1816370 264
1816380 264
1816390 264
1816400 264
1816410 264
1816420 264
1816430 264
1816440 264
1816450 264
1816460 264
1816470 263
1816480 263
1816490 263
1816500 263
1816510 263
1816520 263
1816530 263
1816540 263
1816550 263
1816560 263
1816570 263
1816580 263
1816590 263
1816600 263
1816610 263
1816620 263
1816630 263
1816640 263
1816650 263
1816660 263
1816670 263
1816680 263
1816690 263
1816700 263
1816710 263
1816720 263
1816730 263
1816740 263
1816750 263
1816760 263
1816770 263
1816780 263
1816790 263
1816800 263
1816810 263
1816820 263
1816830 263
1816840 263
1816850 263
1816860 263
1816870 263
1816880 263
1816890 263
1816900 263
1816910 263
1816920 263
1816930 263
1816940 263
1816950 263
1816960 263
1816970 263
1816980 263
1816990 263
1817000 263
1817010 263
1817020 263
1817030 263
1817040 263
1817050 263
1817060 263
1817070 263
1817080 263
1817090 263
1817100 263
1817110 263
1817120 263
1817130 263
1817140 263
1817150 263
1817160 263
1817170 263
1817180 263
1817190 263
1817200 263
1817210 263
1817220 263
1817230 263
1817240 263
1817250 263
1817260 263
1817270 263
1817280 263
1817290 263
1817300 263
1817310 263
1817320 263
1817330 263
1817340 264
1817350 264
1817360 264
1817370 264
1817380 264
1817390 263
1817400 262
1817410 263
1817420 264
1817430 264
1817440 264
1817450 264
1817460 264
1817470 264
1817480 264
1817490 264
1817500 263
1817510 263
1817520 263
1817530 263
1817540 263
1817550 263
1817560 263
1817570 263
1817580 263
1817590 263
1817600 263
1817610 263
1817620 263
1817630 263
1817640 263
1817650 263
1817660 263
1817670 263
1817680 263
1817690 263
1817700 263
1817710 263
1817720 263
1817730 263
1817740 263
1817750 263
1817760 263
1817770 263
1817780 263
1817790 264
1817800 264
1817810 264
1817820 264
1817830 264
1817840 264
1817850 264
1817860 264
1817870 264
1817880 264
1817890 264
1817900 264
1817910 264
1817920 265
1817930 265
1817940 265
1817950 265
1817960 265
1817970 265
1817980 266
1817990 266
1818000 266
1818010 266
1818020 267
1818030 267
1818040 267
1818050 267
1818060 267
1818070 267
1818080 267
1818090 267
1818100 267
1818110 267
1818120 267
1818130 267
1818140 267
1818150 267
1818160 267
1818170 267
1818180 267
1818190 268
1818200 268
1818210 268
1818220 268
1818230 269
1818240 269
1818250 269
1818260 269
1818270 269
1818280 269
1818290 269
1818300 269
1818310 269
1818320 269
1818330 269
1818340 269
1818350 269
1818360 269
1818370 269
1818380 270
1818390 270
1818400 270
1818410 270
1818420 270
1818430 270
1818440 271
1818450 271
1818460 271
1818470 272
1818480 272
1818490 272
1818500 273
1818510 273
1818520 273
1818530 274
1818540 274
1818550 275
1818560 275
1818570 275
1818580 276
1818590 276
1818600 277
1818610 277
1818620 278
1818630 278
1818640 278
1818650 278
1818660 278
1818670 278
1818680 278
1818690 278
1818700 278
1818710 278
1818720 278
1818730 278
1818740 278
1818750 278
1818760 278
1818770 278
1818780 278
1818790 278
1818800 279
1818810 279
1818820 279
1818830 279
1818840 279
1818850 279
1818860 279
1818870 279
1818880 279
1818890 279
1818900 279
1818910 279
1818920 279
1818930 280
1818940 280
1818950 280
1818960 280
1818970 280
1818980 280
1818990 281
1819000 281
1819010 281
1819020 281
1819030 282
1819040 282
1819050 282
1819060 282
1819070 282
1819080 283
1819090 283
1819100 283
1819110 282
1819120 282
1819130 283
1819140 284
1819150 285
1819160 285
1819170 286
1819180 286
1819190 286
1819200 286
1819210 286
1819220 287
1819230 287
1819240 288
1819250 288
1819260 288
1819270 289
1819280 289
1819290 289
1819300 290
1819310 290
1819320 290
1819330 290
1819340 290
1819350 290
1819360 290
1819370 290
1819380 290
1819390 290
1819400 289
1819410 289
1819420 288
1819430 288
1819440 287
1819450 287
1819460 286
1819470 286
1819480 286
1819490 285
1819500 285
1819510 285
1819520 286
1819530 287
1819540 288
1819550 289
1819560 290
1819570 290
1819580 291
1819590 291
1819600 292
1819610 292
1819620 293
1819630 294
1819640 294
1819650 294
1819660 295
1819670 295
1819680 295
1819690 295
1819700 296
1819710 296
1819720 296
1819730 296
1819740 296
1819750 296
1819760 296
1819770 296
1819780 296
1819790 296
1819800 296
1819810 296
1819820 296
1819830 297
1819840 297
1819850 297
1819860 297
1819870 297
1819880 297
1819890 298
1819900 298
1819910 298
1819920 298
1819930 298
1819940 298
1819950 299
1819960 299
1819970 299
1819980 299
1819990 299
