1800000 336
1800010 337
1800020 337
1800030 337
1800040 338
1800050 338
1800060 337
1800070 337
1800080 337
1800090 336
1800100 336
1800110 336
1800120 335
1800130 334
1800140 334
1800150 333
1800160 332
1800170 331
1800180 330
1800190 329
1800200 328
1800210 327
1800220 326
1800230 326
1800240 325
1800250 324
1800260 323
1800270 322
1800280 321
1800290 321
1800300 320
1800310 318
1800320 317
1800330 316
1800340 315
1800350 314
1800360 313
1800370 312
1800380 311
1800390 310
1800400 309
1800410 308
1800420 307
1800430 306
1800440 304
1800450 303
1800460 302
1800470 301
1800480 300
1800490 299
1800500 298
1800510 297
1800520 296
1800530 295
1800540 294
1800550 292
1800560 291
1800570 290
1800580 289
1800590 288
1800600 286
1800610 285
1800620 284
1800630 284
1800640 284
1800650 285
1800660 284
1800670 284
1800680 283
1800690 284
1800700 286
1800710 289
1800720 290
1800730 291
1800740 292
1800750 294
1800760 295
1800770 297
1800780 299
1800790 300
1800800 302
1800810 303
1800820 304
1800830 306
1800840 307
1800850 308
1800860 309
1800870 310
1800880 311
1800890 311
1800900 311
1800910 311
1800920 312
1800930 312
1800940 311
1800950 311
1800960 311
1800970 311
1800980 311
1800990 310
1801000 310
1801010 309
1801020 309
1801030 308
1801040 307
1801050 306
1801060 305
1801070 304
1801080 303
1801090 302
1801100 301
1801110 301
1801120 300
1801130 299
1801140 298
1801150 297
1801160 297
1801170 296
1801180 295
1801190 293
1801200 291
1801210 291
1801220 292
1801230 293
1801240 293
1801250 293
1801260 293
1801270 293
1801280 293
1801290 293
1801300 294
1801310 294
1801320 295
1801330 295
1801340 295
1801350 295
1801360 295
1801370 296
1801380 296
1801390 296
1801400 296
1801410 295
1801420 295
1801430 295
1801440 295
1801450 295
1801460 295
1801470 295
1801480 295
1801490 295
1801500 294
1801510 294
1801520 293
1801530 292
1801540 292
1801550 291
1801560 290
1801570 289
1801580 289
1801590 288
1801600 288
1801610 287
1801620 286
1801630 286
1801640 285
1801650 284
1801660 283
1801670 282
1801680 281
1801690 280
1801700 279
1801710 279
1801720 278
1801730 277
1801740 276
1801750 276
1801760 276
1801770 275
1801780 275
1801790 275
1801800 275
1801810 275
1801820 275
1801830 275
1801840 274
1801850 274
1801860 274
1801870 274
1801880 274
1801890 273
1801900 273
1801910 273
1801920 273
1801930 273
1801940 272
1801950 272
1801960 272
1801970 272
1801980 272
1801990 272
1802000 272
1802010 271
1802020 271
1802030 271
1802040 271
1802050 271
1802060 271
1802070 270
1802080 270
1802090 270
1802100 270
1802110 270
1802120 270
1802130 270
1802140 270
1802150 270
1802160 270
1802170 270
1802180 269
1802190 270
1802200 270
1802210 270
1802220 270
1802230 270
1802240 270
1802250 270
1802260 270
1802270 270
1802280 270
1802290 270
1802300 270
1802310 270
1802320 270
1802330 270
1802340 270
1802350 270
1802360 270
1802370 271
1802380 271
1802390 272
1802400 273
1802410 273
1802420 274
1802430 275
1802440 275
1802450 276
1802460 277
1802470 278
1802480 278
1802490 279
1802500 278
1802510 278
1802520 277
1802530 277
1802540 277
1802550 277
1802560 278
1802570 278
1802580 279
1802590 280
1802600 281
1802610 282
1802620 283
1802630 284
1802640 285
1802650 286
1802660 287
1802670 288
1802680 289
1802690 290
1802700 291
1802710 291
1802720 291
1802730 291
1802740 290
1802750 290
1802760 289
1802770 289
1802780 288
1802790 287
1802800 286
1802810 285
1802820 283
1802830 281
1802840 279
1802850 278
1802860 277
1802870 276
1802880 275
1802890 274
1802900 272
1802910 271
1802920 270
1802930 269
1802940 269
1802950 268
1802960 268
1802970 268
1802980 268
1802990 268
1803000 268
1803010 268
1803020 268
1803030 268
1803040 268
1803050 268
1803060 269
1803070 269
1803080 269
1803090 269
1803100 270
1803110 270
1803120 270
1803130 271
1803140 272
1803150 272
1803160 272
1803170 272
1803180 272
1803190 273
1803200 273
1803210 274
1803220 274
1803230 274
1803240 274
1803250 275
1803260 275
1803270 276
1803280 276
1803290 277
1803300 278
1803310 279
1803320 280
1803330 281
1803340 281
1803350 282
1803360 282
1803370 283
1803380 283
1803390 283
1803400 284
1803410 284
1803420 285
1803430 286
1803440 286
1803450 286
1803460 287
1803470 287
1803480 288
1803490 289
1803500 290
1803510 292
1803520 293
1803530 295
1803540 296
1803550 298
1803560 298
1803570 298
1803580 298
1803590 299
1803600 299
1803610 299
1803620 299
1803630 299
1803640 298
1803650 298
1803660 298
1803670 298
1803680 299
1803690 300
1803700 301
1803710 301
1803720 300
1803730 300
1803740 301
1803750 303
1803760 306
1803770 308
1803780 310
1803790 311
1803800 312
1803810 313
1803820 314
1803830 315
1803840 316
1803850 317
1803860 319
1803870 319
1803880 320
1803890 321
1803900 322
1803910 323
1803920 324
1803930 325
1803940 326
1803950 328
1803960 329
1803970 330
1803980 332
1803990 333
1804000 335
1804010 337
1804020 338
1804030 340
1804040 341
1804050 343
1804060 345
1804070 347
1804080 349
1804090 351
1804100 352
1804110 353
1804120 354
1804130 354
1804140 354
1804150 354
1804160 354
1804170 354
1804180 353
1804190 353
1804200 352
1804210 352
1804220 351
1804230 351
1804240 350
1804250 349
1804260 348
1804270 347
1804280 346
1804290 345
1804300 344
1804310 343
1804320 342
1804330 341
1804340 340
1804350 338
1804360 337
1804370 335
1804380 334
1804390 332
1804400 331
1804410 330
1804420 329
1804430 328
1804440 327
1804450 326
1804460 324
1804470 323
1804480 322
1804490 321
1804500 321
1804510 320
1804520 319
1804530 319
1804540 318
1804550 318
1804560 317
1804570 317
1804580 316
1804590 316
1804600 315
1804610 315
1804620 315
1804630 314
1804640 313
1804650 313
1804660 312
1804670 312
1804680 311
1804690 311
1804700 310
1804710 310
1804720 310
1804730 310
1804740 311
1804750 311
1804760 312
1804770 312
1804780 313
1804790 313
1804800 314
1804810 314
1804820 315
1804830 315
1804840 316
1804850 317
1804860 318
1804870 319
1804880 319
1804890 320
1804900 321
1804910 322
1804920 323
1804930 323
1804940 324
1804950 325
1804960 326
1804970 327
1804980 328
1804990 328
1805000 328
1805010 328
1805020 328
1805030 328
1805040 328
1805050 327
1805060 327
1805070 326
1805080 325
1805090 324
1805100 322
1805110 321
1805120 319
1805130 318
1805140 317
1805150 315
1805160 313
1805170 310
1805180 309
1805190 307
1805200 306
1805210 305
1805220 304
1805230 303
1805240 302
1805250 301
1805260 299
1805270 298
1805280 297
1805290 296
1805300 295
1805310 294
1805320 293
1805330 292
1805340 292
1805350 291
1805360 291
1805370 291
1805380 291
1805390 291
1805400 291
1805410 291
1805420 291
1805430 291
1805440 291
1805450 291
1805460 291
1805470 291
1805480 292
1805490 293
1805500 294
1805510 294
1805520 294
1805530 294
1805540 294
1805550 294
1805560 293
1805570 293
1805580 293
1805590 293
1805600 294
1805610 294
1805620 294
1805630 295
1805640 297
1805650 298
1805660 299
1805670 301
1805680 302
1805690 304
1805700 305
1805710 306
1805720 308
1805730 309
1805740 310
1805750 312
1805760 313
1805770 315
1805780 316
1805790 318
1805800 319
1805810 321
1805820 322
1805830 322
1805840 323
1805850 324
1805860 325
1805870 327
1805880 328
1805890 330
1805900 331
1805910 333
1805920 335
1805930 336
1805940 338
1805950 339
1805960 340
1805970 340
1805980 341
1805990 341
1806000 342
1806010 342
1806020 342
1806030 342
1806040 342
1806050 341
1806060 341
1806070 341
1806080 341
1806090 341
1806100 341
1806110 340
1806120 341
1806130 341
1806140 340
1806150 340
1806160 340
1806170 340
1806180 341
1806190 341
1806200 341
1806210 341
1806220 341
1806230 342
1806240 342
1806250 342
1806260 343
1806270 343
1806280 343
1806290 343
1806300 343
1806310 343
1806320 344
1806330 344
1806340 345
1806350 345
1806360 346
1806370 347
1806380 348
1806390 348
1806400 349
1806410 349
1806420 350
1806430 350
1806440 351
1806450 352
1806460 352
1806470 353
1806480 354
1806490 355
1806500 356
1806510 357
1806520 357
1806530 358
1806540 359
1806550 360
1806560 361
1806570 362
1806580 364
1806590 365
1806600 366
1806610 367
1806620 368
1806630 369
1806640 369
1806650 369
1806660 368
1806670 367
1806680 366
1806690 366
1806700 365
1806710 363
1806720 361
1806730 360
1806740 358
1806750 357
1806760 356
1806770 354
1806780 353
1806790 352
1806800 351
1806810 350
1806820 349
1806830 348
1806840 347
1806850 346
1806860 345
1806870 343
1806880 342
1806890 341
1806900 340
1806910 339
1806920 338
1806930 338
1806940 337
1806950 336
1806960 336
1806970 335
1806980 334
1806990 334
1807000 333
1807010 332
1807020 331
1807030 331
1807040 330
1807050 329
1807060 328
1807070 328
1807080 327
1807090 326
1807100 325
1807110 324
1807120 324
1807130 323
1807140 322
1807150 322
1807160 321
1807170 320
1807180 319
1807190 318
1807200 317
1807210 316
1807220 315
1807230 314
1807240 313
1807250 312
1807260 311
1807270 310
1807280 309
1807290 308
1807300 307
1807310 307
1807320 306
1807330 306
1807340 306
1807350 306
1807360 305
1807370 305
1807380 305
1807390 305
1807400 304
1807410 305
1807420 306
1807430 307
1807440 307
1807450 307
1807460 307
1807470 307
1807480 307
1807490 307
1807500 307
1807510 308
1807520 309
1807530 310
1807540 311
1807550 312
1807560 313
1807570 314
1807580 315
1807590 317
1807600 318
1807610 320
1807620 322
1807630 325
1807640 327
1807650 328
1807660 330
1807670 331
1807680 332
1807690 333
1807700 334
1807710 335
1807720 336
1807730 337
1807740 338
1807750 340
1807760 341
1807770 343
1807780 344
1807790 345
1807800 346
1807810 347
1807820 348
1807830 349
1807840 351
1807850 352
1807860 353
1807870 355
1807880 356
1807890 358
1807900 359
1807910 360
1807920 361
1807930 362
1807940 364
1807950 365
1807960 366
1807970 368
1807980 369
1807990 370
1808000 371
1808010 373
1808020 374
1808030 375
1808040 376
1808050 377
1808060 378
1808070 379
1808080 380
1808090 381
1808100 382
1808110 382
1808120 383
1808130 383
1808140 384
1808150 384
1808160 383
1808170 383
1808180 383
1808190 382
1808200 382
1808210 381
1808220 380
1808230 379
1808240 378
1808250 377
1808260 376
1808270 375
1808280 374
1808290 373
1808300 372
1808310 372
1808320 371
1808330 370
1808340 369
1808350 369
1808360 368
1808370 367
1808380 366
1808390 366
1808400 365
1808410 364
1808420 364
1808430 363
1808440 362
1808450 362
1808460 361
1808470 361
1808480 360
1808490 360
1808500 359
1808510 359
1808520 359
1808530 358
1808540 358
1808550 358
1808560 357
1808570 357
1808580 356
1808590 356
1808600 356
1808610 356
1808620 356
1808630 356
1808640 355
1808650 355
1808660 355
1808670 355
1808680 355
1808690 355
1808700 356
1808710 356
1808720 357
1808730 357
1808740 356
1808750 354
1808760 354
1808770 357
1808780 359
1808790 360
1808800 361
1808810 362
1808820 363
1808830 364
1808840 364
1808850 364
1808860 364
1808870 364
1808880 364
1808890 364
1808900 363
1808910 363
1808920 362
1808930 361
1808940 361
1808950 360
1808960 360
1808970 359
1808980 358
1808990 358
1809000 357
1809010 356
1809020 356
1809030 355
1809040 354
1809050 353
1809060 352
1809070 351
1809080 350
1809090 349
1809100 348
1809110 347
1809120 346
1809130 345
1809140 344
1809150 343
1809160 342
1809170 341
1809180 339
1809190 338
1809200 336
1809210 336
1809220 335
1809230 335
1809240 334
1809250 333
1809260 331
1809270 330
1809280 328
1809290 327
1809300 327
1809310 327
1809320 327
1809330 326
1809340 325
1809350 324
1809360 322
1809370 322
1809380 321
1809390 320
1809400 319
1809410 317
1809420 316
1809430 317
1809440 318
1809450 318
1809460 317
1809470 317
1809480 316
1809490 315
1809500 314
1809510 314
1809520 313
1809530 312
1809540 312
1809550 312
1809560 310
1809570 309
1809580 308
1809590 307
1809600 307
1809610 308
1809620 309
1809630 310
1809640 311
1809650 313
1809660 314
1809670 315
1809680 317
1809690 319
1809700 321
1809710 323
1809720 324
1809730 325
1809740 326
1809750 328
1809760 329
1809770 330
1809780 331
1809790 333
1809800 334
1809810 335
1809820 336
1809830 338
1809840 339
1809850 340
1809860 340
1809870 340
1809880 339
1809890 337
1809900 336
1809910 334
1809920 333
1809930 333
1809940 332
1809950 331
1809960 330
1809970 329
1809980 327
1809990 326
1810000 325
1810010 324
1810020 323
1810030 323
1810040 322
1810050 321
1810060 320
1810070 319
1810080 319
1810090 318
1810100 318
1810110 317
1810120 316
1810130 315
1810140 314
1810150 313
1810160 314
1810170 314
1810180 316
1810190 317
1810200 318
1810210 318
1810220 318
1810230 319
1810240 319
1810250 319
1810260 320
1810270 321
1810280 322
1810290 323
1810300 324
1810310 325
1810320 326
1810330 327
1810340 328
1810350 329
1810360 330
1810370 331
1810380 331
1810390 333
1810400 334
1810410 335
1810420 336
1810430 337
1810440 339
1810450 340
1810460 341
1810470 342
1810480 342
1810490 342
1810500 342
1810510 342
1810520 342
1810530 341
1810540 341
1810550 340
1810560 339
1810570 338
1810580 336
1810590 335
1810600 335
1810610 334
1810620 333
1810630 332
1810640 331
1810650 330
1810660 329
1810670 328
1810680 326
1810690 325
1810700 324
1810710 323
1810720 322
1810730 321
1810740 321
1810750 320
1810760 320
1810770 319
1810780 318
1810790 318
1810800 317
1810810 316
1810820 315
1810830 314
1810840 313
1810850 312
1810860 311
1810870 310
1810880 310
1810890 309
1810900 309
1810910 308
1810920 307
1810930 307
1810940 307
1810950 306
1810960 306
1810970 305
1810980 305
1810990 305
1811000 304
1811010 303
1811020 302
1811030 302
1811040 301
1811050 301
1811060 301
1811070 301
1811080 302
1811090 303
1811100 303
1811110 304
1811120 306
1811130 308
1811140 310
1811150 311
1811160 311
1811170 312
1811180 312
1811190 312
1811200 312
1811210 312
1811220 312
1811230 312
1811240 312
1811250 313
1811260 313
1811270 314
1811280 315
1811290 316
1811300 316
1811310 316
1811320 316
1811330 316
1811340 317
1811350 318
1811360 320
1811370 321
1811380 323
1811390 324
1811400 324
1811410 325
1811420 326
1811430 327
1811440 328
1811450 329
1811460 330
1811470 330
1811480 331
1811490 332
1811500 333
1811510 334
1811520 335
1811530 337
1811540 338
1811550 339
1811560 340
1811570 341
1811580 342
1811590 343
1811600 344
1811610 345
1811620 346
1811630 346
1811640 347
1811650 348
1811660 349
1811670 349
1811680 349
1811690 350
1811700 349
1811710 349
1811720 348
1811730 347
1811740 346
1811750 345
1811760 344
1811770 343
1811780 342
1811790 341
1811800 341
1811810 341
1811820 340
1811830 340
1811840 339
1811850 339
1811860 338
1811870 338
1811880 338
1811890 338
1811900 337
1811910 336
1811920 335
1811930 334
1811940 333
1811950 332
1811960 332
1811970 331
1811980 330
1811990 330
1812000 329
1812010 328
1812020 328
1812030 327
1812040 327
1812050 327
1812060 326
1812070 325
1812080 325
1812090 324
1812100 323
1812110 322
1812120 321
1812130 321
1812140 320
1812150 320
1812160 319
1812170 319
1812180 319
1812190 318
1812200 318
1812210 317
1812220 317
1812230 316
1812240 316
1812250 315
1812260 315
1812270 315
1812280 315
1812290 315
1812300 315
1812310 315
1812320 315
1812330 315
1812340 314
1812350 314
1812360 312
1812370 312
1812380 311
1812390 311
1812400 311
1812410 311
1812420 310
1812430 310
1812440 309
1812450 309
1812460 308
1812470 307
1812480 307
1812490 306
1812500 305
1812510 304
1812520 304
1812530 303
1812540 302
1812550 302
1812560 301
1812570 301
1812580 300
1812590 300
1812600 300
1812610 299
1812620 299
1812630 298
1812640 298
1812650 297
1812660 297
1812670 296
1812680 296
1812690 295
1812700 294
1812710 293
1812720 293
1812730 293
1812740 293
1812750 292
1812760 292
1812770 292
1812780 292
1812790 291
1812800 290
1812810 290
1812820 289
1812830 289
1812840 288
1812850 288
1812860 287
1812870 287
1812880 286
1812890 286
1812900 286
1812910 285
1812920 285
1812930 284
1812940 284
1812950 283
1812960 283
1812970 282
1812980 282
1812990 281
1813000 281
1813010 280
1813020 279
1813030 279
1813040 278
1813050 278
1813060 278
1813070 278
1813080 277
1813090 277
1813100 276
1813110 276
1813120 275
1813130 275
1813140 274
1813150 274
1813160 274
1813170 274
1813180 274
1813190 273
1813200 273
1813210 273
1813220 273
1813230 273
1813240 273
1813250 272
1813260 272
1813270 272
1813280 272
1813290 272
1813300 272
1813310 272
1813320 272
1813330 272
1813340 272
1813350 271
1813360 271
1813370 271
1813380 271
1813390 271
1813400 271
1813410 271
1813420 271
1813430 270
1813440 270
1813450 270
1813460 270
1813470 270
1813480 270
1813490 270
1813500 270
1813510 270
1813520 270
1813530 270
1813540 270
1813550 270
1813560 270
1813570 270
1813580 270
1813590 270
1813600 270
1813610 270
1813620 270
1813630 270
1813640 270
1813650 269
1813660 269
1813670 269
1813680 269
1813690 269
1813700 269
1813710 269
1813720 269
1813730 269
1813740 269
1813750 269
1813760 269
1813770 269
1813780 269
1813790 269
1813800 269
1813810 269
1813820 268
1813830 268
1813840 268
1813850 267
1813860 267
1813870 267
1813880 268
1813890 268
1813900 268
1813910 268
1813920 268
1813930 268
1813940 268
1813950 268
1813960 268
1813970 268
1813980 268
1813990 268
1814000 268
1814010 268
1814020 268
1814030 268
1814040 268
1814050 268
1814060 268
1814070 268
1814080 268
1814090 268
1814100 268
1814110 268
1814120 268
1814130 268
1814140 268
1814150 268
1814160 268
1814170 268
1814180 268
1814190 268
1814200 269
1814210 269
1814220 269
1814230 269
1814240 269
1814250 269
1814260 269
1814270 269
1814280 269
1814290 269
1814300 269
1814310 269
1814320 270
1814330 270
1814340 270
1814350 270
1814360 270
1814370 270
1814380 270
1814390 271
1814400 271
1814410 271
1814420 271
1814430 272
1814440 272
1814450 273
1814460 273
1814470 274
1814480 274
1814490 275
1814500 276
1814510 276
1814520 277
1814530 278
1814540 278
1814550 278
1814560 279
1814570 279
1814580 279
1814590 280
1814600 280
1814610 280
1814620 281
1814630 281
1814640 282
1814650 283
1814660 283
1814670 284
1814680 284
1814690 284
1814700 285
1814710 285
1814720 285
1814730 286
1814740 286
1814750 287
1814760 287
1814770 288
1814780 288
1814790 288
1814800 289
1814810 289
1814820 290
1814830 290
1814840 291
1814850 292
1814860 292
1814870 292
1814880 292
1814890 291
1814900 291
1814910 291
1814920 292
1814930 292
1814940 292
1814950 292
1814960 292
1814970 292
1814980 292
1814990 292
1815000 293
1815010 296
1815020 300
1815030 302
1815040 303
1815050 304
1815060 305
1815070 306
1815080 307
1815090 307
1815100 308
1815110 309
1815120 310
1815130 310
1815140 311
1815150 312
1815160 312
1815170 313
1815180 313
1815190 313
1815200 314
1815210 314
1815220 314
1815230 313
1815240 313
1815250 312
1815260 312
1815270 311
1815280 310
1815290 309
1815300 308
1815310 308
1815320 307
1815330 306
1815340 306
1815350 305
1815360 304
1815370 303
1815380 303
1815390 302
1815400 301
1815410 300
1815420 300
1815430 298
1815440 297
1815450 296
1815460 295
1815470 293
1815480 292
1815490 291
1815500 290
1815510 289
1815520 289
1815530 288
1815540 287
1815550 287
1815560 286
1815570 286
1815580 285
1815590 285
1815600 284
1815610 284
1815620 283
1815630 283
1815640 283
1815650 282
1815660 282
1815670 281
1815680 280
1815690 280
1815700 279
1815710 278
1815720 278
1815730 277
1815740 276
1815750 275
1815760 274
1815770 274
1815780 273
1815790 272
1815800 272
1815810 272
1815820 271
1815830 271
1815840 270
1815850 269
1815860 269
1815870 268
1815880 268
1815890 267
1815900 267
1815910 266
1815920 266
1815930 266
1815940 265
1815950 265
1815960 265
1815970 265
1815980 265
1815990 265
1816000 264
1816010 264
1816020 264
1816030 264
1816040 264
1816050 264
1816060 264
1816070 264
1816080 264
1816090 264
1816100 264
1816110 264
1816120 263
1816130 263
1816140 263
1816150 263
1816160 263
1816170 263
1816180 263
1816190 263
1816200 263
1816210 263
1816220 263
1816230 263
1816240 263
1816250 263
1816260 263
1816270 263
1816280 263
1816290 263
1816300 263
1816310 263
1816320 263
1816330 263
1816340 263
1816350 263
1816360 263
1816370 263
1816380 263
1816390 263
1816400 263
1816410 263
1816420 263
1816430 263
1816440 263
1816450 263
1816460 263
1816470 263
1816480 263
1816490 263
1816500 263
1816510 263
1816520 263
1816530 263
1816540 263
1816550 263
1816560 263
1816570 263
1816580 263
1816590 263
1816600 263
1816610 263
1816620 264
1816630 264
1816640 264
1816650 263
1816660 262
1816670 262
1816680 263
1816690 263
1816700 263
1816710 263
1816720 263
1816730 263
1816740 263
1816750 263
1816760 263
1816770 263
1816780 263
1816790 263
1816800 263
1816810 263
1816820 263
1816830 263
1816840 263
1816850 263
1816860 263
1816870 263
1816880 262
1816890 262
1816900 262
1816910 262
1816920 262
1816930 262
1816940 262
1816950 262
1816960 262
1816970 262
1816980 262
1816990 262
1817000 262
1817010 262
1817020 262
1817030 262
1817040 262
1817050 262
1817060 262
1817070 262
1817080 262
1817090 262
1817100 262
1817110 262
1817120 262
1817130 262
1817140 262
1817150 262
1817160 262
1817170 262
1817180 262
1817190 262
1817200 262
1817210 262
1817220 262
1817230 262
1817240 262
1817250 262
1817260 262
1817270 263
1817280 263
1817290 263
1817300 263
1817310 263
1817320 263
1817330 263
1817340 263
1817350 263
1817360 263
1817370 263
1817380 263
1817390 263
1817400 263
1817410 263
1817420 262
1817430 262
1817440 263
1817450 263
1817460 263
1817470 263
1817480 263
1817490 263
1817500 263
1817510 263
1817520 263
1817530 263
1817540 263
1817550 263
1817560 262
1817570 262
1817580 262
1817590 262
1817600 262
1817610 262
1817620 262
1817630 262
1817640 262
1817650 262
1817660 262
1817670 262
1817680 262
1817690 262
1817700 262
1817710 262
1817720 262
1817730 262
1817740 262
1817750 262
1817760 262
1817770 262
1817780 262
1817790 262
1817800 262
1817810 262
1817820 262
1817830 262
1817840 262
1817850 262
1817860 262
1817870 262
1817880 262
1817890 262
1817900 262
1817910 262
1817920 262
1817930 262
1817940 262
1817950 262
1817960 262
1817970 262
1817980 262
1817990 262
1818000 262
1818010 262
1818020 262
1818030 262
1818040 262
1818050 262
1818060 262
1818070 262
1818080 262
1818090 262
1818100 262
1818110 262
1818120 262
1818130 262
1818140 263
1818150 263
1818160 263
1818170 263
1818180 263
1818190 263
1818200 263
1818210 263
1818220 263
1818230 263
1818240 263
1818250 263
1818260 263
1818270 263
1818280 264
1818290 264
1818300 264
1818310 264
1818320 264
1818330 264
1818340 264
1818350 264
1818360 264
1818370 264
1818380 264
1818390 264
1818400 265
1818410 266
1818420 266
1818430 265
1818440 265
1818450 265
1818460 265
1818470 265
1818480 265
1818490 265
1818500 265
1818510 265
1818520 265
1818530 265
1818540 265
1818550 266
1818560 266
1818570 266
1818580 266
1818590 266
1818600 266
1818610 266
1818620 267
1818630 267
1818640 267
1818650 267
1818660 267
1818670 268
1818680 268
1818690 268
1818700 268
1818710 269
1818720 269
1818730 269
1818740 269
1818750 270
1818760 270
1818770 270
1818780 270
1818790 270
1818800 270
1818810 270
1818820 270
1818830 270
1818840 270
1818850 271
1818860 271
1818870 271
1818880 271
1818890 271
1818900 271
1818910 271
1818920 272
1818930 272
1818940 272
1818950 272
1818960 273
1818970 273
1818980 273
1818990 273
1819000 273
1819010 273
1819020 273
1819030 273
1819040 273
1819050 273
1819060 274
1819070 274
1819080 274
1819090 274
1819100 274
1819110 274
1819120 275
1819130 275
1819140 275
1819150 275
1819160 276
1819170 276
1819180 276
1819190 277
1819200 277
1819210 277
1819220 278
1819230 278
1819240 278
1819250 278
1819260 279
1819270 279
1819280 279
1819290 279
1819300 279
1819310 279
1819320 279
1819330 279
1819340 279
1819350 278
1819360 278
1819370 278
1819380 277
1819390 277
1819400 277
1819410 278
1819420 278
1819430 278
1819440 279
1819450 279
1819460 279
1819470 280
1819480 280
1819490 280
1819500 280
1819510 280
1819520 281
1819530 281
1819540 281
1819550 281
1819560 281
1819570 281
1819580 281
1819590 281
1819600 282
1819610 282
1819620 282
1819630 282
1819640 282
1819650 283
1819660 283
1819670 283
1819680 284
1819690 284
1819700 284
1819710 284
1819720 284
1819730 285
1819740 285
1819750 285
1819760 285
1819770 285
1819780 286
1819790 286
1819800 286
1819810 286
1819820 286
1819830 287
1819840 287
1819850 287
1819860 287
1819870 287
1819880 288
1819890 288
1819900 288
1819910 288
1819920 289
1819930 289
1819940 289
1819950 289
1819960 290
1819970 290
1819980 290
1819990 290
