1800000 333
1800010 333
1800020 333
1800030 333
1800040 332
1800050 332
1800060 332
1800070 332
1800080 332
1800090 332
1800100 332
1800110 331
1800120 331
1800130 330
1800140 330
1800150 329
1800160 329
1800170 328
1800180 327
1800190 326
1800200 325
1800210 325
1800220 324
1800230 323
1800240 322
1800250 321
1800260 320
1800270 319
1800280 318
1800290 316
1800300 315
1800310 314
1800320 313
1800330 311
1800340 309
1800350 307
1800360 305
1800370 304
1800380 303
1800390 303
1800400 301
1800410 300
1800420 297
1800430 296
1800440 295
1800450 294
1800460 292
1800470 291
1800480 291
1800490 290
1800500 289
1800510 288
1800520 287
1800530 286
1800540 285
1800550 284
1800560 283
1800570 283
1800580 282
1800590 281
1800600 280
1800610 279
1800620 278
1800630 278
1800640 277
1800650 277
1800660 276
1800670 276
1800680 276
1800690 276
1800700 276
1800710 276
1800720 276
1800730 277
1800740 277
1800750 277
1800760 278
1800770 278
1800780 279
1800790 279
1800800 280
1800810 281
1800820 281
1800830 282
1800840 283
1800850 283
1800860 284
1800870 284
1800880 284
1800890 284
1800900 284
1800910 284
1800920 283
1800930 283
1800940 282
1800950 282
1800960 282
1800970 281
1800980 281
1800990 281
1801000 281
1801010 281
1801020 281
1801030 282
1801040 282
1801050 283
1801060 283
1801070 283
1801080 282
1801090 283
1801100 284
1801110 285
1801120 286
1801130 286
1801140 286
1801150 286
1801160 287
1801170 287
1801180 288
1801190 290
1801200 295
1801210 298
1801220 299
1801230 300
1801240 301
1801250 302
1801260 303
1801270 304
1801280 305
1801290 306
1801300 307
1801310 307
1801320 308
1801330 309
1801340 309
1801350 310
1801360 311
1801370 311
1801380 312
1801390 313
1801400 313
1801410 314
1801420 314
1801430 314
1801440 314
1801450 315
1801460 315
1801470 315
1801480 315
1801490 315
1801500 315
1801510 315
1801520 316
1801530 316
1801540 317
1801550 317
1801560 317
1801570 318
1801580 318
1801590 318
1801600 319
1801610 319
1801620 320
1801630 320
1801640 320
1801650 321
1801660 321
1801670 321
1801680 321
1801690 320
1801700 320
1801710 319
1801720 319
1801730 318
1801740 317
1801750 316
1801760 315
1801770 315
1801780 314
1801790 313
1801800 312
1801810 311
1801820 309
1801830 308
1801840 306
1801850 304
1801860 303
1801870 301
1801880 299
1801890 298
1801900 296
1801910 294
1801920 292
1801930 293
1801940 293
1801950 294
1801960 294
1801970 294
1801980 295
1801990 295
1802000 296
1802010 298
1802020 299
1802030 301
1802040 304
1802050 306
1802060 307
1802070 309
1802080 311
1802090 312
1802100 314
1802110 316
1802120 318
1802130 319
1802140 320
1802150 321
1802160 322
1802170 323
1802180 323
1802190 322
1802200 322
1802210 321
1802220 320
1802230 319
1802240 318
1802250 317
1802260 316
1802270 314
1802280 313
1802290 312
1802300 310
1802310 309
1802320 308
1802330 306
1802340 305
1802350 303
1802360 302
1802370 301
1802380 299
1802390 298
1802400 296
1802410 295
1802420 294
1802430 293
1802440 291
1802450 291
1802460 290
1802470 289
1802480 289
1802490 288
1802500 287
1802510 286
1802520 285
1802530 285
1802540 284
1802550 283
1802560 282
1802570 281
1802580 279
1802590 278
1802600 277
1802610 275
1802620 274
1802630 273
1802640 272
1802650 272
1802660 272
1802670 272
1802680 272
1802690 272
1802700 272
1802710 272
1802720 272
1802730 272
1802740 272
1802750 272
1802760 272
1802770 272
1802780 272
1802790 272
1802800 272
1802810 272
1802820 273
1802830 273
1802840 274
1802850 275
1802860 276
1802870 276
1802880 277
1802890 278
1802900 279
1802910 280
1802920 281
1802930 282
1802940 283
1802950 284
1802960 286
1802970 287
1802980 288
1802990 289
1803000 290
1803010 292
1803020 293
1803030 295
1803040 297
1803050 298
1803060 299
1803070 300
1803080 301
1803090 302
1803100 303
1803110 303
1803120 304
1803130 304
1803140 305
1803150 305
1803160 305
1803170 306
1803180 306
1803190 305
1803200 305
1803210 305
1803220 305
1803230 304
1803240 304
1803250 303
1803260 303
1803270 302
1803280 301
1803290 300
1803300 299
1803310 299
1803320 298
1803330 297
1803340 296
1803350 296
1803360 295
1803370 294
1803380 293
1803390 292
1803400 291
1803410 289
1803420 288
1803430 287
1803440 286
1803450 285
1803460 284
1803470 284
1803480 284
1803490 283
1803500 283
1803510 283
1803520 283
1803530 283
1803540 283
1803550 283
1803560 283
1803570 283
1803580 283
1803590 283
1803600 283
1803610 283
1803620 283
1803630 283
1803640 283
1803650 283
1803660 283
1803670 283
1803680 284
1803690 284
1803700 285
1803710 286
1803720 287
1803730 288
1803740 290
1803750 291
1803760 293
1803770 294
1803780 296
1803790 297
1803800 299
1803810 300
1803820 302
1803830 303
1803840 305
1803850 306
1803860 307
1803870 309
1803880 310
1803890 311
1803900 313
1803910 315
1803920 317
1803930 319
1803940 320
1803950 321
1803960 323
1803970 323
1803980 324
1803990 325
1804000 325
1804010 325
1804020 325
1804030 325
1804040 325
1804050 324
1804060 324
1804070 324
1804080 324
1804090 324
1804100 324
1804110 324
1804120 324
1804130 324
1804140 325
1804150 325
1804160 325
1804170 326
1804180 326
1804190 327
1804200 328
1804210 328
1804220 329
1804230 330
1804240 331
1804250 332
1804260 333
1804270 335
1804280 336
1804290 337
1804300 339
1804310 340
1804320 341
1804330 343
1804340 344
1804350 345
1804360 346
1804370 348
1804380 349
1804390 350
1804400 351
1804410 352
1804420 353
1804430 354
1804440 355
1804450 356
1804460 356
1804470 357
1804480 357
1804490 358
1804500 358
1804510 358
1804520 358
1804530 359
1804540 359
1804550 359
1804560 359
1804570 360
1804580 360
1804590 359
1804600 359
1804610 359
1804620 359
1804630 358
1804640 358
1804650 357
1804660 357
1804670 356
1804680 356
1804690 355
1804700 355
1804710 354
1804720 353
1804730 353
1804740 352
1804750 351
1804760 350
1804770 349
1804780 348
1804790 347
1804800 346
1804810 345
1804820 344
1804830 342
1804840 341
1804850 340
1804860 338
1804870 337
1804880 335
1804890 334
1804900 332
1804910 330
1804920 329
1804930 327
1804940 326
1804950 324
1804960 323
1804970 321
1804980 320
1804990 319
1805000 317
1805010 316
1805020 315
1805030 313
1805040 312
1805050 311
1805060 310
1805070 309
1805080 309
1805090 308
1805100 306
1805110 306
1805120 305
1805130 304
1805140 303
1805150 302
1805160 301
1805170 300
1805180 300
1805190 300
1805200 300
1805210 300
1805220 300
1805230 299
1805240 298
1805250 298
1805260 299
1805270 299
1805280 299
1805290 299
1805300 299
1805310 299
1805320 299
1805330 299
1805340 299
1805350 299
1805360 300
1805370 300
1805380 301
1805390 302
1805400 303
1805410 305
1805420 306
1805430 307
1805440 308
1805450 310
1805460 311
1805470 313
1805480 314
1805490 316
1805500 318
1805510 319
1805520 320
1805530 321
1805540 322
1805550 323
1805560 324
1805570 325
1805580 325
1805590 326
1805600 326
1805610 327
1805620 327
1805630 328
1805640 328
1805650 329
1805660 330
1805670 331
1805680 331
1805690 332
1805700 333
1805710 334
1805720 335
1805730 335
1805740 336
1805750 337
1805760 338
1805770 338
1805780 339
1805790 340
1805800 341
1805810 342
1805820 343
1805830 344
1805840 345
1805850 345
1805860 345
1805870 345
1805880 345
1805890 346
1805900 346
1805910 346
1805920 347
1805930 347
1805940 348
1805950 349
1805960 350
1805970 351
1805980 352
1805990 353
1806000 354
1806010 354
1806020 355
1806030 355
1806040 356
1806050 356
1806060 357
1806070 357
1806080 357
1806090 358
1806100 358
1806110 359
1806120 360
1806130 360
1806140 361
1806150 362
1806160 362
1806170 363
1806180 364
1806190 365
1806200 365
1806210 366
1806220 367
1806230 368
1806240 369
1806250 369
1806260 370
1806270 371
1806280 373
1806290 374
1806300 376
1806310 377
1806320 378
1806330 379
1806340 380
1806350 381
1806360 382
1806370 383
1806380 384
1806390 385
1806400 386
1806410 386
1806420 387
1806430 388
1806440 389
1806450 390
1806460 391
1806470 392
1806480 392
1806490 393
1806500 394
1806510 395
1806520 395
1806530 396
1806540 396
1806550 396
1806560 396
1806570 396
1806580 396
1806590 396
1806600 396
1806610 396
1806620 396
1806630 396
1806640 395
1806650 395
1806660 395
1806670 394
1806680 394
1806690 393
1806700 393
1806710 393
1806720 392
1806730 392
1806740 391
1806750 391
1806760 391
1806770 391
1806780 390
1806790 390
1806800 390
1806810 390
1806820 390
1806830 390
1806840 389
1806850 389
1806860 389
1806870 389
1806880 389
1806890 388
1806900 388
1806910 387
1806920 387
1806930 386
1806940 386
1806950 385
1806960 384
1806970 383
1806980 383
1806990 382
1807000 381
1807010 380
1807020 380
1807030 379
1807040 379
1807050 378
1807060 378
1807070 377
1807080 377
1807090 376
1807100 375
1807110 375
1807120 374
1807130 373
1807140 373
1807150 372
1807160 371
1807170 371
1807180 370
1807190 370
1807200 369
1807210 369
1807220 368
1807230 368
1807240 367
1807250 367
1807260 367
1807270 366
1807280 366
1807290 366
1807300 366
1807310 366
1807320 367
1807330 366
1807340 366
1807350 365
1807360 365
1807370 365
1807380 364
1807390 364
1807400 364
1807410 364
1807420 364
1807430 365
1807440 365
1807450 365
1807460 366
1807470 366
1807480 366
1807490 366
1807500 367
1807510 367
1807520 368
1807530 369
1807540 369
1807550 370
1807560 370
1807570 371
1807580 371
1807590 371
1807600 372
1807610 373
1807620 373
1807630 374
1807640 375
1807650 375
1807660 376
1807670 377
1807680 378
1807690 379
1807700 380
1807710 381
1807720 381
1807730 382
1807740 383
1807750 383
1807760 384
1807770 385
1807780 386
1807790 387
1807800 387
1807810 387
1807820 388
1807830 388
1807840 387
1807850 387
1807860 387
1807870 386
1807880 386
1807890 385
1807900 384
1807910 383
1807920 383
1807930 382
1807940 381
1807950 381
1807960 380
1807970 379
1807980 379
1807990 378
1808000 377
1808010 377
1808020 376
1808030 375
1808040 374
1808050 373
1808060 373
1808070 372
1808080 371
1808090 371
1808100 370
1808110 369
1808120 369
1808130 368
1808140 367
1808150 366
1808160 366
1808170 365
1808180 364
1808190 363
1808200 362
1808210 361
1808220 361
1808230 360
1808240 359
1808250 358
1808260 358
1808270 357
1808280 356
1808290 355
1808300 355
1808310 354
1808320 353
1808330 353
1808340 352
1808350 351
1808360 351
1808370 350
1808380 350
1808390 349
1808400 349
1808410 348
1808420 348
1808430 347
1808440 346
1808450 344
1808460 344
1808470 345
1808480 344
1808490 344
1808500 344
1808510 343
1808520 343
1808530 342
1808540 341
1808550 339
1808560 338
1808570 337
1808580 338
1808590 339
1808600 338
1808610 337
1808620 337
1808630 337
1808640 337
1808650 336
1808660 336
1808670 336
1808680 335
1808690 335
1808700 335
1808710 335
1808720 334
1808730 334
1808740 334
1808750 333
1808760 333
1808770 333
1808780 333
1808790 333
1808800 333
1808810 333
1808820 333
1808830 334
1808840 334
1808850 334
1808860 334
1808870 334
1808880 334
1808890 334
1808900 334
1808910 334
1808920 333
1808930 333
1808940 333
1808950 333
1808960 333
1808970 332
1808980 332
1808990 331
1809000 331
1809010 331
1809020 331
1809030 331
1809040 331
1809050 330
1809060 330
1809070 330
1809080 330
1809090 329
1809100 329
1809110 329
1809120 329
1809130 329
1809140 328
1809150 328
1809160 328
1809170 328
1809180 328
1809190 329
1809200 328
1809210 327
1809220 327
1809230 329
1809240 330
1809250 330
1809260 330
1809270 330
1809280 330
1809290 330
1809300 330
1809310 330
1809320 329
1809330 328
1809340 328
1809350 327
1809360 328
1809370 328
1809380 328
1809390 327
1809400 327
1809410 327
1809420 327
1809430 327
1809440 326
1809450 326
1809460 325
1809470 325
1809480 324
1809490 325
1809500 325
1809510 324
1809520 324
1809530 324
1809540 324
1809550 323
1809560 323
1809570 322
1809580 322
1809590 322
1809600 321
1809610 321
1809620 320
1809630 320
1809640 321
1809650 322
1809660 322
1809670 322
1809680 322
1809690 320
1809700 319
1809710 318
1809720 317
1809730 316
1809740 316
1809750 315
1809760 315
1809770 314
1809780 313
1809790 312
1809800 310
1809810 309
1809820 308
1809830 307
1809840 307
1809850 306
1809860 306
1809870 306
1809880 306
1809890 306
1809900 306
1809910 306
1809920 305
1809930 305
1809940 304
1809950 304
1809960 303
1809970 303
1809980 302
1809990 302
1810000 301
1810010 301
1810020 300
1810030 300
1810040 299
1810050 299
1810060 298
1810070 298
1810080 297
1810090 297
1810100 296
1810110 296
1810120 295
1810130 295
1810140 295
1810150 294
1810160 294
1810170 293
1810180 292
1810190 292
1810200 292
1810210 292
1810220 292
1810230 291
1810240 291
1810250 291
1810260 291
1810270 291
1810280 290
1810290 290
1810300 290
1810310 290
1810320 290
1810330 290
1810340 289
1810350 289
1810360 289
1810370 288
1810380 288
1810390 288
1810400 288
1810410 288
1810420 288
1810430 288
1810440 288
1810450 288
1810460 288
1810470 288
1810480 287
1810490 287
1810500 287
1810510 287
1810520 287
1810530 287
1810540 287
1810550 287
1810560 287
1810570 287
1810580 286
1810590 286
1810600 286
1810610 286
1810620 286
1810630 286
1810640 286
1810650 286
1810660 286
1810670 286
1810680 285
1810690 285
1810700 285
1810710 285
1810720 285
1810730 285
1810740 285
1810750 285
1810760 285
1810770 284
1810780 284
1810790 284
1810800 284
1810810 284
1810820 284
1810830 285
1810840 285
1810850 285
1810860 285
1810870 285
1810880 285
1810890 285
1810900 284
1810910 284
1810920 284
1810930 284
1810940 284
1810950 284
1810960 284
1810970 284
1810980 284
1810990 284
1811000 284
1811010 284
1811020 284
1811030 284
1811040 284
1811050 284
1811060 283
1811070 283
1811080 283
1811090 283
1811100 282
1811110 282
1811120 283
1811130 283
1811140 283
1811150 284
1811160 284
1811170 285
1811180 285
1811190 285
1811200 286
1811210 286
1811220 287
1811230 287
1811240 288
1811250 288
1811260 290
1811270 291
1811280 292
1811290 294
1811300 294
1811310 295
1811320 296
1811330 297
1811340 298
1811350 299
1811360 300
1811370 301
1811380 302
1811390 303
1811400 304
1811410 305
1811420 305
1811430 305
1811440 305
1811450 306
1811460 306
1811470 307
1811480 308
1811490 308
1811500 309
1811510 309
1811520 309
1811530 310
1811540 310
1811550 311
1811560 312
1811570 313
1811580 314
1811590 314
1811600 315
1811610 315
1811620 315
1811630 316
1811640 316
1811650 316
1811660 316
1811670 317
1811680 317
1811690 318
1811700 319
1811710 320
1811720 320
1811730 321
1811740 321
1811750 321
1811760 321
1811770 321
1811780 321
1811790 320
1811800 319
1811810 319
1811820 318
1811830 318
1811840 317
1811850 317
1811860 316
1811870 316
1811880 316
1811890 315
1811900 315
1811910 314
1811920 314
1811930 313
1811940 312
1811950 312
1811960 311
1811970 311
1811980 310
1811990 310
1812000 309
1812010 308
1812020 307
1812030 307
1812040 306
1812050 305
1812060 304
1812070 303
1812080 302
1812090 301
1812100 301
1812110 299
1812120 298
1812130 297
1812140 297
1812150 296
1812160 295
1812170 294
1812180 293
1812190 292
1812200 291
1812210 291
1812220 290
1812230 289
1812240 289
1812250 288
1812260 287
1812270 287
1812280 286
1812290 285
1812300 285
1812310 284
1812320 284
1812330 283
1812340 283
1812350 282
1812360 282
1812370 282
1812380 281
1812390 281
1812400 280
1812410 279
1812420 279
1812430 278
1812440 278
1812450 277
1812460 277
1812470 276
1812480 276
1812490 275
1812500 275
1812510 274
1812520 274
1812530 274
1812540 273
1812550 273
1812560 273
1812570 272
1812580 272
1812590 272
1812600 272
1812610 272
1812620 271
1812630 271
1812640 271
1812650 271
1812660 271
1812670 271
1812680 271
1812690 271
1812700 271
1812710 271
1812720 271
1812730 270
1812740 271
1812750 271
1812760 271
1812770 271
1812780 271
1812790 271
1812800 271
1812810 271
1812820 271
1812830 271
1812840 272
1812850 272
1812860 272
1812870 272
1812880 272
1812890 272
1812900 272
1812910 272
1812920 272
1812930 272
1812940 272
1812950 273
1812960 273
1812970 273
1812980 274
1812990 274
1813000 275
1813010 275
1813020 276
1813030 276
1813040 277
1813050 278
1813060 279
1813070 280
1813080 281
1813090 282
1813100 283
1813110 284
1813120 285
1813130 285
1813140 285
1813150 286
1813160 286
1813170 286
1813180 287
1813190 288
1813200 289
1813210 290
1813220 290
1813230 291
1813240 292
1813250 292
1813260 293
1813270 292
1813280 291
1813290 289
1813300 289
1813310 291
1813320 294
1813330 296
1813340 296
1813350 296
1813360 297
1813370 297
1813380 297
1813390 298
1813400 298
1813410 298
1813420 298
1813430 298
1813440 299
1813450 299
1813460 299
1813470 299
1813480 299
1813490 299
1813500 299
1813510 299
1813520 300
1813530 300
1813540 299
1813550 300
1813560 300
1813570 301
1813580 301
1813590 301
1813600 301
1813610 300
1813620 301
1813630 302
1813640 303
1813650 303
1813660 304
1813670 304
1813680 305
1813690 305
1813700 306
1813710 306
1813720 307
1813730 307
1813740 307
1813750 308
1813760 308
1813770 308
1813780 308
1813790 308
1813800 309
1813810 309
1813820 310
1813830 310
1813840 310
1813850 310
1813860 310
1813870 310
1813880 309
1813890 309
1813900 308
1813910 307
1813920 306
1813930 305
1813940 303
1813950 302
1813960 301
1813970 301
1813980 304
1813990 306
1814000 307
1814010 307
1814020 307
1814030 307
1814040 307
1814050 307
1814060 307
1814070 307
1814080 307
1814090 307
1814100 307
1814110 307
1814120 307
1814130 307
1814140 306
1814150 306
1814160 305
1814170 304
1814180 304
1814190 303
1814200 302
1814210 302
1814220 301
1814230 300
1814240 300
1814250 301
1814260 302
1814270 302
1814280 303
1814290 304
1814300 304
1814310 305
1814320 305
1814330 306
1814340 306
1814350 307
1814360 307
1814370 308
1814380 309
1814390 310
1814400 311
1814410 311
1814420 312
1814430 312
1814440 313
1814450 313
1814460 312
1814470 312
1814480 312
1814490 311
1814500 311
1814510 310
1814520 309
1814530 309
1814540 308
1814550 308
1814560 307
1814570 306
1814580 305
1814590 305
1814600 304
1814610 303
1814620 302
1814630 301
1814640 300
1814650 299
1814660 298
1814670 297
1814680 296
1814690 295
1814700 294
1814710 294
1814720 293
1814730 293
1814740 292
1814750 292
1814760 292
1814770 292
1814780 291
1814790 291
1814800 291
1814810 290
1814820 290
1814830 290
1814840 290
1814850 290
1814860 290
1814870 289
1814880 289
1814890 288
1814900 288
1814910 287
1814920 287
1814930 287
1814940 286
1814950 285
1814960 285
1814970 284
1814980 283
1814990 282
1815000 282
1815010 281
1815020 281
1815030 281
1815040 280
1815050 280
1815060 280
1815070 279
1815080 279
1815090 278
1815100 278
1815110 277
1815120 277
1815130 276
1815140 276
1815150 276
1815160 275
1815170 275
1815180 274
1815190 274
1815200 274
1815210 273
1815220 273
1815230 272
1815240 272
1815250 272
1815260 272
1815270 271
1815280 271
1815290 271
1815300 271
1815310 270
1815320 270
1815330 270
1815340 270
1815350 270
1815360 269
1815370 269
1815380 269
1815390 269
1815400 269
1815410 268
1815420 268
1815430 268
1815440 268
1815450 268
1815460 268
1815470 268
1815480 268
1815490 267
1815500 267
1815510 267
1815520 267
1815530 267
1815540 267
1815550 267
1815560 267
1815570 267
1815580 266
1815590 266
1815600 266
1815610 266
1815620 266
1815630 266
1815640 266
1815650 266
1815660 266
1815670 266
1815680 266
1815690 266
1815700 266
1815710 266
1815720 266
1815730 266
1815740 266
1815750 266
1815760 266
1815770 266
1815780 266
1815790 266
1815800 266
1815810 266
1815820 266
1815830 266
1815840 266
1815850 266
1815860 266
1815870 266
1815880 266
1815890 266
1815900 265
1815910 265
1815920 264
1815930 264
1815940 265
1815950 266
1815960 266
1815970 265
1815980 265
1815990 265
1816000 265
1816010 265
1816020 265
1816030 265
1816040 265
1816050 265
1816060 265
1816070 265
1816080 265
1816090 265
1816100 265
1816110 265
1816120 265
1816130 265
1816140 265
1816150 265
1816160 265
1816170 265
1816180 265
1816190 264
1816200 264
1816210 264
1816220 264
1816230 264
1816240 264
1816250 264
1816260 264
1816270 264
1816280 264
1816290 264
1816300 264
1816310 264
1816320 264
1816330 264
1816340 264
1816350 264
1816360 264
1816370 264
1816380 264
1816390 264
1816400 264
1816410 264
1816420 264
1816430 264
1816440 264
1816450 264
1816460 264
1816470 264
1816480 264
1816490 264
1816500 264
1816510 264
1816520 264
1816530 264
1816540 264
1816550 264
1816560 264
1816570 264
1816580 264
1816590 264
1816600 264
1816610 264
1816620 264
1816630 264
1816640 263
1816650 263
1816660 263
1816670 263
1816680 263
1816690 264
1816700 264
1816710 264
1816720 264
1816730 264
1816740 264
1816750 263
1816760 263
1816770 263
1816780 263
1816790 263
1816800 263
1816810 263
1816820 263
1816830 263
1816840 263
1816850 263
1816860 263
1816870 263
1816880 263
1816890 263
1816900 263
1816910 263
1816920 263
1816930 263
1816940 263
1816950 263
1816960 263
1816970 263
1816980 263
1816990 263
1817000 263
1817010 263
1817020 264
1817030 264
1817040 263
1817050 264
1817060 264
1817070 264
1817080 264
1817090 264
1817100 264
1817110 264
1817120 264
1817130 264
1817140 264
1817150 264
1817160 264
1817170 264
1817180 264
1817190 264
1817200 264
1817210 264
1817220 264
1817230 264
1817240 264
1817250 264
1817260 264
1817270 264
1817280 264
1817290 264
1817300 264
1817310 264
1817320 264
1817330 265
1817340 264
1817350 263
1817360 263
1817370 263
1817380 264
1817390 264
1817400 264
1817410 264
1817420 264
1817430 264
1817440 264
1817450 264
1817460 264
1817470 264
1817480 264
1817490 264
1817500 264
1817510 264
1817520 264
1817530 264
1817540 264
1817550 264
1817560 264
1817570 264
1817580 264
1817590 264
1817600 264
1817610 264
1817620 264
1817630 264
1817640 264
1817650 264
1817660 265
1817670 265
1817680 265
1817690 265
1817700 265
1817710 265
1817720 265
1817730 265
1817740 265
1817750 265
1817760 265
1817770 265
1817780 265
1817790 265
1817800 265
1817810 265
1817820 265
1817830 265
1817840 265
1817850 265
1817860 265
1817870 265
1817880 266
1817890 266
1817900 266
1817910 266
1817920 266
1817930 266
1817940 267
1817950 267
1817960 267
1817970 268
1817980 268
1817990 268
1818000 268
1818010 269
1818020 269
1818030 269
1818040 270
1818050 270
1818060 271
1818070 271
1818080 271
1818090 272
1818100 272
1818110 273
1818120 273
1818130 274
1818140 274
1818150 275
1818160 275
1818170 275
1818180 275
1818190 276
1818200 276
1818210 276
1818220 276
1818230 276
1818240 276
1818250 276
1818260 276
1818270 276
1818280 276
1818290 276
1818300 276
1818310 276
1818320 275
1818330 275
1818340 275
1818350 275
1818360 275
1818370 275
1818380 276
1818390 276
1818400 276
1818410 277
1818420 277
1818430 277
1818440 278
1818450 278
1818460 279
1818470 279
1818480 280
1818490 280
1818500 280
1818510 281
1818520 281
1818530 282
1818540 282
1818550 282
1818560 282
1818570 282
1818580 282
1818590 282
1818600 283
1818610 283
1818620 284
1818630 284
1818640 284
1818650 285
1818660 285
1818670 285
1818680 286
1818690 286
1818700 287
1818710 287
1818720 287
1818730 287
1818740 287
1818750 287
1818760 288
1818770 288
1818780 288
1818790 288
1818800 289
1818810 289
1818820 289
1818830 289
1818840 289
1818850 290
1818860 290
1818870 290
1818880 291
1818890 291
1818900 291
1818910 291
1818920 291
1818930 292
1818940 292
1818950 292
1818960 292
1818970 293
1818980 293
1818990 293
1819000 293
1819010 293
1819020 294
1819030 294
1819040 294
1819050 295
1819060 295
1819070 295
1819080 296
1819090 296
1819100 296
1819110 297
1819120 297
1819130 298
1819140 298
1819150 298
1819160 299
1819170 299
1819180 299
1819190 300
1819200 300
1819210 300
1819220 301
1819230 301
1819240 301
1819250 301
1819260 302
1819270 302
1819280 302
1819290 302
1819300 302
1819310 302
1819320 301
1819330 301
1819340 301
1819350 301
1819360 300
1819370 300
1819380 300
1819390 299
1819400 299
1819410 298
1819420 297
1819430 296
1819440 296
1819450 295
1819460 295
1819470 295
1819480 295
1819490 295
1819500 296
1819510 297
1819520 298
1819530 299
1819540 300
1819550 300
1819560 301
1819570 301
1819580 301
1819590 302
1819600 302
1819610 302
1819620 302
1819630 303
1819640 303
1819650 303
1819660 303
1819670 303
1819680 303
1819690 303
1819700 303
1819710 303
1819720 303
1819730 303
1819740 303
1819750 303
1819760 303
1819770 303
1819780 303
1819790 303
1819800 303
1819810 303
1819820 303
1819830 303
1819840 303
1819850 303
1819860 303
1819870 303
1819880 303
1819890 303
1819900 303
1819910 303
1819920 303
1819930 303
1819940 304
1819950 304
1819960 304
1819970 304
1819980 304
1819990 303
