1800000 314
1800010 313
1800020 312
1800030 311
1800040 310
1800050 309
1800060 307
1800070 306
1800080 305
1800090 304
1800100 303
1800110 302
1800120 301
1800130 300
1800140 299
1800150 299
1800160 298
1800170 298
1800180 297
1800190 297
1800200 296
1800210 296
1800220 295
1800230 294
1800240 294
1800250 293
1800260 292
1800270 291
1800280 290
1800290 289
1800300 288
1800310 287
1800320 286
1800330 285
1800340 284
1800350 283
1800360 282
1800370 281
1800380 280
1800390 279
1800400 279
1800410 279
1800420 279
1800430 279
1800440 279
1800450 279
1800460 280
1800470 280
1800480 280
1800490 280
1800500 280
1800510 280
1800520 281
1800530 281
1800540 282
1800550 283
1800560 284
1800570 285
1800580 286
1800590 287
1800600 287
1800610 288
1800620 289
1800630 290
1800640 291
1800650 292
1800660 292
1800670 293
1800680 293
1800690 294
1800700 295
1800710 297
1800720 298
1800730 299
1800740 301
1800750 302
1800760 303
1800770 304
1800780 305
1800790 306
1800800 307
1800810 308
1800820 309
1800830 310
1800840 311
1800850 312
1800860 313
1800870 313
1800880 314
1800890 314
1800900 315
1800910 314
1800920 314
1800930 314
1800940 314
1800950 314
1800960 314
1800970 314
1800980 314
1800990 315
1801000 316
1801010 317
1801020 317
1801030 318
1801040 319
1801050 319
1801060 319
1801070 318
1801080 317
1801090 316
1801100 315
1801110 314
1801120 313
1801130 312
1801140 311
1801150 309
1801160 308
1801170 307
1801180 306
1801190 305
1801200 304
1801210 303
1801220 302
1801230 301
1801240 300
1801250 299
1801260 298
1801270 297
1801280 296
1801290 295
1801300 294
1801310 294
1801320 294
1801330 294
1801340 294
1801350 295
1801360 295
1801370 296
1801380 297
1801390 299
1801400 301
1801410 302
1801420 304
1801430 306
1801440 308
1801450 310
1801460 312
1801470 314
1801480 315
1801490 316
1801500 316
1801510 317
1801520 317
1801530 317
1801540 318
1801550 318
1801560 318
1801570 319
1801580 319
1801590 319
1801600 319
1801610 320
1801620 320
1801630 320
1801640 320
1801650 320
1801660 320
1801670 320
1801680 320
1801690 321
1801700 321
1801710 321
1801720 322
1801730 322
1801740 323
1801750 324
1801760 324
1801770 324
1801780 324
1801790 324
1801800 324
1801810 324
1801820 323
1801830 323
1801840 322
1801850 321
1801860 320
1801870 318
1801880 317
1801890 316
1801900 315
1801910 314
1801920 313
1801930 313
1801940 312
1801950 311
1801960 309
1801970 307
1801980 307
1801990 306
1802000 305
1802010 303
1802020 302
1802030 301
1802040 300
1802050 299
1802060 297
1802070 296
1802080 294
1802090 293
1802100 292
1802110 292
1802120 292
1802130 292
1802140 292
1802150 292
1802160 292
1802170 292
1802180 291
1802190 291
1802200 291
1802210 291
1802220 291
1802230 290
1802240 290
1802250 289
1802260 289
1802270 289
1802280 290
1802290 289
1802300 288
1802310 287
1802320 286
1802330 284
1802340 283
1802350 281
1802360 280
1802370 279
1802380 279
1802390 278
1802400 277
1802410 276
1802420 276
1802430 275
1802440 275
1802450 275
1802460 274
1802470 274
1802480 274
1802490 274
1802500 274
1802510 274
1802520 274
1802530 274
1802540 274
1802550 274
1802560 274
1802570 275
1802580 276
1802590 277
1802600 279
1802610 281
1802620 283
1802630 285
1802640 287
1802650 289
1802660 289
1802670 289
1802680 289
1802690 289
1802700 288
1802710 287
1802720 286
1802730 286
1802740 285
1802750 283
1802760 282
1802770 281
1802780 279
1802790 278
1802800 278
1802810 277
1802820 277
1802830 277
1802880 278
1802940 277
1802950 277
1802960 277
1802970 278
1802980 278
1802990 279
1803000 279
1803010 279
1803020 280
1803030 281
1803040 281
1803050 282
1803060 283
1803070 283
1803080 284
1803090 285
1803100 287
1803110 287
1803120 288
1803130 289
1803140 290
1803150 291
1803160 292
1803170 293
1803180 294
1803190 295
1803200 296
1803210 297
1803220 298
1803230 300
1803240 301
1803250 303
1803260 304
1803270 306
1803280 307
1803290 308
1803300 309
1803310 310
1803320 311
1803330 312
1803340 313
1803350 313
1803360 313
1803370 313
1803380 313
1803390 313
1803400 312
1803410 312
1803420 311
1803430 310
1803440 308
1803450 306
1803460 305
1803470 303
1803480 301
1803490 300
1803500 299
1803510 297
1803520 296
1803530 295
1803540 294
1803550 293
1803560 293
1803570 292
1803580 291
1803590 291
1803600 291
1803610 290
1803620 290
1803630 290
1803640 290
1803650 290
1803660 291
1803670 292
1803680 293
1803690 294
1803700 295
1803710 296
1803720 297
1803730 298
1803740 299
1803750 300
1803760 300
1803770 300
1803780 300
1803790 300
1803800 301
1803810 301
1803820 302
1803830 302
1803840 303
1803850 304
1803860 305
1803870 306
1803880 306
1803890 307
1803900 308
1803910 310
1803920 311
1803930 312
1803940 314
1803950 315
1803960 317
1803970 318
1803980 320
1803990 322
1804000 324
1804010 326
1804020 328
1804030 330
1804040 332
1804050 334
1804060 336
1804070 338
1804080 339
1804090 341
1804100 343
1804110 345
1804120 347
1804130 348
1804140 349
1804150 349
1804160 350
1804170 350
1804180 350
1804190 351
1804200 351
1804210 351
1804220 352
1804230 353
1804240 354
1804250 355
1804260 355
1804270 356
1804280 357
1804290 359
1804300 360
1804310 362
1804320 363
1804330 365
1804340 366
1804350 367
1804360 368
1804370 369
1804380 368
1804390 368
1804400 367
1804410 367
1804420 365
1804430 364
1804440 362
1804450 360
1804460 359
1804470 358
1804480 358
1804490 358
1804500 357
1804510 356
1804520 354
1804530 353
1804540 351
1804550 349
1804560 348
1804570 347
1804580 346
1804590 345
1804600 345
1804610 345
1804620 344
1804630 344
1804640 343
1804650 342
1804660 341
1804670 341
1804680 341
1804690 340
1804700 340
1804710 340
1804720 340
1804730 340
1804740 339
1804750 339
1804760 338
1804770 337
1804780 337
1804790 337
1804800 337
1804810 337
1804820 337
1804830 338
1804840 338
1804850 337
1804860 337
1804870 337
1804880 338
1804890 337
1804900 337
1804910 336
1804920 336
1804930 335
1804940 335
1804950 334
1804960 334
1804970 333
1804980 333
1804990 332
1805000 331
1805010 330
1805020 330
1805030 329
1805040 328
1805050 327
1805060 326
1805070 325
1805080 325
1805090 324
1805100 323
1805110 322
1805120 321
1805130 320
1805140 319
1805150 318
1805160 317
1805170 315
1805180 313
1805190 311
1805200 310
1805210 308
1805220 307
1805230 306
1805240 306
1805250 306
1805260 305
1805270 305
1805280 305
1805290 305
1805300 305
1805310 304
1805320 305
1805330 305
1805340 305
1805350 305
1805360 305
1805370 305
1805380 305
1805390 305
1805400 305
1805410 305
1805420 305
1805430 306
1805440 306
1805450 308
1805460 310
1805470 313
1805480 316
1805490 319
1805500 321
1805510 323
1805520 325
1805530 326
1805540 328
1805550 329
1805560 331
1805570 333
1805580 335
1805590 336
1805600 337
1805610 338
1805620 340
1805630 341
1805640 342
1805650 343
1805660 344
1805670 345
1805680 346
1805690 347
1805700 348
1805710 348
1805720 349
1805730 349
1805740 350
1805750 350
1805760 350
1805770 350
1805780 350
1805790 350
1805800 351
1805810 351
1805820 352
1805830 352
1805840 354
1805850 355
1805860 356
1805870 356
1805880 357
1805890 357
1805900 357
1805910 357
1805920 357
1805930 357
1805940 358
1805950 358
1805960 358
1805970 358
1805980 358
1805990 358
1806000 358
1806010 358
1806020 358
1806030 358
1806040 359
1806050 359
1806060 359
1806070 359
1806080 359
1806090 359
1806100 359
1806110 359
1806120 359
1806130 359
1806140 359
1806150 358
1806160 358
1806170 358
1806180 359
1806190 359
1806200 359
1806210 360
1806220 360
1806230 361
1806240 361
1806250 362
1806260 363
1806270 364
1806280 364
1806290 365
1806300 366
1806310 367
1806320 368
1806330 368
1806340 369
1806350 370
1806360 372
1806370 373
1806380 375
1806390 376
1806400 378
1806410 379
1806420 379
1806430 380
1806440 380
1806450 379
1806460 379
1806470 378
1806480 378
1806490 377
1806500 375
1806510 374
1806520 373
1806530 372
1806540 371
1806550 370
1806560 369
1806570 368
1806580 367
1806590 366
1806600 365
1806610 365
1806620 364
1806630 363
1806640 363
1806650 362
1806660 361
1806670 361
1806680 360
1806690 359
1806700 359
1806710 358
1806720 357
1806730 357
1806740 356
1806750 355
1806760 355
1806770 354
1806780 353
1806790 352
1806800 352
1806810 351
1806820 350
1806830 350
1806840 349
1806850 348
1806860 347
1806870 346
1806880 345
1806890 344
1806900 343
1806910 342
1806920 341
1806930 340
1806940 339
1806950 339
1806960 339
1806970 339
1806980 339
1806990 339
1807000 339
1807010 338
1807020 338
1807030 337
1807040 337
1807050 336
1807060 336
1807070 335
1807080 334
1807090 334
1807100 333
1807110 333
1807120 332
1807130 332
1807140 331
1807150 331
1807160 330
1807170 330
1807180 330
1807190 329
1807200 329
1807210 328
1807220 328
1807230 327
1807240 327
1807250 326
1807260 326
1807270 326
1807280 325
1807290 324
1807300 324
1807310 323
1807320 323
1807330 323
1807340 323
1807350 322
1807360 322
1807370 322
1807380 322
1807390 322
1807400 322
1807410 322
1807420 322
1807430 323
1807440 323
1807450 324
1807460 324
1807470 325
1807480 326
1807490 327
1807500 328
1807510 329
1807520 330
1807530 330
1807540 331
1807550 332
1807560 333
1807570 334
1807580 334
1807590 335
1807600 336
1807610 337
1807620 338
1807630 339
1807640 340
1807650 341
1807660 342
1807670 343
1807680 344
1807690 345
1807700 346
1807710 347
1807720 348
1807730 348
1807740 349
1807750 350
1807760 351
1807770 352
1807780 352
1807790 352
1807800 351
1807810 351
1807820 351
1807830 350
1807840 350
1807850 349
1807860 349
1807870 349
1807880 348
1807890 348
1807900 348
1807910 348
1807920 348
1807930 348
1807940 348
1807950 348
1807960 348
1807970 348
1807980 348
1807990 348
1808000 348
1808010 349
1808020 349
1808030 350
1808040 351
1808050 352
1808060 352
1808070 353
1808080 354
1808090 354
1808100 355
1808110 355
1808120 356
1808130 357
1808140 357
1808150 358
1808160 358
1808170 359
1808180 360
1808190 360
1808200 361
1808210 361
1808220 361
1808230 361
1808240 361
1808250 361
1808260 360
1808270 359
1808280 359
1808290 358
1808300 357
1808310 357
1808320 356
1808330 355
1808340 355
1808350 354
1808360 354
1808370 353
1808380 353
1808390 352
1808400 351
1808410 351
1808420 350
1808430 349
1808440 349
1808450 348
1808460 348
1808470 347
1808480 347
1808490 347
1808500 346
1808510 346
1808520 345
1808530 345
1808540 344
1808550 343
1808560 343
1808570 342
1808580 342
1808590 341
1808600 341
1808610 340
1808620 340
1808630 339
1808640 339
1808650 339
1808660 338
1808670 338
1808680 338
1808690 337
1808700 337
1808710 337
1808720 337
1808730 337
1808740 337
1808750 337
1808760 336
1808770 336
1808780 336
1808790 336
1808800 336
1808810 336
1808820 333
1808830 330
1808840 328
1808850 327
1808860 328
1808870 330
1808880 334
1808890 336
1808900 336
1808910 336
1808920 336
1808930 336
1808940 337
1808950 337
1808960 337
1808970 337
1808980 337
1808990 337
1809000 337
1809010 337
1809020 337
1809030 337
1809040 337
1809050 337
1809060 338
1809070 338
1809080 338
1809090 338
1809100 338
1809110 338
1809120 338
1809130 338
1809140 338
1809150 338
1809160 338
1809170 338
1809180 338
1809190 338
1809200 338
1809210 338
1809220 339
1809230 339
1809240 338
1809250 338
1809260 338
1809270 338
1809280 338
1809290 338
1809300 338
1809310 337
1809320 337
1809330 338
1809340 338
1809350 338
1809360 338
1809370 338
1809380 338
1809390 338
1809400 338
1809410 338
1809420 339
1809430 339
1809440 339
1809450 339
1809460 339
1809470 339
1809480 339
1809490 339
1809500 339
1809510 339
1809520 339
1809530 338
1809540 338
1809550 338
1809560 338
1809570 338
1809580 338
1809590 338
1809600 338
1809610 338
1809620 337
1809630 337
1809640 337
1809650 337
1809660 337
1809670 337
1809680 337
1809690 338
1809700 338
1809710 338
1809720 339
1809730 339
1809740 339
1809750 339
1809760 340
1809770 340
1809780 340
1809790 340
1809800 340
1809810 339
1809820 339
1809830 340
1809840 340
1809850 340
1809860 340
1809870 339
1809880 339
1809890 339
1809900 339
1809910 339
1809920 339
1809930 339
1809940 339
1809950 338
1809960 338
1809970 338
1809980 338
1809990 338
1810000 338
1810010 338
1810020 338
1810030 338
1810040 338
1810050 337
1810060 337
1810070 337
1810080 337
1810090 337
1810100 336
1810110 336
1810120 336
1810130 335
1810140 335
1810150 335
1810160 335
1810170 334
1810180 334
1810190 334
1810200 334
1810210 334
1810220 334
1810230 333
1810240 333
1810250 333
1810260 333
1810270 332
1810280 332
1810290 332
1810300 332
1810310 331
1810320 331
1810330 331
1810340 330
1810350 330
1810360 329
1810370 329
1810380 329
1810390 328
1810400 328
1810410 327
1810420 327
1810430 326
1810440 326
1810450 325
1810460 325
1810470 325
1810480 324
1810490 324
1810500 323
1810510 323
1810520 322
1810530 322
1810540 321
1810550 321
1810560 321
1810570 321
1810580 321
1810590 321
1810600 321
1810610 321
1810620 321
1810630 321
1810640 320
1810650 320
1810660 319
1810670 319
1810680 318
1810690 317
1810700 317
1810710 317
1810720 317
1810730 318
1810740 318
1810750 318
1810760 318
1810770 318
1810780 318
1810790 318
1810800 318
1810810 317
1810820 317
1810830 316
1810840 316
1810850 315
1810860 315
1810870 315
1810880 314
1810890 314
1810900 314
1810910 314
1810920 313
1810930 313
1810940 313
1810950 313
1810960 313
1810970 312
1810980 312
1810990 312
1811000 311
1811010 311
1811020 311
1811030 310
1811040 309
1811050 309
1811060 308
1811070 309
1811080 309
1811090 309
1811100 309
1811110 308
1811120 308
1811130 307
1811140 307
1811150 306
1811160 306
1811170 306
1811180 305
1811190 305
1811200 304
1811210 303
1811220 303
1811230 302
1811240 302
1811250 301
1811260 301
1811270 300
1811280 300
1811290 299
1811300 299
1811310 299
1811320 298
1811330 297
1811340 297
1811350 296
1811360 295
1811370 294
1811380 294
1811390 293
1811400 292
1811410 291
1811420 291
1811430 290
1811440 290
1811450 289
1811460 289
1811470 289
1811480 288
1811490 288
1811500 287
1811510 287
1811520 286
1811530 286
1811540 286
1811550 285
1811560 285
1811570 284
1811580 284
1811590 283
1811600 283
1811610 282
1811620 282
1811630 281
1811640 281
1811650 281
1811660 281
1811670 280
1811680 280
1811690 280
1811700 279
1811710 279
1811720 279
1811730 278
1811740 278
1811750 278
1811760 279
1811770 279
1811780 279
1811790 278
1811800 278
1811810 279
1811820 278
1811830 278
1811840 278
1811850 278
1811860 278
1811870 278
1811880 278
1811890 278
1811900 278
1811910 277
1811920 277
1811930 277
1811940 277
1811950 276
1811960 276
1811970 276
1811980 276
1811990 276
1812000 276
1812010 276
1812020 276
1812030 276
1812040 276
1812050 276
1812060 275
1812070 275
1812080 275
1812090 275
1812100 275
1812110 275
1812120 275
1812130 275
1812140 275
1812150 275
1812160 275
1812170 275
1812180 275
1812190 275
1812200 274
1812210 274
1812220 274
1812230 274
1812240 274
1812250 274
1812260 274
1812270 274
1812280 274
1812290 274
1812300 274
1812310 274
1812320 273
1812330 273
1812340 273
1812350 273
1812360 273
1812370 273
1812380 273
1812390 273
1812400 273
1812410 273
1812420 273
1812430 273
1812440 273
1812450 273
1812460 273
1812470 273
1812480 273
1812490 272
1812500 272
1812510 272
1812520 272
1812530 273
1812540 272
1812550 272
1812560 272
1812570 272
1812580 273
1812590 273
1812600 273
1812610 273
1812620 273
1812630 273
1812640 273
1812650 273
1812660 273
1812670 274
1812680 274
1812690 274
1812700 274
1812710 274
1812720 275
1812730 275
1812740 275
1812750 276
1812760 276
1812770 276
1812780 276
1812790 275
1812800 275
1812810 275
1812820 275
1812830 275
1812840 275
1812850 275
1812860 275
1812870 276
1812880 276
1812890 277
1812900 277
1812910 278
1812920 279
1812930 280
1812940 281
1812950 282
1812960 283
1812970 284
1812980 284
1812990 285
1813000 286
1813010 288
1813020 289
1813030 290
1813040 291
1813050 291
1813060 292
1813070 293
1813080 293
1813090 294
1813100 294
1813110 295
1813120 295
1813130 295
1813140 295
1813150 295
1813160 294
1813170 293
1813180 292
1813190 292
1813200 291
1813210 291
1813220 290
1813230 289
1813240 289
1813250 288
1813260 288
1813270 287
1813280 287
1813290 286
1813300 286
1813310 287
1813320 288
1813330 289
1813340 289
1813350 290
1813360 291
1813370 292
1813380 292
1813390 293
1813400 294
1813410 295
1813420 296
1813430 296
1813440 297
1813450 298
1813460 299
1813470 300
1813480 301
1813490 302
1813500 303
1813510 304
1813520 306
1813530 307
1813540 309
1813550 310
1813560 311
1813570 312
1813580 313
1813590 314
1813600 315
1813610 316
1813620 317
1813630 318
1813640 319
1813650 320
1813660 320
1813670 321
1813680 321
1813690 322
1813700 323
1813710 323
1813720 324
1813730 324
1813740 325
1813750 326
1813760 326
1813770 327
1813780 327
1813790 327
1813800 328
1813810 328
1813820 328
1813830 328
1813840 329
1813850 329
1813860 329
1813870 328
1813880 328
1813890 328
1813900 328
1813910 328
1813920 327
1813930 327
1813940 326
1813950 326
1813960 326
1813970 325
1813980 325
1813990 324
1814000 324
1814010 324
1814020 323
1814030 323
1814040 322
1814050 322
1814060 322
1814070 321
1814080 321
1814090 321
1814100 321
1814110 320
1814120 320
1814130 320
1814140 319
1814150 319
1814160 318
1814170 318
1814180 317
1814190 316
1814200 316
1814210 315
1814220 314
1814230 313
1814240 312
1814250 311
1814260 310
1814270 310
1814280 309
1814290 308
1814300 307
1814310 305
1814320 304
1814330 302
1814340 301
1814350 301
1814360 300
1814370 300
1814380 299
1814390 299
1814400 299
1814410 298
1814420 298
1814430 297
1814440 297
1814450 296
1814460 295
1814470 295
1814480 294
1814490 294
1814500 293
1814510 292
1814520 292
1814530 291
1814540 290
1814550 290
1814560 289
1814570 288
1814580 287
1814590 287
1814600 286
1814610 285
1814620 285
1814630 284
1814640 283
1814650 282
1814660 282
1814670 281
1814680 280
1814690 280
1814700 279
1814710 279
1814720 278
1814730 278
1814740 278
1814750 277
1814760 277
1814770 276
1814780 276
1814790 276
1814800 275
1814810 275
1814820 274
1814830 273
1814840 273
1814850 272
1814860 272
1814870 272
1814880 271
1814890 270
1814900 269
1814910 269
1814920 268
1814930 268
1814940 268
1814950 268
1814960 268
1814970 268
1814980 268
1814990 268
1815000 268
1815010 268
1815020 268
1815030 267
1815040 266
1815050 266
1815060 266
1815070 267
1815080 267
1815090 267
1815100 268
1815110 268
1815120 268
1815130 268
1815140 268
1815150 268
1815160 268
1815170 268
1815180 268
1815190 268
1815200 267
1815210 267
1815220 267
1815230 267
1815240 267
1815250 267
1815260 267
1815270 267
1815280 267
1815290 267
1815300 267
1815310 267
1815320 267
1815330 267
1815340 267
1815350 267
1815360 267
1815370 267
1815380 267
1815390 267
1815400 267
1815410 267
1815420 267
1815430 267
1815440 266
1815450 266
1815460 266
1815470 266
1815480 266
1815490 266
1815500 266
1815510 266
1815520 266
1815530 266
1815540 266
1815550 266
1815560 266
1815570 266
1815580 266
1815590 266
1815600 266
1815610 266
1815620 266
1815630 266
1815640 266
1815650 266
1815660 266
1815670 266
1815680 266
1815690 266
1815700 266
1815710 266
1815720 266
1815730 266
1815740 265
1815750 265
1815760 265
1815770 265
1815780 265
1815790 265
1815800 265
1815810 265
1815820 265
1815830 265
1815840 265
1815850 265
1815860 265
1815870 265
1815880 265
1815890 265
1815900 265
1815910 265
1815920 265
1815930 265
1815940 265
1815950 265
1815960 265
1815970 265
1815980 265
1815990 265
1816000 265
1816010 265
1816020 265
1816030 265
1816040 265
1816050 265
1816060 265
1816070 265
1816080 265
1816090 265
1816100 265
1816110 265
1816120 265
1816130 265
1816140 265
1816150 265
1816160 265
1816170 265
1816180 265
1816190 265
1816200 265
1816210 265
1816220 265
1816230 265
1816240 265
1816250 265
1816260 265
1816270 265
1816280 265
1816290 265
1816300 265
1816310 265
1816320 265
1816330 265
1816340 265
1816350 265
1816360 265
1816370 265
1816380 265
1816390 265
1816400 265
1816410 265
1816420 265
1816430 265
1816440 265
1816450 265
1816460 265
1816470 265
1816480 265
1816490 265
1816500 265
1816510 265
1816520 265
1816530 265
1816540 265
1816550 265
1816560 265
1816570 265
1816580 265
1816590 265
1816600 265
1816610 265
1816620 265
1816630 265
1816640 265
1816650 265
1816660 265
1816670 265
1816680 265
1816690 265
1816700 265
1816710 265
1816720 265
1816730 265
1816740 265
1816750 265
1816760 265
1816770 265
1816780 265
1816790 265
1816800 265
1816810 265
1816820 265
1816830 265
1816840 265
1816850 265
1816860 265
1816870 265
1816880 265
1816890 265
1816900 265
1816910 265
1816920 265
1816930 265
1816940 265
1816950 265
1816960 265
1816970 265
1816980 265
1816990 265
1817000 265
1817010 265
1817020 265
1817030 265
1817040 265
1817050 265
1817060 265
1817070 265
1817080 265
1817090 265
1817100 265
1817110 265
1817120 265
1817130 265
1817140 265
1817150 265
1817160 265
1817170 265
1817180 265
1817190 265
1817200 265
1817210 266
1817220 266
1817230 265
1817240 265
1817250 264
1817260 265
1817270 266
1817280 266
1817290 266
1817300 266
1817310 266
1817320 266
1817330 266
1817340 266
1817350 266
1817360 266
1817370 266
1817380 266
1817390 266
1817400 266
1817410 266
1817420 266
1817430 266
1817440 266
1817450 267
1817460 267
1817470 267
1817480 267
1817490 267
1817500 267
1817510 267
1817520 267
1817530 267
1817540 267
1817550 267
1817560 267
1817570 267
1817580 267
1817590 267
1817600 268
1817610 268
1817620 268
1817630 268
1817640 268
1817650 268
1817660 269
1817670 269
1817680 269
1817690 269
1817700 269
1817710 269
1817720 269
1817730 269
1817740 269
1817750 270
1817760 270
1817770 270
1817780 270
1817790 270
1817800 271
1817810 271
1817820 270
1817830 270
1817840 270
1817850 270
1817860 270
1817870 271
1817880 271
1817890 271
1817900 271
1817910 271
1817920 271
1817930 272
1817940 272
1817950 272
1817960 272
1817970 273
1817980 273
1817990 273
1818000 274
1818010 274
1818020 274
1818030 275
1818040 275
1818050 275
1818060 276
1818070 277
1818080 277
1818090 278
1818100 278
1818110 278
1818120 278
1818130 278
1818140 279
1818150 279
1818160 279
1818170 279
1818180 279
1818190 279
1818200 279
1818210 280
1818220 280
1818230 281
1818240 281
1818250 283
1818260 283
1818270 284
1818280 284
1818290 284
1818300 285
1818310 285
1818320 285
1818330 286
1818340 286
1818350 286
1818360 287
1818370 287
1818380 288
1818390 288
1818400 288
1818410 287
1818420 286
1818430 283
1818440 284
1818450 286
1818460 289
1818470 290
1818480 290
1818490 290
1818500 290
1818510 290
1818520 290
1818530 290
1818540 290
1818550 290
1818560 290
1818570 290
1818580 289
1818590 289
1818600 289
1818610 289
1818620 289
1818630 289
1818640 289
1818650 288
1818660 287
1818670 287
1818680 285
1818690 284
1818700 283
1818710 283
1818720 283
1818730 283
1818740 283
1818750 283
1818760 284
1818770 284
1818780 284
1818790 284
1818800 284
1818810 286
1818820 287
1818830 288
1818840 288
1818850 290
1818860 291
1818870 293
1818880 294
1818890 295
1818900 295
1818910 295
1818920 296
1818930 296
1818940 296
1818950 297
1818960 297
1818970 297
1818980 298
1818990 298
1819000 298
1819010 299
1819020 299
1819030 300
1819040 300
1819050 300
1819060 301
1819070 301
1819080 302
1819090 302
1819100 302
1819110 302
1819120 302
1819130 303
1819140 303
1819150 303
1819160 303
1819170 304
1819180 304
1819190 304
1819200 304
1819210 305
1819220 305
1819230 305
1819240 305
1819250 306
1819260 306
1819270 306
1819280 306
1819290 307
1819300 307
1819310 307
1819320 307
1819330 307
1819340 308
1819350 308
1819360 308
1819370 308
1819380 308
1819390 308
1819400 308
1819410 308
1819420 308
1819430 308
1819440 308
1819450 308
1819460 308
1819470 308
1819480 308
1819490 308
1819500 308
1819510 307
1819520 307
1819530 307
1819540 307
1819550 307
1819560 307
1819570 307
1819580 307
1819590 307
1819600 307
1819610 307
1819620 307
1819630 307
1819640 307
1819650 308
1819660 308
1819670 308
1819680 308
1819690 308
1819700 308
1819710 308
1819720 308
1819730 308
1819740 308
1819750 308
1819760 308
1819770 309
1819780 309
1819790 309
1819800 309
1819810 309
1819820 309
1819830 309
1819840 309
1819850 309
1819860 309
1819870 309
1819880 309
1819890 309
1819900 309
1819910 309
1819920 309
1819930 309
1819940 309
1819950 309
1819960 309
1819970 309
1819980 309
1819990 309
