1800000 365
1800010 365
1800020 364
1800030 364
1800040 364
1800050 363
1800060 363
1800070 362
1800080 361
1800090 361
1800100 360
1800110 359
1800120 359
1800130 358
1800140 357
1800150 356
1800160 355
1800170 354
1800180 353
1800190 353
1800200 352
1800210 351
1800220 350
1800230 349
1800240 348
1800250 347
1800260 346
1800270 345
1800280 343
1800290 343
1800300 342
1800310 341
1800320 340
1800330 339
1800340 339
1800350 338
1800360 337
1800370 335
1800380 335
1800390 334
1800400 334
1800410 334
1800420 333
1800430 332
1800440 332
1800450 332
1800460 331
1800470 331
1800480 331
1800490 330
1800500 329
1800510 329
1800520 328
1800530 327
1800540 326
1800550 324
1800560 323
1800570 322
1800580 321
1800590 320
1800600 319
1800610 318
1800620 318
1800630 317
1800640 317
1800650 317
1800660 317
1800670 317
1800680 317
1800690 317
1800700 317
1800710 317
1800720 318
1800730 318
1800740 318
1800750 319
1800760 319
1800770 320
1800780 322
1800790 323
1800800 325
1800810 326
1800820 328
1800830 329
1800840 331
1800850 332
1800860 334
1800870 335
1800880 337
1800890 338
1800900 339
1800910 341
1800920 342
1800930 343
1800940 344
1800950 345
1800960 346
1800970 346
1800980 347
1800990 347
1801000 348
1801010 348
1801020 348
1801030 348
1801040 348
1801050 348
1801060 349
1801070 349
1801080 349
1801090 349
1801100 350
1801110 350
1801120 350
1801130 350
1801140 351
1801150 351
1801160 351
1801170 352
1801180 352
1801190 352
1801200 353
1801210 353
1801220 354
1801230 354
1801240 354
1801250 354
1801260 354
1801270 354
1801280 354
1801290 354
1801300 353
1801310 353
1801320 352
1801330 351
1801340 350
1801350 348
1801360 347
1801370 346
1801380 345
1801390 344
1801400 343
1801410 342
1801420 341
1801430 340
1801440 338
1801450 336
1801460 335
1801470 332
1801480 331
1801490 331
1801500 331
1801510 330
1801520 329
1801530 327
1801540 326
1801550 325
1801560 325
1801570 326
1801580 327
1801590 327
1801600 328
1801610 328
1801620 329
1801630 330
1801640 330
1801650 331
1801660 332
1801670 333
1801680 333
1801690 334
1801700 335
1801710 336
1801720 337
1801730 338
1801740 339
1801750 340
1801760 341
1801770 342
1801780 343
1801790 344
1801800 346
1801810 347
1801820 349
1801830 350
1801840 351
1801850 353
1801860 354
1801870 355
1801880 357
1801890 358
1801900 360
1801910 361
1801920 361
1801930 362
1801940 362
1801950 363
1801960 363
1801970 363
1801980 364
1801990 364
1802000 364
1802010 364
1802020 364
1802030 365
1802040 365
1802050 365
1802060 365
1802070 365
1802080 364
1802090 364
1802100 364
1802110 363
1802120 363
1802130 363
1802140 362
1802150 362
1802160 361
1802170 361
1802180 360
1802190 359
1802200 358
1802210 357
1802220 357
1802230 356
1802240 355
1802250 354
1802260 354
1802270 353
1802280 352
1802290 351
1802300 351
1802310 350
1802320 349
1802330 349
1802340 348
1802350 348
1802360 347
1802370 347
1802380 346
1802390 346
1802400 346
1802410 346
1802420 346
1802430 346
1802440 346
1802450 346
1802460 346
1802470 346
1802480 346
1802490 345
1802500 345
1802510 345
1802520 346
1802530 347
1802540 347
1802550 348
1802560 347
1802570 347
1802580 348
1802590 348
1802600 348
1802610 347
1802620 347
1802630 347
1802640 346
1802650 346
1802660 345
1802670 345
1802680 344
1802690 343
1802700 342
1802710 342
1802720 341
1802730 340
1802740 340
1802750 339
1802760 338
1802770 338
1802780 337
1802790 337
1802800 336
1802810 336
1802820 335
1802830 335
1802840 334
1802850 334
1802860 333
1802870 333
1802880 332
1802890 331
1802900 331
1802910 330
1802920 329
1802930 329
1802940 328
1802950 327
1802960 327
1802970 326
1802980 325
1802990 325
1803000 324
1803010 323
1803020 322
1803030 321
1803040 320
1803050 319
1803060 319
1803070 318
1803080 317
1803090 316
1803100 315
1803110 314
1803120 313
1803130 313
1803140 312
1803150 311
1803160 311
1803170 310
1803180 309
1803190 308
1803200 308
1803210 307
1803220 307
1803230 306
1803240 306
1803250 305
1803260 305
1803270 304
1803280 304
1803290 304
1803300 304
1803310 304
1803320 304
1803330 303
1803340 303
1803350 303
1803360 303
1803370 303
1803380 302
1803390 302
1803400 302
1803410 302
1803420 302
1803430 301
1803440 301
1803450 301
1803460 301
1803470 301
1803480 301
1803490 301
1803500 301
1803510 301
1803520 301
1803530 302
1803540 302
1803550 302
1803560 302
1803570 302
1803580 302
1803590 303
1803600 303
1803610 303
1803620 303
1803630 304
1803640 304
1803650 305
1803660 305
1803670 305
1803680 306
1803690 306
1803700 307
1803710 308
1803720 309
1803730 310
1803740 311
1803750 312
1803760 312
1803770 313
1803780 314
1803790 315
1803800 315
1803810 316
1803820 318
1803830 319
1803840 320
1803850 322
1803860 323
1803870 323
1803880 324
1803890 325
1803900 326
1803910 327
1803920 327
1803930 328
1803940 330
1803950 331
1803960 333
1803970 335
1803980 336
1803990 337
1804000 338
1804010 339
1804020 340
1804030 341
1804040 342
1804050 343
1804060 343
1804070 344
1804080 345
1804090 345
1804100 345
1804110 346
1804120 346
1804130 346
1804140 346
1804150 346
1804160 346
1804170 345
1804180 345
1804190 344
1804200 344
1804210 343
1804220 343
1804230 342
1804240 341
1804250 341
1804260 340
1804270 339
1804280 338
1804290 337
1804300 336
1804310 335
1804320 334
1804330 333
1804340 332
1804350 331
1804360 331
1804370 330
1804380 328
1804390 327
1804400 326
1804410 325
1804420 324
1804430 323
1804440 322
1804450 321
1804460 320
1804470 320
1804480 319
1804490 318
1804500 318
1804510 318
1804520 317
1804530 317
1804540 317
1804550 316
1804560 316
1804570 316
1804580 316
1804590 316
1804600 316
1804610 316
1804620 317
1804630 317
1804640 318
1804650 318
1804660 319
1804670 320
1804680 321
1804690 321
1804700 322
1804710 323
1804720 324
1804730 325
1804740 326
1804750 327
1804760 329
1804770 329
1804780 330
1804790 331
1804800 332
1804810 332
1804820 333
1804830 333
1804840 334
1804850 335
1804860 335
1804870 336
1804880 337
1804890 338
1804900 339
1804910 340
1804920 341
1804930 342
1804940 344
1804950 345
1804960 346
1804970 347
1804980 349
1804990 350
1805000 351
1805010 352
1805020 354
1805030 355
1805040 356
1805050 357
1805060 358
1805070 359
1805080 359
1805090 360
1805100 360
1805110 360
1805120 360
1805130 359
1805140 359
1805150 358
1805160 357
1805170 356
1805180 355
1805190 354
1805200 353
1805210 352
1805220 350
1805230 349
1805240 348
1805250 347
1805260 346
1805270 345
1805280 345
1805290 344
1805300 343
1805310 342
1805320 341
1805330 340
1805340 340
1805350 339
1805360 338
1805370 338
1805380 337
1805390 337
1805400 336
1805410 336
1805420 335
1805430 335
1805440 335
1805450 335
1805460 335
1805470 334
1805480 334
1805490 334
1805500 333
1805510 333
1805520 332
1805530 331
1805540 331
1805550 330
1805560 330
1805570 329
1805580 329
1805590 328
1805600 328
1805610 327
1805620 327
1805630 326
1805640 326
1805650 325
1805660 325
1805670 325
1805680 325
1805690 325
1805700 325
1805710 325
1805720 324
1805730 324
1805740 324
1805750 323
1805760 323
1805770 322
1805780 321
1805790 320
1805800 319
1805810 318
1805820 317
1805830 317
1805840 316
1805850 316
1805860 316
1805870 315
1805880 315
1805890 315
1805900 315
1805910 315
1805920 315
1805930 316
1805940 317
1805950 318
1805960 320
1805970 321
1805980 323
1805990 325
1806000 328
1806010 330
1806020 333
1806030 335
1806040 337
1806050 338
1806060 338
1806070 339
1806080 339
1806090 339
1806100 339
1806110 339
1806120 339
1806130 339
1806140 339
1806150 339
1806160 339
1806170 339
1806180 339
1806190 339
1806200 339
1806210 338
1806220 338
1806230 337
1806240 337
1806250 336
1806260 335
1806270 334
1806280 333
1806290 332
1806300 331
1806310 330
1806320 329
1806330 329
1806340 328
1806350 327
1806360 326
1806370 326
1806380 325
1806390 325
1806400 325
1806410 325
1806420 325
1806430 325
1806440 325
1806450 326
1806460 326
1806470 327
1806480 328
1806490 329
1806500 329
1806510 330
1806520 331
1806530 332
1806540 333
1806550 335
1806560 336
1806570 338
1806580 340
1806590 341
1806600 343
1806610 344
1806620 347
1806630 349
1806640 351
1806650 352
1806660 354
1806670 355
1806680 355
1806690 356
1806700 356
1806710 355
1806720 353
1806730 352
1806740 351
1806750 350
1806760 350
1806770 350
1806780 349
1806790 349
1806800 348
1806810 348
1806820 347
1806830 347
1806840 346
1806850 345
1806860 344
1806870 344
1806880 343
1806890 342
1806900 341
1806910 340
1806920 339
1806930 337
1806940 336
1806950 336
1806960 335
1806970 335
1806980 334
1806990 334
1807000 333
1807010 331
1807020 330
1807030 329
1807040 329
1807050 328
1807060 328
1807070 327
1807080 326
1807090 326
1807100 325
1807110 324
1807120 323
1807130 322
1807140 321
1807150 320
1807160 320
1807170 319
1807180 318
1807190 317
1807200 316
1807210 315
1807220 314
1807230 313
1807240 313
1807250 312
1807260 311
1807270 310
1807280 309
1807290 308
1807300 307
1807310 306
1807320 306
1807330 305
1807340 304
1807350 304
1807360 303
1807370 302
1807380 302
1807390 302
1807400 301
1807410 301
1807420 300
1807430 300
1807440 300
1807450 300
1807460 299
1807470 299
1807480 299
1807490 299
1807500 299
1807510 299
1807520 298
1807530 298
1807540 298
1807550 298
1807560 298
1807570 298
1807580 298
1807590 298
1807600 297
1807610 297
1807620 297
1807630 297
1807640 296
1807650 296
1807660 296
1807670 296
1807680 296
1807690 296
1807700 296
1807710 295
1807720 295
1807730 295
1807740 294
1807750 294
1807760 294
1807770 294
1807780 294
1807790 294
1807800 294
1807810 294
1807820 294
1807830 294
1807840 293
1807850 292
1807860 292
1807870 293
1807880 294
1807890 294
1807900 294
1807910 293
1807920 293
1807930 293
1807940 293
1807950 293
1807960 293
1807970 293
1807980 293
1807990 293
1808000 293
1808010 293
1808020 293
1808030 293
1808040 293
1808050 293
1808060 293
1808070 293
1808080 293
1808090 293
1808100 293
1808110 293
1808120 293
1808130 293
1808140 293
1808150 293
1808160 293
1808170 293
1808180 293
1808190 293
1808200 293
1808210 293
1808220 293
1808230 293
1808240 293
1808250 293
1808260 293
1808270 293
1808280 293
1808290 293
1808300 293
1808310 293
1808320 293
1808330 293
1808340 293
1808350 293
1808360 293
1808370 293
1808380 293
1808390 293
1808400 293
1808410 292
1808420 292
1808430 292
1808440 292
1808450 292
1808460 292
1808470 292
1808480 292
1808490 292
1808500 292
1808510 292
1808520 292
1808530 292
1808540 292
1808550 291
1808560 291
1808570 291
1808580 291
1808590 291
1808600 291
1808610 291
1808620 291
1808630 291
1808640 291
1808650 291
1808660 291
1808670 291
1808680 291
1808690 291
1808700 291
1808710 291
1808720 291
1808730 291
1808740 291
1808750 291
1808760 291
1808770 291
1808780 291
1808790 291
1808800 291
1808810 291
1808820 291
1808830 291
1808840 291
1808850 290
1808860 290
1808870 290
1808880 290
1808890 290
1808900 290
1808910 290
1808920 290
1808930 290
1808940 290
1808950 290
1808960 290
1808970 290
1808980 290
1808990 290
1809000 290
1809010 290
1809020 290
1809030 290
1809040 290
1809050 290
1809060 290
1809070 290
1809080 290
1809090 290
1809100 290
1809110 290
1809120 290
1809130 290
1809140 290
1809150 290
1809160 290
1809170 289
1809180 289
1809190 290
1809200 290
1809210 290
1809220 290
1809230 289
1809240 289
1809250 289
1809260 289
1809270 289
1809280 289
1809290 289
1809300 289
1809310 289
1809320 289
1809330 289
1809340 289
1809350 289
1809360 289
1809370 289
1809380 289
1809390 289
1809400 289
1809410 289
1809420 289
1809430 289
1809440 289
1809450 289
1809460 289
1809470 289
1809480 289
1809490 289
1809500 289
1809510 289
1809520 289
1809530 289
1809540 289
1809550 289
1809560 289
1809570 289
1809580 289
1809590 289
1809600 289
1809610 289
1809620 289
1809630 289
1809640 289
1809650 289
1809660 289
1809670 289
1809680 289
1809690 289
1809700 289
1809710 289
1809720 289
1809730 289
1809740 289
1809750 289
1809760 289
1809770 289
1809780 289
1809790 289
1809800 289
1809810 289
1809820 289
1809830 289
1809840 289
1809850 289
1809860 289
1809870 289
1809880 289
1809890 289
1809900 289
1809910 289
1809920 289
1809930 289
1809940 289
1809950 289
1809960 289
1809970 289
1809980 289
1809990 290
1810000 290
1810010 290
1810020 290
1810030 290
1810040 290
1810050 289
1810060 289
1810070 289
1810080 289
1810090 289
1810100 289
1810110 289
1810120 289
1810130 289
1810140 289
1810150 289
1810160 289
1810170 289
1810180 289
1810190 289
1810200 288
1810210 288
1810220 288
1810230 288
1810240 288
1810250 288
1810260 289
1810270 289
1810280 289
1810290 289
1810300 289
1810310 289
1810320 289
1810330 289
1810340 289
1810350 289
1810360 289
1810370 289
1810380 289
1810390 288
1810400 288
1810410 288
1810420 288
1810430 288
1810440 288
1810450 288
1810460 289
1810470 289
1810480 289
1810490 289
1810500 289
1810510 289
1810520 289
1810530 290
1810540 290
1810550 290
1810560 290
1810570 290
1810580 290
1810590 290
1810600 290
1810610 290
1810620 290
1810630 290
1810640 290
1810650 290
1810660 291
1810670 291
1810680 291
1810690 290
1810700 290
1810710 290
1810720 291
1810730 291
1810740 291
1810750 290
1810760 290
1810770 290
1810780 290
1810790 290
1810800 290
1810810 290
1810820 290
1810830 290
1810840 290
1810850 290
1810860 290
1810870 290
1810880 290
1810890 290
1810900 291
1810910 291
1810920 291
1810930 291
1810940 291
1810950 291
1810960 291
1810970 291
1810980 291
1810990 291
1811000 291
1811010 291
1811020 291
1811030 291
1811040 291
1811050 291
1811060 291
1811070 291
1811080 291
1811090 291
1811100 291
1811110 290
1811120 290
1811130 290
1811140 289
1811150 289
1811160 288
1811170 288
1811180 287
1811190 287
1811200 286
1811210 286
1811220 285
1811230 285
1811240 284
1811250 284
1811260 284
1811270 283
1811280 283
1811290 283
1811300 283
1811310 283
1811320 283
1811330 283
1811340 283
1811350 283
1811360 283
1811370 283
1811380 283
1811390 283
1811400 283
1811410 283
1811420 283
1811430 282
1811440 282
1811450 282
1811460 282
1811470 282
1811480 282
1811490 282
1811500 282
1811510 282
1811520 282
1811530 282
1811540 283
1811550 282
1811560 282
1811570 282
1811580 282
1811590 282
1811600 282
1811610 282
1811620 282
1811630 283
1811640 283
1811650 283
1811660 283
1811670 283
1811680 282
1811690 282
1811700 282
1811710 282
1811720 282
1811730 283
1811740 283
1811750 283
1811760 283
1811770 282
1811780 282
1811790 282
1811800 282
1811810 282
1811820 282
1811830 282
1811840 282
1811850 282
1811860 282
1811870 282
1811880 282
1811890 282
1811900 282
1811910 283
1811920 283
1811930 283
1811940 283
1811950 283
1811960 283
1811970 283
1811980 282
1811990 282
1812000 282
1812010 282
1812020 282
1812030 282
1812040 282
1812050 282
1812060 282
1812070 282
1812080 282
1812090 282
1812100 282
1812110 282
1812120 282
1812130 282
1812140 282
1812150 282
1812160 282
1812170 282
1812180 282
1812190 282
1812200 282
1812210 282
1812220 282
1812230 282
1812240 282
1812250 282
1812260 282
1812270 282
1812280 282
1812290 282
1812300 282
1812310 282
1812320 282
1812330 282
1812340 282
1812350 282
1812360 282
1812370 282
1812380 282
1812390 282
1812400 282
1812410 282
1812420 282
1812430 282
1812440 282
1812450 282
1812460 282
1812470 282
1812480 282
1812490 282
1812500 282
1812510 282
1812520 282
1812530 282
1812540 282
1812550 282
1812560 282
1812570 282
1812580 282
1812590 282
1812600 282
1812610 282
1812620 282
1812630 282
1812640 282
1812650 282
1812660 282
1812670 282
1812680 282
1812690 282
1812700 282
1812710 282
1812720 282
1812730 282
1812740 282
1812750 282
1812760 282
1812770 282
1812780 282
1812790 282
1812800 282
1812810 282
1812820 282
1812830 282
1812840 282
1812850 282
1812860 281
1812870 281
1812880 281
1812890 281
1812900 281
1812910 281
1812920 282
1812930 282
1812940 282
1812950 282
1812960 282
1812970 282
1812980 282
1812990 283
1813000 283
1813010 283
1813020 283
1813030 283
1813040 284
1813050 284
1813060 284
1813070 284
1813080 285
1813090 285
1813100 286
1813110 286
1813120 287
1813130 287
1813140 287
1813150 288
1813160 288
1813170 288
1813180 289
1813190 289
1813200 290
1813210 290
1813220 290
1813230 290
1813240 290
1813250 290
1813260 291
1813270 291
1813280 291
1813290 291
1813300 292
1813310 292
1813320 292
1813330 292
1813340 292
1813350 293
1813360 293
1813370 293
1813380 293
1813390 294
1813400 294
1813410 294
1813420 294
1813430 295
1813440 295
1813450 295
1813460 295
1813470 295
1813480 294
1813490 294
1813500 293
1813510 293
1813520 293
1813530 293
1813540 293
1813550 293
1813560 294
1813570 294
1813580 294
1813590 294
1813600 294
1813610 294
1813620 295
1813630 295
1813640 296
1813650 296
1813660 297
1813670 297
1813680 298
1813690 298
1813700 299
1813710 299
1813720 299
1813730 300
1813740 300
1813750 300
1813760 301
1813770 301
1813780 301
1813790 301
1813800 302
1813810 302
1813820 302
1813830 303
1813840 303
1813850 303
1813860 303
1813870 303
1813880 304
1813890 304
1813900 304
1813910 304
1813920 304
1813930 304
1813940 304
1813950 304
1813960 304
1813970 304
1813980 305
1813990 305
1814000 305
1814010 305
1814020 305
1814030 305
1814040 305
1814050 305
1814060 305
1814070 305
1814080 305
1814090 305
1814100 305
1814110 305
1814120 306
1814130 306
1814140 306
1814150 306
1814160 306
1814170 306
1814180 306
1814190 306
1814200 307
1814210 307
1814220 307
1814230 307
1814240 307
1814250 307
1814260 307
1814270 307
1814280 307
1814290 307
1814300 307
1814310 308
1814320 308
1814330 308
1814340 308
1814350 309
1814360 309
1814370 309
1814380 309
1814390 309
1814400 310
1814410 310
1814420 310
1814430 311
1814440 311
1814450 311
1814460 312
1814470 312
1814480 312
1814490 313
1814500 313
1814510 313
1814520 314
1814530 314
1814540 314
1814550 314
1814560 315
1814570 315
1814580 315
1814590 316
1814600 316
1814610 316
1814620 316
1814630 317
1814640 317
1814650 317
1814660 318
1814670 318
1814680 318
1814690 319
1814700 319
1814710 319
1814720 320
1814730 320
1814740 320
1814750 320
1814760 320
1814770 321
1814780 321
1814790 321
1814800 321
1814810 321
1814820 321
1814830 321
1814840 321
1814850 321
1814860 321
1814870 321
1814880 321
1814890 320
1814900 320
1814910 320
1814920 319
1814930 318
1814940 318
1814950 317
1814960 317
1814970 316
1814980 315
1814990 315
1815000 314
1815010 314
1815020 313
1815030 312
1815040 312
1815050 311
1815060 311
1815070 310
1815080 310
1815090 309
1815100 309
1815110 308
1815120 308
1815130 307
1815140 306
1815150 306
1815160 305
1815170 304
1815180 304
1815190 303
1815200 302
1815210 302
1815220 301
1815230 301
1815240 300
1815250 299
1815260 298
1815270 298
1815280 297
1815290 296
1815300 296
1815310 295
1815320 295
1815330 294
1815340 294
1815350 293
1815360 292
1815370 292
1815380 291
1815390 291
1815400 290
1815410 290
1815420 290
1815430 289
1815440 289
1815450 288
1815460 288
1815470 288
1815480 287
1815490 287
1815500 287
1815510 286
1815520 286
1815530 286
1815540 286
1815550 286
1815560 286
1815570 286
1815580 286
1815590 285
1815600 284
1815610 283
1815620 283
1815630 282
1815640 282
1815650 282
1815660 282
1815670 281
1815680 281
1815690 281
1815700 281
1815710 281
1815720 281
1815730 281
1815740 280
1815750 280
1815760 280
1815770 280
1815780 280
1815790 280
1815800 280
1815810 280
1815820 280
1815830 280
1815840 280
1815850 280
1815860 280
1815870 279
1815880 279
1815890 278
1815900 278
1815910 278
1815920 278
1815930 279
1815940 279
1815950 279
1815960 279
1815970 279
1815980 279
1815990 279
1816000 279
1816010 279
1816020 279
1816030 279
1816040 279
1816050 279
1816060 279
1816070 279
1816080 279
1816090 279
1816100 279
1816110 279
1816120 279
1816130 279
1816140 279
1816150 279
1816160 279
1816170 279
1816180 279
1816190 279
1816200 279
1816210 279
1816220 279
1816230 279
1816240 278
1816250 278
1816260 278
1816270 278
1816280 278
1816290 279
1816300 279
1816310 278
1816320 278
1816330 278
1816340 278
1816350 279
1816360 279
1816370 279
1816380 279
1816390 279
1816400 279
1816410 279
1816420 279
1816430 279
1816440 279
1816450 279
1816460 279
1816470 279
1816480 279
1816490 279
1816500 279
1816510 279
1816520 279
1816530 279
1816540 279
1816550 279
1816560 279
1816570 279
1816580 279
1816590 279
1816600 279
1816610 279
1816620 279
1816630 279
1816640 279
1816650 279
1816660 279
1816670 279
1816680 279
1816690 279
1816700 279
1816710 279
1816720 279
1816730 279
1816740 279
1816750 279
1816760 279
1816770 279
1816780 279
1816790 279
1816800 279
1816810 279
1816820 279
1816830 279
1816840 279
1816850 279
1816860 279
1816870 279
1816880 279
1816890 279
1816900 279
1816910 280
1816920 280
1816930 280
1816940 280
1816950 280
1816960 280
1816970 280
1816980 280
1816990 280
1817000 281
1817010 281
1817020 281
1817030 281
1817040 281
1817050 281
1817060 281
1817070 281
1817080 281
1817090 282
1817100 282
1817110 282
1817120 282
1817130 282
1817140 281
1817150 281
1817160 281
1817170 282
1817180 282
1817190 282
1817200 283
1817210 283
1817220 283
1817230 283
1817240 284
1817250 284
1817260 284
1817270 285
1817280 286
1817290 287
1817300 287
1817310 288
1817320 289
1817330 289
1817340 290
1817350 291
1817360 292
1817370 292
1817380 293
1817390 294
1817400 294
1817410 295
1817420 296
1817430 296
1817440 297
1817450 297
1817460 298
1817470 298
1817480 299
1817490 299
1817500 300
1817510 300
1817520 301
1817530 301
1817540 302
1817550 302
1817560 302
1817570 303
1817580 303
1817590 303
1817600 303
1817610 304
1817620 304
1817630 304
1817640 304
1817650 304
1817660 305
1817670 305
1817680 305
1817690 305
1817700 305
1817710 305
1817720 306
1817730 306
1817740 306
1817750 306
1817760 306
1817770 306
1817780 306
1817790 306
1817800 307
1817810 307
1817820 307
1817830 307
1817840 307
1817850 307
1817860 307
1817870 307
1817880 307
1817890 307
1817900 307
1817910 307
1817920 307
1817930 307
1817940 308
1817950 308
1817960 308
1817970 308
1817980 308
1817990 308
1818000 308
1818010 308
1818020 308
1818030 308
1818040 309
1818050 309
1818060 309
1818070 309
1818080 309
1818090 309
1818100 308
1818110 308
1818120 308
1818130 308
1818140 308
1818150 307
1818160 307
1818170 306
1818180 306
1818190 306
1818200 305
1818210 305
1818220 304
1818230 304
1818240 303
1818250 303
1818260 302
1818270 301
1818280 301
1818290 300
1818300 299
1818310 299
1818320 298
1818330 297
1818340 296
1818350 296
1818360 294
1818370 293
1818380 292
1818390 292
1818400 291
1818410 291
1818420 290
1818430 290
1818440 289
1818450 288
1818460 287
1818470 287
1818480 287
1818490 288
1818500 288
1818510 288
1818520 289
1818530 289
1818540 289
1818550 289
1818560 290
1818570 290
1818580 290
1818590 290
1818600 290
1818610 290
1818620 291
1818630 291
1818640 291
1818650 292
1818660 292
1818670 293
1818680 293
1818690 294
1818700 294
1818710 294
1818720 295
1818730 295
1818740 296
1818750 296
1818760 296
1818770 297
1818780 297
1818790 298
1818800 298
1818810 299
1818820 299
1818830 299
1818840 300
1818850 300
1818860 301
1818870 301
1818880 302
1818890 302
1818900 303
1818910 303
1818920 304
1818930 304
1818940 304
1818950 305
1818960 305
1818970 306
1818980 306
1818990 306
1819000 307
1819010 307
1819020 307
1819030 308
1819040 308
1819050 309
1819060 309
1819070 310
1819080 310
1819090 311
1819100 311
1819110 311
1819120 312
1819130 312
1819140 312
1819150 312
1819160 312
1819170 312
1819180 312
1819190 312
1819200 312
1819210 311
1819220 311
1819230 311
1819240 311
1819250 311
1819260 311
1819270 311
1819280 311
1819290 311
1819300 311
1819310 311
1819320 311
1819330 311
1819340 311
1819350 312
1819360 312
1819370 312
1819380 312
1819390 312
1819400 313
1819410 313
1819420 313
1819430 313
1819440 313
1819450 313
1819460 313
1819470 313
1819480 313
1819490 313
1819500 313
1819510 313
1819520 313
1819530 313
1819540 313
1819550 313
1819560 313
1819570 313
1819580 313
1819590 313
1819600 313
1819610 313
1819620 313
1819630 313
1819640 313
1819650 313
1819660 313
1819670 313
1819680 313
1819690 313
1819700 313
1819710 313
1819720 313
1819730 313
1819740 314
1819750 315
1819760 315
1819770 316
1819780 316
1819790 316
1819800 316
1819810 317
1819820 317
1819830 317
1819840 318
1819850 318
1819860 318
1819870 319
1819880 319
1819890 319
1819900 319
1819910 320
1819920 320
1819930 320
1819940 321
1819950 321
1819960 321
1819970 322
1819980 322
1819990 322
