1800000 365
1800010 368
1800020 369
1800030 370
1800040 371
1800050 371
1800060 371
1800070 372
1800080 371
1800090 370
1800100 370
1800110 369
1800120 367
1800130 366
1800140 365
1800150 363
1800160 362
1800170 361
1800180 360
1800190 359
1800200 357
1800210 356
1800220 355
1800230 354
1800240 354
1800250 353
1800260 352
1800270 351
1800280 349
1800290 348
1800300 348
1800310 347
1800320 346
1800330 345
1800340 344
1800350 342
1800360 341
1800370 340
1800380 339
1800390 338
1800400 336
1800410 335
1800420 333
1800430 332
1800440 331
1800450 330
1800460 330
1800470 329
1800480 328
1800490 327
1800500 327
1800510 326
1800520 325
1800530 324
1800540 324
1800550 323
1800560 322
1800570 321
1800580 321
1800590 320
1800600 320
1800610 320
1800620 320
1800630 319
1800640 319
1800650 319
1800660 319
1800670 319
1800680 319
1800690 319
1800700 319
1800710 319
1800720 319
1800730 319
1800740 320
1800750 320
1800760 320
1800770 320
1800780 321
1800790 322
1800800 323
1800810 324
1800820 326
1800830 326
1800840 327
1800850 328
1800860 328
1800870 328
1800880 328
1800890 329
1800900 330
1800910 332
1800920 333
1800930 334
1800940 335
1800950 335
1800960 336
1800970 337
1800980 338
1800990 338
1801000 339
1801010 340
1801020 340
1801030 341
1801040 341
1801050 341
1801060 342
1801070 342
1801080 343
1801090 343
1801100 344
1801110 344
1801120 345
1801130 346
1801140 347
1801150 349
1801160 350
1801170 351
1801180 352
1801190 353
1801200 354
1801210 355
1801220 356
1801230 356
1801240 357
1801250 357
1801260 356
1801270 356
1801280 355
1801290 355
1801300 355
1801310 354
1801320 354
1801330 353
1801340 353
1801350 352
1801360 352
1801370 351
1801380 351
1801390 350
1801400 350
1801410 350
1801420 350
1801430 351
1801440 351
1801450 351
1801460 351
1801470 351
1801480 350
1801490 350
1801500 349
1801510 348
1801520 348
1801530 347
1801540 346
1801550 346
1801560 346
1801570 346
1801580 346
1801590 346
1801600 346
1801610 346
1801620 345
1801630 345
1801640 344
1801650 344
1801660 345
1801670 345
1801680 345
1801690 345
1801700 346
1801710 347
1801720 348
1801730 349
1801740 350
1801750 351
1801760 353
1801770 354
1801780 355
1801790 356
1801800 357
1801810 358
1801820 359
1801830 360
1801840 361
1801850 362
1801860 363
1801870 363
1801880 363
1801890 362
1801900 361
1801910 360
1801920 359
1801930 357
1801940 357
1801950 356
1801960 355
1801970 354
1801980 353
1801990 352
1802000 351
1802010 350
1802020 350
1802030 350
1802040 350
1802050 350
1802060 350
1802070 350
1802080 350
1802090 350
1802100 351
1802110 351
1802120 351
1802130 351
1802140 351
1802150 350
1802160 350
1802170 350
1802180 349
1802190 348
1802200 347
1802210 346
1802220 346
1802230 345
1802240 344
1802250 343
1802260 343
1802270 342
1802280 341
1802290 341
1802300 340
1802310 339
1802320 338
1802330 338
1802340 337
1802350 336
1802360 335
1802370 334
1802380 333
1802390 332
1802400 330
1802410 329
1802420 328
1802430 327
1802440 327
1802450 326
1802460 326
1802470 325
1802480 326
1802490 326
1802500 326
1802510 327
1802520 328
1802530 328
1802540 329
1802550 329
1802560 330
1802570 331
1802580 331
1802590 332
1802600 332
1802610 332
1802620 331
1802630 330
1802640 328
1802650 326
1802660 324
1802670 323
1802680 323
1802690 322
1802700 323
1802710 324
1802720 324
1802730 323
1802740 323
1802750 323
1802760 322
1802770 321
1802780 321
1802790 320
1802800 320
1802810 319
1802820 319
1802830 318
1802840 317
1802850 317
1802860 316
1802870 316
1802880 315
1802890 315
1802900 314
1802910 314
1802920 313
1802930 313
1802940 312
1802950 311
1802960 311
1802970 311
1802980 311
1802990 310
1803000 310
1803010 309
1803020 309
1803030 308
1803040 308
1803050 307
1803060 306
1803070 306
1803080 306
1803090 305
1803100 305
1803110 305
1803120 304
1803130 304
1803140 304
1803150 304
1803160 303
1803170 303
1803180 303
1803190 303
1803200 303
1803210 303
1803220 303
1803230 303
1803240 303
1803250 303
1803260 303
1803270 303
1803280 302
1803290 302
1803300 302
1803310 302
1803320 302
1803330 302
1803340 302
1803350 302
1803360 302
1803370 302
1803380 302
1803390 302
1803400 302
1803410 303
1803420 303
1803430 303
1803440 304
1803450 305
1803460 306
1803470 307
1803480 308
1803490 310
1803500 312
1803510 313
1803520 315
1803530 317
1803540 319
1803550 319
1803560 320
1803570 320
1803580 320
1803590 320
1803600 320
1803610 320
1803620 319
1803630 319
1803640 319
1803650 318
1803660 318
1803670 317
1803680 317
1803690 316
1803700 316
1803710 315
1803720 315
1803730 315
1803740 315
1803750 316
1803760 317
1803770 318
1803780 319
1803790 320
1803800 321
1803810 321
1803820 321
1803830 321
1803840 322
1803850 323
1803860 323
1803870 324
1803880 324
1803890 323
1803900 323
1803910 321
1803920 320
1803930 319
1803940 319
1803950 319
1803960 319
1803970 319
1803980 319
1803990 320
1804000 320
1804010 321
1804020 322
1804030 322
1804040 323
1804050 324
1804060 325
1804070 326
1804080 327
1804090 327
1804100 328
1804110 329
1804120 329
1804130 330
1804140 330
1804150 330
1804160 331
1804170 331
1804180 332
1804190 332
1804200 333
1804210 334
1804220 334
1804230 336
1804240 338
1804250 339
1804260 339
1804270 342
1804280 345
1804290 346
1804300 347
1804310 348
1804320 348
1804330 346
1804340 345
1804350 344
1804360 343
1804370 342
1804380 341
1804390 340
1804400 339
1804410 338
1804420 337
1804430 336
1804440 335
1804450 333
1804460 332
1804470 331
1804480 330
1804490 329
1804500 328
1804510 327
1804520 326
1804530 325
1804540 324
1804550 323
1804560 322
1804570 322
1804580 321
1804590 321
1804600 320
1804610 320
1804620 320
1804630 320
1804640 320
1804650 320
1804660 320
1804670 320
1804680 321
1804690 321
1804700 322
1804710 323
1804720 324
1804730 325
1804740 325
1804750 326
1804760 327
1804770 328
1804780 329
1804790 330
1804800 332
1804810 333
1804820 335
1804830 337
1804840 339
1804850 341
1804860 342
1804870 344
1804880 344
1804890 346
1804900 347
1804910 348
1804920 349
1804930 350
1804940 351
1804950 352
1804960 353
1804970 354
1804980 355
1804990 355
1805000 356
1805010 357
1805020 358
1805030 359
1805040 359
1805050 359
1805060 360
1805070 359
1805080 359
1805090 358
1805100 357
1805110 356
1805120 354
1805130 353
1805140 352
1805150 351
1805160 350
1805170 349
1805180 347
1805190 346
1805200 345
1805210 343
1805220 342
1805230 341
1805240 340
1805250 339
1805260 338
1805270 337
1805280 336
1805290 336
1805300 335
1805310 335
1805320 334
1805330 334
1805340 333
1805350 333
1805360 332
1805370 332
1805380 331
1805390 330
1805400 330
1805410 329
1805420 329
1805430 328
1805440 328
1805450 328
1805460 327
1805470 327
1805480 326
1805490 326
1805500 325
1805510 325
1805520 325
1805530 324
1805540 324
1805550 324
1805560 324
1805570 323
1805580 323
1805590 323
1805600 323
1805610 323
1805620 323
1805630 323
1805640 323
1805650 323
1805660 322
1805670 322
1805680 322
1805690 322
1805700 322
1805710 321
1805720 321
1805730 321
1805740 321
1805750 321
1805760 321
1805770 321
1805780 321
1805790 321
1805800 321
1805810 322
1805820 322
1805830 321
1805840 321
1805850 321
1805860 320
1805870 319
1805880 319
1805890 318
1805900 318
1805910 318
1805920 318
1805930 318
1805940 318
1805950 319
1805960 319
1805970 320
1805980 321
1805990 322
1806000 323
1806010 326
1806020 328
1806030 330
1806040 333
1806050 335
1806060 337
1806070 339
1806080 340
1806090 342
1806100 344
1806110 345
1806120 347
1806130 348
1806140 349
1806150 350
1806160 351
1806170 352
1806180 352
1806190 352
1806200 352
1806210 352
1806220 352
1806230 352
1806240 351
1806250 351
1806260 351
1806270 350
1806280 350
1806290 350
1806300 349
1806310 349
1806320 348
1806330 347
1806340 346
1806350 345
1806360 345
1806370 344
1806380 343
1806390 343
1806400 342
1806410 341
1806420 341
1806430 341
1806440 341
1806450 342
1806460 342
1806470 343
1806480 344
1806490 345
1806500 346
1806510 347
1806520 348
1806530 349
1806540 350
1806550 351
1806560 352
1806570 353
1806580 354
1806590 354
1806600 354
1806610 354
1806620 354
1806630 354
1806640 353
1806650 353
1806660 353
1806670 352
1806680 351
1806690 351
1806700 350
1806710 349
1806720 348
1806730 348
1806740 347
1806750 346
1806760 345
1806770 344
1806780 342
1806790 340
1806800 340
1806810 340
1806820 339
1806830 337
1806840 335
1806850 334
1806860 332
1806870 329
1806880 328
1806890 327
1806900 326
1806910 326
1806920 325
1806930 325
1806940 324
1806950 324
1806960 323
1806970 323
1806980 323
1806990 322
1807000 321
1807010 319
1807020 318
1807030 317
1807040 316
1807050 315
1807060 314
1807070 313
1807080 312
1807090 312
1807100 311
1807110 310
1807120 309
1807130 307
1807140 307
1807150 306
1807160 306
1807170 305
1807180 305
1807190 304
1807200 304
1807210 303
1807220 302
1807230 302
1807240 301
1807250 301
1807260 301
1807270 301
1807280 300
1807290 300
1807300 299
1807310 299
1807320 298
1807330 298
1807340 298
1807350 298
1807360 298
1807370 297
1807380 297
1807390 297
1807400 297
1807410 296
1807420 296
1807430 296
1807440 296
1807450 296
1807460 296
1807470 296
1807480 296
1807490 296
1807500 296
1807510 295
1807520 295
1807530 295
1807540 295
1807550 295
1807560 295
1807570 295
1807580 295
1807590 295
1807600 295
1807610 294
1807620 294
1807630 294
1807640 295
1807650 295
1807660 295
1807670 295
1807680 295
1807690 294
1807700 294
1807710 294
1807720 294
1807730 294
1807740 294
1807750 294
1807760 294
1807770 294
1807780 294
1807790 294
1807800 294
1807810 294
1807820 294
1807830 294
1807840 294
1807850 294
1807860 293
1807870 293
1807880 294
1807890 294
1807900 294
1807910 294
1807920 294
1807930 294
1807940 294
1807950 294
1807960 294
1807970 294
1807980 294
1807990 293
1808000 293
1808010 293
1808020 293
1808030 293
1808040 293
1808050 293
1808060 293
1808070 293
1808080 293
1808090 293
1808100 293
1808110 293
1808120 293
1808130 293
1808140 293
1808150 293
1808160 293
1808170 293
1808180 293
1808190 293
1808200 293
1808210 293
1808220 293
1808230 293
1808240 293
1808250 293
1808260 293
1808270 293
1808280 293
1808290 293
1808300 293
1808310 293
1808320 293
1808330 294
1808340 294
1808350 294
1808360 293
1808370 293
1808380 293
1808390 293
1808400 293
1808410 293
1808420 293
1808430 293
1808440 292
1808450 292
1808460 292
1808470 292
1808480 292
1808490 292
1808500 292
1808510 292
1808520 292
1808530 292
1808540 292
1808550 292
1808560 292
1808570 292
1808580 292
1808590 292
1808600 292
1808610 292
1808620 292
1808630 292
1808640 292
1808650 292
1808660 292
1808670 292
1808680 292
1808690 291
1808700 291
1808710 291
1808720 291
1808730 291
1808740 291
1808750 291
1808760 291
1808770 291
1808780 291
1808790 291
1808800 291
1808810 291
1808820 291
1808830 291
1808840 291
1808850 291
1808860 291
1808870 291
1808880 290
1808890 290
1808900 291
1808910 291
1808920 291
1808930 291
1808940 291
1808950 291
1808960 291
1808970 291
1808980 291
1808990 290
1809000 290
1809010 290
1809020 290
1809030 290
1809040 290
1809050 290
1809060 290
1809070 290
1809080 290
1809090 290
1809100 290
1809110 290
1809120 290
1809130 290
1809140 290
1809150 290
1809160 290
1809170 290
1809180 290
1809190 290
1809200 290
1809210 290
1809220 290
1809230 290
1809240 290
1809250 290
1809260 290
1809270 290
1809280 290
1809290 290
1809300 290
1809310 290
1809320 290
1809330 290
1809340 290
1809350 290
1809360 290
1809370 290
1809380 290
1809390 290
1809400 290
1809410 290
1809420 290
1809430 290
1809440 290
1809450 290
1809460 290
1809470 290
1809480 290
1809490 290
1809500 290
1809510 290
1809520 290
1809530 290
1809540 290
1809550 290
1809560 290
1809570 290
1809580 290
1809590 290
1809600 290
1809610 290
1809620 290
1809630 290
1809640 290
1809650 290
1809660 290
1809670 290
1809680 290
1809690 290
1809700 290
1809710 290
1809720 290
1809730 290
1809740 290
1809750 290
1809760 290
1809770 290
1809780 290
1809790 290
1809800 290
1809810 290
1809820 290
1809830 290
1809840 290
1809850 290
1809860 290
1809870 290
1809880 290
1809890 290
1809900 290
1809910 290
1809920 290
1809930 290
1809940 290
1809950 290
1809960 291
1809970 291
1809980 291
1809990 291
1810000 292
1810010 292
1810020 292
1810030 292
1810040 292
1810050 292
1810060 292
1810070 292
1810080 292
1810090 292
1810100 292
1810110 292
1810120 292
1810130 292
1810140 292
1810150 292
1810160 292
1810170 292
1810180 292
1810190 292
1810200 292
1810210 292
1810220 292
1810230 292
1810240 292
1810250 292
1810260 292
1810270 292
1810280 292
1810290 292
1810300 292
1810310 292
1810320 292
1810330 292
1810340 292
1810350 292
1810360 292
1810370 292
1810380 292
1810390 292
1810400 292
1810410 292
1810420 292
1810430 292
1810440 293
1810450 293
1810460 293
1810470 293
1810480 292
1810490 292
1810500 292
1810510 292
1810520 292
1810530 292
1810540 292
1810550 292
1810560 292
1810570 292
1810580 292
1810590 292
1810600 292
1810610 292
1810620 292
1810630 292
1810640 292
1810650 292
1810660 292
1810670 292
1810680 293
1810690 293
1810700 292
1810710 292
1810720 293
1810730 293
1810740 293
1810750 293
1810760 292
1810770 292
1810780 292
1810790 293
1810800 293
1810810 293
1810820 293
1810830 293
1810840 293
1810850 294
1810860 294
1810870 294
1810880 294
1810890 294
1810900 294
1810910 294
1810920 294
1810930 294
1810940 294
1810950 294
1810960 294
1810970 294
1810980 294
1810990 294
1811000 294
1811010 295
1811020 295
1811030 295
1811040 295
1811050 295
1811060 294
1811070 294
1811080 294
1811090 294
1811100 294
1811110 293
1811120 293
1811130 292
1811140 292
1811150 291
1811160 290
1811170 290
1811180 289
1811190 288
1811200 287
1811210 287
1811220 286
1811230 285
1811240 285
1811250 285
1811260 284
1811270 284
1811280 284
1811290 284
1811300 284
1811310 283
1811320 283
1811330 283
1811340 283
1811350 283
1811360 283
1811370 283
1811380 283
1811390 283
1811400 283
1811410 283
1811420 283
1811430 283
1811440 283
1811450 283
1811460 283
1811470 283
1811480 283
1811490 283
1811500 283
1811510 283
1811520 283
1811530 283
1811540 283
1811550 283
1811560 283
1811570 283
1811580 283
1811590 283
1811600 283
1811610 283
1811620 283
1811630 283
1811640 283
1811650 283
1811660 283
1811670 283
1811680 283
1811690 283
1811700 283
1811710 283
1811720 283
1811730 283
1811740 283
1811750 283
1811760 283
1811770 283
1811780 283
1811790 283
1811800 283
1811810 283
1811820 283
1811830 283
1811840 283
1811850 283
1811860 283
1811870 283
1811880 283
1811890 283
1811900 283
1811910 283
1811920 283
1811930 283
1811940 283
1811950 283
1811960 283
1811970 283
1811980 283
1811990 283
1812000 283
1812010 283
1812020 283
1812030 283
1812040 283
1812050 283
1812060 283
1812070 283
1812080 283
1812090 283
1812100 283
1812110 283
1812120 283
1812130 283
1812140 283
1812150 283
1812160 283
1812170 283
1812180 283
1812190 283
1812200 283
1812210 283
1812220 283
1812230 283
1812240 283
1812250 283
1812260 283
1812270 283
1812280 283
1812290 283
1812300 283
1812310 283
1812320 283
1812330 283
1812340 283
1812350 283
1812360 283
1812370 283
1812380 283
1812390 283
1812400 283
1812410 283
1812420 283
1812430 283
1812440 283
1812450 283
1812460 283
1812470 283
1812480 283
1812490 283
1812500 283
1812510 283
1812520 283
1812530 283
1812540 283
1812550 283
1812560 283
1812570 283
1812580 283
1812590 283
1812600 283
1812610 283
1812620 283
1812630 283
1812640 283
1812650 282
1812660 281
1812670 281
1812680 281
1812690 281
1812700 282
1812710 283
1812720 283
1812730 283
1812740 283
1812750 283
1812760 283
1812770 283
1812780 283
1812790 283
1812800 283
1812810 283
1812820 283
1812830 283
1812840 283
1812850 283
1812860 284
1812870 284
1812880 284
1812890 284
1812900 283
1812910 283
1812920 283
1812930 284
1812940 284
1812950 284
1812960 284
1812970 284
1812980 285
1812990 285
1813000 286
1813010 286
1813020 287
1813030 287
1813040 288
1813050 288
1813060 289
1813070 289
1813080 289
1813090 290
1813100 290
1813110 291
1813120 291
1813130 292
1813140 293
1813150 293
1813160 293
1813170 293
1813180 294
1813190 294
1813200 294
1813210 294
1813220 295
1813230 295
1813240 295
1813250 296
1813260 296
1813270 296
1813280 297
1813290 297
1813300 297
1813310 298
1813320 298
1813330 299
1813340 299
1813350 299
1813360 300
1813370 300
1813380 300
1813390 300
1813400 300
1813410 300
1813420 299
1813430 299
1813440 298
1813450 298
1813460 298
1813470 299
1813480 299
1813490 299
1813500 300
1813510 300
1813520 300
1813530 301
1813540 301
1813550 301
1813560 301
1813570 301
1813580 301
1813590 302
1813600 302
1813610 302
1813620 302
1813630 302
1813640 302
1813650 302
1813660 302
1813670 302
1813680 302
1813690 302
1813700 302
1813710 302
1813720 302
1813730 302
1813740 302
1813750 302
1813760 303
1813770 303
1813780 303
1813790 303
1813800 303
1813810 304
1813820 304
1813830 304
1813840 304
1813850 305
1813860 305
1813870 305
1813880 305
1813890 305
1813900 305
1813910 305
1813920 306
1813930 306
1813940 306
1813950 306
1813960 306
1813970 306
1813980 306
1813990 307
1814000 307
1814010 307
1814020 307
1814030 307
1814040 307
1814050 308
1814060 308
1814070 308
1814080 308
1814090 308
1814100 308
1814110 308
1814120 309
1814130 309
1814140 309
1814150 309
1814160 309
1814170 309
1814180 309
1814190 309
1814200 310
1814210 310
1814220 310
1814230 310
1814240 310
1814250 310
1814260 310
1814270 311
1814280 311
1814290 311
1814300 311
1814310 311
1814320 311
1814330 312
1814340 312
1814350 312
1814360 312
1814370 312
1814380 312
1814390 313
1814400 313
1814410 313
1814420 313
1814430 313
1814440 313
1814450 313
1814460 314
1814470 314
1814480 314
1814490 315
1814500 315
1814510 315
1814520 315
1814530 316
1814540 316
1814550 316
1814560 317
1814570 317
1814580 317
1814590 318
1814600 318
1814610 319
1814620 319
1814630 319
1814640 320
1814650 320
1814660 321
1814670 321
1814680 321
1814690 322
1814700 322
1814710 322
1814720 322
1814730 323
1814740 323
1814750 323
1814760 323
1814770 323
1814780 323
1814790 322
1814800 322
1814810 321
1814820 321
1814830 320
1814840 320
1814850 319
1814860 318
1814870 317
1814880 317
1814890 316
1814900 315
1814910 315
1814920 314
1814930 314
1814940 313
1814950 313
1814960 312
1814970 312
1814980 311
1814990 311
1815000 310
1815010 310
1815020 310
1815030 309
1815040 309
1815050 308
1815060 308
1815070 307
1815080 307
1815090 306
1815100 306
1815110 305
1815120 305
1815130 304
1815140 304
1815150 303
1815160 303
1815170 302
1815180 302
1815190 301
1815200 300
1815210 300
1815220 299
1815230 298
1815240 298
1815250 297
1815260 297
1815270 296
1815280 296
1815290 295
1815300 295
1815310 294
1815320 294
1815330 293
1815340 293
1815350 292
1815360 292
1815370 291
1815380 291
1815390 290
1815400 290
1815410 289
1815420 289
1815430 289
1815440 288
1815450 288
1815460 287
1815470 287
1815480 287
1815490 286
1815500 286
1815510 286
1815520 286
1815530 285
1815540 285
1815550 285
1815560 285
1815570 285
1815580 285
1815590 285
1815600 284
1815610 284
1815620 283
1815630 283
1815640 282
1815650 282
1815660 282
1815670 281
1815680 281
1815690 281
1815700 281
1815710 281
1815720 280
1815730 280
1815740 280
1815750 280
1815760 280
1815770 280
1815780 280
1815790 280
1815800 280
1815810 280
1815820 279
1815830 279
1815840 280
1815850 280
1815860 280
1815870 280
1815880 280
1815890 280
1815900 280
1815910 280
1815920 280
1815930 280
1815940 280
1815950 280
1815960 280
1815970 280
1815980 280
1815990 280
1816000 280
1816010 280
1816020 280
1816030 280
1816040 280
1816050 280
1816060 280
1816070 280
1816080 280
1816090 280
1816100 280
1816110 280
1816120 280
1816130 280
1816140 280
1816150 280
1816160 280
1816170 280
1816180 280
1816190 280
1816200 280
1816210 280
1816220 280
1816230 280
1816240 280
1816250 280
1816260 280
1816270 280
1816280 280
1816290 280
1816300 280
1816310 280
1816320 280
1816330 280
1816340 280
1816350 280
1816360 280
1816370 280
1816380 280
1816390 279
1816400 279
1816410 279
1816420 279
1816430 279
1816440 279
1816450 279
1816460 279
1816470 279
1816480 279
1816490 279
1816500 279
1816510 279
1816520 279
1816530 279
1816540 279
1816550 279
1816560 279
1816570 279
1816580 279
1816590 279
1816600 279
1816610 279
1816620 279
1816630 279
1816640 279
1816650 279
1816660 279
1816670 279
1816680 279
1816690 279
1816700 279
1816710 279
1816720 279
1816730 279
1816740 279
1816750 279
1816760 280
1816770 280
1816780 280
1816790 280
1816800 280
1816810 280
1816820 280
1816830 280
1816840 280
1816850 280
1816860 280
1816870 280
1816880 280
1816890 280
1816900 280
1816910 280
1816920 280
1816930 281
1816940 281
1816950 282
1816960 282
1816970 282
1816980 283
1816990 283
1817000 283
1817010 283
1817020 283
1817030 283
1817040 282
1817050 282
1817060 282
1817070 282
1817080 282
1817090 282
1817100 282
1817110 282
1817120 282
1817130 282
1817140 282
1817150 282
1817160 282
1817170 282
1817180 282
1817190 282
1817200 282
1817210 282
1817220 283
1817230 284
1817240 285
1817250 286
1817260 289
1817270 290
1817280 292
1817290 294
1817300 295
1817310 296
1817320 296
1817330 296
1817340 297
1817350 297
1817360 297
1817370 297
1817380 297
1817390 298
1817400 298
1817410 298
1817420 298
1817430 298
1817440 298
1817450 298
1817460 298
1817470 298
1817480 299
1817490 300
1817500 303
1817510 304
1817520 305
1817530 305
1817540 305
1817550 305
1817560 306
1817570 306
1817580 306
1817590 306
1817600 307
1817610 307
1817620 307
1817630 307
1817640 307
1817650 308
1817660 308
1817670 309
1817680 309
1817690 309
1817700 309
1817710 310
1817720 310
1817730 310
1817740 310
1817750 310
1817760 311
1817770 311
1817780 311
1817790 311
1817800 311
1817810 312
1817820 312
1817830 312
1817840 312
1817850 312
1817860 312
1817870 312
1817880 312
1817890 313
1817900 313
1817910 313
1817920 313
1817930 313
1817940 313
1817950 313
1817960 313
1817970 313
1817980 313
1817990 313
1818000 313
1818010 313
1818020 313
1818030 312
1818040 312
1818050 312
1818060 312
1818070 312
1818080 312
1818090 312
1818100 311
1818110 311
1818120 311
1818130 310
1818140 310
1818150 309
1818160 309
1818170 308
1818180 307
1818190 306
1818200 305
1818210 305
1818220 304
1818230 303
1818240 303
1818250 302
1818260 302
1818270 301
1818280 301
1818290 300
1818300 299
1818310 299
1818320 298
1818330 298
1818340 297
1818350 296
1818360 294
1818370 293
1818380 291
1818390 290
1818400 289
1818410 288
1818420 288
1818430 289
1818440 290
1818450 290
1818460 290
1818470 290
1818480 290
1818490 291
1818500 292
1818510 292
1818520 293
1818530 294
1818540 295
1818550 296
1818560 297
1818570 297
1818580 297
1818590 298
1818600 298
1818610 298
1818620 299
1818630 299
1818640 299
1818650 299
1818660 299
1818670 299
1818680 298
1818690 298
1818700 297
1818710 297
1818720 296
1818730 296
1818740 295
1818750 295
1818760 295
1818770 294
1818780 294
1818790 294
1818800 294
1818810 294
1818820 294
1818830 295
1818840 295
1818850 295
1818860 296
1818870 297
1818880 299
1818890 300
1818900 300
1818910 301
1818920 301
1818930 302
1818940 302
1818950 303
1818960 303
1818970 304
1818980 304
1818990 305
1819000 305
1819010 306
1819020 306
1819030 307
1819040 308
1819050 308
1819060 309
1819070 309
1819080 310
1819090 311
1819100 311
1819110 312
1819120 312
1819130 313
1819140 313
1819150 313
1819160 314
1819170 314
1819180 314
1819190 315
1819200 315
1819210 315
1819220 315
1819230 315
1819240 315
1819250 315
1819260 315
1819270 315
1819280 315
1819290 315
1819300 315
1819310 315
1819320 315
1819330 315
1819340 315
1819350 315
1819360 315
1819370 315
1819380 315
1819390 316
1819400 316
1819410 316
1819420 316
1819430 317
1819440 317
1819450 317
1819460 317
1819470 317
1819480 318
1819490 318
1819500 318
1819510 318
1819520 318
1819530 318
1819540 318
1819550 318
1819560 318
1819570 318
1819580 318
1819590 318
1819600 318
1819610 318
1819620 318
1819630 318
1819640 318
1819650 318
1819660 318
1819670 317
1819680 317
1819690 317
1819700 317
1819710 317
1819720 317
1819730 317
1819740 317
1819750 317
1819760 317
1819770 318
1819780 318
1819790 318
1819800 318
1819810 318
1819820 319
1819830 319
1819840 319
1819850 319
1819860 320
1819870 320
1819880 320
1819890 321
1819900 321
1819910 321
1819920 322
1819930 322
1819940 322
1819950 323
1819960 323
1819970 323
1819980 324
1819990 324
