1800000 349
1800010 351
1800020 352
1800030 353
1800040 354
1800050 355
1800060 356
1800070 357
1800080 357
1800090 359
1800100 360
1800110 362
1800120 364
1800130 365
1800140 367
1800150 369
1800160 371
1800170 372
1800180 373
1800190 374
1800200 375
1800210 375
1800220 376
1800230 376
1800240 376
1800250 376
1800260 376
1800270 377
1800280 377
1800290 378
1800300 379
1800310 379
1800320 379
1800330 380
1800340 380
1800350 380
1800360 380
1800370 380
1800380 380
1800390 380
1800400 380
1800410 379
1800420 379
1800430 379
1800440 379
1800450 378
1800460 378
1800470 377
1800480 377
1800490 376
1800500 375
1800510 374
1800520 373
1800530 372
1800540 372
1800550 372
1800560 371
1800570 371
1800580 371
1800590 371
1800600 370
1800610 370
1800620 369
1800630 369
1800640 368
1800650 368
1800660 368
1800670 367
1800680 366
1800690 365
1800700 363
1800710 362
1800720 360
1800730 358
1800740 356
1800750 355
1800760 353
1800770 352
1800780 351
1800790 350
1800800 349
1800810 349
1800820 349
1800830 350
1800840 352
1800850 353
1800860 354
1800870 356
1800880 357
1800890 358
1800900 360
1800910 361
1800920 363
1800930 364
1800940 365
1800950 366
1800960 367
1800970 368
1800980 368
1800990 368
1801000 368
1801010 368
1801020 367
1801030 366
1801040 366
1801050 365
1801060 364
1801070 363
1801080 362
1801090 361
1801100 360
1801110 360
1801120 359
1801130 358
1801140 357
1801150 356
1801160 355
1801170 354
1801180 353
1801190 352
1801200 352
1801210 351
1801220 350
1801230 349
1801240 349
1801250 348
1801260 348
1801270 347
1801280 346
1801290 346
1801300 345
1801310 345
1801320 344
1801330 344
1801340 342
1801350 341
1801360 340
1801370 340
1801380 340
1801390 340
1801400 341
1801410 341
1801420 341
1801430 342
1801440 342
1801450 343
1801460 343
1801470 344
1801480 344
1801490 345
1801500 346
1801510 347
1801520 348
1801530 349
1801540 350
1801550 351
1801560 352
1801570 353
1801580 354
1801590 355
1801600 356
1801610 358
1801620 359
1801630 359
1801640 360
1801650 361
1801660 361
1801670 360
1801680 360
1801690 359
1801700 358
1801710 358
1801720 357
1801730 356
1801740 356
1801750 356
1801760 356
1801770 357
1801780 357
1801790 357
1801800 357
1801810 357
1801820 357
1801830 357
1801840 357
1801850 357
1801860 357
1801870 357
1801880 357
1801890 357
1801900 356
1801910 356
1801920 355
1801930 354
1801940 353
1801950 352
1801960 351
1801970 350
1801980 349
1801990 348
1802000 347
1802010 345
1802020 344
1802030 342
1802040 341
1802050 338
1802060 337
1802070 336
1802080 336
1802090 336
1802100 336
1802110 335
1802120 334
1802130 334
1802140 333
1802150 332
1802160 331
1802170 330
1802180 329
1802190 329
1802200 328
1802210 328
1802220 328
1802230 327
1802240 326
1802250 325
1802260 325
1802270 324
1802280 323
1802290 322
1802300 321
1802310 320
1802320 319
1802330 318
1802340 316
1802350 315
1802360 314
1802370 313
1802380 312
1802390 311
1802400 310
1802410 309
1802420 309
1802430 309
1802440 308
1802450 308
1802460 308
1802470 308
1802480 308
1802490 308
1802500 308
1802510 308
1802520 308
1802530 308
1802540 308
1802550 308
1802560 308
1802570 308
1802580 308
1802590 308
1802600 308
1802610 308
1802620 308
1802630 308
1802640 308
1802650 308
1802660 308
1802670 308
1802680 308
1802690 309
1802700 309
1802710 310
1802720 310
1802730 311
1802740 312
1802750 313
1802760 315
1802770 316
1802780 316
1802790 317
1802800 318
1802810 318
1802820 319
1802830 320
1802840 321
1802850 322
1802860 323
1802870 324
1802880 324
1802890 326
1802900 327
1802910 329
1802920 330
1802930 332
1802940 333
1802950 334
1802960 336
1802970 337
1802980 338
1802990 339
1803000 340
1803010 341
1803020 342
1803030 342
1803040 342
1803050 342
1803060 342
1803070 341
1803080 341
1803090 340
1803100 339
1803110 339
1803120 338
1803130 337
1803140 336
1803150 335
1803160 334
1803170 333
1803180 332
1803190 330
1803200 329
1803210 328
1803220 327
1803230 326
1803240 324
1803250 323
1803260 322
1803270 321
1803280 320
1803290 318
1803300 317
1803310 316
1803320 315
1803330 314
1803340 314
1803350 314
1803360 314
1803370 314
1803380 314
1803390 315
1803400 315
1803410 316
1803420 318
1803430 319
1803440 321
1803450 322
1803460 323
1803470 324
1803480 325
1803490 326
1803500 327
1803510 328
1803520 329
1803530 329
1803540 330
1803550 331
1803560 332
1803570 334
1803580 335
1803590 337
1803600 338
1803610 339
1803620 341
1803630 343
1803640 344
1803650 345
1803660 345
1803670 345
1803680 345
1803690 345
1803700 345
1803710 345
1803720 345
1803730 345
1803740 344
1803750 344
1803760 344
1803770 343
1803780 343
1803790 343
1803800 342
1803810 341
1803820 340
1803830 339
1803840 339
1803850 338
1803860 338
1803870 338
1803880 337
1803890 337
1803900 337
1803910 337
1803920 338
1803930 338
1803940 338
1803950 338
1803960 339
1803970 339
1803980 339
1803990 339
1804000 340
1804010 340
1804020 341
1804030 341
1804040 342
1804050 343
1804060 343
1804070 344
1804080 344
1804090 345
1804100 346
1804110 346
1804120 347
1804130 348
1804140 348
1804150 349
1804160 350
1804170 350
1804180 350
1804190 351
1804200 351
1804210 352
1804220 352
1804230 353
1804240 353
1804250 354
1804260 354
1804270 355
1804280 355
1804290 356
1804300 356
1804310 357
1804320 357
1804330 357
1804340 358
1804350 358
1804360 357
1804370 357
1804380 357
1804390 356
1804400 356
1804410 355
1804420 355
1804430 354
1804440 354
1804450 353
1804460 353
1804470 353
1804480 352
1804490 352
1804500 351
1804510 350
1804520 350
1804530 349
1804540 348
1804550 348
1804560 348
1804570 347
1804580 347
1804590 347
1804600 346
1804610 346
1804620 345
1804630 344
1804640 344
1804650 343
1804660 342
1804670 341
1804680 341
1804690 340
1804700 339
1804710 339
1804720 338
1804730 338
1804740 338
1804750 338
1804760 338
1804770 337
1804780 337
1804790 337
1804800 337
1804810 337
1804820 337
1804830 336
1804840 336
1804850 336
1804860 335
1804870 335
1804880 334
1804890 334
1804900 333
1804910 333
1804920 332
1804930 331
1804940 331
1804950 330
1804960 330
1804970 329
1804980 329
1804990 328
1805000 327
1805010 327
1805020 326
1805030 326
1805040 325
1805050 325
1805060 325
1805070 325
1805080 325
1805090 325
1805100 325
1805110 325
1805120 324
1805130 324
1805140 324
1805150 324
1805160 324
1805170 324
1805180 324
1805190 324
1805200 324
1805210 324
1805220 324
1805230 324
1805240 323
1805250 323
1805260 323
1805270 323
1805280 323
1805290 322
1805300 322
1805310 321
1805320 321
1805330 320
1805340 320
1805350 319
1805360 319
1805370 318
1805380 318
1805390 317
1805400 317
1805410 316
1805420 316
1805430 315
1805440 314
1805450 314
1805460 313
1805470 313
1805480 312
1805490 312
1805500 311
1805510 311
1805520 310
1805530 310
1805540 310
1805550 309
1805560 309
1805570 309
1805580 309
1805590 308
1805600 308
1805610 308
1805620 308
1805630 307
1805640 307
1805650 307
1805660 307
1805670 307
1805680 307
1805690 307
1805700 307
1805710 307
1805720 307
1805730 307
1805740 306
1805750 306
1805760 306
1805770 306
1805780 306
1805790 306
1805800 306
1805810 306
1805820 306
1805830 306
1805840 306
1805850 305
1805860 305
1805870 305
1805880 305
1805890 305
1805900 305
1805910 305
1805920 305
1805930 305
1805940 305
1805950 305
1805960 305
1805970 304
1805980 304
1805990 304
1806000 303
1806010 303
1806020 303
1806030 303
1806040 303
1806050 303
1806060 303
1806070 303
1806080 303
1806090 303
1806100 303
1806110 303
1806120 303
1806130 303
1806140 302
1806150 302
1806160 302
1806170 302
1806180 302
1806190 302
1806200 301
1806210 301
1806220 301
1806230 301
1806240 301
1806250 301
1806260 301
1806270 301
1806280 301
1806290 301
1806300 301
1806310 301
1806320 301
1806330 301
1806340 301
1806350 301
1806360 301
1806370 301
1806380 301
1806390 301
1806400 301
1806410 301
1806420 300
1806430 300
1806440 300
1806450 300
1806460 300
1806470 300
1806480 300
1806490 300
1806500 300
1806510 300
1806520 300
1806530 300
1806540 300
1806550 300
1806560 300
1806570 300
1806580 300
1806590 300
1806600 300
1806610 300
1806620 300
1806630 300
1806640 300
1806650 300
1806660 300
1806670 300
1806680 300
1806690 300
1806700 300
1806710 300
1806720 300
1806730 300
1806740 300
1806750 299
1806760 298
1806770 298
1806780 298
1806790 299
1806800 299
1806810 300
1806820 300
1806830 300
1806840 300
1806850 300
1806860 300
1806870 299
1806880 299
1806890 299
1806900 299
1806910 299
1806920 299
1806930 299
1806940 300
1806950 299
1806960 299
1806970 299
1806980 299
1806990 299
1807000 299
1807010 299
1807020 300
1807030 300
1807040 300
1807050 300
1807060 300
1807070 300
1807080 300
1807090 300
1807100 300
1807110 300
1807120 300
1807130 300
1807140 300
1807150 300
1807160 300
1807170 300
1807180 300
1807190 300
1807200 299
1807210 299
1807220 299
1807230 299
1807240 299
1807250 299
1807260 299
1807270 299
1807280 299
1807290 299
1807300 299
1807310 299
1807320 299
1807330 299
1807340 299
1807350 299
1807360 299
1807370 299
1807380 299
1807390 299
1807400 299
1807410 299
1807420 299
1807430 299
1807440 298
1807450 298
1807460 298
1807470 298
1807480 298
1807490 298
1807500 298
1807510 298
1807520 298
1807530 298
1807540 298
1807550 298
1807560 298
1807570 298
1807580 298
1807590 298
1807600 298
1807610 298
1807620 298
1807630 298
1807640 298
1807650 298
1807660 298
1807670 298
1807680 298
1807690 298
1807700 299
1807710 299
1807720 300
1807730 300
1807740 300
1807750 300
1807760 300
1807770 301
1807780 301
1807790 300
1807800 300
1807810 300
1807820 300
1807830 300
1807840 300
1807850 300
1807860 300
1807870 300
1807880 300
1807890 300
1807900 300
1807910 300
1807920 299
1807930 299
1807940 299
1807950 299
1807960 299
1807970 299
1807980 299
1807990 299
1808000 299
1808010 299
1808020 299
1808030 299
1808040 299
1808050 299
1808060 299
1808070 300
1808080 300
1808090 300
1808100 300
1808110 300
1808120 301
1808130 301
1808140 300
1808150 300
1808160 300
1808170 300
1808180 300
1808190 300
1808200 300
1808210 300
1808220 301
1808230 301
1808240 301
1808250 301
1808260 301
1808270 301
1808280 301
1808290 301
1808300 301
1808310 301
1808320 301
1808330 301
1808340 301
1808350 301
1808360 301
1808370 301
1808380 301
1808390 302
1808400 302
1808410 302
1808420 302
1808430 302
1808440 302
1808450 302
1808460 302
1808470 302
1808480 302
1808490 302
1808500 302
1808510 302
1808520 302
1808530 303
1808540 303
1808550 303
1808560 304
1808570 304
1808580 304
1808590 303
1808600 303
1808610 303
1808620 303
1808630 303
1808640 303
1808650 303
1808660 303
1808670 303
1808680 303
1808690 303
1808700 303
1808710 303
1808720 304
1808730 304
1808740 304
1808750 304
1808760 304
1808770 304
1808780 304
1808790 304
1808800 304
1808810 304
1808820 304
1808830 304
1808840 304
1808850 304
1808860 304
1808870 304
1808880 305
1808890 305
1808900 305
1808910 305
1808920 305
1808930 305
1808940 305
1808950 305
1808960 306
1808970 306
1808980 306
1808990 306
1809000 306
1809010 306
1809020 306
1809030 307
1809040 307
1809050 307
1809060 307
1809070 307
1809080 307
1809090 307
1809100 307
1809110 308
1809120 308
1809130 308
1809140 308
1809150 308
1809160 308
1809170 309
1809180 309
1809190 309
1809200 309
1809210 310
1809220 310
1809230 310
1809240 310
1809250 310
1809260 310
1809270 310
1809280 310
1809290 310
1809300 309
1809310 310
1809320 311
1809330 312
1809340 312
1809350 313
1809360 313
1809370 314
1809380 315
1809390 315
1809400 316
1809410 316
1809420 317
1809430 318
1809440 318
1809450 319
1809460 321
1809470 322
1809480 323
1809490 324
1809500 325
1809510 327
1809520 328
1809530 329
1809540 331
1809550 332
1809560 333
1809570 334
1809580 335
1809590 336
1809600 337
1809610 338
1809620 339
1809630 340
1809640 341
1809650 342
1809660 343
1809670 345
1809680 346
1809690 346
1809700 347
1809710 348
1809720 349
1809730 349
1809740 350
1809750 350
1809760 350
1809770 350
1809780 350
1809790 350
1809800 349
1809810 349
1809820 348
1809830 348
1809840 347
1809850 346
1809860 345
1809870 344
1809880 344
1809890 343
1809900 343
1809910 342
1809920 341
1809930 341
1809940 340
1809950 340
1809960 338
1809970 337
1809980 336
1809990 337
1810000 338
1810010 338
1810020 338
1810030 339
1810040 339
1810050 340
1810060 341
1810070 341
1810080 342
1810090 342
1810100 343
1810110 343
1810120 343
1810130 343
1810140 343
1810150 343
1810160 343
1810170 343
1810180 343
1810190 343
1810200 343
1810210 343
1810220 343
1810230 343
1810240 343
1810250 343
1810260 342
1810270 341
1810280 339
1810290 338
1810300 337
1810310 337
1810320 337
1810330 339
1810340 340
1810350 341
1810360 342
1810370 343
1810380 343
1810390 343
1810400 344
1810410 344
1810420 345
1810430 345
1810440 345
1810450 346
1810460 346
1810470 346
1810480 346
1810490 347
1810500 347
1810510 347
1810520 347
1810530 347
1810540 347
1810550 346
1810560 346
1810570 346
1810580 346
1810590 345
1810600 345
1810610 344
1810620 344
1810630 344
1810640 343
1810650 343
1810660 342
1810670 341
1810680 341
1810690 341
1810700 340
1810710 340
1810720 340
1810730 340
1810740 339
1810750 339
1810760 339
1810770 339
1810780 338
1810790 338
1810800 337
1810810 336
1810820 335
1810830 333
1810840 331
1810850 330
1810860 329
1810870 329
1810880 328
1810890 327
1810900 326
1810910 326
1810920 327
1810930 327
1810940 326
1810950 325
1810960 324
1810970 323
1810980 322
1810990 321
1811000 320
1811010 319
1811020 318
1811030 317
1811040 316
1811050 315
1811060 313
1811070 312
1811080 310
1811090 309
1811100 308
1811110 306
1811120 305
1811130 304
1811140 302
1811150 301
1811160 300
1811170 299
1811180 298
1811190 297
1811200 296
1811210 295
1811220 294
1811230 293
1811240 293
1811250 292
1811260 292
1811270 291
1811280 291
1811290 291
1811300 290
1811310 290
1811320 290
1811330 289
1811340 289
1811350 289
1811360 288
1811370 288
1811380 288
1811390 288
1811400 287
1811410 287
1811420 287
1811430 287
1811440 287
1811450 287
1811460 287
1811470 287
1811480 287
1811490 287
1811500 286
1811510 286
1811520 286
1811530 286
1811540 286
1811550 286
1811560 286
1811570 286
1811580 286
1811590 286
1811600 286
1811610 286
1811620 286
1811630 286
1811640 286
1811650 286
1811660 286
1811670 286
1811680 286
1811690 286
1811700 286
1811710 286
1811720 286
1811730 285
1811740 285
1811750 285
1811760 285
1811770 284
1811780 285
1811790 285
1811800 284
1811810 284
1811820 284
1811830 285
1811840 285
1811850 285
1811860 285
1811870 285
1811880 285
1811890 286
1811900 286
1811910 287
1811920 287
1811930 287
1811940 287
1811950 287
1811960 287
1811970 287
1811980 287
1811990 287
1812000 287
1812010 287
1812020 287
1812030 287
1812040 287
1812050 287
1812060 287
1812070 287
1812080 287
1812090 288
1812100 288
1812110 288
1812120 288
1812130 288
1812140 288
1812150 288
1812160 288
1812170 288
1812180 288
1812190 288
1812200 289
1812210 289
1812220 289
1812230 289
1812240 289
1812250 289
1812260 290
1812270 290
1812280 290
1812290 290
1812300 291
1812310 291
1812320 292
1812330 292
1812340 292
1812350 292
1812360 293
1812370 294
1812380 294
1812390 295
1812400 295
1812410 295
1812420 296
1812430 296
1812440 297
1812450 297
1812460 297
1812470 298
1812480 298
1812490 298
1812500 298
1812510 299
1812520 300
1812530 300
1812540 301
1812550 301
1812560 302
1812570 302
1812580 303
1812590 303
1812600 304
1812610 304
1812620 304
1812630 304
1812640 304
1812650 304
1812660 305
1812670 306
1812680 307
1812690 309
1812700 310
1812710 310
1812720 310
1812730 310
1812740 310
1812750 310
1812760 311
1812770 311
1812780 311
1812790 312
1812800 312
1812810 312
1812820 312
1812830 312
1812840 313
1812850 313
1812860 313
1812870 313
1812880 313
1812890 314
1812900 314
1812910 314
1812920 314
1812930 315
1812940 315
1812950 315
1812960 315
1812970 316
1812980 316
1812990 316
1813000 317
1813010 317
1813020 317
1813030 318
1813040 318
1813050 319
1813060 319
1813070 320
1813080 320
1813090 321
1813100 321
1813110 321
1813120 321
1813130 321
1813140 321
1813150 321
1813160 322
1813170 322
1813180 322
1813190 322
1813200 322
1813210 322
1813220 322
1813230 321
1813240 321
1813250 321
1813260 321
1813270 321
1813280 321
1813290 321
1813300 320
1813310 320
1813320 319
1813330 318
1813340 317
1813350 317
1813360 315
1813370 314
1813380 314
1813390 316
1813400 318
1813410 319
1813420 321
1813430 322
1813440 323
1813450 324
1813460 324
1813470 324
1813480 325
1813490 325
1813500 326
1813510 326
1813520 327
1813530 327
1813540 327
1813550 328
1813560 328
1813570 328
1813580 329
1813590 329
1813600 330
1813610 330
1813620 331
1813630 331
1813640 331
1813650 332
1813660 333
1813670 333
1813680 333
1813690 334
1813700 334
1813710 335
1813720 336
1813730 336
1813740 337
1813750 337
1813760 338
1813770 338
1813780 338
1813790 339
1813800 339
1813810 340
1813820 340
1813830 340
1813840 341
1813850 341
1813860 342
1813870 342
1813880 342
1813890 343
1813900 343
1813910 343
1813920 344
1813930 344
1813940 345
1813950 345
1813960 345
1813970 345
1813980 346
1813990 345
1814000 345
1814010 346
1814020 346
1814030 345
1814040 345
1814050 345
1814060 344
1814070 344
1814080 344
1814090 343
1814100 343
1814110 342
1814120 342
1814130 341
1814140 341
1814150 340
1814160 340
1814170 339
1814180 339
1814190 338
1814200 338
1814210 337
1814220 336
1814230 336
1814240 335
1814250 335
1814260 334
1814270 333
1814280 333
1814290 332
1814300 332
1814310 331
1814320 331
1814330 330
1814340 330
1814350 329
1814360 328
1814370 328
1814380 327
1814390 327
1814400 326
1814410 325
1814420 324
1814430 324
1814440 323
1814450 322
1814460 321
1814470 320
1814480 320
1814490 319
1814500 318
1814510 318
1814520 317
1814530 316
1814540 316
1814550 315
1814560 315
1814570 314
1814580 314
1814590 313
1814600 313
1814610 312
1814620 312
1814630 311
1814640 311
1814650 310
1814660 310
1814670 309
1814680 309
1814690 308
1814700 308
1814710 307
1814720 306
1814730 306
1814740 306
1814750 305
1814760 305
1814770 304
1814780 304
1814790 303
1814800 302
1814810 301
1814820 301
1814830 300
1814840 299
1814850 299
1814860 298
1814870 298
1814880 298
1814890 297
1814900 297
1814910 297
1814920 296
1814930 296
1814940 296
1814950 295
1814960 295
1814970 295
1814980 295
1814990 294
1815000 294
1815010 294
1815020 294
1815030 294
1815040 293
1815050 293
1815060 293
1815070 293
1815080 292
1815090 292
1815100 292
1815110 292
1815120 291
1815130 291
1815140 290
1815150 290
1815160 289
1815170 289
1815180 289
1815190 289
1815200 288
1815210 288
1815220 288
1815230 287
1815240 286
1815250 284
1815260 285
1815270 285
1815280 285
1815290 285
1815300 285
1815310 285
1815320 285
1815330 285
1815340 285
1815350 285
1815360 285
1815370 285
1815380 285
1815390 285
1815400 285
1815410 285
1815420 285
1815430 285
1815440 285
1815450 285
1815460 285
1815470 285
1815480 285
1815490 285
1815500 285
1815510 285
1815520 285
1815530 285
1815540 285
1815550 285
1815560 285
1815570 285
1815580 285
1815590 285
1815600 285
1815610 285
1815620 285
1815630 285
1815640 285
1815650 286
1815660 286
1815670 286
1815680 286
1815690 286
1815700 286
1815710 286
1815720 286
1815730 286
1815740 286
1815750 285
1815760 285
1815770 285
1815780 285
1815790 285
1815800 285
1815810 285
1815820 285
1815830 285
1815840 285
1815850 285
1815860 285
1815870 285
1815880 285
1815890 285
1815900 285
1815910 285
1815920 285
1815930 285
1815940 285
1815950 285
1815960 285
1815970 285
1815980 285
1815990 285
1816000 285
1816010 285
1816020 285
1816030 285
1816040 285
1816050 285
1816060 285
1816070 285
1816080 285
1816090 285
1816100 285
1816110 285
1816120 285
1816130 285
1816140 286
1816150 286
1816160 286
1816170 286
1816180 285
1816190 285
1816200 285
1816210 285
1816220 285
1816230 285
1816240 285
1816250 286
1816260 286
1816270 286
1816280 287
1816290 287
1816300 288
1816310 289
1816320 290
1816330 290
1816340 291
1816350 293
1816360 294
1816370 295
1816380 296
1816390 297
1816400 298
1816410 299
1816420 300
1816430 301
1816440 302
1816450 303
1816460 304
1816470 304
1816480 305
1816490 306
1816500 306
1816510 306
1816520 307
1816530 307
1816540 307
1816550 306
1816560 306
1816570 306
1816580 305
1816590 305
1816600 305
1816610 304
1816620 304
1816630 303
1816640 302
1816650 301
1816660 301
1816670 300
1816680 299
1816690 298
1816700 297
1816710 296
1816720 295
1816730 294
1816740 294
1816750 293
1816760 292
1816770 292
1816780 291
1816790 291
1816800 291
1816810 290
1816820 290
1816830 290
1816840 290
1816850 290
1816860 290
1816870 290
1816880 290
1816890 289
1816900 289
1816910 289
1816920 290
1816930 291
1816940 291
1816950 291
1816960 291
1816970 291
1816980 292
1816990 293
1817000 293
1817010 294
1817020 294
1817030 295
1817040 296
1817050 296
1817060 297
1817070 298
1817080 298
1817090 299
1817100 300
1817110 300
1817120 301
1817130 302
1817140 303
1817150 303
1817160 304
1817170 305
1817180 306
1817190 307
1817200 308
1817210 308
1817220 310
1817230 311
1817240 312
1817250 312
1817260 313
1817270 314
1817280 315
1817290 316
1817300 317
1817310 317
1817320 318
1817330 319
1817340 321
1817350 322
1817360 322
1817370 323
1817380 323
1817390 324
1817400 324
1817410 325
1817420 325
1817430 325
1817440 325
1817450 325
1817460 325
1817470 325
1817480 325
1817490 325
1817500 325
1817510 325
1817520 324
1817530 324
1817540 324
1817550 324
1817560 324
1817570 324
1817580 324
1817590 325
1817600 325
1817610 325
1817620 325
1817630 326
1817640 326
1817650 327
1817660 327
1817670 327
1817680 328
1817690 328
1817700 328
1817710 329
1817720 329
1817730 330
1817740 330
1817750 330
1817760 331
1817770 331
1817780 331
1817790 332
1817800 332
1817810 332
1817820 332
1817830 332
1817840 332
1817850 332
1817860 332
1817870 332
1817880 332
1817890 332
1817900 331
1817910 331
1817920 330
1817930 330
1817940 329
1817950 329
1817960 328
1817970 328
1817980 327
1817990 326
1818000 326
1818010 325
1818020 325
1818030 324
1818040 323
1818050 322
1818060 322
1818070 321
1818080 320
1818090 319
1818100 319
1818110 318
1818120 317
1818130 316
1818140 315
1818150 314
1818160 314
1818170 313
1818180 312
1818190 311
1818200 311
1818210 310
1818220 309
1818230 308
1818240 307
1818250 306
1818260 305
1818270 303
1818280 303
1818290 303
1818300 302
1818310 302
1818320 303
1818330 304
1818340 305
1818350 306
1818360 307
1818370 307
1818380 308
1818390 309
1818400 310
1818410 312
1818420 313
1818430 314
1818440 315
1818450 316
1818460 317
1818470 317
1818480 318
1818490 318
1818500 319
1818510 320
1818520 320
1818530 321
1818540 321
1818550 322
1818560 323
1818570 323
1818580 324
1818590 324
1818600 325
1818610 325
1818620 326
1818630 326
1818640 327
1818650 327
1818660 328
1818670 328
1818680 329
1818690 329
1818700 329
1818710 330
1818720 330
1818730 330
1818740 331
1818750 331
1818760 331
1818770 331
1818780 331
1818790 332
1818800 332
1818810 332
1818820 332
1818830 333
1818840 333
1818850 333
1818860 333
1818870 334
1818880 334
1818890 334
1818900 335
1818910 335
1818920 336
1818930 336
1818940 336
1818950 337
1818960 337
1818970 337
1818980 338
1818990 338
1819000 338
1819010 338
1819020 338
1819030 339
1819040 339
1819050 339
1819060 339
1819070 339
1819080 339
1819090 339
1819100 339
1819110 339
1819120 339
1819130 339
1819140 339
1819150 339
1819160 339
1819170 339
1819180 339
1819190 339
1819200 339
1819210 339
1819220 339
1819230 339
1819240 339
1819250 339
1819260 339
1819270 339
1819280 338
1819290 338
1819300 338
1819310 338
1819320 338
1819330 338
1819340 337
1819350 337
1819360 337
1819370 336
1819380 336
1819390 336
1819400 336
1819410 336
1819420 335
1819430 336
1819440 336
1819450 336
1819460 336
1819470 336
1819480 336
1819490 336
1819500 337
1819510 337
1819520 337
1819530 337
1819540 338
1819550 338
1819560 338
1819570 339
1819580 339
1819590 339
1819600 340
1819610 340
1819620 341
1819630 341
1819640 342
1819650 342
1819660 342
1819670 343
1819680 343
1819690 343
1819700 344
1819710 344
1819720 345
1819730 345
1819740 345
1819750 346
1819760 346
1819770 346
1819780 347
1819790 347
1819800 347
1819810 348
1819820 348
1819830 348
1819840 349
1819850 349
1819860 349
1819870 349
1819880 349
1819890 350
1819900 350
1819910 350
1819920 350
1819930 350
1819940 350
1819950 350
1819960 350
1819970 350
1819980 350
1819990 350
