1800000 352
1800010 352
1800020 352
1800030 351
1800040 351
1800050 350
1800060 350
1800070 349
1800080 349
1800090 348
1800100 348
1800110 348
1800120 347
1800130 347
1800140 346
1800150 346
1800160 345
1800170 345
1800180 345
1800190 345
1800200 344
1800210 344
1800220 343
1800230 343
1800240 342
1800250 341
1800260 341
1800270 341
1800280 340
1800290 340
1800300 340
1800310 340
1800320 340
1800330 339
1800340 339
1800350 339
1800360 339
1800370 338
1800380 338
1800390 337
1800400 336
1800410 336
1800420 335
1800430 335
1800440 334
1800450 333
1800460 332
1800470 331
1800480 330
1800490 329
1800500 328
1800510 328
1800520 327
1800530 326
1800540 326
1800550 326
1800560 325
1800570 325
1800580 325
1800590 325
1800600 325
1800610 325
1800620 325
1800630 324
1800640 324
1800650 324
1800660 324
1800670 324
1800680 324
1800690 323
1800700 323
1800710 323
1800720 323
1800730 323
1800740 323
1800750 323
1800760 323
1800770 323
1800780 323
1800790 323
1800800 323
1800810 323
1800820 323
1800830 323
1800840 323
1800850 323
1800860 323
1800870 323
1800880 322
1800890 322
1800900 322
1800910 322
1800920 322
1800930 322
1800940 322
1800950 322
1800960 322
1800970 322
1800980 322
1800990 322
1801000 322
1801010 322
1801020 322
1801030 322
1801040 322
1801050 322
1801060 322
1801070 323
1801080 323
1801090 323
1801100 324
1801110 324
1801120 325
1801130 325
1801140 326
1801150 326
1801160 326
1801170 326
1801180 326
1801190 327
1801200 326
1801210 326
1801220 327
1801230 327
1801240 327
1801250 327
1801260 328
1801270 328
1801280 329
1801290 329
1801300 330
1801310 331
1801320 332
1801330 333
1801340 335
1801350 336
1801360 337
1801370 338
1801380 339
1801390 339
1801400 340
1801410 340
1801420 340
1801430 339
1801440 339
1801450 339
1801460 338
1801470 338
1801480 338
1801490 337
1801500 337
1801510 336
1801520 336
1801530 336
1801540 335
1801550 335
1801560 334
1801570 333
1801580 333
1801590 332
1801600 332
1801610 331
1801620 330
1801630 330
1801640 329
1801650 329
1801660 328
1801670 328
1801680 327
1801690 327
1801700 326
1801710 326
1801720 326
1801730 325
1801740 325
1801750 325
1801760 325
1801770 325
1801780 324
1801790 324
1801800 324
1801810 324
1801820 324
1801830 324
1801840 325
1801850 325
1801860 325
1801870 325
1801880 325
1801890 326
1801900 326
1801910 326
1801920 326
1801930 326
1801940 326
1801950 326
1801960 326
1801970 327
1801980 327
1801990 327
1802000 327
1802010 327
1802020 327
1802030 327
1802040 327
1802050 327
1802060 327
1802070 327
1802080 328
1802090 329
1802100 330
1802110 332
1802120 332
1802130 331
1802140 330
1802150 329
1802160 328
1802170 327
1802180 327
1802190 330
1802200 334
1802210 337
1802220 337
1802230 336
1802240 335
1802250 335
1802260 335
1802270 335
1802280 335
1802290 335
1802300 335
1802310 335
1802320 334
1802330 334
1802340 333
1802350 332
1802360 331
1802370 331
1802380 331
1802390 330
1802400 329
1802410 328
1802420 327
1802430 327
1802440 326
1802450 325
1802460 324
1802470 323
1802480 323
1802490 322
1802500 322
1802510 321
1802520 321
1802530 321
1802540 320
1802550 320
1802560 320
1802570 320
1802580 320
1802590 320
1802600 320
1802610 320
1802620 319
1802630 319
1802640 319
1802650 318
1802660 318
1802670 318
1802680 318
1802690 318
1802700 318
1802710 318
1802720 318
1802730 317
1802740 317
1802750 317
1802760 317
1802770 317
1802780 317
1802790 316
1802800 316
1802810 316
1802820 316
1802830 317
1802840 317
1802850 316
1802860 316
1802870 316
1802880 315
1802890 315
1802900 315
1802910 315
1802920 315
1802930 315
1802940 315
1802950 315
1802960 315
1802970 315
1802980 315
1802990 315
1803000 315
1803010 315
1803020 315
1803030 315
1803040 315
1803050 315
1803060 315
1803070 315
1803080 315
1803090 315
1803100 315
1803110 315
1803120 315
1803130 315
1803140 315
1803150 315
1803160 315
1803170 316
1803180 316
1803190 316
1803200 316
1803210 316
1803220 316
1803230 316
1803240 316
1803250 315
1803260 315
1803270 315
1803280 315
1803290 315
1803300 315
1803310 315
1803320 315
1803330 315
1803340 315
1803350 315
1803360 315
1803370 315
1803380 315
1803390 315
1803400 315
1803410 315
1803420 315
1803430 315
1803440 315
1803450 315
1803460 315
1803470 315
1803480 315
1803490 315
1803500 315
1803510 315
1803520 315
1803530 314
1803540 314
1803550 314
1803560 314
1803570 314
1803580 314
1803590 315
1803600 315
1803610 315
1803620 315
1803630 314
1803640 314
1803650 314
1803660 314
1803670 314
1803680 314
1803690 314
1803700 314
1803710 314
1803720 314
1803730 314
1803740 314
1803750 314
1803760 313
1803770 313
1803780 313
1803790 313
1803800 313
1803810 312
1803820 312
1803830 312
1803840 312
1803850 312
1803860 312
1803870 312
1803880 312
1803890 312
1803900 313
1803910 313
1803920 313
1803930 313
1803940 313
1803950 313
1803960 313
1803970 313
1803980 313
1803990 313
1804000 313
1804010 313
1804020 314
1804030 314
1804040 314
1804050 314
1804060 314
1804070 314
1804080 314
1804090 313
1804100 313
1804110 313
1804120 313
1804130 313
1804140 313
1804150 313
1804160 313
1804170 313
1804180 313
1804190 313
1804200 313
1804210 313
1804220 312
1804230 312
1804240 312
1804250 312
1804260 312
1804270 312
1804280 312
1804290 312
1804300 312
1804310 312
1804320 312
1804330 312
1804340 312
1804350 312
1804360 312
1804370 312
1804380 312
1804390 312
1804400 312
1804410 312
1804420 312
1804430 312
1804440 312
1804450 312
1804460 312
1804470 312
1804480 312
1804490 312
1804500 312
1804510 312
1804520 312
1804530 311
1804540 311
1804550 311
1804560 311
1804570 311
1804580 311
1804590 311
1804600 311
1804610 311
1804620 311
1804630 312
1804640 312
1804650 312
1804660 311
1804670 311
1804680 311
1804690 311
1804700 311
1804710 312
1804720 312
1804730 312
1804740 312
1804750 312
1804760 312
1804770 312
1804780 312
1804790 312
1804800 312
1804810 313
1804820 313
1804830 313
1804840 313
1804850 313
1804860 314
1804870 314
1804880 314
1804890 315
1804900 315
1804910 315
1804920 315
1804930 315
1804940 315
1804950 315
1804960 315
1804970 315
1804980 315
1804990 315
1805000 315
1805010 315
1805020 316
1805030 316
1805040 316
1805050 316
1805060 316
1805070 316
1805080 316
1805090 316
1805100 316
1805110 316
1805120 316
1805130 316
1805140 316
1805150 317
1805160 317
1805170 318
1805180 318
1805190 318
1805200 318
1805210 319
1805220 320
1805230 321
1805240 321
1805250 322
1805260 322
1805270 323
1805280 324
1805290 324
1805300 325
1805310 326
1805320 327
1805330 327
1805340 328
1805350 328
1805360 329
1805370 329
1805380 330
1805390 331
1805400 332
1805410 333
1805420 333
1805430 334
1805440 335
1805450 336
1805460 337
1805470 338
1805480 339
1805490 340
1805500 341
1805510 341
1805520 342
1805530 343
1805540 344
1805550 345
1805560 346
1805570 348
1805580 349
1805590 350
1805600 351
1805610 352
1805620 353
1805630 353
1805640 354
1805650 355
1805660 355
1805670 356
1805680 356
1805690 357
1805700 357
1805710 358
1805720 358
1805730 358
1805740 358
1805750 358
1805760 358
1805770 357
1805780 357
1805790 357
1805800 356
1805810 356
1805820 356
1805830 355
1805840 355
1805850 354
1805860 354
1805870 354
1805880 354
1805890 353
1805900 353
1805910 352
1805920 352
1805930 351
1805940 351
1805950 351
1805960 350
1805970 350
1805980 349
1805990 349
1806000 348
1806010 348
1806020 347
1806030 347
1806040 346
1806050 346
1806060 345
1806070 345
1806080 344
1806090 344
1806100 343
1806110 343
1806120 342
1806130 342
1806140 341
1806150 340
1806160 340
1806170 339
1806180 339
1806190 339
1806200 338
1806210 338
1806220 338
1806230 337
1806240 336
1806250 336
1806260 335
1806270 334
1806280 333
1806290 332
1806300 331
1806310 331
1806320 330
1806330 329
1806340 329
1806350 328
1806360 327
1806370 327
1806380 326
1806390 326
1806400 326
1806410 325
1806420 325
1806430 325
1806440 324
1806450 324
1806460 324
1806470 324
1806480 323
1806490 323
1806500 323
1806510 323
1806520 323
1806530 322
1806540 322
1806550 322
1806560 322
1806570 322
1806580 322
1806590 322
1806600 321
1806610 321
1806620 321
1806630 321
1806640 321
1806650 321
1806660 321
1806670 321
1806680 321
1806690 321
1806700 321
1806710 322
1806720 322
1806730 322
1806740 322
1806750 322
1806760 323
1806770 323
1806780 324
1806790 324
1806800 325
1806810 325
1806820 326
1806830 326
1806840 326
1806850 326
1806860 326
1806870 326
1806880 326
1806890 326
1806900 326
1806910 326
1806920 326
1806930 326
1806940 326
1806950 326
1806960 326
1806970 326
1806980 326
1806990 326
1807000 326
1807010 326
1807020 326
1807030 326
1807040 327
1807050 327
1807060 327
1807070 328
1807080 328
1807090 329
1807100 329
1807110 330
1807120 330
1807130 331
1807140 331
1807150 331
1807160 332
1807170 332
1807180 333
1807190 333
1807200 334
1807210 334
1807220 335
1807230 335
1807240 336
1807250 336
1807260 336
1807270 337
1807280 337
1807290 337
1807300 338
1807310 338
1807320 339
1807330 339
1807340 340
1807350 340
1807360 340
1807370 340
1807380 340
1807390 341
1807400 341
1807410 341
1807420 341
1807430 341
1807440 341
1807450 341
1807460 341
1807470 341
1807480 341
1807490 341
1807500 341
1807510 341
1807520 341
1807530 341
1807540 341
1807550 341
1807560 340
1807570 340
1807580 340
1807590 339
1807600 339
1807610 338
1807620 338
1807630 337
1807640 337
1807650 336
1807660 335
1807670 335
1807680 334
1807690 333
1807700 333
1807710 332
1807720 331
1807730 330
1807740 330
1807750 329
1807760 328
1807770 327
1807780 326
1807790 325
1807800 324
1807810 323
1807820 322
1807830 321
1807840 320
1807850 319
1807860 319
1807870 318
1807880 317
1807890 317
1807900 316
1807910 315
1807920 315
1807930 314
1807940 314
1807950 313
1807960 312
1807970 311
1807980 310
1807990 309
1808000 308
1808010 307
1808020 307
1808030 306
1808040 306
1808050 305
1808060 305
1808070 304
1808080 304
1808090 304
1808100 303
1808110 303
1808120 303
1808130 303
1808140 302
1808150 302
1808160 302
1808170 302
1808180 302
1808190 302
1808200 301
1808210 301
1808220 300
1808230 299
1808240 297
1808250 297
1808260 298
1808270 299
1808280 299
1808290 299
1808300 299
1808310 299
1808320 299
1808330 299
1808340 299
1808350 299
1808360 299
1808370 299
1808380 299
1808390 299
1808400 298
1808410 298
1808420 298
1808430 298
1808440 298
1808450 298
1808460 298
1808470 298
1808480 298
1808490 298
1808500 298
1808510 298
1808520 298
1808530 298
1808540 298
1808550 298
1808560 298
1808570 298
1808580 298
1808590 298
1808600 298
1808610 298
1808620 298
1808630 298
1808640 298
1808650 298
1808660 298
1808670 298
1808680 298
1808690 298
1808700 298
1808710 298
1808720 298
1808730 298
1808740 298
1808750 298
1808760 298
1808770 298
1808780 298
1808790 298
1808800 298
1808810 298
1808820 298
1808830 298
1808840 298
1808850 298
1808860 298
1808870 298
1808880 298
1808890 298
1808900 298
1808910 298
1808920 298
1808930 298
1808940 298
1808950 298
1808960 298
1808970 298
1808980 298
1808990 298
1809000 298
1809010 298
1809020 298
1809030 298
1809040 298
1809050 298
1809060 298
1809070 298
1809080 297
1809090 298
1809100 298
1809110 298
1809120 298
1809130 298
1809140 298
1809150 298
1809160 298
1809170 298
1809180 298
1809190 298
1809200 298
1809210 298
1809220 298
1809230 298
1809240 299
1809250 299
1809260 299
1809270 300
1809280 301
1809290 302
1809300 304
1809310 305
1809320 305
1809330 305
1809340 304
1809350 304
1809360 304
1809370 304
1809380 304
1809390 305
1809400 305
1809410 306
1809420 306
1809430 307
1809440 307
1809450 307
1809460 307
1809470 308
1809480 308
1809490 308
1809500 309
1809510 309
1809520 309
1809530 309
1809540 309
1809550 309
1809560 309
1809570 310
1809580 310
1809590 310
1809600 310
1809610 310
1809620 310
1809630 310
1809640 311
1809650 311
1809660 311
1809670 311
1809680 311
1809690 311
1809700 311
1809710 312
1809720 311
1809730 311
1809740 311
1809750 311
1809760 311
1809770 311
1809780 311
1809790 311
1809800 311
1809810 311
1809820 311
1809830 311
1809840 311
1809850 311
1809860 311
1809870 310
1809880 310
1809890 309
1809900 308
1809910 308
1809920 307
1809930 307
1809940 306
1809950 305
1809960 305
1809970 304
1809980 303
1809990 302
1810000 301
1810010 301
1810020 300
1810030 299
1810040 299
1810050 298
1810060 297
1810070 296
1810080 296
1810090 297
1810100 297
1810110 297
1810120 297
1810130 297
1810140 297
1810150 298
1810160 298
1810170 298
1810180 298
1810190 298
1810200 299
1810210 299
1810220 300
1810230 301
1810240 302
1810250 302
1810260 303
1810270 303
1810280 304
1810290 306
1810300 308
1810310 310
1810320 311
1810330 312
1810340 313
1810350 313
1810360 314
1810370 314
1810380 315
1810390 315
1810400 316
1810410 316
1810420 317
1810430 317
1810440 317
1810450 318
1810460 318
1810470 318
1810480 319
1810490 319
1810500 319
1810510 319
1810520 320
1810530 320
1810540 320
1810550 321
1810560 321
1810570 321
1810580 321
1810590 322
1810600 322
1810610 322
1810620 323
1810630 323
1810640 323
1810650 323
1810660 323
1810670 324
1810680 324
1810690 324
1810700 324
1810710 325
1810720 325
1810730 325
1810740 326
1810750 326
1810760 326
1810770 327
1810780 327
1810790 328
1810800 328
1810810 329
1810820 329
1810830 330
1810840 330
1810850 331
1810860 331
1810870 331
1810880 332
1810890 332
1810900 332
1810910 333
1810920 333
1810930 334
1810940 334
1810950 335
1810960 335
1810970 335
1810980 336
1810990 336
1811000 336
1811010 336
1811020 336
1811030 336
1811040 336
1811050 336
1811060 335
1811070 335
1811080 335
1811090 335
1811100 334
1811110 334
1811120 334
1811130 333
1811140 333
1811150 333
1811160 332
1811170 332
1811180 332
1811190 331
1811200 331
1811210 331
1811220 331
1811230 330
1811240 330
1811250 330
1811260 329
1811270 329
1811280 329
1811290 329
1811300 329
1811310 328
1811320 328
1811330 328
1811340 329
1811350 330
1811360 331
1811370 331
1811380 332
1811390 332
1811400 332
1811410 332
1811420 332
1811430 333
1811440 333
1811450 333
1811460 333
1811470 332
1811480 332
1811490 332
1811500 332
1811510 332
1811520 331
1811530 331
1811540 331
1811550 331
1811560 330
1811570 330
1811580 330
1811590 330
1811600 330
1811610 330
1811620 330
1811630 330
1811640 330
1811650 330
1811660 330
1811670 330
1811680 330
1811690 330
1811700 329
1811710 329
1811720 328
1811730 327
1811740 327
1811750 327
1811760 327
1811770 327
1811780 326
1811790 325
1811800 325
1811810 325
1811820 326
1811830 326
1811840 325
1811850 324
1811860 324
1811870 326
1811880 327
1811890 327
1811900 327
1811910 327
1811920 328
1811930 328
1811940 328
1811950 329
1811960 329
1811970 330
1811980 330
1811990 331
1812000 332
1812010 333
1812020 333
1812030 334
1812040 335
1812050 335
1812060 336
1812070 337
1812080 338
1812090 338
1812100 339
1812110 340
1812120 340
1812130 340
1812140 341
1812150 342
1812160 343
1812170 343
1812180 344
1812190 345
1812200 346
1812210 346
1812220 347
1812230 348
1812240 349
1812250 349
1812260 350
1812270 351
1812280 352
1812290 353
1812300 354
1812310 355
1812320 356
1812330 357
1812340 358
1812350 359
1812360 360
1812370 361
1812380 362
1812390 363
1812400 363
1812410 364
1812420 365
1812430 365
1812440 366
1812450 366
1812460 367
1812470 368
1812480 368
1812490 369
1812500 369
1812510 370
1812520 370
1812530 371
1812540 372
1812550 372
1812560 372
1812570 373
1812580 373
1812590 373
1812600 374
1812610 374
1812620 374
1812630 375
1812640 375
1812650 375
1812660 374
1812670 374
1812680 374
1812690 374
1812700 373
1812710 373
1812720 373
1812730 373
1812740 373
1812750 372
1812760 372
1812770 372
1812780 372
1812790 372
1812800 372
1812810 371
1812820 371
1812830 371
1812840 370
1812850 370
1812860 370
1812870 369
1812880 369
1812890 369
1812900 368
1812910 368
1812920 368
1812930 367
1812940 367
1812950 366
1812960 366
1812970 365
1812980 365
1812990 364
1813000 364
1813010 363
1813020 363
1813030 362
1813040 362
1813050 361
1813060 361
1813070 360
1813080 360
1813090 359
1813100 359
1813110 358
1813120 358
1813130 357
1813140 357
1813150 356
1813160 356
1813170 355
1813180 354
1813190 354
1813200 353
1813210 352
1813220 352
1813230 351
1813240 351
1813250 350
1813260 349
1813270 348
1813280 348
1813290 347
1813300 346
1813310 345
1813320 344
1813330 343
1813340 343
1813350 342
1813360 341
1813370 341
1813380 340
1813390 339
1813400 339
1813410 338
1813420 337
1813430 337
1813440 336
1813450 336
1813460 335
1813470 334
1813480 334
1813490 334
1813500 333
1813510 333
1813520 332
1813530 331
1813540 331
1813550 331
1813560 330
1813570 330
1813580 329
1813590 328
1813600 328
1813610 327
1813620 326
1813630 326
1813640 325
1813650 324
1813660 324
1813670 323
1813680 322
1813690 322
1813700 322
1813710 321
1813720 320
1813730 320
1813740 319
1813750 318
1813760 318
1813770 317
1813780 317
1813790 316
1813800 315
1813810 315
1813820 314
1813830 314
1813840 313
1813850 313
1813860 312
1813870 311
1813880 311
1813890 310
1813900 310
1813910 309
1813920 309
1813930 308
1813940 308
1813950 307
1813960 307
1813970 307
1813980 306
1813990 306
1814000 305
1814010 305
1814020 305
1814030 304
1814040 304
1814050 304
1814060 303
1814070 303
1814080 303
1814090 303
1814100 303
1814110 303
1814120 302
1814130 302
1814140 302
1814150 302
1814160 302
1814170 301
1814180 301
1814190 300
1814200 300
1814210 300
1814220 300
1814230 300
1814240 300
1814250 300
1814260 300
1814270 299
1814280 298
1814290 297
1814300 297
1814310 297
1814320 297
1814330 297
1814340 298
1814350 299
1814360 299
1814370 299
1814380 299
1814390 299
1814400 299
1814410 298
1814420 298
1814430 298
1814440 298
1814450 298
1814460 298
1814470 298
1814480 298
1814490 298
1814500 298
1814510 298
1814520 298
1814530 298
1814540 298
1814550 298
1814560 297
1814570 297
1814580 298
1814590 298
1814600 298
1814610 298
1814620 298
1814630 297
1814640 297
1814650 297
1814660 297
1814670 297
1814680 297
1814690 297
1814700 297
1814710 297
1814720 297
1814730 297
1814740 297
1814750 297
1814760 297
1814770 297
1814780 297
1814790 297
1814800 297
1814810 297
1814820 298
1814830 298
1814840 298
1814850 298
1814860 298
1814870 298
1814880 298
1814890 298
1814900 298
1814910 298
1814920 298
1814930 298
1814940 298
1814950 298
1814960 298
1814970 298
1814980 298
1814990 298
1815000 298
1815010 298
1815020 299
1815030 299
1815040 299
1815050 299
1815060 300
1815070 300
1815080 300
1815090 301
1815100 301
1815110 301
1815120 300
1815130 300
1815140 301
1815150 301
1815160 301
1815170 301
1815180 301
1815190 301
1815200 301
1815210 301
1815220 301
1815230 301
1815240 301
1815250 301
1815260 301
1815270 301
1815280 301
1815290 301
1815300 302
1815310 302
1815320 303
1815330 303
1815340 303
1815350 303
1815360 304
1815370 304
1815380 305
1815390 306
1815400 306
1815410 307
1815420 307
1815430 308
1815440 308
1815450 309
1815460 310
1815470 310
1815480 311
1815490 311
1815500 311
1815510 312
1815520 313
1815530 313
1815540 314
1815550 315
1815560 315
1815570 316
1815580 316
1815590 317
1815600 317
1815610 318
1815620 318
1815630 319
1815640 319
1815650 320
1815660 320
1815670 321
1815680 321
1815690 322
1815700 322
1815710 322
1815720 323
1815730 324
1815740 324
1815750 325
1815760 326
1815770 326
1815780 327
1815790 328
1815800 329
1815810 329
1815820 330
1815830 331
1815840 332
1815850 333
1815860 334
1815870 335
1815880 335
1815890 336
1815900 337
1815910 338
1815920 338
1815930 339
1815940 340
1815950 341
1815960 342
1815970 343
1815980 343
1815990 344
1816000 345
1816010 346
1816020 346
1816030 347
1816040 347
1816050 348
1816060 348
1816070 349
1816080 349
1816090 349
1816100 349
1816110 349
1816120 349
1816130 349
1816140 349
1816150 349
1816160 348
1816170 348
1816180 348
1816190 347
1816200 347
1816210 346
1816220 346
1816230 346
1816240 346
1816250 345
1816260 345
1816270 345
1816280 344
1816290 344
1816300 344
1816310 343
1816320 343
1816330 342
1816340 342
1816350 341
1816360 341
1816370 340
1816380 340
1816390 339
1816400 339
1816410 338
1816420 337
1816430 337
1816440 336
1816450 335
1816460 335
1816470 334
1816480 333
1816490 333
1816500 332
1816510 331
1816520 330
1816530 330
1816540 329
1816550 328
1816560 328
1816570 327
1816580 327
1816590 326
1816600 326
1816610 325
1816620 324
1816630 324
1816640 323
1816650 322
1816660 322
1816670 321
1816680 320
1816690 320
1816700 319
1816710 318
1816720 318
1816730 317
1816740 316
1816750 316
1816760 315
1816770 315
1816780 314
1816790 314
1816800 313
1816810 313
1816820 312
1816830 311
1816840 311
1816850 310
1816860 309
1816870 308
1816880 308
1816890 307
1816900 307
1816910 307
1816920 307
1816930 307
1816940 307
1816950 307
1816960 307
1816970 306
1816980 306
1816990 306
1817000 306
1817010 306
1817020 306
1817030 306
1817040 306
1817050 306
1817060 307
1817070 307
1817080 307
1817090 307
1817100 307
1817110 308
1817120 308
1817130 308
1817140 309
1817150 309
1817160 309
1817170 310
1817180 310
1817190 310
1817200 310
1817210 309
1817220 309
1817230 309
1817240 309
1817250 307
1817260 307
1817270 308
1817280 309
1817290 309
1817300 309
1817310 310
1817320 310
1817330 310
1817340 311
1817350 311
1817360 312
1817370 312
1817380 313
1817390 313
1817400 314
1817410 314
1817420 315
1817430 315
1817440 316
1817450 316
1817460 317
1817470 317
1817480 318
1817490 319
1817500 320
1817510 321
1817520 321
1817530 322
1817540 323
1817550 323
1817560 323
1817570 323
1817580 324
1817590 323
1817600 323
1817610 323
1817620 323
1817630 323
1817640 323
1817650 323
1817660 323
1817670 323
1817680 322
1817690 322
1817700 322
1817710 323
1817720 322
1817730 322
1817740 322
1817750 322
1817760 322
1817770 322
1817780 322
1817790 321
1817800 321
1817810 321
1817820 321
1817830 321
1817840 321
1817850 321
1817860 321
1817870 321
1817880 321
1817890 321
1817900 321
1817910 321
1817920 322
1817930 322
1817940 323
1817950 323
1817960 323
1817970 323
1817980 324
1817990 324
1818000 324
1818010 324
1818020 324
1818030 324
1818040 325
1818050 325
1818060 325
1818070 325
1818080 326
1818090 326
1818100 327
1818110 327
1818120 328
1818130 328
1818140 328
1818150 329
1818160 329
1818170 330
1818180 330
1818190 331
1818200 331
1818210 331
1818220 332
1818230 332
1818240 333
1818250 333
1818260 334
1818270 334
1818280 334
1818290 335
1818300 335
1818310 336
1818320 336
1818330 336
1818340 337
1818350 337
1818360 337
1818370 338
1818380 338
1818390 338
1818400 339
1818410 339
1818420 339
1818430 340
1818440 340
1818450 341
1818460 341
1818470 341
1818480 341
1818490 341
1818500 342
1818510 342
1818520 342
1818530 342
1818540 342
1818550 343
1818560 343
1818570 343
1818580 343
1818590 343
1818600 344
1818610 344
1818620 344
1818630 344
1818640 344
1818650 344
1818660 345
1818670 345
1818680 345
1818690 345
1818700 346
1818710 346
1818720 346
1818730 346
1818740 346
1818750 346
1818760 347
1818770 347
1818780 347
1818790 347
1818800 347
1818810 347
1818820 347
1818830 347
1818840 347
1818850 347
1818860 347
1818870 348
1818880 348
1818890 348
1818900 348
1818910 348
1818920 349
1818930 349
1818940 349
1818950 349
1818960 349
1818970 349
1818980 349
1818990 349
1819000 349
1819010 349
1819020 349
1819030 349
1819040 349
1819050 350
1819060 350
1819070 350
1819080 350
1819090 350
1819100 349
1819110 349
1819120 349
1819130 349
1819140 349
1819150 349
1819160 349
1819170 349
1819180 348
1819190 348
1819200 347
1819210 347
1819220 346
1819230 345
1819240 344
1819250 344
1819260 343
1819270 342
1819280 342
1819290 341
1819300 340
1819310 340
1819320 339
1819330 339
1819340 338
1819350 337
1819360 337
1819370 336
1819380 335
1819390 334
1819400 334
1819410 333
1819420 332
1819430 331
1819440 330
1819450 330
1819460 329
1819470 328
1819480 327
1819490 327
1819500 326
1819510 326
1819520 325
1819530 324
1819540 324
1819550 323
1819560 322
1819570 321
1819580 319
1819590 318
1819600 317
1819610 317
1819620 316
1819630 316
1819640 315
1819650 315
1819660 314
1819670 314
1819680 313
1819690 313
1819700 312
1819710 312
1819720 311
1819730 311
1819740 311
1819750 310
1819760 310
1819770 309
1819780 309
1819790 308
1819800 308
1819810 307
1819820 306
1819830 306
1819840 306
1819850 305
1819860 305
1819870 305
1819880 304
1819890 304
1819900 303
1819910 303
1819920 302
1819930 302
1819940 301
1819950 300
1819960 300
1819970 300
1819980 299
1819990 299
