1800000 353
1800010 353
1800020 353
1800030 353
1800040 353
1800050 353
1800060 353
1800070 353
1800080 353
1800090 353
1800100 353
1800110 353
1800120 353
1800130 353
1800140 353
1800150 353
1800160 353
1800170 352
1800180 352
1800190 352
1800200 352
1800210 352
1800220 352
1800230 352
1800240 352
1800250 351
1800260 351
1800270 350
1800280 349
1800290 350
1800300 352
1800310 352
1800320 352
1800330 352
1800340 352
1800350 352
1800360 352
1800370 352
1800380 352
1800390 352
1800400 353
1800410 353
1800420 353
1800430 353
1800440 353
1800450 353
1800460 353
1800470 353
1800480 353
1800490 353
1800500 353
1800510 353
1800520 353
1800530 352
1800540 352
1800550 352
1800560 351
1800570 351
1800580 350
1800590 350
1800600 349
1800610 348
1800620 348
1800630 347
1800640 346
1800650 346
1800660 346
1800670 345
1800680 345
1800690 344
1800700 344
1800710 343
1800720 343
1800730 343
1800740 342
1800750 342
1800760 342
1800770 341
1800780 341
1800790 341
1800800 340
1800810 340
1800820 340
1800830 340
1800840 340
1800850 339
1800860 339
1800870 339
1800880 338
1800890 338
1800900 338
1800910 338
1800920 337
1800930 337
1800940 337
1800950 336
1800960 336
1800970 336
1800980 336
1800990 336
1801000 335
1801010 335
1801020 335
1801030 335
1801040 334
1801050 333
1801060 332
1801070 331
1801080 331
1801090 330
1801100 330
1801110 330
1801120 329
1801130 329
1801140 329
1801150 329
1801160 328
1801170 328
1801180 328
1801190 328
1801200 328
1801210 327
1801220 327
1801230 327
1801240 327
1801250 327
1801260 326
1801270 326
1801280 326
1801290 326
1801300 325
1801310 325
1801320 325
1801330 325
1801340 324
1801350 324
1801360 324
1801370 323
1801380 323
1801390 323
1801400 323
1801410 323
1801420 322
1801430 322
1801440 322
1801450 321
1801460 321
1801470 321
1801480 321
1801490 320
1801500 320
1801510 320
1801520 320
1801530 320
1801540 319
1801550 319
1801560 319
1801570 319
1801580 319
1801590 319
1801600 319
1801610 319
1801620 318
1801630 318
1801640 318
1801650 318
1801660 318
1801670 318
1801680 318
1801690 318
1801700 318
1801710 318
1801720 318
1801730 317
1801740 316
1801750 316
1801760 317
1801770 318
1801780 318
1801790 318
1801800 318
1801810 318
1801820 318
1801830 318
1801840 319
1801850 318
1801860 318
1801870 318
1801880 318
1801890 318
1801900 318
1801910 318
1801920 319
1801930 319
1801940 320
1801950 321
1801960 322
1801970 323
1801980 324
1801990 325
1802000 327
1802010 328
1802020 329
1802030 330
1802040 330
1802050 331
1802060 332
1802070 332
1802080 333
1802090 333
1802100 334
1802110 334
1802120 335
1802130 336
1802140 336
1802150 337
1802160 338
1802170 338
1802180 338
1802190 338
1802200 337
1802210 336
1802220 335
1802230 334
1802240 335
1802250 336
1802260 338
1802270 340
1802280 342
1802290 343
1802300 344
1802310 344
1802320 345
1802330 345
1802340 345
1802350 345
1802360 345
1802370 346
1802380 347
1802390 347
1802400 348
1802410 349
1802420 350
1802430 350
1802440 351
1802450 351
1802460 352
1802470 352
1802480 352
1802490 352
1802500 352
1802510 352
1802520 352
1802530 352
1802540 351
1802550 351
1802560 351
1802570 351
1802580 351
1802590 351
1802600 351
1802610 351
1802620 351
1802630 351
1802640 351
1802650 351
1802660 351
1802670 352
1802680 352
1802690 352
1802700 352
1802710 353
1802720 353
1802730 353
1802740 353
1802750 353
1802760 354
1802770 354
1802780 354
1802790 354
1802800 354
1802810 353
1802820 353
1802830 353
1802840 353
1802850 352
1802860 352
1802870 352
1802880 351
1802890 351
1802900 350
1802910 350
1802920 349
1802930 349
1802940 348
1802950 347
1802960 347
1802970 346
1802980 346
1802990 345
1803000 345
1803010 344
1803020 344
1803030 343
1803040 343
1803050 341
1803060 339
1803070 337
1803080 337
1803090 336
1803100 335
1803110 334
1803120 333
1803130 333
1803140 334
1803150 333
1803160 333
1803170 332
1803180 331
1803190 330
1803200 329
1803210 329
1803220 328
1803230 327
1803240 327
1803250 326
1803260 325
1803270 324
1803280 323
1803290 323
1803300 323
1803310 323
1803320 322
1803330 322
1803340 322
1803350 321
1803360 321
1803370 321
1803380 320
1803390 320
1803400 319
1803410 319
1803420 319
1803430 319
1803440 318
1803450 318
1803460 317
1803470 317
1803480 317
1803490 316
1803500 316
1803510 316
1803520 316
1803530 316
1803540 316
1803550 316
1803560 316
1803570 315
1803580 315
1803590 315
1803600 315
1803610 315
1803620 315
1803630 315
1803640 315
1803650 314
1803660 314
1803670 314
1803680 314
1803690 314
1803700 314
1803710 314
1803720 314
1803730 314
1803740 314
1803750 314
1803760 314
1803770 314
1803780 314
1803790 314
1803800 314
1803810 314
1803820 313
1803830 313
1803840 313
1803850 313
1803860 313
1803870 313
1803880 313
1803890 313
1803900 313
1803910 312
1803920 312
1803930 312
1803940 312
1803950 312
1803960 312
1803970 312
1803980 312
1803990 312
1804000 312
1804010 312
1804020 312
1804030 312
1804040 312
1804050 312
1804060 312
1804070 311
1804080 311
1804090 312
1804100 312
1804110 312
1804120 312
1804130 312
1804140 312
1804150 312
1804160 311
1804170 311
1804180 311
1804190 311
1804200 311
1804210 311
1804220 311
1804230 311
1804240 311
1804250 311
1804260 311
1804270 311
1804280 311
1804290 311
1804300 311
1804310 310
1804320 310
1804330 310
1804340 310
1804350 310
1804360 310
1804370 310
1804380 310
1804390 311
1804400 311
1804410 311
1804420 311
1804430 310
1804440 310
1804450 310
1804460 310
1804470 310
1804480 310
1804490 310
1804500 310
1804510 310
1804520 310
1804530 310
1804540 310
1804550 310
1804560 310
1804570 310
1804580 310
1804590 310
1804680 310
1804690 310
1804700 310
1804710 310
1804720 309
1804730 309
1804740 309
1804750 309
1804760 309
1804770 309
1804780 309
1804790 309
1804800 309
1804810 309
1804820 309
1804830 309
1804840 309
1804850 309
1804860 309
1804870 309
1804880 308
1804890 308
1804900 308
1804910 307
1804920 307
1804930 307
1804940 307
1804950 307
1804960 307
1804970 307
1804980 308
1804990 308
1805000 308
1805010 309
1805020 309
1805030 309
1805040 309
1805050 309
1805060 309
1805070 309
1805080 309
1805090 309
1805100 309
1805110 309
1805120 309
1805130 309
1805140 309
1805150 308
1805160 308
1805170 308
1805180 308
1805190 308
1805200 308
1805210 308
1805220 308
1805230 308
1805240 308
1805250 308
1805260 308
1805270 308
1805280 308
1805290 308
1805300 308
1805310 308
1805320 308
1805330 308
1805340 308
1805350 308
1805360 308
1805370 308
1805380 308
1805390 308
1805400 308
1805410 308
1805420 308
1805430 308
1805440 308
1805450 308
1805460 308
1805470 308
1805480 308
1805490 308
1805500 307
1805510 307
1805520 307
1805530 307
1805540 307
1805550 308
1805560 308
1805570 308
1805580 308
1805590 308
1805600 308
1805610 308
1805620 308
1805630 308
1805640 308
1805650 308
1805660 308
1805670 308
1805680 308
1805690 308
1805700 308
1805710 307
1805720 307
1805730 307
1805740 307
1805750 308
1805760 308
1805770 308
1805780 308
1805790 308
1805800 308
1805810 308
1805820 308
1805830 308
1805840 308
1805850 308
1805860 308
1805870 308
1805880 308
1805890 308
1805900 308
1805910 308
1805920 308
1805930 308
1805940 308
1805950 309
1805960 309
1805970 310
1805980 310
1805990 310
1806000 310
1806010 311
1806020 311
1806030 311
1806040 311
1806050 312
1806060 312
1806070 312
1806080 312
1806090 313
1806100 313
1806110 313
1806120 313
1806130 313
1806140 313
1806150 313
1806160 313
1806170 313
1806180 313
1806190 313
1806200 313
1806210 313
1806220 313
1806230 313
1806240 313
1806250 313
1806260 313
1806270 314
1806280 315
1806290 315
1806300 314
1806310 314
1806320 313
1806330 313
1806340 313
1806350 313
1806360 313
1806370 313
1806380 313
1806390 313
1806400 313
1806410 313
1806420 313
1806430 313
1806440 313
1806450 313
1806460 313
1806470 313
1806480 313
1806490 314
1806500 314
1806510 314
1806520 314
1806530 314
1806540 314
1806550 314
1806560 314
1806570 314
1806580 315
1806590 315
1806600 315
1806610 315
1806620 315
1806630 315
1806640 316
1806650 316
1806660 316
1806670 316
1806680 316
1806690 316
1806700 316
1806710 316
1806720 316
1806730 316
1806740 315
1806750 315
1806760 315
1806770 315
1806780 314
1806790 314
1806800 314
1806810 314
1806820 314
1806830 314
1806840 314
1806850 314
1806860 314
1806870 314
1806880 314
1806890 314
1806900 313
1806910 313
1806920 313
1806930 313
1806940 313
1806950 313
1806960 313
1806970 313
1806980 313
1806990 313
1807000 313
1807010 313
1807020 313
1807030 313
1807040 313
1807050 314
1807060 313
1807070 314
1807080 314
1807090 314
1807100 314
1807110 314
1807120 314
1807130 314
1807140 314
1807150 314
1807160 315
1807170 315
1807180 315
1807190 316
1807200 316
1807210 317
1807220 317
1807230 318
1807240 318
1807250 319
1807260 320
1807270 320
1807280 321
1807290 321
1807300 322
1807310 322
1807320 323
1807330 324
1807340 324
1807350 325
1807360 326
1807370 327
1807380 328
1807390 329
1807400 330
1807410 330
1807420 331
1807430 332
1807440 332
1807450 333
1807460 334
1807470 334
1807480 335
1807490 336
1807500 336
1807510 337
1807520 338
1807530 338
1807540 339
1807550 339
1807560 340
1807570 340
1807580 341
1807590 341
1807600 341
1807610 342
1807620 342
1807630 342
1807640 342
1807650 341
1807660 341
1807670 341
1807680 341
1807690 341
1807700 341
1807710 340
1807720 340
1807730 339
1807740 339
1807750 338
1807760 338
1807770 337
1807780 336
1807790 335
1807800 335
1807810 334
1807820 333
1807830 332
1807840 331
1807850 330
1807860 330
1807870 329
1807880 328
1807890 328
1807900 327
1807910 327
1807920 327
1807930 327
1807940 327
1807950 327
1807960 327
1807970 327
1807980 327
1807990 327
1808000 327
1808010 328
1808020 328
1808030 329
1808040 329
1808050 330
1808060 330
1808070 330
1808080 330
1808090 330
1808100 330
1808110 330
1808120 329
1808130 329
1808140 328
1808150 327
1808160 325
1808170 324
1808180 323
1808190 322
1808200 320
1808210 319
1808220 318
1808230 317
1808240 316
1808250 315
1808260 314
1808270 313
1808280 312
1808290 312
1808300 312
1808310 311
1808320 310
1808330 310
1808340 309
1808350 309
1808360 308
1808370 308
1808380 307
1808390 306
1808400 305
1808410 305
1808420 304
1808430 304
1808440 303
1808450 303
1808460 302
1808470 302
1808480 301
1808490 301
1808500 301
1808510 301
1808520 301
1808530 301
1808540 300
1808550 300
1808560 300
1808570 300
1808580 300
1808590 300
1808600 299
1808610 299
1808620 299
1808630 299
1808640 299
1808650 299
1808660 299
1808670 299
1808680 299
1808690 298
1808700 298
1808710 298
1808720 298
1808730 298
1808740 298
1808750 298
1808760 296
1808770 295
1808780 296
1808790 297
1808800 297
1808810 297
1808820 297
1808830 296
1808840 296
1808850 296
1808860 296
1808870 296
1808880 296
1808890 296
1808900 296
1808910 296
1808920 296
1808930 296
1808940 296
1808950 296
1808960 296
1808970 296
1808980 296
1808990 296
1809000 296
1809010 296
1809020 296
1809030 296
1809040 296
1809050 296
1809060 296
1809070 296
1809080 296
1809090 296
1809100 296
1809110 296
1809120 296
1809130 296
1809140 296
1809150 296
1809160 296
1809170 296
1809180 296
1809190 296
1809200 296
1809210 296
1809220 296
1809230 296
1809240 296
1809250 296
1809260 295
1809270 295
1809280 295
1809290 295
1809300 295
1809310 295
1809320 295
1809330 295
1809340 295
1809350 295
1809360 295
1809370 295
1809380 295
1809390 295
1809400 295
1809410 295
1809420 295
1809430 295
1809440 295
1809450 295
1809460 295
1809470 295
1809480 295
1809490 295
1809500 295
1809510 295
1809520 295
1809530 295
1809540 295
1809550 295
1809560 295
1809570 295
1809580 295
1809590 295
1809600 296
1809610 296
1809620 296
1809630 296
1809640 296
1809650 297
1809660 297
1809670 297
1809680 297
1809690 297
1809700 297
1809710 297
1809720 297
1809730 298
1809740 298
1809750 298
1809760 298
1809770 298
1809780 298
1809790 298
1809800 298
1809810 298
1809820 298
1809830 298
1809840 298
1809850 298
1809860 298
1809870 298
1809880 298
1809890 298
1809900 298
1809910 298
1809920 298
1809930 298
1809940 298
1809950 299
1809960 299
1809970 299
1809980 299
1809990 299
1810000 299
1810010 299
1810020 299
1810030 299
1810040 299
1810050 299
1810060 299
1810070 299
1810080 299
1810090 299
1810100 299
1810110 298
1810120 298
1810130 298
1810140 298
1810150 298
1810160 298
1810170 298
1810180 298
1810190 297
1810200 297
1810210 296
1810220 296
1810230 296
1810240 295
1810250 295
1810260 295
1810270 295
1810280 295
1810290 294
1810300 294
1810310 294
1810320 294
1810330 294
1810340 294
1810350 294
1810360 294
1810370 294
1810380 294
1810390 294
1810400 293
1810410 293
1810420 293
1810430 293
1810440 294
1810450 295
1810460 296
1810470 296
1810480 296
1810490 297
1810500 297
1810510 297
1810520 298
1810530 298
1810540 298
1810550 298
1810560 299
1810570 299
1810580 299
1810590 300
1810600 300
1810610 301
1810620 302
1810630 302
1810640 302
1810650 303
1810660 303
1810670 303
1810680 303
1810690 303
1810700 303
1810710 304
1810720 304
1810730 304
1810740 305
1810750 305
1810760 306
1810770 306
1810780 306
1810790 306
1810800 307
1810810 307
1810820 307
1810830 307
1810840 308
1810850 308
1810860 308
1810870 308
1810880 308
1810890 308
1810900 309
1810910 309
1810920 309
1810930 309
1810940 309
1810950 309
1810960 309
1810970 309
1810980 308
1810990 308
1811000 307
1811010 307
1811020 306
1811030 305
1811040 305
1811050 304
1811060 303
1811070 303
1811080 302
1811090 302
1811100 301
1811110 300
1811120 299
1811130 299
1811140 299
1811150 302
1811160 303
1811170 303
1811180 303
1811190 303
1811200 303
1811210 302
1811220 301
1811230 300
1811240 299
1811250 299
1811260 299
1811270 299
1811280 299
1811290 300
1811300 302
1811310 303
1811320 304
1811330 304
1811340 304
1811350 305
1811360 305
1811370 306
1811380 307
1811390 308
1811400 308
1811410 309
1811420 310
1811430 310
1811440 311
1811450 312
1811460 312
1811470 313
1811480 313
1811490 314
1811500 315
1811510 316
1811520 316
1811530 317
1811540 318
1811550 319
1811560 319
1811570 320
1811580 320
1811590 321
1811600 321
1811610 322
1811620 322
1811630 322
1811640 323
1811650 324
1811660 324
1811670 325
1811680 325
1811690 326
1811700 326
1811710 327
1811720 328
1811730 329
1811740 329
1811750 329
1811760 329
1811770 330
1811780 330
1811790 330
1811800 331
1811810 331
1811820 332
1811830 332
1811840 333
1811850 333
1811860 334
1811870 335
1811880 335
1811890 336
1811900 336
1811910 337
1811920 337
1811930 338
1811940 338
1811950 339
1811960 339
1811970 339
1811980 339
1811990 340
1812000 340
1812010 340
1812020 340
1812030 340
1812040 340
1812050 339
1812060 339
1812070 339
1812080 338
1812090 338
1812100 338
1812110 338
1812120 338
1812130 338
1812140 338
1812150 338
1812160 338
1812170 339
1812180 339
1812190 339
1812200 340
1812210 340
1812220 341
1812230 341
1812240 342
1812250 342
1812260 343
1812270 344
1812280 344
1812290 345
1812300 346
1812310 346
1812320 347
1812330 347
1812340 348
1812350 348
1812360 347
1812370 347
1812380 347
1812390 348
1812400 348
1812410 349
1812420 349
1812430 349
1812440 349
1812450 349
1812460 349
1812470 349
1812480 349
1812490 349
1812500 348
1812510 348
1812520 348
1812530 348
1812540 347
1812550 347
1812560 347
1812570 346
1812580 346
1812590 346
1812600 345
1812610 345
1812620 345
1812630 344
1812640 344
1812650 344
1812660 343
1812670 343
1812680 343
1812690 342
1812700 342
1812710 342
1812720 342
1812730 342
1812740 342
1812750 342
1812760 342
1812770 342
1812780 341
1812790 341
1812800 341
1812810 341
1812820 341
1812830 341
1812840 342
1812850 343
1812860 343
1812870 344
1812880 344
1812890 345
1812900 345
1812910 345
1812920 346
1812930 346
1812940 347
1812950 347
1812960 347
1812970 348
1812980 348
1812990 348
1813000 349
1813010 349
1813020 349
1813030 350
1813040 350
1813050 350
1813060 351
1813070 351
1813080 352
1813090 352
1813100 353
1813110 353
1813120 354
1813130 354
1813140 354
1813150 355
1813160 355
1813170 355
1813180 356
1813190 356
1813200 356
1813210 356
1813220 356
1813230 356
1813240 355
1813250 355
1813260 355
1813270 354
1813280 354
1813290 354
1813300 354
1813310 353
1813320 353
1813330 352
1813340 352
1813350 352
1813360 351
1813370 351
1813380 350
1813390 350
1813400 350
1813410 349
1813420 349
1813430 348
1813440 348
1813450 347
1813460 347
1813470 346
1813480 346
1813490 345
1813500 345
1813510 344
1813520 344
1813530 343
1813540 343
1813550 342
1813560 342
1813570 341
1813580 341
1813590 340
1813600 340
1813610 339
1813620 339
1813630 338
1813640 337
1813650 337
1813660 336
1813670 336
1813680 335
1813690 334
1813700 334
1813710 333
1813720 333
1813730 332
1813740 332
1813750 331
1813760 330
1813770 330
1813780 329
1813790 329
1813800 328
1813810 328
1813820 327
1813830 327
1813840 326
1813850 326
1813860 325
1813870 324
1813880 324
1813890 323
1813900 322
1813910 321
1813920 321
1813930 320
1813940 320
1813950 319
1813960 319
1813970 318
1813980 318
1813990 317
1814000 317
1814010 316
1814020 316
1814030 315
1814040 314
1814050 314
1814060 313
1814070 312
1814080 312
1814090 311
1814100 311
1814110 310
1814120 309
1814130 309
1814140 308
1814150 308
1814160 307
1814170 307
1814180 306
1814190 306
1814200 305
1814210 305
1814220 304
1814230 304
1814240 303
1814250 302
1814260 302
1814270 302
1814280 301
1814290 301
1814300 301
1814310 301
1814320 301
1814330 300
1814340 300
1814350 300
1814360 300
1814370 300
1814380 299
1814390 298
1814400 297
1814410 296
1814420 294
1814430 295
1814440 296
1814450 296
1814460 296
1814470 296
1814480 296
1814490 296
1814500 296
1814510 296
1814520 296
1814530 296
1814540 296
1814550 296
1814560 296
1814570 296
1814580 295
1814590 295
1814600 295
1814610 295
1814620 295
1814630 295
1814640 295
1814650 295
1814660 295
1814670 295
1814680 295
1814690 295
1814700 295
1814710 295
1814720 295
1814730 295
1814740 295
1814750 295
1814760 295
1814770 295
1814780 295
1814790 295
1814800 295
1814810 295
1814820 295
1814830 295
1814840 295
1814850 295
1814860 295
1814870 295
1814880 295
1814890 295
1814900 295
1814910 295
1814920 295
1814930 295
1814940 295
1814950 295
1814960 295
1814970 295
1814980 295
1814990 295
1815000 295
1815010 295
1815020 295
1815030 295
1815040 295
1815050 295
1815060 295
1815070 295
1815080 295
1815090 295
1815100 295
1815110 295
1815120 295
1815130 295
1815140 295
1815150 296
1815160 296
1815170 296
1815180 296
1815190 296
1815200 296
1815210 296
1815220 297
1815230 297
1815240 297
1815250 298
1815260 298
1815270 297
1815280 296
1815290 297
1815300 298
1815310 298
1815320 299
1815330 300
1815340 300
1815350 301
1815360 302
1815370 303
1815380 304
1815390 305
1815400 305
1815410 306
1815420 307
1815430 308
1815440 309
1815450 310
1815460 311
1815470 312
1815480 313
1815490 314
1815500 314
1815510 315
1815520 316
1815530 316
1815540 317
1815550 318
1815560 319
1815570 320
1815580 321
1815590 322
1815600 323
1815610 324
1815620 325
1815630 327
1815640 328
1815650 329
1815660 330
1815670 332
1815680 333
1815690 334
1815700 335
1815710 337
1815720 338
1815730 338
1815740 339
1815750 340
1815760 341
1815770 342
1815780 343
1815790 344
1815800 345
1815810 345
1815820 346
1815830 346
1815840 347
1815850 347
1815860 347
1815870 348
1815880 348
1815890 348
1815900 348
1815910 348
1815920 348
1815930 348
1815940 348
1815950 348
1815960 347
1815970 347
1815980 347
1815990 347
1816000 346
1816010 346
1816020 345
1816030 345
1816040 344
1816050 344
1816060 344
1816070 343
1816080 342
1816090 342
1816100 341
1816110 341
1816120 341
1816130 340
1816140 340
1816150 339
1816160 339
1816170 338
1816180 338
1816190 337
1816200 337
1816210 336
1816220 336
1816230 335
1816240 335
1816250 334
1816260 334
1816270 333
1816280 332
1816290 332
1816300 331
1816310 330
1816320 330
1816330 329
1816340 329
1816350 329
1816360 328
1816370 328
1816380 328
1816390 328
1816400 328
1816410 328
1816420 328
1816430 328
1816440 328
1816450 328
1816460 328
1816470 328
1816480 327
1816490 327
1816500 327
1816510 327
1816520 326
1816530 326
1816540 325
1816550 325
1816560 324
1816570 324
1816580 324
1816590 323
1816600 322
1816610 322
1816620 321
1816630 320
1816640 320
1816650 319
1816660 318
1816670 318
1816680 317
1816690 316
1816700 315
1816710 315
1816720 314
1816730 313
1816740 312
1816750 311
1816760 310
1816770 309
1816780 309
1816790 308
1816800 308
1816810 307
1816820 306
1816830 306
1816840 305
1816850 305
1816860 304
1816870 304
1816880 303
1816890 303
1816900 302
1816910 302
1816920 302
1816930 302
1816940 302
1816950 301
1816960 301
1816970 301
1816980 301
1816990 301
1817000 301
1817010 301
1817020 301
1817030 301
1817040 301
1817050 301
1817060 301
1817070 301
1817080 301
1817090 301
1817100 301
1817110 301
1817120 301
1817130 301
1817140 301
1817150 301
1817160 301
1817170 301
1817180 301
1817190 301
1817200 301
1817210 302
1817220 304
1817230 305
1817240 306
1817250 307
1817260 307
1817270 308
1817280 308
1817290 309
1817300 310
1817310 310
1817320 311
1817330 312
1817340 312
1817350 313
1817360 314
1817370 314
1817380 315
1817390 316
1817400 316
1817410 317
1817420 318
1817430 319
1817440 320
1817450 321
1817460 321
1817470 322
1817480 323
1817490 324
1817500 325
1817510 326
1817520 327
1817530 329
1817540 330
1817550 331
1817560 331
1817570 332
1817580 332
1817590 332
1817600 333
1817610 333
1817620 334
1817630 335
1817640 335
1817650 336
1817660 336
1817670 337
1817680 337
1817690 338
1817700 338
1817710 338
1817720 338
1817730 338
1817740 339
1817750 339
1817760 339
1817770 339
1817780 339
1817790 339
1817800 339
1817810 339
1817820 339
1817830 339
1817840 339
1817850 339
1817860 339
1817870 339
1817880 339
1817890 339
1817900 339
1817910 339
1817920 338
1817930 338
1817940 338
1817950 338
1817960 338
1817970 338
1817980 338
1817990 337
1818000 337
1818010 337
1818020 337
1818030 337
1818040 337
1818050 337
1818060 337
1818070 337
1818080 337
1818090 337
1818100 337
1818110 337
1818120 337
1818130 337
1818140 338
1818150 338
1818160 338
1818170 338
1818180 338
1818190 338
1818200 338
1818210 339
1818220 339
1818230 339
1818240 339
1818250 339
1818260 339
1818270 339
1818280 339
1818290 339
1818300 339
1818310 339
1818320 340
1818330 340
1818340 340
1818350 340
1818360 340
1818370 340
1818380 340
1818390 340
1818400 340
1818410 340
1818420 340
1818430 340
1818440 340
1818450 340
1818460 340
1818470 340
1818480 341
1818490 341
1818500 341
1818510 341
1818520 341
1818530 341
1818540 341
1818550 341
1818560 341
1818570 341
1818580 341
1818590 341
1818600 341
1818610 341
1818620 341
1818630 341
1818640 341
1818650 340
1818660 340
1818670 340
1818680 340
1818690 340
1818700 340
1818710 340
1818720 339
1818730 339
1818740 339
1818750 339
1818760 339
1818770 339
1818780 339
1818790 339
1818800 339
1818810 339
1818820 339
1818830 339
1818840 339
1818850 339
1818860 339
1818870 339
1818880 339
1818890 339
1818900 339
1818910 339
1818920 339
1818930 339
1818940 339
1818950 339
1818960 339
1818970 339
1818980 339
1818990 339
1819000 339
1819010 339
1819020 339
1819030 339
1819040 339
1819050 339
1819060 340
1819070 340
1819080 340
1819090 341
1819100 342
1819110 342
1819120 343
1819130 343
1819140 344
1819150 344
1819160 345
1819170 345
1819180 345
1819190 346
1819200 346
1819210 347
1819220 347
1819230 347
1819240 348
1819250 348
1819260 348
1819270 349
1819280 349
1819290 349
1819300 350
1819310 350
1819320 350
1819330 350
1819340 350
1819350 351
1819360 351
1819370 351
1819380 351
1819390 351
1819400 351
1819410 351
1819420 351
1819430 351
1819440 351
1819450 351
1819460 351
1819470 351
1819480 351
1819490 351
1819500 350
1819510 350
1819520 350
1819530 350
1819540 350
1819550 349
1819560 349
1819570 349
1819580 348
1819590 348
1819600 348
1819610 347
1819620 347
1819630 346
1819640 346
1819650 345
1819660 344
1819670 344
1819680 343
1819690 343
1819700 342
1819710 341
1819720 341
1819730 340
1819740 340
1819750 339
1819760 339
1819770 338
1819780 338
1819790 337
1819800 336
1819810 336
1819820 335
1819830 334
1819840 333
1819850 332
1819860 331
1819870 330
1819880 329
1819890 328
1819900 328
1819910 327
1819920 326
1819930 326
1819940 325
1819950 325
1819960 324
1819970 323
1819980 322
1819990 322
