1800000 341
1800010 342
1800020 343
1800030 343
1800040 344
1800050 344
1800060 344
1800070 344
1800080 344
1800090 344
1800100 344
1800110 344
1800120 345
1800130 345
1800140 345
1800150 346
1800160 346
1800170 347
1800180 349
1800190 350
1800200 351
1800210 353
1800220 354
1800230 355
1800240 355
1800250 356
1800260 357
1800270 358
1800280 359
1800290 360
1800300 361
1800310 361
1800320 362
1800330 362
1800340 363
1800350 363
1800360 364
1800370 365
1800380 366
1800390 366
1800400 366
1800410 365
1800420 365
1800430 365
1800440 364
1800450 364
1800460 363
1800470 362
1800480 361
1800490 360
1800500 358
1800510 356
1800520 355
1800530 355
1800540 354
1800550 353
1800560 351
1800570 351
1800580 351
1800590 352
1800600 351
1800610 350
1800620 350
1800630 349
1800640 348
1800650 347
1800660 346
1800670 345
1800680 345
1800690 344
1800700 344
1800710 343
1800720 343
1800730 342
1800740 341
1800750 341
1800760 340
1800770 340
1800780 339
1800790 339
1800800 338
1800810 338
1800820 337
1800830 337
1800840 336
1800850 336
1800860 335
1800870 335
1800880 334
1800890 334
1800900 333
1800910 333
1800920 333
1800930 332
1800940 332
1800950 332
1800960 332
1800970 331
1800980 331
1800990 331
1801000 330
1801010 330
1801020 330
1801030 330
1801040 329
1801050 329
1801060 329
1801070 329
1801080 329
1801090 329
1801100 328
1801110 328
1801120 328
1801130 328
1801140 327
1801150 327
1801160 327
1801170 327
1801180 327
1801190 327
1801200 326
1801210 326
1801220 326
1801230 326
1801240 326
1801250 326
1801260 326
1801270 326
1801280 326
1801290 326
1801300 326
1801310 325
1801320 325
1801330 325
1801340 325
1801350 325
1801360 325
1801370 325
1801380 324
1801390 325
1801400 326
1801410 325
1801420 325
1801430 324
1801440 324
1801450 325
1801460 326
1801470 326
1801480 325
1801490 325
1801500 325
1801510 325
1801520 325
1801530 324
1801540 324
1801550 324
1801560 324
1801570 325
1801580 325
1801590 325
1801600 325
1801610 325
1801620 325
1801630 325
1801640 325
1801650 325
1801660 325
1801670 325
1801680 325
1801690 324
1801700 324
1801710 324
1801720 324
1801730 324
1801740 324
1801750 324
1801760 324
1801770 324
1801780 324
1801790 324
1801800 324
1801810 324
1801820 324
1801830 324
1801840 324
1801850 324
1801860 324
1801870 324
1801880 324
1801890 324
1801900 324
1801910 324
1801920 324
1801930 324
1801940 324
1801950 324
1801960 324
1801970 324
1801980 324
1801990 324
1802000 324
1802010 323
1802020 323
1802030 323
1802040 323
1802050 323
1802060 323
1802070 323
1802080 323
1802090 323
1802100 323
1802110 323
1802120 323
1802130 323
1802140 323
1802150 323
1802160 323
1802170 323
1802180 323
1802190 323
1802200 323
1802210 323
1802220 323
1802230 323
1802240 323
1802250 323
1802260 323
1802270 323
1802280 323
1802290 322
1802300 322
1802310 322
1802320 322
1802330 322
1802340 322
1802350 322
1802360 322
1802370 322
1802380 322
1802390 322
1802400 322
1802410 322
1802420 322
1802430 322
1802440 322
1802450 322
1802460 322
1802470 322
1802480 322
1802490 322
1802500 322
1802510 322
1802520 322
1802530 322
1802540 322
1802550 322
1802560 321
1802570 321
1802580 321
1802590 321
1802600 322
1802610 322
1802620 322
1802630 322
1802640 322
1802650 322
1802660 322
1802670 322
1802680 322
1802690 322
1802700 322
1802710 322
1802720 322
1802730 321
1802740 321
1802750 321
1802760 321
1802770 321
1802780 322
1802790 322
1802800 322
1802810 322
1802820 322
1802830 322
1802840 322
1802850 322
1802860 322
1802870 322
1802880 322
1802890 322
1802900 321
1802910 321
1802920 321
1802930 321
1802940 321
1802950 321
1802960 321
1802970 321
1802980 321
1802990 321
1803000 321
1803010 321
1803020 321
1803030 321
1803040 322
1803050 322
1803060 322
1803070 322
1803080 322
1803090 322
1803100 322
1803110 322
1803120 322
1803130 322
1803140 323
1803150 323
1803160 323
1803170 323
1803180 323
1803190 323
1803200 323
1803210 323
1803220 323
1803230 323
1803240 323
1803250 323
1803260 323
1803270 323
1803280 323
1803290 323
1803300 323
1803310 323
1803320 323
1803330 323
1803340 323
1803350 323
1803360 324
1803370 324
1803380 324
1803390 325
1803400 325
1803410 324
1803420 324
1803430 324
1803440 324
1803450 324
1803460 324
1803470 323
1803480 323
1803490 323
1803500 323
1803510 323
1803520 323
1803530 323
1803540 324
1803550 326
1803560 327
1803570 329
1803580 329
1803590 326
1803600 324
1803610 323
1803620 323
1803630 323
1803640 323
1803650 323
1803660 323
1803670 323
1803680 323
1803690 324
1803700 324
1803710 324
1803720 324
1803730 324
1803740 324
1803750 325
1803760 325
1803770 325
1803780 325
1803790 324
1803800 324
1803810 324
1803820 324
1803830 323
1803840 323
1803850 323
1803860 323
1803870 323
1803880 324
1803890 324
1803900 324
1803910 324
1803920 323
1803930 323
1803940 323
1803950 323
1803960 323
1803970 323
1803980 323
1803990 323
1804000 323
1804010 323
1804020 323
1804030 323
1804040 323
1804050 324
1804060 324
1804070 324
1804080 324
1804090 324
1804100 324
1804110 325
1804120 324
1804130 325
1804140 325
1804150 325
1804160 325
1804170 325
1804180 325
1804190 325
1804200 325
1804210 325
1804220 326
1804230 326
1804240 326
1804250 326
1804260 326
1804270 327
1804280 326
1804290 326
1804300 327
1804310 327
1804320 327
1804330 327
1804340 327
1804350 328
1804360 328
1804370 329
1804380 329
1804390 330
1804400 331
1804410 331
1804420 331
1804430 332
1804440 332
1804450 333
1804460 334
1804470 334
1804480 334
1804490 335
1804500 336
1804510 337
1804520 338
1804530 339
1804540 340
1804550 341
1804560 341
1804570 342
1804580 343
1804590 344
1804600 345
1804610 345
1804620 346
1804630 347
1804640 348
1804650 349
1804660 350
1804670 350
1804680 351
1804690 351
1804700 351
1804710 352
1804720 352
1804730 353
1804740 352
1804750 352
1804760 352
1804770 351
1804780 350
1804790 350
1804800 349
1804810 349
1804820 348
1804830 347
1804840 347
1804850 346
1804860 345
1804870 344
1804880 344
1804890 343
1804900 342
1804910 342
1804920 341
1804930 340
1804940 340
1804950 339
1804960 339
1804970 338
1804980 337
1804990 337
1805000 337
1805010 336
1805020 336
1805030 336
1805040 335
1805050 335
1805060 335
1805070 335
1805080 335
1805090 335
1805100 335
1805110 335
1805120 335
1805130 335
1805140 335
1805150 334
1805160 334
1805170 334
1805180 334
1805190 334
1805200 335
1805210 335
1805220 335
1805230 335
1805240 335
1805250 335
1805260 335
1805270 335
1805280 336
1805290 336
1805300 336
1805310 336
1805320 337
1805330 337
1805340 338
1805350 338
1805360 339
1805370 340
1805380 340
1805390 341
1805400 342
1805410 343
1805420 343
1805430 344
1805440 345
1805450 346
1805460 347
1805470 348
1805480 348
1805490 349
1805500 350
1805510 350
1805520 351
1805530 351
1805540 352
1805550 352
1805560 353
1805570 353
1805580 353
1805590 353
1805600 353
1805610 353
1805620 353
1805630 353
1805640 353
1805650 353
1805660 352
1805670 352
1805680 352
1805690 351
1805700 351
1805710 351
1805720 350
1805730 349
1805740 348
1805750 347
1805760 347
1805770 346
1805780 345
1805790 344
1805800 344
1805810 343
1805820 343
1805830 342
1805840 342
1805850 342
1805860 342
1805870 341
1805880 341
1805890 341
1805900 341
1805910 340
1805920 340
1805930 339
1805940 338
1805950 337
1805960 336
1805970 335
1805980 334
1805990 332
1806000 331
1806010 331
1806020 330
1806030 329
1806040 329
1806050 328
1806060 328
1806070 327
1806080 326
1806090 325
1806100 324
1806110 324
1806120 323
1806130 322
1806140 321
1806150 321
1806160 320
1806170 320
1806180 320
1806190 319
1806200 319
1806210 319
1806220 318
1806230 318
1806240 318
1806250 317
1806260 317
1806270 317
1806280 316
1806290 316
1806300 315
1806310 315
1806320 315
1806330 314
1806340 314
1806350 314
1806360 314
1806370 314
1806380 313
1806390 313
1806400 312
1806410 312
1806420 312
1806430 312
1806440 311
1806450 311
1806460 311
1806470 311
1806480 311
1806490 312
1806500 312
1806510 313
1806520 313
1806530 312
1806540 312
1806550 311
1806560 310
1806570 310
1806580 309
1806590 309
1806600 309
1806610 308
1806620 308
1806630 308
1806640 308
1806650 308
1806660 308
1806670 308
1806680 308
1806690 308
1806700 307
1806710 307
1806720 307
1806730 307
1806740 307
1806750 307
1806760 307
1806770 306
1806780 306
1806790 306
1806800 306
1806810 306
1806820 306
1806830 306
1806840 306
1806850 306
1806860 306
1806870 306
1806880 306
1806890 306
1806900 306
1806910 307
1806920 307
1806930 307
1806940 307
1806950 307
1806960 306
1806970 305
1806980 305
1806990 304
1807000 304
1807010 304
1807020 304
1807030 304
1807040 304
1807050 305
1807060 305
1807070 305
1807080 305
1807090 305
1807100 304
1807110 304
1807120 304
1807130 305
1807140 305
1807150 305
1807160 305
1807170 305
1807180 305
1807190 305
1807200 305
1807210 305
1807220 305
1807230 305
1807240 305
1807250 305
1807260 305
1807270 305
1807280 305
1807290 305
1807300 305
1807310 305
1807320 305
1807330 305
1807340 305
1807350 305
1807360 305
1807370 305
1807380 305
1807390 305
1807400 305
1807410 305
1807420 305
1807430 305
1807440 305
1807450 305
1807460 305
1807470 305
1807480 305
1807490 305
1807500 305
1807510 305
1807520 305
1807530 305
1807540 305
1807550 305
1807560 305
1807570 305
1807580 305
1807590 305
1807600 306
1807610 306
1807620 306
1807630 306
1807640 306
1807650 306
1807660 306
1807670 306
1807680 306
1807690 307
1807700 307
1807710 307
1807720 307
1807730 307
1807740 307
1807750 307
1807760 307
1807770 308
1807780 308
1807790 308
1807800 308
1807810 308
1807820 309
1807830 309
1807840 309
1807850 310
1807860 310
1807870 310
1807880 310
1807890 311
1807900 311
1807910 311
1807920 312
1807930 312
1807940 313
1807950 313
1807960 314
1807970 314
1807980 314
1807990 314
1808000 314
1808010 314
1808020 315
1808030 315
1808040 315
1808050 316
1808060 316
1808070 316
1808080 316
1808090 316
1808100 316
1808110 317
1808120 317
1808130 318
1808140 319
1808150 319
1808160 319
1808170 319
1808180 319
1808190 320
1808200 320
1808210 320
1808220 320
1808230 320
1808240 321
1808250 321
1808260 321
1808270 321
1808280 321
1808290 321
1808300 322
1808310 322
1808320 322
1808330 322
1808340 323
1808350 323
1808360 323
1808370 324
1808380 324
1808390 325
1808400 325
1808410 326
1808420 326
1808430 327
1808440 327
1808450 328
1808460 328
1808470 328
1808480 329
1808490 329
1808500 329
1808510 330
1808520 330
1808530 330
1808540 331
1808550 331
1808560 332
1808570 332
1808580 333
1808590 333
1808600 334
1808610 334
1808620 334
1808630 335
1808640 335
1808650 336
1808660 336
1808670 337
1808680 337
1808690 337
1808700 337
1808710 338
1808720 338
1808730 338
1808740 339
1808750 339
1808760 339
1808770 340
1808780 340
1808790 340
1808800 340
1808810 340
1808820 341
1808830 341
1808840 341
1808850 341
1808860 341
1808870 342
1808880 342
1808890 342
1808900 342
1808910 342
1808920 342
1808930 342
1808940 342
1808950 342
1808960 342
1808970 341
1808980 341
1808990 341
1809000 341
1809010 341
1809020 341
1809030 341
1809040 340
1809050 340
1809060 340
1809070 339
1809080 339
1809090 338
1809100 338
1809110 337
1809120 337
1809130 337
1809140 336
1809150 336
1809160 335
1809170 335
1809180 335
1809190 334
1809200 334
1809210 334
1809220 333
1809230 333
1809240 333
1809250 332
1809260 332
1809270 331
1809280 331
1809290 330
1809300 330
1809310 329
1809320 329
1809330 328
1809340 327
1809350 327
1809360 326
1809370 326
1809380 325
1809390 325
1809400 325
1809410 325
1809420 324
1809430 324
1809440 323
1809450 322
1809460 321
1809470 321
1809480 320
1809490 320
1809500 319
1809510 319
1809520 319
1809530 318
1809540 318
1809550 318
1809560 317
1809570 317
1809580 316
1809590 315
1809600 315
1809610 314
1809620 313
1809630 313
1809640 312
1809650 311
1809660 311
1809670 311
1809680 310
1809690 310
1809700 310
1809710 310
1809720 309
1809730 309
1809740 309
1809750 308
1809760 308
1809770 308
1809780 308
1809790 308
1809800 308
1809810 307
1809820 307
1809830 307
1809840 307
1809850 307
1809860 307
1809870 307
1809880 307
1809890 307
1809900 307
1809910 307
1809920 307
1809930 307
1809940 307
1809950 307
1809960 307
1809970 307
1809980 306
1809990 306
1810000 307
1810010 307
1810020 307
1810030 306
1810040 306
1810050 306
1810060 306
1810070 306
1810080 307
1810090 307
1810100 307
1810110 307
1810120 307
1810130 307
1810140 308
1810150 308
1810160 308
1810170 309
1810180 309
1810190 309
1810200 310
1810210 310
1810220 311
1810230 312
1810240 312
1810250 313
1810260 314
1810270 315
1810280 316
1810290 317
1810300 318
1810310 319
1810320 320
1810330 321
1810340 321
1810350 322
1810360 323
1810370 323
1810380 324
1810390 325
1810400 325
1810410 326
1810420 326
1810430 326
1810440 327
1810450 328
1810460 328
1810470 329
1810480 331
1810490 332
1810500 333
1810510 335
1810520 336
1810530 338
1810540 339
1810550 340
1810560 342
1810570 343
1810580 345
1810590 346
1810600 348
1810610 350
1810620 352
1810630 352
1810640 352
1810650 351
1810660 351
1810670 350
1810680 350
1810690 349
1810700 348
1810710 347
1810720 346
1810730 345
1810740 344
1810750 343
1810760 342
1810770 341
1810780 340
1810790 339
1810800 338
1810810 337
1810820 336
1810830 336
1810840 335
1810850 334
1810860 333
1810870 332
1810880 331
1810890 330
1810900 329
1810910 329
1810920 328
1810930 327
1810940 327
1810950 326
1810960 326
1810970 326
1810980 325
1810990 325
1811000 324
1811010 324
1811020 324
1811030 323
1811040 323
1811050 323
1811060 323
1811070 322
1811080 322
1811090 322
1811100 321
1811110 321
1811120 321
1811130 321
1811140 321
1811150 320
1811160 320
1811170 320
1811180 320
1811190 320
1811200 320
1811210 320
1811220 319
1811230 319
1811240 319
1811250 320
1811260 320
1811270 320
1811280 321
1811290 322
1811300 322
1811310 323
1811320 324
1811330 324
1811340 325
1811350 325
1811360 326
1811370 326
1811380 327
1811390 328
1811400 328
1811410 329
1811420 330
1811430 331
1811440 332
1811450 333
1811460 334
1811470 336
1811480 337
1811490 338
1811500 340
1811510 341
1811520 342
1811530 343
1811540 345
1811550 346
1811560 346
1811570 347
1811580 347
1811590 348
1811600 348
1811610 348
1811620 348
1811630 348
1811640 348
1811650 348
1811660 348
1811670 347
1811680 347
1811690 346
1811700 345
1811710 345
1811720 344
1811730 344
1811740 343
1811750 343
1811760 343
1811770 342
1811780 342
1811790 342
1811800 342
1811810 341
1811820 341
1811830 341
1811840 340
1811850 340
1811860 340
1811870 339
1811880 339
1811890 339
1811900 338
1811910 338
1811920 337
1811930 337
1811940 336
1811950 336
1811960 335
1811970 334
1811980 334
1811990 334
1812000 335
1812010 335
1812020 335
1812030 336
1812040 336
1812050 336
1812060 336
1812070 337
1812080 337
1812090 337
1812100 338
1812110 338
1812120 339
1812130 339
1812140 340
1812150 341
1812160 341
1812170 342
1812180 343
1812190 344
1812200 344
1812210 345
1812220 346
1812230 347
1812240 348
1812250 349
1812260 350
1812270 352
1812280 354
1812290 355
1812300 357
1812310 358
1812320 359
1812330 361
1812340 362
1812350 362
1812360 363
1812370 363
1812380 363
1812390 363
1812400 363
1812410 362
1812420 362
1812430 361
1812440 361
1812450 360
1812460 360
1812470 359
1812480 358
1812490 357
1812500 356
1812510 356
1812520 355
1812530 354
1812540 354
1812550 353
1812560 352
1812570 352
1812580 351
1812590 350
1812600 350
1812610 350
1812620 349
1812630 348
1812640 348
1812650 347
1812660 347
1812670 346
1812680 346
1812690 346
1812700 346
1812710 345
1812720 345
1812730 344
1812740 343
1812750 342
1812760 342
1812770 341
1812780 340
1812790 340
1812800 339
1812810 338
1812820 337
1812830 337
1812840 336
1812850 335
1812860 335
1812870 335
1812880 334
1812890 334
1812900 333
1812910 332
1812920 332
1812930 330
1812940 328
1812950 327
1812960 326
1812970 325
1812980 324
1812990 324
1813000 323
1813010 322
1813020 322
1813030 321
1813040 321
1813050 320
1813060 320
1813070 320
1813080 321
1813090 321
1813100 321
1813110 320
1813120 319
1813130 319
1813140 319
1813150 318
1813160 318
1813170 318
1813180 317
1813190 317
1813200 317
1813210 316
1813220 316
1813230 315
1813240 315
1813250 314
1813260 314
1813270 313
1813280 313
1813290 312
1813300 311
1813310 311
1813320 310
1813330 309
1813340 309
1813350 308
1813360 308
1813370 308
1813380 308
1813390 307
1813400 307
1813410 307
1813420 307
1813430 307
1813440 307
1813450 307
1813460 307
1813470 307
1813480 307
1813490 307
1813500 307
1813510 307
1813520 306
1813530 306
1813540 306
1813550 306
1813560 306
1813570 306
1813580 306
1813590 306
1813600 306
1813610 306
1813620 306
1813630 306
1813640 306
1813650 306
1813660 306
1813670 306
1813680 306
1813690 306
1813700 306
1813710 306
1813720 306
1813730 306
1813740 306
1813750 306
1813760 306
1813770 306
1813780 306
1813790 306
1813800 306
1813810 306
1813820 306
1813830 306
1813840 306
1813850 306
1813860 306
1813870 306
1813880 306
1813890 306
1813900 305
1813910 305
1813920 305
1813930 305
1813940 306
1813950 306
1813960 306
1813970 306
1813980 306
1813990 306
1814000 306
1814010 306
1814020 306
1814030 306
1814040 306
1814050 306
1814060 306
1814070 306
1814080 306
1814090 306
1814100 306
1814110 306
1814120 306
1814130 306
1814140 306
1814150 306
1814160 306
1814170 306
1814180 306
1814190 306
1814200 306
1814210 307
1814220 307
1814230 307
1814240 308
1814250 309
1814260 309
1814270 309
1814280 310
1814290 310
1814300 311
1814310 311
1814320 312
1814330 313
1814340 314
1814350 315
1814360 315
1814370 316
1814380 317
1814390 318
1814400 319
1814410 320
1814420 321
1814430 321
1814440 322
1814450 322
1814460 323
1814470 324
1814480 325
1814490 326
1814500 326
1814510 327
1814520 327
1814530 328
1814540 328
1814550 329
1814560 329
1814570 330
1814580 331
1814590 331
1814600 332
1814610 333
1814620 334
1814630 334
1814640 335
1814650 336
1814660 337
1814670 338
1814680 339
1814690 339
1814700 340
1814710 340
1814720 340
1814730 340
1814740 340
1814750 340
1814760 340
1814770 339
1814780 339
1814790 339
1814800 338
1814810 337
1814820 336
1814830 335
1814840 334
1814850 333
1814860 332
1814870 331
1814880 331
1814890 330
1814900 329
1814910 329
1814920 328
1814930 327
1814940 327
1814950 326
1814960 326
1814970 325
1814980 325
1814990 325
1815000 324
1815010 324
1815020 324
1815030 324
1815040 323
1815050 323
1815060 323
1815070 323
1815080 323
1815090 322
1815100 322
1815110 322
1815120 321
1815130 321
1815140 320
1815150 320
1815160 320
1815170 319
1815180 319
1815190 318
1815200 318
1815210 318
1815220 317
1815230 317
1815240 317
1815250 317
1815260 317
1815270 316
1815280 316
1815290 316
1815300 316
1815310 315
1815320 315
1815330 315
1815340 315
1815350 315
1815360 315
1815370 315
1815380 315
1815390 315
1815400 315
1815410 314
1815420 314
1815430 313
1815440 312
1815450 313
1815460 314
1815470 315
1815480 316
1815490 316
1815500 317
1815510 317
1815520 317
1815530 317
1815540 318
1815550 318
1815560 319
1815570 320
1815580 321
1815590 323
1815600 324
1815610 324
1815620 325
1815630 326
1815640 327
1815650 328
1815660 328
1815670 329
1815680 330
1815690 331
1815700 332
1815710 333
1815720 333
1815730 333
1815740 333
1815750 333
1815760 334
1815770 335
1815780 337
1815790 337
1815800 338
1815810 339
1815820 340
1815830 340
1815840 341
1815850 342
1815860 342
1815870 343
1815880 343
1815890 343
1815900 344
1815910 345
1815920 345
1815930 346
1815940 347
1815950 348
1815960 349
1815970 350
1815980 351
1815990 352
1816000 352
1816010 353
1816020 353
1816030 354
1816040 354
1816050 354
1816060 355
1816070 355
1816080 356
1816090 357
1816100 357
1816110 357
1816120 357
1816130 357
1816140 357
1816150 356
1816160 356
1816170 356
1816180 355
1816190 355
1816200 354
1816210 353
1816220 353
1816230 352
1816240 351
1816250 349
1816260 348
1816270 348
1816280 348
1816290 347
1816300 346
1816310 346
1816320 345
1816330 344
1816340 344
1816350 343
1816360 343
1816370 342
1816380 342
1816390 341
1816400 341
1816410 340
1816420 340
1816430 339
1816440 339
1816450 338
1816460 338
1816470 338
1816480 337
1816490 337
1816500 336
1816510 336
1816520 336
1816530 335
1816540 334
1816550 334
1816560 334
1816570 334
1816580 333
1816590 333
1816600 333
1816610 332
1816620 332
1816630 331
1816640 331
1816650 331
1816660 330
1816670 330
1816680 330
1816690 329
1816700 329
1816710 329
1816720 329
1816730 329
1816740 328
1816750 328
1816760 327
1816770 327
1816780 326
1816790 326
1816800 326
1816810 325
1816820 325
1816830 325
1816840 325
1816850 325
1816860 324
1816870 323
1816880 323
1816890 323
1816900 324
1816910 323
1816920 323
1816930 324
1816940 324
1816950 324
1816960 324
1816970 323
1816980 323
1816990 323
1817000 323
1817010 324
1817020 324
1817030 325
1817040 326
1817050 326
1817060 327
1817070 328
1817080 328
1817090 328
1817100 329
1817110 329
1817120 330
1817130 330
1817140 331
1817150 332
1817160 333
1817170 334
1817180 335
1817190 337
1817200 338
1817210 339
1817220 340
1817230 341
1817240 342
1817250 342
1817260 342
1817270 343
1817280 343
1817290 343
1817300 343
1817310 343
1817320 343
1817330 343
1817340 343
1817350 343
1817360 343
1817370 343
1817380 343
1817390 343
1817400 343
1817410 344
1817420 344
1817430 344
1817440 345
1817450 345
1817460 345
1817470 346
1817480 347
1817490 348
1817500 348
1817510 348
1817520 349
1817530 349
1817540 349
1817550 350
1817560 351
1817570 352
1817580 352
1817590 353
1817600 354
1817610 355
1817620 355
1817630 356
1817640 357
1817650 357
1817660 357
1817670 357
1817680 358
1817690 358
1817700 359
1817710 359
1817720 359
1817730 360
1817740 360
1817750 361
1817760 361
1817770 361
1817780 362
1817790 362
1817800 363
1817810 363
1817820 363
1817830 364
1817840 364
1817850 364
1817860 364
1817870 364
1817880 364
1817890 364
1817900 364
1817910 364
1817920 364
1817930 363
1817940 363
1817950 363
1817960 363
1817970 363
1817980 363
1817990 363
1818000 363
1818010 362
1818020 362
1818030 362
1818040 362
1818050 362
1818060 361
1818070 361
1818080 361
1818090 361
1818100 361
1818110 361
1818120 360
1818130 360
1818140 360
1818150 360
1818160 359
1818170 359
1818180 358
1818190 358
1818200 358
1818210 357
1818220 357
1818230 356
1818240 356
1818250 355
1818260 354
1818270 354
1818280 353
1818290 352
1818300 352
1818310 351
1818320 351
1818330 350
1818340 350
1818350 349
1818360 348
1818370 346
1818380 344
1818390 343
1818400 343
1818410 342
1818420 342
1818430 341
1818440 340
1818450 340
1818460 339
1818470 338
1818480 338
1818490 337
1818500 337
1818510 337
1818520 336
1818530 336
1818540 336
1818550 336
1818560 335
1818570 335
1818580 335
1818590 335
1818600 335
1818610 336
1818620 336
1818630 335
1818640 335
1818650 334
1818660 334
1818670 334
1818680 333
1818690 332
1818700 332
1818710 331
1818720 330
1818730 330
1818740 329
1818750 329
1818760 328
1818770 328
1818780 327
1818790 326
1818800 325
1818810 325
1818820 324
1818830 323
1818840 323
1818850 322
1818860 321
1818870 321
1818880 321
1818890 321
1818900 322
1818910 323
1818920 324
1818930 324
1818940 324
1818950 325
1818960 325
1818970 326
1818980 326
1818990 327
1819000 327
1819010 328
1819020 328
1819030 329
1819040 329
1819050 330
1819060 330
1819070 331
1819080 331
1819090 331
1819100 332
1819110 332
1819120 332
1819130 332
1819140 333
1819150 333
1819160 333
1819170 333
1819180 333
1819190 333
1819200 333
1819210 333
1819220 333
1819230 333
1819240 332
1819250 332
1819260 332
1819270 332
1819280 332
1819290 331
1819300 331
1819310 330
1819320 330
1819330 329
1819340 329
1819350 328
1819360 328
1819370 327
1819380 327
1819390 326
1819400 325
1819410 325
1819420 324
1819430 324
1819440 323
1819450 323
1819460 322
1819470 322
1819480 322
1819490 322
1819500 321
1819510 321
1819520 319
1819530 318
1819540 317
1819550 317
1819560 318
1819570 318
1819580 318
1819590 319
1819600 320
1819610 320
1819620 321
1819630 321
1819640 322
1819650 322
1819660 322
1819670 323
1819680 323
1819690 324
1819700 325
1819710 325
1819720 326
1819730 327
1819740 327
1819750 328
1819760 329
1819770 329
1819780 330
1819790 330
1819800 330
1819810 331
1819820 331
1819830 332
1819840 332
1819850 332
1819860 333
1819870 333
1819880 333
1819890 333
1819900 333
1819910 333
1819920 333
1819930 333
1819940 333
1819950 333
1819960 333
1819970 333
1819980 333
1819990 333
