1800000 336
1800010 336
1800020 336
1800030 336
1800040 336
1800050 336
1800060 335
1800070 335
1800080 335
1800090 335
1800100 335
1800110 335
1800120 335
1800130 335
1800140 335
1800150 335
1800160 335
1800170 335
1800180 335
1800190 335
1800200 335
1800210 335
1800220 335
1800230 335
1800240 335
1800250 335
1800260 335
1800270 335
1800280 335
1800290 335
1800300 334
1800310 334
1800320 334
1800330 334
1800340 334
1800350 334
1800360 334
1800370 334
1800380 334
1800390 334
1800400 334
1800410 334
1800420 334
1800430 334
1800440 334
1800450 334
1800460 334
1800470 334
1800480 334
1800490 334
1800500 334
1800510 334
1800520 334
1800530 334
1800540 334
1800550 334
1800560 334
1800570 334
1800580 334
1800590 334
1800600 334
1800610 334
1800620 334
1800630 334
1800640 334
1800650 334
1800660 334
1800670 334
1800680 334
1800690 334
1800700 334
1800710 334
1800720 334
1800730 334
1800740 334
1800750 334
1800760 334
1800770 334
1800780 334
1800790 334
1800800 334
1800810 334
1800820 334
1800830 334
1800840 334
1800850 334
1800860 334
1800870 334
1800880 334
1800890 334
1800900 334
1800910 334
1800920 334
1800930 334
1800940 334
1800950 334
1800960 334
1800970 334
1800980 334
1800990 334
1801000 333
1801010 333
1801020 333
1801030 333
1801040 333
1801050 333
1801060 333
1801070 333
1801080 333
1801090 333
1801100 333
1801110 333
1801120 333
1801130 333
1801140 333
1801150 333
1801160 333
1801170 333
1801180 333
1801190 333
1801200 333
1801210 333
1801220 333
1801230 333
1801240 333
1801250 333
1801260 333
1801270 333
1801280 333
1801290 333
1801300 333
1801310 333
1801320 333
1801330 333
1801340 333
1801350 333
1801360 333
1801370 333
1801380 333
1801390 333
1801400 333
1801410 333
1801420 333
1801430 333
1801440 333
1801450 333
1801460 333
1801470 333
1801480 333
1801490 333
1801500 333
1801510 333
1801520 333
1801530 333
1801540 333
1801550 332
1801560 333
1801570 333
1801580 333
1801590 333
1801600 333
1801610 333
1801620 333
1801630 333
1801640 333
1801650 333
1801660 333
1801670 333
1801680 333
1801690 333
1801700 333
1801710 333
1801720 333
1801730 333
1801740 333
1801750 333
1801760 333
1801770 333
1801780 333
1801790 333
1801800 333
1801810 333
1801820 333
1801830 333
1801840 333
1801850 333
1801860 333
1801870 333
1801880 333
1801890 332
1801900 332
1801910 333
1801920 333
1801930 332
1801940 332
1801950 332
1801960 332
1801970 332
1801980 332
1801990 332
1802000 332
1802010 332
1802020 332
1802030 332
1802040 332
1802050 332
1802060 332
1802070 332
1802080 332
1802090 332
1802100 332
1802110 332
1802120 332
1802130 332
1802140 332
1802150 332
1802160 332
1802170 332
1802180 332
1802190 332
1802200 333
1802210 333
1802220 333
1802230 333
1802240 333
1802250 333
1802260 333
1802270 333
1802280 333
1802290 333
1802300 333
1802310 333
1802320 333
1802330 333
1802340 333
1802350 333
1802360 333
1802370 334
1802380 334
1802390 334
1802400 334
1802410 334
1802420 334
1802430 334
1802440 334
1802450 334
1802460 334
1802470 334
1802480 335
1802490 335
1802500 335
1802510 335
1802520 335
1802530 335
1802540 335
1802550 335
1802560 335
1802570 335
1802580 336
1802590 336
1802600 336
1802610 336
1802620 337
1802630 337
1802640 337
1802650 337
1802660 338
1802670 338
1802680 338
1802690 339
1802700 339
1802710 340
1802720 340
1802730 341
1802740 341
1802750 342
1802760 343
1802770 343
1802780 344
1802790 344
1802800 345
1802810 345
1802820 346
1802830 346
1802840 347
1802850 347
1802860 348
1802870 349
1802880 351
1802890 353
1802900 355
1802910 357
1802920 359
1802930 360
1802940 361
1802950 361
1802960 361
1802970 361
1802980 361
1802990 361
1803000 362
1803010 362
1803020 363
1803030 364
1803040 365
1803050 365
1803060 366
1803070 367
1803080 367
1803090 367
1803100 367
1803110 367
1803120 367
1803130 368
1803140 368
1803150 368
1803160 369
1803170 369
1803180 369
1803190 369
1803200 369
1803210 369
1803220 369
1803230 369
1803240 369
1803250 369
1803260 369
1803270 368
1803280 368
1803290 368
1803300 367
1803310 366
1803320 365
1803330 364
1803340 363
1803350 362
1803360 360
1803370 359
1803380 357
1803390 356
1803400 354
1803410 353
1803420 351
1803430 350
1803440 349
1803450 348
1803460 346
1803470 345
1803480 343
1803490 342
1803500 340
1803510 338
1803520 337
1803530 336
1803540 335
1803550 334
1803560 333
1803570 332
1803580 331
1803590 330
1803600 330
1803610 329
1803620 328
1803630 328
1803640 328
1803650 329
1803660 329
1803670 330
1803680 330
1803690 331
1803700 331
1803710 331
1803720 331
1803730 330
1803740 330
1803750 329
1803760 328
1803770 328
1803780 327
1803790 327
1803800 326
1803810 325
1803820 325
1803830 324
1803840 323
1803850 323
1803860 322
1803870 322
1803880 321
1803890 321
1803900 320
1803910 320
1803920 320
1803930 320
1803940 320
1803950 320
1803960 319
1803970 319
1803980 319
1803990 319
1804000 318
1804010 318
1804020 318
1804030 318
1804040 318
1804050 318
1804060 318
1804070 318
1804080 318
1804090 318
1804100 318
1804110 318
1804120 317
1804130 317
1804140 317
1804150 317
1804160 317
1804170 317
1804180 317
1804190 317
1804200 317
1804210 317
1804220 317
1804230 317
1804240 317
1804250 316
1804260 316
1804270 316
1804280 317
1804290 317
1804300 317
1804310 317
1804320 317
1804330 317
1804340 317
1804350 317
1804360 317
1804370 317
1804380 317
1804390 317
1804400 317
1804410 317
1804420 317
1804430 317
1804440 317
1804450 317
1804460 317
1804470 317
1804480 317
1804490 317
1804500 317
1804510 317
1804520 317
1804530 317
1804540 317
1804550 318
1804560 318
1804570 318
1804580 318
1804590 318
1804600 318
1804610 318
1804620 318
1804630 318
1804640 318
1804650 318
1804660 317
1804670 317
1804680 317
1804690 317
1804700 317
1804710 317
1804720 317
1804730 317
1804740 316
1804750 316
1804760 316
1804770 316
1804780 316
1804790 316
1804800 316
1804810 316
1804820 316
1804830 315
1804840 315
1804850 316
1804860 316
1804870 316
1804880 316
1804890 316
1804900 316
1804910 316
1804920 316
1804930 316
1804940 316
1804950 317
1804960 317
1804970 317
1804980 318
1804990 318
1805000 318
1805010 318
1805020 319
1805030 319
1805040 319
1805050 319
1805060 319
1805070 319
1805080 319
1805090 319
1805100 319
1805110 319
1805120 319
1805130 319
1805140 319
1805150 319
1805160 319
1805170 319
1805180 319
1805190 319
1805200 319
1805210 319
1805220 320
1805230 320
1805240 320
1805250 320
1805260 320
1805270 320
1805280 320
1805290 320
1805300 320
1805310 320
1805320 320
1805330 320
1805340 320
1805350 320
1805360 320
1805370 320
1805380 320
1805390 321
1805400 321
1805410 321
1805420 321
1805430 321
1805440 321
1805450 321
1805460 321
1805470 321
1805480 321
1805490 321
1805500 322
1805510 322
1805520 322
1805530 322
1805540 322
1805550 322
1805560 322
1805570 323
1805580 323
1805590 323
1805600 323
1805610 323
1805620 324
1805630 324
1805640 324
1805650 324
1805660 324
1805670 324
1805680 324
1805690 324
1805700 324
1805710 324
1805720 324
1805730 324
1805740 324
1805750 324
1805760 324
1805770 324
1805780 324
1805790 324
1805800 324
1805810 324
1805820 324
1805830 324
1805840 324
1805850 324
1805860 323
1805870 323
1805880 323
1805890 323
1805900 322
1805910 322
1805920 322
1805930 322
1805940 322
1805950 321
1805960 321
1805970 321
1805980 320
1805990 320
1806000 320
1806010 319
1806020 319
1806030 318
1806040 318
1806050 318
1806060 317
1806070 317
1806080 317
1806090 317
1806100 317
1806110 317
1806120 317
1806130 317
1806140 317
1806150 317
1806160 317
1806170 317
1806180 317
1806190 317
1806200 317
1806210 317
1806220 317
1806230 317
1806240 317
1806250 317
1806260 317
1806270 317
1806280 317
1806290 318
1806300 318
1806310 318
1806320 318
1806330 319
1806340 319
1806350 319
1806360 320
1806370 320
1806380 321
1806390 321
1806400 322
1806410 322
1806420 322
1806430 323
1806440 323
1806450 324
1806460 324
1806470 325
1806480 325
1806490 326
1806500 326
1806510 326
1806520 327
1806530 327
1806540 328
1806550 328
1806560 329
1806570 329
1806580 330
1806590 330
1806600 331
1806610 331
1806620 332
1806630 332
1806640 332
1806650 332
1806660 332
1806670 332
1806680 332
1806690 333
1806700 333
1806710 333
1806720 333
1806730 333
1806740 334
1806750 334
1806760 334
1806770 335
1806780 335
1806790 335
1806800 335
1806810 335
1806820 335
1806830 335
1806840 336
1806850 336
1806860 336
1806870 336
1806880 336
1806890 336
1806900 336
1806910 336
1806920 336
1806930 336
1806940 336
1806950 336
1806960 336
1806970 336
1806980 335
1806990 335
1807000 335
1807010 335
1807020 335
1807030 334
1807040 334
1807050 334
1807060 333
1807070 333
1807080 333
1807090 333
1807100 332
1807110 332
1807120 332
1807130 332
1807140 331
1807150 330
1807160 330
1807170 330
1807180 330
1807190 330
1807200 330
1807210 330
1807220 330
1807230 330
1807240 331
1807250 332
1807260 332
1807270 333
1807280 333
1807290 333
1807300 334
1807310 334
1807320 334
1807330 334
1807340 334
1807350 334
1807360 334
1807370 334
1807380 334
1807390 334
1807400 335
1807410 335
1807420 336
1807430 337
1807440 337
1807450 338
1807460 339
1807470 339
1807480 340
1807490 340
1807500 341
1807510 341
1807520 342
1807530 342
1807540 342
1807550 342
1807560 343
1807570 343
1807580 343
1807590 343
1807600 343
1807610 343
1807620 344
1807630 344
1807640 344
1807650 344
1807660 344
1807670 345
1807680 345
1807690 345
1807700 346
1807710 346
1807720 346
1807730 347
1807740 347
1807750 347
1807760 348
1807770 348
1807780 348
1807790 349
1807800 349
1807810 350
1807820 350
1807830 350
1807840 351
1807850 351
1807860 351
1807870 351
1807880 352
1807890 352
1807900 352
1807910 353
1807920 353
1807930 354
1807940 354
1807950 355
1807960 355
1807970 356
1807980 356
1807990 356
1808000 357
1808010 357
1808020 358
1808030 358
1808040 358
1808050 359
1808060 359
1808070 360
1808080 360
1808090 361
1808100 361
1808110 362
1808120 363
1808130 363
1808140 364
1808150 364
1808160 365
1808170 365
1808180 366
1808190 366
1808200 367
1808210 367
1808220 368
1808230 368
1808240 369
1808250 369
1808260 370
1808270 370
1808280 370
1808290 371
1808300 371
1808310 372
1808320 372
1808330 373
1808340 373
1808350 374
1808360 374
1808370 374
1808380 374
1808390 375
1808400 375
1808410 375
1808420 375
1808430 376
1808440 376
1808450 376
1808460 376
1808470 376
1808480 376
1808490 376
1808500 376
1808510 376
1808520 376
1808530 376
1808540 375
1808550 375
1808560 375
1808570 375
1808580 375
1808590 375
1808600 374
1808610 374
1808620 374
1808630 373
1808640 373
1808650 373
1808660 372
1808670 372
1808680 371
1808690 371
1808700 370
1808710 370
1808720 369
1808730 369
1808740 369
1808750 368
1808760 368
1808770 367
1808780 367
1808790 366
1808800 366
1808810 365
1808820 365
1808830 364
1808840 364
1808850 363
1808860 363
1808870 362
1808880 362
1808890 361
1808900 361
1808910 360
1808920 359
1808930 357
1808940 356
1808950 355
1808960 354
1808970 353
1808980 352
1808990 352
1809000 351
1809010 350
1809020 349
1809030 349
1809040 349
1809050 348
1809060 347
1809070 347
1809080 346
1809090 345
1809100 344
1809110 343
1809120 342
1809130 341
1809140 340
1809150 339
1809160 339
1809170 338
1809180 337
1809190 336
1809200 335
1809210 334
1809220 333
1809230 332
1809240 332
1809250 331
1809260 330
1809270 329
1809280 328
1809290 327
1809300 326
1809310 325
1809320 325
1809330 325
1809340 324
1809350 324
1809360 324
1809370 324
1809380 323
1809390 323
1809400 323
1809410 323
1809420 323
1809430 323
1809440 323
1809450 322
1809460 323
1809470 323
1809480 323
1809490 323
1809500 324
1809510 324
1809520 324
1809530 324
1809540 325
1809550 325
1809560 325
1809570 326
1809580 326
1809590 327
1809600 328
1809610 329
1809620 329
1809630 330
1809640 331
1809650 332
1809660 334
1809670 334
1809680 335
1809690 335
1809700 336
1809710 336
1809720 337
1809730 338
1809740 338
1809750 339
1809760 340
1809770 340
1809780 341
1809790 341
1809800 341
1809810 341
1809820 341
1809830 341
1809840 341
1809850 341
1809860 342
1809870 342
1809880 342
1809890 342
1809900 342
1809910 342
1809920 342
1809930 341
1809940 341
1809950 341
1809960 341
1809970 340
1809980 339
1809990 338
1810000 337
1810010 336
1810020 336
1810030 335
1810040 334
1810050 333
1810060 332
1810070 331
1810080 330
1810090 331
1810100 333
1810110 336
1810120 338
1810130 339
1810140 339
1810150 340
1810160 341
1810170 342
1810180 342
1810190 343
1810200 344
1810210 345
1810220 346
1810230 346
1810240 346
1810250 346
1810260 348
1810270 349
1810280 349
1810290 350
1810300 351
1810310 352
1810320 352
1810330 353
1810340 354
1810350 354
1810360 355
1810370 356
1810380 356
1810390 357
1810400 358
1810410 359
1810420 360
1810430 361
1810440 361
1810450 362
1810460 362
1810470 363
1810480 364
1810490 365
1810500 366
1810510 366
1810520 367
1810530 368
1810540 369
1810550 370
1810560 371
1810570 371
1810580 372
1810590 373
1810600 374
1810610 374
1810620 375
1810630 376
1810640 377
1810650 378
1810660 378
1810670 379
1810680 380
1810690 381
1810700 382
1810710 383
1810720 383
1810730 384
1810740 385
1810750 386
1810760 387
1810770 388
1810780 389
1810790 390
1810800 390
1810810 391
1810820 392
1810830 392
1810840 393
1810850 394
1810860 395
1810870 395
1810880 396
1810890 396
1810900 397
1810910 397
1810920 398
1810930 400
1810940 401
1810950 402
1810960 402
1810970 403
1810980 403
1810990 404
1811000 404
1811010 404
1811020 404
1811030 404
1811040 403
1811050 403
1811060 403
1811070 403
1811080 403
1811090 403
1811100 403
1811110 402
1811120 402
1811130 402
1811140 401
1811150 401
1811160 400
1811170 400
1811180 399
1811190 399
1811200 398
1811210 397
1811220 397
1811230 396
1811240 395
1811250 395
1811260 394
1811270 394
1811280 393
1811290 393
1811300 392
1811310 391
1811320 391
1811330 390
1811340 389
1811350 389
1811360 388
1811370 388
1811380 387
1811390 386
1811400 386
1811410 385
1811420 385
1811430 384
1811440 384
1811450 383
1811460 383
1811470 382
1811480 381
1811490 381
1811500 380
1811510 380
1811520 379
1811530 379
1811540 378
1811550 377
1811560 377
1811570 376
1811580 376
1811590 375
1811600 375
1811610 375
1811620 375
1811630 374
1811640 373
1811650 373
1811660 372
1811670 372
1811680 371
1811690 370
1811700 370
1811710 369
1811720 369
1811730 368
1811740 368
1811750 367
1811760 367
1811770 366
1811780 366
1811790 365
1811800 365
1811810 364
1811820 364
1811830 363
1811840 363
1811850 363
1811860 362
1811870 362
1811880 362
1811890 361
1811900 361
1811910 360
1811920 360
1811930 359
1811940 359
1811950 358
1811960 358
1811970 357
1811980 357
1811990 356
1812000 356
1812010 355
1812020 355
1812030 354
1812040 354
1812050 353
1812060 353
1812070 352
1812080 351
1812090 351
1812100 350
1812110 350
1812120 349
1812130 349
1812140 349
1812150 348
1812160 348
1812170 347
1812180 347
1812190 346
1812200 346
1812210 345
1812220 345
1812230 344
1812240 344
1812250 343
1812260 342
1812270 342
1812280 341
1812290 340
1812300 340
1812310 339
1812320 339
1812330 338
1812340 337
1812350 336
1812360 335
1812370 333
1812380 332
1812390 330
1812400 329
1812410 330
1812420 330
1812430 329
1812440 328
1812450 327
1812460 327
1812470 327
1812480 326
1812490 326
1812500 326
1812510 326
1812520 326
1812530 326
1812540 326
1812550 326
1812560 325
1812570 325
1812580 325
1812590 325
1812600 325
1812610 325
1812620 325
1812630 324
1812640 324
1812650 324
1812660 324
1812670 324
1812680 324
1812690 324
1812700 324
1812710 324
1812720 324
1812730 324
1812740 324
1812750 324
1812760 323
1812770 323
1812780 323
1812790 323
1812800 323
1812810 322
1812820 322
1812830 321
1812840 321
1812850 320
1812860 320
1812870 320
1812880 319
1812890 319
1812900 319
1812910 319
1812920 319
1812930 318
1812940 318
1812950 318
1812960 318
1812970 318
1812980 318
1812990 318
1813000 318
1813010 318
1813020 318
1813030 318
1813040 318
1813050 318
1813060 318
1813070 318
1813080 318
1813090 317
1813100 317
1813110 316
1813120 315
1813130 315
1813140 315
1813150 317
1813160 317
1813170 317
1813180 317
1813190 317
1813200 317
1813210 317
1813220 317
1813230 317
1813240 317
1813250 317
1813260 317
1813270 317
1813280 317
1813290 317
1813300 317
1813310 317
1813320 317
1813330 317
1813340 317
1813350 317
1813360 317
1813370 317
1813380 317
1813390 317
1813400 317
1813410 318
1813420 318
1813430 319
1813440 319
1813450 319
1813460 319
1813470 319
1813480 319
1813490 319
1813500 319
1813510 319
1813520 319
1813530 319
1813540 319
1813550 319
1813560 319
1813570 319
1813580 319
1813590 319
1813600 320
1813610 320
1813620 320
1813630 320
1813640 321
1813650 321
1813660 321
1813670 321
1813680 322
1813690 322
1813700 322
1813710 323
1813720 323
1813730 324
1813740 326
1813750 327
1813760 328
1813770 328
1813780 329
1813790 330
1813800 331
1813810 331
1813820 332
1813830 332
1813840 333
1813850 334
1813860 335
1813870 335
1813880 336
1813890 336
1813900 337
1813910 338
1813920 338
1813930 339
1813940 340
1813950 341
1813960 342
1813970 343
1813980 344
1813990 344
1814000 345
1814010 345
1814020 346
1814030 346
1814040 347
1814050 347
1814060 347
1814070 348
1814080 348
1814090 349
1814100 349
1814110 350
1814120 350
1814130 351
1814140 352
1814150 352
1814160 353
1814170 354
1814180 354
1814190 355
1814200 356
1814210 357
1814220 357
1814230 358
1814240 359
1814250 360
1814260 360
1814270 361
1814280 361
1814290 361
1814300 361
1814310 361
1814320 361
1814330 361
1814340 361
1814350 361
1814360 360
1814370 359
1814380 359
1814390 358
1814400 357
1814410 357
1814420 356
1814430 355
1814440 354
1814450 354
1814460 353
1814470 352
1814480 352
1814490 351
1814500 350
1814510 349
1814520 348
1814530 347
1814540 347
1814550 346
1814560 346
1814570 345
1814580 345
1814590 344
1814600 344
1814610 343
1814620 343
1814630 342
1814640 341
1814650 341
1814660 340
1814670 339
1814680 339
1814690 338
1814700 338
1814710 337
1814720 337
1814730 336
1814740 336
1814750 336
1814760 335
1814770 335
1814780 335
1814790 334
1814800 334
1814810 334
1814820 334
1814830 335
1814840 335
1814850 334
1814860 334
1814870 334
1814880 334
1814890 334
1814900 334
1814910 333
1814920 333
1814930 333
1814940 333
1814950 333
1814960 332
1814970 332
1814980 332
1814990 332
1815000 332
1815010 332
1815020 332
1815030 332
1815040 332
1815050 332
1815060 332
1815070 332
1815080 332
1815090 332
1815100 332
1815110 332
1815120 332
1815130 333
1815140 333
1815150 333
1815160 334
1815170 334
1815180 334
1815190 334
1815200 335
1815210 335
1815220 335
1815230 336
1815240 336
1815250 337
1815260 337
1815270 338
1815280 338
1815290 339
1815300 339
1815310 340
1815320 340
1815330 341
1815340 342
1815350 342
1815360 343
1815370 344
1815380 345
1815390 346
1815400 346
1815410 347
1815420 348
1815430 349
1815440 350
1815450 351
1815460 352
1815470 353
1815480 354
1815490 356
1815500 357
1815510 358
1815520 360
1815530 361
1815540 362
1815550 363
1815560 363
1815570 364
1815580 365
1815590 365
1815600 366
1815610 366
1815620 367
1815630 367
1815640 367
1815650 368
1815660 368
1815670 368
1815680 369
1815690 369
1815700 369
1815710 370
1815720 370
1815730 370
1815740 370
1815750 371
1815760 371
1815770 371
1815780 371
1815790 372
1815800 372
1815810 372
1815820 372
1815830 373
1815840 373
1815850 373
1815860 373
1815870 373
1815880 374
1815890 374
1815900 374
1815910 374
1815920 373
1815930 373
1815940 374
1815950 374
1815960 374
1815970 375
1815980 375
1815990 375
1816000 375
1816010 375
1816020 375
1816030 375
1816040 375
1816050 375
1816060 375
1816070 375
1816080 374
1816090 374
1816100 374
1816110 373
1816120 373
1816130 372
1816140 372
1816150 372
1816160 371
1816170 371
1816180 370
1816190 370
1816200 369
1816210 369
1816220 368
1816230 368
1816240 367
1816250 366
1816260 366
1816270 365
1816280 365
1816290 364
1816300 364
1816310 363
1816320 362
1816330 362
1816340 361
1816350 360
1816360 359
1816370 358
1816380 358
1816390 357
1816400 356
1816410 356
1816420 355
1816430 354
1816440 354
1816450 353
1816460 353
1816470 353
1816480 352
1816490 350
1816500 349
1816510 348
1816520 348
1816530 348
1816540 348
1816550 348
1816560 349
1816570 350
1816580 350
1816590 350
1816600 350
1816610 350
1816620 350
1816630 350
1816640 350
1816650 351
1816660 351
1816670 351
1816680 352
1816690 352
1816700 352
1816710 353
1816720 354
1816730 354
1816740 355
1816750 356
1816760 356
1816770 357
1816780 358
1816790 359
1816800 360
1816810 360
1816820 361
1816830 362
1816840 362
1816850 363
1816860 363
1816870 364
1816880 364
1816890 364
1816900 365
1816910 365
1816920 365
1816930 365
1816940 365
1816950 366
1816960 366
1816970 365
1816980 365
1816990 365
1817000 364
1817010 363
1817020 362
1817030 359
1817040 357
1817050 355
1817060 353
1817070 351
1817080 350
1817090 349
1817100 348
1817110 348
1817120 348
1817130 347
1817140 347
1817150 347
1817160 347
1817170 347
1817180 346
1817190 346
1817200 346
1817210 347
1817220 348
1817230 349
1817240 349
1817250 350
1817260 350
1817270 351
1817280 351
1817290 352
1817300 353
1817310 354
1817320 356
1817330 357
1817340 358
1817350 360
1817360 361
1817370 362
1817380 363
1817390 364
1817400 365
1817410 366
1817420 367
1817430 368
1817440 369
1817450 370
1817460 371
1817470 371
1817480 372
1817490 372
1817500 373
1817510 373
1817520 374
1817530 374
1817540 374
1817550 375
1817560 375
1817570 375
1817580 375
1817590 375
1817600 375
1817610 375
1817620 376
1817630 376
1817640 377
1817650 377
1817660 378
1817670 378
1817680 379
1817690 379
1817700 380
1817710 380
1817720 381
1817730 382
1817740 382
1817750 383
1817760 383
1817770 384
1817780 385
1817790 385
1817800 386
1817810 386
1817820 387
1817830 387
1817840 387
1817850 388
1817860 388
1817870 388
1817880 389
1817890 389
1817900 389
1817910 390
1817920 390
1817930 390
1817940 390
1817950 391
1817960 391
1817970 392
1817980 393
1817990 393
1818000 394
1818010 395
1818020 396
1818030 397
1818040 398
1818050 399
1818060 400
1818070 400
1818080 401
1818090 401
1818100 402
1818110 401
1818120 401
1818130 401
1818140 401
1818150 402
1818160 403
1818170 404
1818180 406
1818190 407
1818200 408
1818210 409
1818220 411
1818230 411
1818240 411
1818250 411
1818260 411
1818270 411
1818280 411
1818290 411
1818300 411
1818310 412
1818320 412
1818330 412
1818340 413
1818350 414
1818360 415
1818370 416
1818380 417
1818390 419
1818400 420
1818410 422
1818420 423
1818430 424
1818440 424
1818450 423
1818460 422
1818470 422
1818480 423
1818490 424
1818500 424
1818510 425
1818520 425
1818530 425
1818540 425
1818550 426
1818560 426
1818570 426
1818580 426
1818590 426
1818600 426
1818610 426
1818620 425
1818630 425
1818640 425
1818650 425
1818660 424
1818670 424
1818680 423
1818690 423
1818700 423
1818710 423
1818720 423
1818730 423
1818740 423
1818750 423
1818760 423
1818770 423
1818780 423
1818790 422
1818800 422
1818810 422
1818820 422
1818830 421
1818840 421
1818850 420
1818860 420
1818870 419
1818880 419
1818890 419
1818900 418
1818910 417
1818920 417
1818930 415
1818940 414
1818950 411
1818960 409
1818970 408
1818980 407
1818990 406
1819000 406
1819010 405
1819020 405
1819030 404
1819040 404
1819050 404
1819060 404
1819070 405
1819080 406
1819090 407
1819100 407
1819110 407
1819120 408
1819130 408
1819140 409
1819150 409
1819160 410
1819170 410
1819180 411
1819190 412
1819200 413
1819210 413
1819220 414
1819230 415
1819240 415
1819250 415
1819260 416
1819270 416
1819280 417
1819290 417
1819300 417
1819310 418
1819320 418
1819330 418
1819340 418
1819350 419
1819360 419
1819370 419
1819380 419
1819390 419
1819400 419
1819410 419
1819420 419
1819430 419
1819440 418
1819450 418
1819460 418
1819470 418
1819480 418
1819490 418
1819500 417
1819510 417
1819520 416
1819530 416
1819540 415
1819550 415
1819560 414
1819570 413
1819580 413
1819590 412
1819600 412
1819610 411
1819620 411
1819630 411
1819640 410
1819650 410
1819660 409
1819670 409
1819680 409
1819690 408
1819700 408
1819710 407
1819720 407
1819730 407
1819740 407
1819750 406
1819760 406
1819770 405
1819780 405
1819790 405
1819800 405
1819810 404
1819820 404
1819830 403
1819840 403
1819850 402
1819860 401
1819870 400
1819880 399
1819890 398
1819900 397
1819910 396
1819920 394
1819930 393
1819940 392
1819950 391
1819960 390
1819970 389
1819980 388
1819990 388
