1800000 374
1800010 373
1800020 373
1800030 373
1800040 372
1800050 372
1800060 372
1800070 371
1800080 371
1800090 371
1800100 370
1800110 370
1800120 370
1800130 369
1800140 369
1800150 369
1800160 369
1800170 368
1800180 368
1800190 368
1800200 368
1800210 368
1800220 367
1800230 367
1800240 367
1800250 367
1800260 367
1800270 367
1800280 366
1800290 366
1800300 366
1800310 366
1800320 365
1800330 365
1800340 365
1800350 364
1800360 364
1800370 364
1800380 364
1800390 363
1800400 363
1800410 363
1800420 363
1800430 362
1800440 362
1800450 362
1800460 362
1800470 361
1800480 361
1800490 361
1800500 361
1800510 360
1800520 360
1800530 360
1800540 360
1800550 360
1800560 360
1800570 360
1800580 359
1800590 359
1800600 359
1800610 359
1800620 359
1800630 360
1800640 360
1800650 360
1800660 360
1800670 360
1800680 360
1800690 360
1800700 361
1800710 361
1800720 360
1800730 360
1800740 360
1800750 360
1800760 360
1800770 359
1800780 359
1800790 359
1800800 358
1800810 358
1800820 357
1800830 357
1800840 357
1800850 356
1800860 356
1800870 355
1800880 355
1800890 355
1800900 354
1800910 353
1800920 353
1800930 352
1800940 351
1800950 350
1800960 349
1800970 349
1800980 348
1800990 347
1801000 347
1801010 346
1801020 345
1801030 345
1801040 344
1801050 343
1801060 342
1801070 342
1801080 341
1801090 340
1801100 340
1801110 339
1801120 339
1801130 338
1801140 337
1801150 337
1801160 337
1801170 337
1801180 337
1801190 337
1801200 337
1801210 337
1801220 337
1801230 337
1801240 337
1801250 337
1801260 337
1801270 337
1801280 337
1801290 337
1801300 337
1801310 337
1801320 338
1801330 338
1801340 338
1801350 338
1801360 339
1801370 339
1801380 339
1801390 339
1801400 340
1801410 340
1801420 341
1801430 341
1801440 341
1801450 341
1801460 342
1801470 342
1801480 342
1801490 343
1801500 343
1801510 343
1801520 343
1801530 343
1801540 343
1801550 343
1801560 343
1801570 343
1801580 343
1801590 343
1801600 343
1801610 343
1801620 343
1801630 343
1801640 343
1801650 343
1801660 343
1801670 343
1801680 343
1801690 344
1801700 344
1801710 344
1801720 344
1801730 345
1801740 345
1801750 345
1801760 346
1801770 346
1801780 346
1801790 347
1801800 347
1801810 348
1801820 348
1801830 349
1801840 350
1801850 350
1801860 351
1801870 351
1801880 352
1801890 352
1801900 353
1801910 353
1801920 353
1801930 354
1801940 354
1801950 355
1801960 355
1801970 356
1801980 356
1801990 357
1802000 357
1802010 358
1802020 358
1802030 359
1802040 359
1802050 360
1802060 360
1802070 361
1802080 361
1802090 362
1802100 362
1802110 363
1802120 363
1802130 364
1802140 364
1802150 364
1802160 365
1802170 365
1802180 366
1802190 366
1802200 366
1802210 367
1802220 367
1802230 367
1802240 368
1802250 368
1802260 368
1802270 368
1802280 368
1802290 368
1802300 368
1802310 368
1802320 368
1802330 368
1802340 368
1802350 368
1802360 368
1802370 368
1802380 367
1802390 367
1802400 367
1802410 367
1802420 367
1802430 367
1802440 366
1802450 366
1802460 366
1802470 366
1802480 366
1802490 365
1802500 365
1802510 365
1802520 364
1802530 363
1802540 363
1802550 363
1802560 362
1802570 361
1802580 360
1802590 359
1802600 358
1802610 357
1802620 356
1802630 355
1802640 354
1802650 353
1802660 351
1802670 350
1802680 349
1802690 348
1802700 347
1802710 346
1802720 345
1802730 344
1802740 344
1802750 343
1802760 342
1802770 342
1802780 341
1802790 340
1802800 340
1802810 340
1802820 340
1802830 339
1802840 339
1802850 338
1802860 338
1802870 338
1802880 337
1802890 337
1802900 336
1802910 336
1802920 335
1802930 335
1802940 334
1802950 334
1802960 334
1802970 334
1802980 333
1802990 333
1803000 333
1803010 333
1803020 333
1803030 333
1803040 333
1803050 333
1803060 333
1803070 332
1803080 332
1803090 332
1803100 332
1803110 332
1803120 332
1803130 331
1803140 332
1803150 332
1803160 332
1803170 332
1803180 332
1803190 332
1803200 332
1803210 333
1803220 333
1803230 333
1803240 333
1803250 333
1803260 333
1803270 334
1803280 334
1803290 334
1803300 335
1803310 335
1803320 336
1803330 336
1803340 336
1803350 337
1803360 337
1803370 337
1803380 338
1803390 338
1803400 338
1803410 339
1803420 340
1803430 340
1803440 341
1803450 341
1803460 342
1803470 342
1803480 343
1803490 343
1803500 344
1803510 344
1803520 345
1803530 345
1803540 346
1803550 346
1803560 347
1803570 348
1803580 348
1803590 349
1803600 350
1803610 350
1803620 351
1803630 351
1803640 352
1803650 352
1803660 352
1803670 353
1803680 353
1803690 353
1803700 353
1803710 354
1803720 354
1803730 355
1803740 355
1803750 356
1803760 356
1803770 356
1803780 357
1803790 357
1803800 357
1803810 357
1803820 357
1803830 357
1803840 357
1803850 357
1803860 357
1803870 357
1803880 356
1803890 356
1803900 356
1803910 356
1803920 356
1803930 355
1803940 355
1803950 355
1803960 354
1803970 354
1803980 354
1803990 353
1804000 353
1804010 352
1804020 352
1804030 352
1804040 351
1804050 350
1804060 350
1804070 349
1804080 349
1804090 348
1804100 347
1804110 347
1804120 346
1804130 346
1804140 345
1804150 345
1804160 345
1804170 344
1804180 344
1804190 343
1804200 343
1804210 343
1804220 342
1804230 342
1804240 341
1804250 341
1804260 340
1804270 340
1804280 340
1804290 339
1804300 339
1804310 339
1804320 339
1804330 339
1804340 339
1804350 338
1804360 338
1804370 338
1804380 338
1804390 338
1804400 338
1804410 338
1804420 338
1804430 338
1804440 338
1804450 338
1804460 338
1804470 338
1804480 338
1804490 338
1804500 338
1804510 338
1804520 338
1804530 338
1804540 338
1804550 338
1804560 338
1804570 337
1804580 337
1804590 337
1804600 338
1804610 338
1804620 338
1804630 338
1804640 339
1804650 340
1804660 341
1804670 342
1804680 343
1804690 344
1804700 345
1804710 346
1804720 347
1804730 348
1804740 348
1804750 349
1804760 349
1804770 350
1804780 351
1804790 351
1804800 352
1804810 353
1804820 354
1804830 354
1804840 355
1804850 356
1804860 357
1804870 357
1804880 358
1804890 359
1804900 360
1804910 361
1804920 361
1804930 362
1804940 363
1804950 364
1804960 365
1804970 365
1804980 366
1804990 366
1805000 367
1805010 367
1805020 367
1805030 367
1805040 367
1805050 367
1805060 367
1805070 367
1805080 367
1805090 366
1805100 365
1805110 365
1805120 364
1805130 363
1805140 363
1805150 362
1805160 362
1805170 361
1805180 360
1805190 359
1805200 359
1805210 358
1805220 357
1805230 357
1805240 356
1805250 355
1805260 355
1805270 354
1805280 353
1805290 352
1805300 351
1805310 349
1805320 348
1805330 347
1805340 347
1805350 347
1805360 348
1805370 348
1805380 349
1805390 349
1805400 350
1805410 350
1805420 350
1805430 350
1805440 351
1805450 352
1805460 352
1805470 353
1805480 353
1805490 354
1805500 354
1805510 355
1805520 356
1805530 356
1805540 357
1805550 358
1805560 358
1805570 359
1805580 360
1805590 360
1805600 361
1805610 362
1805620 363
1805630 364
1805640 365
1805650 366
1805660 366
1805670 367
1805680 367
1805690 368
1805700 369
1805710 369
1805720 370
1805730 371
1805740 372
1805750 373
1805760 373
1805770 374
1805780 375
1805790 376
1805800 376
1805810 375
1805820 375
1805830 374
1805840 376
1805850 377
1805860 378
1805870 378
1805880 378
1805890 378
1805900 378
1805910 377
1805920 377
1805930 376
1805940 376
1805950 375
1805960 375
1805970 374
1805980 374
1805990 373
1806000 373
1806010 372
1806020 371
1806030 371
1806040 370
1806050 370
1806060 369
1806070 368
1806080 367
1806090 367
1806100 366
1806110 365
1806120 364
1806130 364
1806140 363
1806150 362
1806160 362
1806170 361
1806180 360
1806190 360
1806200 359
1806210 358
1806220 358
1806230 357
1806240 357
1806250 356
1806260 355
1806270 355
1806280 354
1806290 354
1806300 353
1806310 352
1806320 352
1806330 351
1806340 351
1806350 350
1806360 349
1806370 348
1806380 347
1806390 346
1806400 346
1806410 345
1806420 345
1806430 344
1806440 343
1806450 343
1806460 342
1806470 342
1806480 342
1806490 341
1806500 340
1806510 339
1806520 338
1806530 338
1806540 338
1806550 337
1806560 336
1806570 336
1806580 335
1806590 335
1806600 335
1806610 335
1806620 335
1806630 335
1806640 335
1806650 336
1806660 336
1806670 337
1806680 337
1806690 337
1806700 337
1806710 337
1806720 337
1806730 338
1806740 338
1806750 338
1806760 340
1806770 342
1806780 344
1806790 346
1806800 348
1806810 350
1806820 351
1806830 352
1806840 353
1806850 353
1806860 353
1806870 353
1806880 353
1806890 354
1806900 354
1806910 355
1806920 356
1806930 356
1806940 357
1806950 358
1806960 358
1806970 358
1806980 359
1806990 359
1807000 360
1807010 360
1807020 360
1807030 360
1807040 361
1807050 361
1807060 362
1807070 362
1807080 363
1807090 364
1807100 364
1807110 365
1807120 365
1807130 365
1807140 365
1807150 365
1807160 366
1807170 367
1807180 368
1807190 368
1807200 368
1807210 369
1807220 370
1807230 370
1807240 371
1807250 371
1807260 372
1807270 372
1807280 372
1807290 373
1807300 373
1807310 374
1807320 374
1807330 375
1807340 376
1807350 376
1807360 377
1807370 377
1807380 378
1807390 379
1807400 379
1807410 380
1807420 380
1807430 380
1807440 381
1807450 381
1807460 381
1807470 382
1807480 382
1807490 382
1807500 383
1807510 384
1807520 385
1807530 385
1807540 385
1807550 386
1807560 386
1807570 386
1807580 386
1807590 386
1807600 386
1807610 387
1807620 387
1807630 387
1807640 387
1807650 387
1807660 387
1807670 387
1807680 387
1807690 387
1807700 387
1807710 387
1807720 387
1807730 386
1807740 386
1807750 386
1807760 385
1807770 385
1807780 384
1807790 384
1807800 383
1807810 383
1807820 382
1807830 382
1807840 381
1807850 381
1807860 381
1807870 380
1807880 380
1807890 380
1807900 379
1807910 379
1807920 378
1807930 377
1807940 376
1807950 375
1807960 374
1807970 374
1807980 373
1807990 372
1808000 372
1808010 371
1808020 371
1808030 370
1808040 370
1808050 369
1808060 369
1808070 369
1808080 368
1808090 368
1808100 368
1808110 368
1808120 368
1808130 369
1808140 369
1808150 369
1808160 370
1808170 370
1808180 371
1808190 372
1808200 373
1808210 373
1808220 373
1808230 374
1808240 374
1808250 373
1808260 373
1808270 373
1808280 373
1808290 372
1808300 370
1808310 369
1808320 368
1808330 367
1808340 366
1808350 366
1808360 366
1808370 365
1808380 365
1808390 366
1808400 366
1808410 367
1808420 367
1808430 367
1808440 367
1808450 367
1808460 368
1808470 369
1808480 369
1808490 370
1808500 371
1808510 371
1808520 372
1808530 372
1808540 373
1808550 373
1808560 374
1808570 375
1808580 375
1808590 376
1808600 377
1808610 378
1808620 378
1808630 379
1808640 380
1808650 381
1808660 382
1808670 382
1808680 383
1808690 384
1808700 385
1808710 385
1808720 386
1808730 386
1808740 387
1808750 387
1808760 388
1808770 389
1808780 389
1808790 390
1808800 390
1808810 391
1808820 392
1808830 392
1808840 392
1808850 393
1808860 393
1808870 394
1808880 394
1808890 394
1808900 395
1808910 395
1808920 395
1808930 396
1808940 396
1808950 396
1808960 397
1808970 397
1808980 398
1808990 398
1809000 398
1809010 399
1809020 399
1809030 399
1809040 400
1809050 400
1809060 400
1809070 401
1809080 401
1809090 402
1809100 402
1809110 403
1809120 403
1809130 404
1809140 404
1809150 405
1809160 405
1809170 405
1809180 406
1809190 406
1809200 406
1809210 406
1809220 406
1809230 406
1809240 406
1809250 407
1809260 407
1809270 407
1809280 407
1809290 407
1809300 407
1809310 407
1809320 406
1809330 406
1809340 406
1809350 407
1809360 407
1809370 408
1809380 408
1809390 410
1809400 411
1809410 413
1809420 414
1809430 416
1809440 417
1809450 418
1809460 419
1809470 420
1809480 421
1809490 422
1809500 423
1809510 424
1809520 424
1809530 425
1809540 425
1809550 425
1809560 426
1809570 426
1809580 427
1809590 427
1809600 427
1809610 428
1809620 428
1809630 428
1809640 429
1809650 429
1809660 429
1809670 429
1809680 429
1809690 430
1809700 430
1809710 430
1809720 430
1809730 430
1809740 430
1809750 430
1809760 430
1809770 430
1809780 431
1809790 431
1809800 431
1809810 431
1809820 431
1809830 431
1809840 431
1809850 431
1809860 431
1809870 431
1809880 431
1809890 430
1809900 430
1809910 429
1809920 429
1809930 428
1809940 428
1809950 428
1809960 427
1809970 427
1809980 426
1809990 426
1810000 425
1810010 425
1810020 424
1810030 423
1810040 423
1810050 422
1810060 421
1810070 420
1810080 420
1810090 419
1810100 418
1810110 417
1810120 416
1810130 416
1810140 415
1810150 414
1810160 413
1810170 411
1810180 410
1810190 408
1810200 406
1810210 405
1810220 404
1810230 403
1810240 402
1810250 402
1810260 402
1810270 401
1810280 400
1810290 400
1810300 398
1810310 396
1810320 394
1810330 393
1810340 393
1810350 395
1810360 397
1810370 398
1810380 399
1810390 400
1810400 402
1810410 403
1810420 404
1810430 405
1810440 406
1810450 407
1810460 408
1810470 410
1810480 411
1810490 413
1810500 414
1810510 416
1810520 418
1810530 420
1810540 422
1810550 424
1810560 426
1810570 427
1810580 429
1810590 430
1810600 432
1810610 433
1810620 434
1810630 436
1810640 437
1810650 438
1810660 439
1810670 440
1810680 441
1810690 441
1810700 442
1810710 443
1810720 443
1810730 444
1810740 444
1810750 445
1810760 445
1810770 446
1810780 446
1810790 446
1810800 447
1810810 447
1810820 447
1810830 447
1810840 447
1810850 446
1810860 446
1810870 446
1810880 445
1810890 445
1810900 444
1810910 444
1810920 443
1810930 443
1810940 442
1810950 441
1810960 439
1810970 439
1810980 438
1810990 437
1811000 436
1811010 435
1811020 434
1811030 433
1811040 432
1811050 431
1811060 430
1811070 429
1811080 428
1811090 428
1811100 427
1811110 427
1811120 426
1811130 426
1811140 425
1811150 425
1811160 425
1811170 425
1811180 425
1811190 425
1811200 425
1811210 425
1811220 424
1811230 424
1811240 423
1811250 422
1811260 422
1811270 421
1811280 420
1811290 419
1811300 418
1811310 417
1811320 416
1811330 415
1811340 414
1811350 413
1811360 412
1811370 411
1811380 409
1811390 407
1811400 405
1811410 403
1811420 400
1811430 398
1811440 395
1811450 391
1811460 388
1811470 383
1811480 379
1811490 375
1811500 372
1811510 370
1811520 367
1811530 365
1811540 363
1811550 362
1811560 361
1811570 359
1811580 356
1811590 352
1811600 348
1811610 345
1811620 341
1811630 340
1811640 340
1811650 340
1811660 340
1811670 340
1811680 339
1811690 339
1811700 339
1811710 338
1811720 338
1811730 337
1811740 337
1811750 337
1811760 336
1811770 336
1811780 336
1811790 335
1811800 335
1811810 335
1811820 335
1811830 335
1811840 335
1811850 335
1811860 335
1811870 335
1811880 335
1811890 335
1811900 335
1811910 335
1811920 335
1811930 335
1811940 335
1811950 335
1811960 335
1811970 336
1811980 336
1811990 337
1812000 338
1812010 339
1812020 340
1812030 342
1812040 344
1812050 346
1812060 348
1812070 349
1812080 351
1812090 352
1812100 354
1812110 355
1812120 356
1812130 358
1812140 359
1812150 359
1812160 359
1812170 360
1812180 361
1812190 364
1812200 367
1812210 370
1812220 372
1812230 374
1812240 376
1812250 378
1812260 380
1812270 383
1812280 386
1812290 389
1812300 392
1812310 394
1812320 395
1812330 397
1812340 399
1812350 400
1812360 401
1812370 402
1812380 404
1812390 405
1812400 407
1812410 409
1812420 410
1812430 412
1812440 413
1812450 415
1812460 416
1812470 418
1812480 419
1812490 420
1812500 421
1812510 423
1812520 425
1812530 426
1812540 428
1812550 430
1812560 431
1812570 433
1812580 435
1812590 436
1812600 437
1812610 439
1812620 440
1812630 441
1812640 443
1812650 444
1812660 444
1812670 445
1812680 446
1812690 447
1812700 448
1812710 449
1812720 449
1812730 450
1812740 451
1812750 451
1812760 452
1812770 452
1812780 453
1812790 454
1812800 455
1812810 455
1812820 456
1812830 457
1812840 457
1812850 458
1812860 459
1812870 460
1812880 460
1812890 461
1812900 461
1812910 462
1812920 462
1812930 463
1812940 463
1812950 464
1812960 464
1812970 464
1812980 465
1812990 465
1813000 465
1813010 465
1813020 465
1813030 465
1813040 465
1813050 465
1813060 466
1813070 466
1813080 467
1813090 467
1813100 467
1813110 467
1813120 467
1813130 467
1813140 468
1813150 467
1813160 467
1813170 467
1813180 466
1813190 466
1813200 465
1813210 464
1813220 463
1813230 461
1813240 460
1813250 459
1813260 459
1813270 458
1813280 458
1813290 458
1813300 459
1813310 459
1813320 459
1813330 459
1813340 458
1813350 458
1813360 459
1813370 460
1813380 460
1813390 461
1813400 461
1813410 460
1813420 459
1813430 458
1813440 457
1813450 456
1813460 454
1813470 452
1813480 450
1813490 449
1813500 447
1813510 445
1813520 444
1813530 443
1813540 442
1813550 440
1813560 439
1813570 438
1813580 438
1813590 437
1813600 435
1813610 434
1813620 435
1813630 437
1813640 441
1813650 442
1813660 444
1813670 446
1813680 448
1813690 450
1813700 452
1813710 454
1813720 457
1813730 460
1813740 462
1813750 464
1813760 467
1813770 469
1813780 471
1813790 472
1813800 474
1813810 476
1813820 477
1813830 479
1813840 480
1813850 482
1813860 484
1813870 485
1813880 486
1813890 487
1813900 488
1813910 489
1813920 490
1813930 491
1813940 492
1813950 493
1813960 494
1813970 494
1813980 495
1813990 496
1814000 496
1814010 497
1814020 498
1814030 499
1814040 500
1814050 500
1814060 500
1814070 499
1814080 497
1814090 494
1814100 492
1814110 489
1814120 487
1814130 484
1814140 481
1814150 478
1814160 475
1814170 472
1814180 469
1814190 466
1814200 463
1814210 461
1814220 459
1814230 456
1814240 456
1814250 457
1814260 460
1814270 462
1814280 463
1814290 464
1814300 466
1814310 468
1814320 470
1814330 472
1814340 473
1814350 475
1814360 478
1814370 480
1814380 483
1814390 485
1814400 487
1814410 489
1814420 491
1814430 493
1814440 494
1814450 496
1814460 498
1814470 499
1814480 501
1814490 502
1814500 503
1814510 504
1814520 506
1814530 507
1814540 508
1814550 509
1814560 510
1814570 510
1814580 512
1814590 512
1814600 513
1814610 514
1814620 514
1814630 515
1814640 515
1814650 516
1814660 516
1814670 516
1814680 517
1814690 517
1814700 517
1814710 517
1814720 517
1814730 517
1814740 517
1814750 517
1814760 518
1814770 518
1814780 518
1814790 518
1814800 518
1814810 519
1814820 519
1814830 519
1814840 520
1814850 520
1814860 520
1814870 520
1814880 520
1814890 520
1814900 519
1814910 519
1814920 519
1814930 518
1814940 517
1814950 516
1814960 516
1814970 515
1814980 515
1814990 515
1815000 515
1815010 515
1815020 516
1815030 516
1815040 517
1815050 518
1815060 518
1815070 519
1815080 520
1815090 520
1815100 521
1815110 521
1815120 522
1815130 522
1815140 522
1815150 522
1815160 521
1815170 521
1815180 520
1815190 520
1815200 520
1815210 519
1815220 519
1815230 518
1815240 517
1815250 516
1815260 515
1815270 514
1815280 512
1815290 510
1815300 507
1815310 505
1815320 503
1815330 501
1815340 499
1815350 497
1815360 494
1815370 492
1815380 490
1815390 487
1815400 485
1815410 483
1815420 481
1815430 479
1815440 477
1815450 475
1815460 474
1815470 474
1815480 476
1815490 479
1815500 481
1815510 483
1815520 485
1815530 488
1815540 490
1815550 493
1815560 496
1815570 498
1815580 501
1815590 504
1815600 506
1815610 508
1815620 510
1815630 512
1815640 513
1815650 515
1815660 516
1815670 517
1815680 518
1815690 518
1815700 519
1815710 519
1815720 519
1815730 519
1815740 519
1815750 518
1815760 518
1815770 517
1815780 516
1815790 516
1815800 515
1815810 514
1815820 513
1815830 513
1815840 512
1815850 511
1815860 509
1815870 508
1815880 507
1815890 506
1815900 504
1815910 502
1815920 500
1815930 499
1815940 497
1815950 496
1815960 495
1815970 493
1815980 491
1815990 490
1816000 488
1816010 486
1816020 483
1816030 480
1816040 479
1816050 480
1816060 484
1816070 486
1816080 488
1816090 490
1816100 492
1816110 494
1816120 495
1816130 496
1816140 497
1816150 498
1816160 499
1816170 500
1816180 500
1816190 501
1816200 501
1816210 502
1816220 502
1816230 503
1816240 503
1816250 504
1816260 504
1816270 505
1816280 505
1816290 504
1816300 503
1816310 502
1816320 501
1816330 499
1816340 497
1816350 495
1816360 493
1816370 491
1816380 488
1816390 483
1816400 476
1816410 474
1816420 471
1816430 469
1816440 467
1816450 465
1816460 463
1816470 460
1816480 460
1816490 462
1816500 466
1816510 469
1816520 471
1816530 475
1816540 478
1816550 481
1816560 484
1816570 487
1816580 490
1816590 492
1816600 495
1816610 498
1816620 501
1816630 503
1816640 506
1816650 509
1816660 511
1816670 514
1816680 516
1816690 518
1816700 519
1816710 521
1816720 522
1816730 523
1816740 524
1816750 525
1816760 526
1816770 527
1816780 527
1816790 528
1816800 528
1816810 528
1816820 528
1816830 528
1816840 528
1816850 528
1816860 527
1816870 527
1816880 527
1816890 526
1816900 526
1816910 525
1816920 525
1816930 525
1816940 524
1816950 524
1816960 524
1816970 523
1816980 523
1816990 522
1817000 522
1817010 521
1817020 521
1817030 520
1817040 520
1817050 519
1817060 519
1817070 520
1817080 520
1817090 520
1817100 520
1817110 520
1817120 519
1817130 519
1817140 519
1817150 519
1817160 518
1817170 518
1817180 517
1817190 517
1817200 517
1817210 517
1817220 517
1817230 517
1817240 518
1817250 518
1817260 518
1817270 518
1817280 519
1817290 519
1817300 519
1817310 519
1817320 519
1817330 519
1817340 519
1817350 520
1817360 520
1817370 520
1817380 520
1817390 520
1817400 521
1817410 521
1817420 521
1817430 520
1817440 519
1817450 519
1817460 518
1817470 517
1817480 517
1817490 516
1817500 515
1817510 514
1817520 514
1817530 513
1817540 512
1817550 511
1817560 510
1817570 508
1817580 507
1817590 505
1817600 504
1817610 502
1817620 501
1817630 499
1817640 498
1817650 497
1817660 496
1817670 494
1817680 493
1817690 492
1817700 492
1817710 491
1817720 490
1817730 489
1817740 489
1817750 488
1817760 487
1817770 487
1817780 486
1817790 486
1817800 486
1817810 486
1817820 485
1817830 485
1817840 485
1817850 484
1817860 484
1817870 484
1817880 483
1817890 482
1817900 481
1817910 479
1817920 477
1817930 475
1817940 473
1817950 472
1817960 471
1817970 469
1817980 467
1817990 464
1818000 462
1818010 459
1818020 455
1818030 453
1818040 452
1818050 453
1818060 454
1818070 455
1818080 454
1818090 454
1818100 453
1818110 453
1818120 452
1818130 452
1818140 451
1818150 450
1818160 448
1818170 445
1818180 443
1818190 442
1818200 439
1818210 436
1818220 433
1818230 430
1818240 428
1818250 425
1818260 422
1818270 418
1818280 415
1818290 412
1818300 409
1818310 408
1818320 407
1818330 406
1818340 405
1818350 405
1818360 405
1818370 405
1818380 405
1818390 405
1818400 408
1818410 412
1818420 415
1818430 419
1818440 422
1818450 425
1818460 428
1818470 430
1818480 433
1818490 435
1818500 438
1818510 440
1818520 444
1818530 447
1818540 449
1818550 452
1818560 456
1818570 459
1818580 462
1818590 465
1818600 468
1818610 472
1818620 475
1818630 477
1818640 479
1818650 481
1818660 483
1818670 484
1818680 486
1818690 487
1818700 488
1818710 489
1818720 490
1818730 492
1818740 493
1818750 495
1818760 496
1818770 497
1818780 498
1818790 499
1818800 500
1818810 501
1818820 502
1818830 503
1818840 504
1818850 505
1818860 506
1818870 506
1818880 506
1818890 505
1818900 502
1818910 500
1818920 498
1818930 495
1818940 492
1818950 488
1818960 485
1818970 483
1818980 481
1818990 481
1819000 482
1819010 484
1819020 485
1819030 485
1819040 482
1819050 479
1819060 476
1819070 473
1819080 469
1819090 466
1819100 464
1819110 461
1819120 459
1819130 457
1819140 456
1819150 454
1819160 452
1819170 451
1819180 451
1819190 451
1819200 451
1819210 451
1819220 452
1819230 453
1819240 455
1819250 456
1819260 459
1819270 460
1819280 461
1819290 462
1819300 463
1819310 464
1819320 465
1819330 466
1819340 466
1819350 467
1819360 468
1819370 469
1819380 469
1819390 470
1819400 471
1819410 472
1819420 473
1819430 474
1819440 475
1819450 476
1819460 477
1819470 478
1819480 478
1819490 479
1819500 480
1819510 480
1819520 481
1819530 481
1819540 482
1819550 483
1819560 484
1819570 485
1819580 485
1819590 486
1819600 487
1819610 488
1819620 489
1819630 490
1819640 490
1819650 491
1819660 492
1819670 493
1819680 494
1819690 495
1819700 495
1819710 496
1819720 497
1819730 498
1819740 499
1819750 501
1819760 502
1819770 504
1819780 505
1819790 507
1819800 509
1819810 511
1819820 512
1819830 513
1819840 514
1819850 515
1819860 516
1819870 517
1819880 518
1819890 519
1819900 521
1819910 522
1819920 524
1819930 525
1819940 526
1819950 527
1819960 528
1819970 529
1819980 530
1819990 530
