1800000 398
1800010 398
1800020 398
1800030 398
1800040 398
1800050 398
1800060 398
1800070 398
1800080 398
1800090 398
1800100 398
1800110 398
1800120 397
1800130 397
1800140 397
1800150 396
1800160 396
1800170 395
1800180 395
1800190 394
1800200 394
1800210 393
1800220 392
1800230 391
1800240 390
1800250 390
1800260 389
1800270 388
1800280 387
1800290 386
1800300 385
1800310 384
1800320 383
1800330 382
1800340 381
1800350 380
1800360 379
1800370 377
1800380 376
1800390 375
1800400 374
1800410 373
1800420 373
1800430 372
1800440 371
1800450 370
1800460 369
1800470 368
1800480 368
1800490 367
1800500 366
1800510 365
1800520 365
1800530 364
1800540 363
1800550 362
1800560 361
1800570 360
1800580 359
1800590 358
1800600 357
1800610 357
1800620 356
1800630 355
1800640 354
1800650 354
1800660 353
1800670 353
1800680 352
1800690 351
1800700 351
1800710 350
1800720 349
1800730 349
1800740 348
1800750 347
1800760 345
1800770 344
1800780 343
1800790 342
1800800 342
1800810 342
1800820 342
1800830 342
1800840 342
1800850 342
1800860 342
1800870 342
1800880 342
1800890 342
1800900 342
1800910 342
1800920 342
1800930 342
1800940 342
1800950 342
1800960 342
1800970 342
1800980 343
1800990 343
1801000 343
1801010 343
1801020 344
1801030 344
1801040 344
1801050 345
1801060 345
1801070 346
1801080 346
1801090 346
1801100 347
1801110 347
1801120 348
1801130 348
1801140 349
1801150 350
1801160 350
1801170 351
1801180 351
1801190 352
1801200 352
1801210 352
1801220 352
1801230 352
1801240 353
1801250 353
1801260 354
1801270 355
1801280 357
1801290 357
1801300 358
1801310 359
1801320 360
1801330 360
1801340 361
1801350 362
1801360 362
1801370 363
1801380 363
1801390 364
1801400 364
1801410 364
1801420 365
1801430 365
1801440 365
1801450 366
1801460 366
1801470 366
1801480 366
1801490 367
1801500 367
1801510 367
1801520 368
1801530 368
1801540 368
1801550 368
1801560 369
1801570 369
1801580 369
1801590 369
1801600 369
1801610 369
1801620 369
1801630 369
1801640 369
1801650 369
1801660 370
1801670 370
1801680 370
1801690 370
1801700 371
1801710 371
1801720 371
1801730 371
1801740 371
1801750 372
1801760 372
1801770 372
1801780 373
1801790 373
1801800 373
1801810 374
1801820 374
1801830 375
1801840 375
1801850 375
1801860 376
1801870 376
1801880 376
1801890 376
1801900 376
1801910 376
1801920 376
1801930 377
1801940 376
1801950 376
1801960 376
1801970 376
1801980 376
1801990 376
1802000 375
1802010 375
1802020 375
1802030 374
1802040 374
1802050 373
1802060 373
1802070 373
1802080 372
1802090 372
1802100 371
1802110 371
1802120 370
1802130 370
1802140 370
1802150 369
1802160 369
1802170 368
1802180 368
1802190 367
1802200 367
1802210 366
1802220 366
1802230 365
1802240 365
1802250 364
1802260 363
1802270 363
1802280 362
1802290 362
1802300 361
1802310 361
1802320 361
1802330 360
1802340 360
1802350 359
1802360 359
1802370 358
1802380 358
1802390 357
1802400 357
1802410 356
1802420 356
1802430 355
1802440 354
1802450 353
1802460 353
1802470 352
1802480 351
1802490 350
1802500 349
1802510 349
1802520 348
1802530 348
1802540 347
1802550 346
1802560 345
1802570 345
1802580 344
1802590 344
1802600 343
1802610 343
1802620 342
1802630 341
1802640 341
1802650 340
1802660 340
1802670 339
1802680 339
1802690 338
1802700 338
1802710 338
1802720 337
1802730 337
1802740 337
1802750 337
1802760 337
1802770 337
1802780 337
1802790 337
1802800 337
1802810 336
1802820 336
1802830 336
1802840 336
1802850 336
1802860 335
1802870 335
1802880 335
1802890 335
1802900 335
1802910 335
1802920 335
1802930 335
1802940 335
1802950 334
1802960 334
1802970 335
1802980 335
1802990 335
1803000 335
1803010 336
1803020 336
1803030 337
1803040 338
1803050 338
1803060 339
1803070 339
1803080 339
1803090 340
1803100 340
1803110 341
1803120 342
1803130 342
1803140 343
1803150 344
1803160 344
1803170 345
1803180 345
1803190 346
1803200 347
1803210 347
1803220 347
1803230 348
1803240 348
1803250 349
1803260 349
1803270 350
1803280 350
1803290 351
1803300 351
1803310 352
1803320 353
1803330 354
1803340 355
1803350 355
1803360 356
1803370 356
1803380 356
1803390 357
1803400 358
1803410 358
1803420 359
1803430 360
1803440 360
1803450 361
1803460 361
1803470 362
1803480 363
1803490 363
1803500 364
1803510 365
1803520 366
1803530 367
1803540 367
1803550 368
1803560 369
1803570 369
1803580 370
1803590 370
1803600 371
1803610 371
1803620 371
1803630 372
1803640 372
1803650 372
1803660 373
1803670 373
1803680 373
1803690 373
1803700 373
1803710 372
1803720 372
1803730 372
1803740 371
1803750 371
1803760 370
1803770 370
1803780 369
1803790 369
1803800 368
1803810 367
1803820 367
1803830 366
1803840 366
1803850 365
1803860 365
1803870 364
1803880 363
1803890 363
1803900 362
1803910 361
1803920 361
1803930 360
1803940 359
1803950 359
1803960 358
1803970 358
1803980 357
1803990 356
1804000 356
1804010 355
1804020 355
1804030 354
1804040 353
1804050 353
1804060 352
1804070 351
1804080 351
1804090 350
1804100 349
1804110 349
1804120 348
1804130 347
1804140 346
1804150 346
1804160 345
1804170 345
1804180 345
1804190 344
1804200 344
1804210 344
1804220 344
1804230 343
1804240 343
1804250 343
1804260 343
1804270 343
1804280 343
1804290 342
1804300 342
1804310 342
1804320 342
1804330 341
1804340 341
1804350 341
1804360 341
1804370 341
1804380 341
1804390 341
1804400 341
1804410 341
1804420 341
1804430 341
1804440 340
1804450 340
1804460 340
1804470 341
1804480 342
1804490 343
1804500 344
1804510 345
1804520 346
1804530 347
1804540 348
1804550 348
1804560 350
1804570 351
1804580 352
1804590 354
1804600 355
1804610 356
1804620 357
1804630 358
1804640 359
1804650 361
1804660 362
1804670 363
1804680 364
1804690 365
1804700 366
1804710 367
1804720 369
1804730 370
1804740 371
1804750 372
1804760 373
1804770 374
1804780 375
1804790 375
1804800 376
1804810 377
1804820 377
1804830 378
1804840 378
1804850 379
1804860 379
1804870 379
1804880 380
1804890 380
1804900 380
1804910 380
1804920 380
1804930 380
1804940 380
1804950 380
1804960 379
1804970 379
1804980 379
1804990 378
1805000 378
1805010 377
1805020 377
1805030 376
1805040 376
1805050 375
1805060 375
1805070 374
1805080 374
1805090 373
1805100 372
1805110 372
1805120 371
1805130 370
1805140 370
1805150 369
1805160 368
1805170 368
1805180 367
1805190 367
1805200 366
1805210 365
1805220 365
1805230 364
1805240 364
1805250 363
1805260 362
1805270 361
1805280 360
1805290 359
1805300 359
1805310 359
1805320 360
1805330 361
1805340 362
1805350 363
1805360 363
1805370 364
1805380 364
1805390 365
1805400 366
1805410 366
1805420 367
1805430 367
1805440 368
1805450 368
1805460 369
1805470 370
1805480 370
1805490 371
1805500 372
1805510 372
1805520 373
1805530 374
1805540 374
1805550 374
1805560 375
1805570 375
1805580 374
1805590 373
1805600 373
1805610 375
1805620 377
1805630 378
1805640 379
1805650 379
1805660 379
1805670 379
1805680 379
1805690 379
1805700 379
1805710 379
1805720 378
1805730 378
1805740 377
1805750 377
1805760 377
1805770 377
1805780 376
1805790 375
1805800 374
1805810 372
1805820 370
1805830 368
1805840 367
1805850 367
1805860 367
1805870 367
1805880 367
1805890 366
1805900 365
1805910 364
1805920 363
1805930 363
1805940 363
1805950 363
1805960 362
1805970 361
1805980 361
1805990 361
1806000 360
1806010 359
1806020 358
1806030 357
1806040 356
1806050 355
1806060 354
1806070 353
1806080 352
1806090 351
1806100 351
1806110 351
1806120 350
1806130 350
1806140 349
1806150 349
1806160 348
1806170 348
1806180 347
1806190 347
1806200 346
1806210 346
1806220 345
1806230 345
1806240 345
1806250 344
1806260 344
1806270 344
1806280 343
1806290 343
1806300 342
1806310 342
1806320 342
1806330 342
1806340 341
1806350 341
1806360 341
1806370 341
1806380 341
1806390 341
1806400 340
1806410 340
1806420 340
1806430 339
1806440 339
1806450 340
1806460 340
1806470 340
1806480 340
1806490 340
1806500 340
1806510 340
1806520 339
1806530 340
1806540 340
1806550 339
1806560 339
1806570 339
1806580 339
1806590 339
1806600 339
1806610 339
1806620 340
1806630 340
1806640 339
1806650 339
1806660 340
1806670 339
1806680 339
1806690 339
1806700 339
1806710 339
1806720 339
1806730 340
1806740 341
1806750 342
1806760 343
1806770 344
1806780 344
1806790 344
1806800 344
1806810 344
1806820 343
1806830 341
1806840 340
1806850 340
1806860 339
1806870 340
1806880 340
1806890 341
1806900 341
1806910 342
1806920 342
1806930 342
1806940 343
1806950 343
1806960 343
1806970 343
1806980 344
1806990 345
1807000 346
1807010 347
1807020 348
1807030 349
1807040 350
1807050 352
1807060 353
1807070 354
1807080 354
1807090 354
1807100 355
1807110 356
1807120 357
1807130 358
1807140 359
1807150 360
1807160 361
1807170 362
1807180 363
1807190 364
1807200 364
1807210 365
1807220 366
1807230 366
1807240 367
1807250 368
1807260 370
1807270 371
1807280 372
1807290 373
1807300 374
1807310 374
1807320 375
1807330 376
1807340 377
1807350 378
1807360 379
1807370 379
1807380 380
1807390 380
1807400 380
1807410 381
1807420 381
1807430 382
1807440 382
1807450 382
1807460 383
1807470 383
1807480 383
1807490 383
1807500 384
1807510 384
1807520 384
1807530 383
1807540 383
1807550 383
1807560 383
1807570 382
1807580 382
1807590 381
1807600 381
1807610 381
1807620 381
1807630 380
1807640 380
1807650 379
1807660 379
1807670 379
1807680 379
1807690 379
1807700 379
1807710 379
1807720 379
1807730 379
1807740 380
1807750 380
1807760 380
1807770 381
1807780 381
1807790 382
1807800 382
1807810 383
1807820 384
1807830 384
1807840 385
1807850 385
1807860 386
1807870 386
1807880 387
1807890 388
1807900 389
1807910 389
1807920 390
1807930 391
1807940 391
1807950 392
1807960 393
1807970 393
1807980 394
1807990 395
1808000 395
1808010 396
1808020 396
1808030 397
1808040 397
1808050 398
1808060 398
1808070 398
1808080 399
1808090 399
1808100 399
1808110 399
1808120 399
1808130 399
1808140 399
1808150 399
1808160 398
1808170 398
1808180 398
1808190 397
1808200 397
1808210 396
1808220 395
1808230 394
1808240 393
1808250 392
1808260 391
1808270 389
1808280 388
1808290 387
1808300 385
1808310 384
1808320 383
1808330 382
1808340 380
1808350 379
1808360 379
1808370 378
1808380 378
1808390 378
1808400 378
1808410 378
1808420 378
1808430 378
1808440 378
1808450 378
1808460 378
1808470 378
1808480 379
1808490 380
1808500 381
1808510 382
1808520 383
1808530 384
1808540 385
1808550 386
1808560 387
1808570 388
1808580 389
1808590 390
1808600 391
1808610 392
1808620 393
1808630 394
1808640 395
1808650 396
1808660 396
1808670 397
1808680 397
1808690 398
1808700 398
1808710 399
1808720 400
1808730 400
1808740 400
1808750 401
1808760 401
1808770 401
1808780 400
1808790 400
1808800 399
1808810 399
1808820 398
1808830 398
1808840 397
1808850 396
1808860 395
1808870 393
1808880 391
1808890 390
1808900 388
1808910 387
1808920 387
1808930 387
1808940 387
1808950 387
1808960 388
1808970 389
1808980 389
1808990 390
1809000 392
1809010 393
1809020 394
1809030 395
1809040 397
1809050 398
1809060 400
1809070 402
1809080 404
1809090 406
1809100 408
1809110 410
1809120 411
1809130 412
1809140 413
1809150 414
1809160 415
1809170 415
1809180 416
1809190 417
1809200 417
1809210 418
1809220 418
1809230 419
1809240 419
1809250 420
1809260 420
1809270 421
1809280 421
1809290 422
1809300 422
1809310 423
1809320 423
1809330 424
1809340 424
1809350 425
1809360 425
1809370 426
1809380 427
1809390 428
1809400 428
1809410 429
1809420 430
1809430 431
1809440 432
1809450 433
1809460 433
1809470 434
1809480 434
1809490 435
1809500 436
1809510 437
1809520 437
1809530 438
1809540 439
1809550 439
1809560 440
1809570 440
1809580 441
1809590 442
1809600 442
1809610 443
1809620 443
1809630 444
1809640 445
1809650 445
1809660 446
1809670 446
1809680 446
1809690 447
1809700 447
1809710 448
1809720 448
1809730 449
1809740 449
1809750 449
1809760 450
1809770 450
1809780 450
1809790 451
1809800 451
1809810 451
1809820 451
1809830 451
1809840 451
1809850 451
1809860 451
1809870 451
1809880 451
1809890 451
1809900 451
1809910 451
1809920 451
1809930 451
1809940 451
1809950 450
1809960 450
1809970 450
1809980 450
1809990 449
1810000 449
1810010 448
1810020 448
1810030 447
1810040 447
1810050 446
1810060 446
1810070 445
1810080 444
1810090 444
1810100 443
1810110 442
1810120 441
1810130 440
1810140 439
1810150 438
1810160 437
1810170 436
1810180 435
1810190 433
1810200 432
1810210 430
1810220 429
1810230 427
1810240 426
1810250 424
1810260 423
1810270 421
1810280 419
1810290 418
1810300 416
1810310 413
1810320 410
1810330 410
1810340 410
1810350 411
1810360 413
1810370 416
1810380 418
1810390 420
1810400 421
1810410 422
1810420 424
1810430 425
1810440 426
1810450 427
1810460 428
1810470 429
1810480 429
1810490 430
1810500 430
1810510 430
1810520 430
1810530 430
1810540 430
1810550 430
1810560 430
1810570 430
1810580 430
1810590 430
1810600 430
1810610 430
1810620 430
1810630 431
1810640 431
1810650 432
1810660 432
1810670 433
1810680 434
1810690 435
1810700 435
1810710 436
1810720 437
1810730 438
1810740 439
1810750 441
1810760 442
1810770 443
1810780 444
1810790 445
1810800 446
1810810 446
1810820 447
1810830 447
1810840 447
1810850 447
1810860 447
1810870 447
1810880 447
1810890 447
1810900 447
1810910 446
1810920 446
1810930 445
1810940 445
1810950 445
1810960 444
1810970 444
1810980 443
1810990 443
1811000 442
1811010 441
1811020 441
1811030 440
1811040 440
1811050 438
1811060 437
1811070 435
1811080 434
1811090 433
1811100 432
1811110 433
1811120 434
1811130 436
1811140 437
1811150 438
1811160 438
1811170 439
1811180 439
1811190 440
1811200 440
1811210 441
1811220 441
1811230 441
1811240 442
1811250 442
1811260 442
1811270 442
1811280 442
1811290 441
1811300 441
1811310 440
1811320 441
1811330 441
1811340 442
1811350 443
1811360 443
1811370 444
1811380 444
1811390 444
1811400 444
1811410 444
1811420 444
1811430 444
1811440 444
1811450 444
1811460 443
1811470 443
1811480 442
1811490 442
1811500 441
1811510 441
1811520 441
1811530 440
1811540 440
1811550 440
1811560 439
1811570 439
1811580 439
1811590 439
1811600 439
1811610 439
1811620 439
1811630 439
1811640 438
1811650 438
1811660 438
1811670 437
1811680 436
1811690 435
1811700 434
1811710 433
1811720 431
1811730 429
1811740 428
1811750 425
1811760 422
1811770 419
1811780 415
1811790 411
1811800 406
1811810 401
1811820 397
1811830 393
1811840 388
1811850 384
1811860 380
1811870 376
1811880 372
1811890 367
1811900 363
1811910 359
1811920 356
1811930 352
1811940 349
1811950 346
1811960 344
1811970 342
1811980 341
1811990 340
1812000 339
1812010 338
1812020 338
1812030 338
1812040 338
1812050 338
1812060 337
1812070 337
1812080 337
1812090 337
1812100 337
1812110 337
1812120 337
1812130 337
1812140 338
1812150 338
1812160 340
1812170 343
1812180 346
1812190 349
1812200 353
1812210 356
1812220 360
1812230 363
1812240 366
1812250 368
1812260 371
1812270 373
1812280 375
1812290 377
1812300 379
1812310 381
1812320 383
1812330 385
1812340 386
1812350 388
1812360 390
1812370 391
1812380 394
1812390 396
1812400 397
1812410 399
1812420 401
1812430 402
1812440 404
1812450 406
1812460 407
1812470 409
1812480 410
1812490 411
1812500 412
1812510 413
1812520 414
1812530 415
1812540 416
1812550 417
1812560 418
1812570 419
1812580 420
1812590 421
1812600 422
1812610 424
1812620 425
1812630 426
1812640 427
1812650 428
1812660 429
1812670 430
1812680 431
1812690 432
1812700 433
1812710 435
1812720 436
1812730 437
1812740 438
1812750 440
1812760 441
1812770 442
1812780 443
1812790 443
1812800 444
1812810 445
1812820 446
1812830 447
1812840 448
1812850 449
1812860 449
1812870 450
1812880 451
1812890 451
1812900 450
1812910 450
1812920 449
1812930 449
1812940 449
1812950 448
1812960 447
1812970 447
1812980 447
1812990 447
1813000 448
1813010 448
1813020 449
1813030 450
1813040 451
1813050 452
1813060 453
1813070 454
1813080 455
1813090 457
1813100 459
1813110 461
1813120 462
1813130 464
1813140 466
1813150 468
1813160 470
1813170 472
1813180 475
1813190 478
1813200 480
1813210 483
1813220 485
1813230 487
1813240 489
1813250 491
1813260 493
1813270 495
1813280 497
1813290 498
1813300 499
1813310 501
1813320 502
1813330 504
1813340 506
1813350 508
1813360 509
1813370 511
1813380 512
1813390 514
1813400 515
1813410 516
1813420 517
1813430 518
1813440 518
1813450 519
1813460 520
1813470 520
1813480 521
1813490 521
1813500 522
1813510 522
1813520 522
1813530 523
1813540 523
1813550 523
1813560 523
1813570 523
1813580 523
1813590 523
1813600 524
1813610 524
1813620 524
1813630 525
1813640 525
1813650 525
1813660 525
1813670 526
1813680 526
1813690 526
1813700 526
1813710 527
1813720 527
1813730 527
1813740 527
1813750 527
1813760 527
1813770 528
1813780 528
1813790 528
1813800 528
1813810 528
1813820 528
1813830 528
1813840 527
1813850 527
1813860 526
1813870 526
1813880 525
1813890 524
1813900 522
1813910 520
1813920 518
1813930 517
1813940 515
1813950 513
1813960 512
1813970 511
1813980 510
1813990 509
1814000 509
1814010 508
1814020 508
1814030 508
1814040 508
1814050 509
1814060 512
1814070 515
1814080 516
1814090 518
1814100 519
1814110 520
1814120 521
1814130 522
1814140 524
1814150 524
1814160 525
1814170 526
1814180 526
1814190 526
1814200 526
1814210 526
1814220 525
1814230 524
1814240 523
1814250 521
1814260 519
1814270 517
1814280 516
1814290 514
1814300 513
1814310 511
1814320 510
1814330 509
1814340 507
1814350 505
1814360 503
1814370 501
1814380 499
1814390 498
1814400 496
1814410 494
1814420 492
1814430 490
1814440 489
1814450 488
1814460 488
1814470 486
1814480 485
1814490 485
1814500 486
1814510 488
1814520 490
1814530 492
1814540 494
1814550 496
1814560 498
1814570 499
1814580 500
1814590 502
1814600 504
1814610 506
1814620 508
1814630 510
1814640 511
1814650 513
1814660 515
1814670 517
1814680 519
1814690 521
1814700 522
1814710 524
1814720 526
1814730 528
1814740 529
1814750 531
1814760 532
1814770 534
1814780 535
1814790 537
1814800 538
1814810 539
1814820 540
1814830 541
1814840 542
1814850 543
1814860 544
1814870 545
1814880 546
1814890 548
1814900 550
1814910 552
1814920 553
1814930 555
1814940 556
1814950 558
1814960 559
1814970 560
1814980 562
1814990 563
1815000 563
1815010 564
1815020 565
1815030 565
1815040 566
1815050 566
1815060 567
1815070 567
1815080 567
1815090 568
1815100 568
1815110 568
1815120 568
1815130 568
1815140 568
1815150 568
1815160 567
1815170 567
1815180 566
1815190 565
1815200 564
1815210 563
1815220 562
1815230 561
1815240 560
1815250 559
1815260 558
1815270 557
1815280 556
1815290 555
1815300 553
1815310 552
1815320 550
1815330 548
1815340 547
1815350 545
1815360 543
1815370 542
1815380 540
1815390 539
1815400 537
1815410 535
1815420 534
1815430 532
1815440 530
1815450 529
1815460 527
1815470 526
1815480 524
1815490 523
1815500 521
1815510 520
1815520 519
1815530 518
1815540 518
1815550 519
1815560 520
1815570 521
1815580 522
1815590 524
1815600 525
1815610 527
1815620 529
1815630 531
1815640 534
1815650 536
1815660 538
1815670 540
1815680 542
1815690 543
1815700 544
1815710 546
1815720 548
1815730 550
1815740 551
1815750 553
1815760 555
1815770 557
1815780 559
1815790 561
1815800 563
1815810 564
1815820 566
1815830 568
1815840 569
1815850 570
1815860 572
1815870 573
1815880 575
1815890 576
1815900 576
1815910 576
1815920 576
1815930 576
1815940 576
1815950 576
1815960 575
1815970 575
1815980 574
1815990 574
1816000 573
1816010 573
1816020 573
1816030 573
1816040 572
1816050 572
1816060 571
1816070 571
1816080 570
1816090 570
1816100 569
1816110 569
1816120 568
1816130 566
1816140 565
1816150 563
1816160 561
1816170 559
1816180 558
1816190 556
1816200 555
1816210 553
1816220 551
1816230 551
1816240 550
1816250 549
1816260 548
1816270 547
1816280 545
1816290 544
1816300 543
1816310 542
1816320 540
1816330 538
1816340 536
1816350 534
1816360 532
1816370 530
1816380 528
1816390 526
1816400 524
1816410 523
1816420 521
1816430 520
1816440 519
1816450 517
1816460 514
1816470 511
1816480 510
1816490 512
1816500 515
1816510 517
1816520 519
1816530 521
1816540 523
1816550 525
1816560 527
1816570 528
1816580 530
1816590 531
1816600 532
1816610 534
1816620 537
1816630 540
1816640 542
1816650 544
1816660 545
1816670 546
1816680 547
1816690 547
1816700 548
1816710 549
1816720 549
1816730 549
1816740 550
1816750 549
1816760 549
1816770 548
1816780 547
1816790 545
1816800 544
1816810 542
1816820 540
1816830 540
1816840 539
1816850 538
1816860 538
1816870 537
1816880 536
1816890 535
1816900 534
1816910 533
1816920 533
1816930 532
1816940 531
1816950 530
1816960 528
1816970 526
1816980 526
1816990 528
1817000 531
1817010 534
1817020 535
1817030 536
1817040 537
1817050 538
1817060 539
1817070 541
1817080 542
1817090 544
1817100 545
1817110 547
1817120 548
1817130 550
1817140 551
1817150 553
1817160 555
1817170 557
1817180 559
1817190 561
1817200 562
1817210 564
1817220 565
1817230 567
1817240 568
1817250 569
1817260 570
1817270 570
1817280 570
1817290 571
1817300 571
1817310 571
1817320 571
1817330 571
1817340 571
1817350 571
1817360 571
1817370 571
1817380 571
1817390 571
1817400 571
1817410 570
1817420 570
1817430 569
1817440 568
1817450 567
1817460 566
1817470 565
1817480 564
1817490 563
1817500 562
1817510 562
1817520 561
1817530 560
1817540 559
1817550 558
1817560 556
1817570 555
1817580 554
1817590 552
1817600 551
1817610 549
1817620 548
1817630 546
1817640 544
1817650 542
1817660 540
1817670 538
1817680 536
1817690 534
1817700 533
1817710 531
1817720 531
1817730 530
1817740 529
1817750 528
1817760 526
1817770 525
1817780 523
1817790 522
1817800 521
1817810 520
1817820 519
1817830 518
1817840 517
1817850 515
1817860 513
1817870 511
1817880 510
1817890 510
1817900 510
1817910 508
1817920 505
1817930 503
1817940 500
1817950 498
1817960 496
1817970 494
1817980 491
1817990 488
1818000 485
1818010 483
1818020 481
1818030 479
1818040 475
1818050 473
1818060 470
1818070 467
1818080 465
1818090 462
1818100 459
1818110 457
1818120 454
1818130 454
1818140 454
1818150 455
1818160 457
1818170 458
1818180 459
1818190 459
1818200 461
1818210 462
1818220 464
1818230 466
1818240 467
1818250 466
1818260 465
1818270 463
1818280 461
1818290 458
1818300 456
1818310 453
1818320 450
1818330 446
1818340 442
1818350 438
1818360 434
1818370 430
1818380 429
1818390 429
1818400 428
1818410 428
1818420 429
1818430 430
1818440 432
1818450 434
1818460 436
1818470 440
1818480 445
1818490 450
1818500 455
1818510 459
1818520 463
1818530 467
1818540 470
1818550 474
1818560 477
1818570 479
1818580 481
1818590 484
1818600 487
1818610 491
1818620 495
1818630 498
1818640 501
1818650 504
1818660 506
1818670 509
1818680 511
1818690 511
1818700 511
1818710 511
1818720 510
1818730 510
1818740 510
1818750 509
1818760 508
1818770 507
1818780 507
1818790 507
1818800 508
1818810 509
1818820 511
1818830 514
1818840 515
1818850 517
1818860 518
1818870 520
1818880 521
1818890 522
1818900 522
1818910 523
1818920 523
1818930 524
1818940 524
1818950 524
1818960 524
1818970 524
1818980 524
1818990 524
1819000 524
1819010 524
1819020 524
1819030 524
1819040 524
1819050 525
1819060 526
1819070 527
1819080 527
1819090 528
1819100 530
1819110 532
1819120 534
1819130 536
1819140 538
1819150 539
1819160 540
1819170 541
1819180 543
1819190 544
1819200 545
1819210 547
1819220 549
1819230 550
1819240 552
1819250 551
1819260 550
1819270 549
1819280 545
1819290 543
1819300 540
1819310 537
1819320 534
1819330 531
1819340 529
1819350 526
1819360 524
1819370 521
1819380 519
1819390 517
1819400 514
1819410 512
1819420 511
1819430 509
1819440 507
1819450 506
1819460 505
1819470 503
1819480 501
1819490 499
1819500 498
1819510 497
1819520 496
1819530 495
1819540 495
1819550 494
1819560 494
1819570 494
1819580 494
1819590 494
1819600 494
1819610 494
1819620 495
1819630 496
1819640 497
1819650 498
1819660 499
1819670 501
1819680 503
1819690 505
1819700 507
1819710 509
1819720 511
1819730 513
1819740 515
1819750 517
1819760 519
1819770 521
1819780 523
1819790 525
1819800 527
1819810 529
1819820 531
1819830 533
1819840 535
1819850 537
1819860 539
1819870 541
1819880 543
1819890 545
1819900 546
1819910 547
1819920 548
1819930 548
1819940 548
1819950 548
1819960 549
1819970 550
1819980 550
1819990 551
