1800000 391
1800010 390
1800020 390
1800030 389
1800040 389
1800050 388
1800060 387
1800070 386
1800080 385
1800090 384
1800100 383
1800110 382
1800120 381
1800130 380
1800140 379
1800150 378
1800160 375
1800170 373
1800180 371
1800190 369
1800200 368
1800210 367
1800220 367
1800230 366
1800240 366
1800250 365
1800260 364
1800270 364
1800280 364
1800290 364
1800300 364
1800310 363
1800320 362
1800330 361
1800340 360
1800350 360
1800360 359
1800370 358
1800380 357
1800390 356
1800400 355
1800410 354
1800420 353
1800430 353
1800440 352
1800450 351
1800460 350
1800470 349
1800480 349
1800490 348
1800500 348
1800510 347
1800520 347
1800530 346
1800540 346
1800550 346
1800560 346
1800570 345
1800580 345
1800590 345
1800600 345
1800610 345
1800620 345
1800630 345
1800640 345
1800650 345
1800660 345
1800670 346
1800680 346
1800690 347
1800700 347
1800710 348
1800720 348
1800730 349
1800740 349
1800750 350
1800760 350
1800770 351
1800780 351
1800790 352
1800800 353
1800810 353
1800820 354
1800830 354
1800840 355
1800850 355
1800860 356
1800870 356
1800880 356
1800890 357
1800900 357
1800910 358
1800920 358
1800930 358
1800940 359
1800950 359
1800960 360
1800970 360
1800980 361
1800990 361
1801000 361
1801010 362
1801020 362
1801030 362
1801040 363
1801050 363
1801060 364
1801070 364
1801080 365
1801090 365
1801100 366
1801110 366
1801120 367
1801130 367
1801140 367
1801150 368
1801160 368
1801170 368
1801180 369
1801190 369
1801200 370
1801210 370
1801220 371
1801230 372
1801240 372
1801250 373
1801260 373
1801270 374
1801280 375
1801290 375
1801300 376
1801310 376
1801320 377
1801330 377
1801340 378
1801350 379
1801360 380
1801370 381
1801380 381
1801390 382
1801400 383
1801410 384
1801420 384
1801430 385
1801440 385
1801450 386
1801460 387
1801470 387
1801480 388
1801490 389
1801500 389
1801510 390
1801520 391
1801530 391
1801540 391
1801550 392
1801560 392
1801570 393
1801580 393
1801590 394
1801600 394
1801610 394
1801620 394
1801630 394
1801640 394
1801650 394
1801660 393
1801670 393
1801680 392
1801690 392
1801700 391
1801710 390
1801720 388
1801730 387
1801740 386
1801750 385
1801760 385
1801770 384
1801780 383
1801790 382
1801800 381
1801810 380
1801820 379
1801830 378
1801840 377
1801850 376
1801860 375
1801870 373
1801880 372
1801890 371
1801900 370
1801910 369
1801920 367
1801930 366
1801940 366
1801950 365
1801960 364
1801970 363
1801980 363
1801990 362
1802000 361
1802010 361
1802020 361
1802030 360
1802040 360
1802050 360
1802060 360
1802070 360
1802080 360
1802090 360
1802100 360
1802110 360
1802120 359
1802130 359
1802140 359
1802150 359
1802160 359
1802170 358
1802180 358
1802190 357
1802200 357
1802210 357
1802220 356
1802230 356
1802240 355
1802250 355
1802260 354
1802270 353
1802280 353
1802290 352
1802300 351
1802310 351
1802320 350
1802330 350
1802340 349
1802350 349
1802360 348
1802370 347
1802380 347
1802390 346
1802400 346
1802410 345
1802420 345
1802430 344
1802440 344
1802450 344
1802460 343
1802470 343
1802480 343
1802490 343
1802500 342
1802510 342
1802520 342
1802530 341
1802540 340
1802550 340
1802560 340
1802570 339
1802580 339
1802590 339
1802600 339
1802610 339
1802620 339
1802630 339
1802640 338
1802650 338
1802660 338
1802670 338
1802680 338
1802690 337
1802700 337
1802710 337
1802720 337
1802730 337
1802740 337
1802750 337
1802760 337
1802770 337
1802780 337
1802790 337
1802800 337
1802810 337
1802820 337
1802830 337
1802840 337
1802850 337
1802860 337
1802870 336
1802880 336
1802890 336
1802900 336
1802910 337
1802920 337
1802930 337
1802940 337
1802950 337
1802960 337
1802970 337
1802980 338
1802990 338
1803000 339
1803010 339
1803020 340
1803030 340
1803040 341
1803050 342
1803060 342
1803070 343
1803080 343
1803090 343
1803100 344
1803110 344
1803120 345
1803130 346
1803140 346
1803150 347
1803160 348
1803170 348
1803180 349
1803190 350
1803200 351
1803210 351
1803220 352
1803230 353
1803240 354
1803250 355
1803260 355
1803270 356
1803280 357
1803290 358
1803300 359
1803310 360
1803320 361
1803330 362
1803340 363
1803350 364
1803360 365
1803370 366
1803380 366
1803390 367
1803400 368
1803410 368
1803420 369
1803430 370
1803440 371
1803450 371
1803460 372
1803470 372
1803480 373
1803490 373
1803500 374
1803510 375
1803520 375
1803530 376
1803540 376
1803550 376
1803560 377
1803570 377
1803580 377
1803590 377
1803600 378
1803610 378
1803620 378
1803630 378
1803640 377
1803650 376
1803660 376
1803670 375
1803680 375
1803690 374
1803700 374
1803710 373
1803720 372
1803730 372
1803740 371
1803750 370
1803760 370
1803770 369
1803780 369
1803790 368
1803800 367
1803810 367
1803820 366
1803830 365
1803840 364
1803850 363
1803860 362
1803870 361
1803880 361
1803890 360
1803900 359
1803910 359
1803920 358
1803930 357
1803940 356
1803950 355
1803960 355
1803970 354
1803980 354
1803990 353
1804000 353
1804010 353
1804020 353
1804030 352
1804040 352
1804050 351
1804060 350
1804070 349
1804080 348
1804090 347
1804100 347
1804110 346
1804120 346
1804130 346
1804140 346
1804150 346
1804160 346
1804170 345
1804180 345
1804190 345
1804200 345
1804210 345
1804220 345
1804230 345
1804240 344
1804250 344
1804260 344
1804270 344
1804280 344
1804290 343
1804300 343
1804310 343
1804320 342
1804330 342
1804340 343
1804350 343
1804360 343
1804370 343
1804380 343
1804390 344
1804400 344
1804410 345
1804420 346
1804430 347
1804440 348
1804450 349
1804460 350
1804470 350
1804480 351
1804490 352
1804500 353
1804510 353
1804520 354
1804530 355
1804540 356
1804550 357
1804560 358
1804570 359
1804580 360
1804590 361
1804600 362
1804610 363
1804620 364
1804630 365
1804640 366
1804650 367
1804660 368
1804670 369
1804680 370
1804690 372
1804700 373
1804710 374
1804720 375
1804730 376
1804740 376
1804750 377
1804760 378
1804770 379
1804780 379
1804790 380
1804800 381
1804810 381
1804820 381
1804830 382
1804840 382
1804850 382
1804860 382
1804870 382
1804880 382
1804890 382
1804900 382
1804910 382
1804920 382
1804930 382
1804940 382
1804950 382
1804960 382
1804970 382
1804980 382
1804990 382
1805000 382
1805010 382
1805020 381
1805030 381
1805040 380
1805050 380
1805060 380
1805070 379
1805080 378
1805090 378
1805100 377
1805110 377
1805120 376
1805130 375
1805140 375
1805150 374
1805160 374
1805170 373
1805180 373
1805190 373
1805200 373
1805210 373
1805220 373
1805230 373
1805240 373
1805250 373
1805260 374
1805270 374
1805280 374
1805290 375
1805300 375
1805310 375
1805320 376
1805330 376
1805340 377
1805350 377
1805360 378
1805370 378
1805380 379
1805390 379
1805400 380
1805410 380
1805420 381
1805430 381
1805440 381
1805450 381
1805460 382
1805470 382
1805480 382
1805490 383
1805500 383
1805510 383
1805520 384
1805530 384
1805540 384
1805550 384
1805560 385
1805570 385
1805580 385
1805590 384
1805600 384
1805610 384
1805620 384
1805630 383
1805640 383
1805650 383
1805660 382
1805670 381
1805680 380
1805690 379
1805700 378
1805710 377
1805720 376
1805730 375
1805740 374
1805750 373
1805760 372
1805770 371
1805780 370
1805790 369
1805800 367
1805810 366
1805820 365
1805830 364
1805840 364
1805850 364
1805860 362
1805870 360
1805880 358
1805890 357
1805900 356
1805910 355
1805920 354
1805930 353
1805940 352
1805950 352
1805960 351
1805970 350
1805980 349
1805990 349
1806000 348
1806010 348
1806020 348
1806030 347
1806040 347
1806050 347
1806060 346
1806070 346
1806080 346
1806090 346
1806100 345
1806110 344
1806120 344
1806130 344
1806140 343
1806150 343
1806160 343
1806170 343
1806180 343
1806190 343
1806200 342
1806210 343
1806220 343
1806230 342
1806240 342
1806250 343
1806260 343
1806270 343
1806280 343
1806290 343
1806300 344
1806310 344
1806320 344
1806330 344
1806340 344
1806350 344
1806360 344
1806370 344
1806380 345
1806390 345
1806400 345
1806410 345
1806420 345
1806430 345
1806440 346
1806450 346
1806460 346
1806470 346
1806480 346
1806490 346
1806500 347
1806510 347
1806520 347
1806530 347
1806540 347
1806550 348
1806560 348
1806570 348
1806580 349
1806590 349
1806600 349
1806610 350
1806620 350
1806630 350
1806640 350
1806650 350
1806660 350
1806670 351
1806680 351
1806690 351
1806700 351
1806710 352
1806720 352
1806730 353
1806740 353
1806750 354
1806760 354
1806770 354
1806780 355
1806790 355
1806800 356
1806810 356
1806820 356
1806830 357
1806840 357
1806850 358
1806860 358
1806870 359
1806880 359
1806890 360
1806900 360
1806910 361
1806920 361
1806930 362
1806940 362
1806950 363
1806960 363
1806970 364
1806980 365
1806990 366
1807000 366
1807010 367
1807020 367
1807030 368
1807040 368
1807050 369
1807060 369
1807070 370
1807080 370
1807090 370
1807100 370
1807110 370
1807120 371
1807130 372
1807140 373
1807150 375
1807160 377
1807170 379
1807180 381
1807190 382
1807200 384
1807210 385
1807220 387
1807230 389
1807240 391
1807250 393
1807260 394
1807270 396
1807280 398
1807290 399
1807300 400
1807310 401
1807320 401
1807330 401
1807340 402
1807350 402
1807360 402
1807370 402
1807380 402
1807390 402
1807400 401
1807410 400
1807420 399
1807430 398
1807440 396
1807450 394
1807460 393
1807470 391
1807480 390
1807490 389
1807500 388
1807510 387
1807520 387
1807530 386
1807540 386
1807550 386
1807560 386
1807570 386
1807580 386
1807590 387
1807600 387
1807610 388
1807620 389
1807630 390
1807640 391
1807650 392
1807660 394
1807670 395
1807680 395
1807690 396
1807700 396
1807710 396
1807720 396
1807730 397
1807740 397
1807750 397
1807760 397
1807770 397
1807780 397
1807790 398
1807800 400
1807810 400
1807820 401
1807830 402
1807840 403
1807850 404
1807860 405
1807870 406
1807880 407
1807890 409
1807900 410
1807910 411
1807920 411
1807930 412
1807940 413
1807950 414
1807960 415
1807970 415
1807980 416
1807990 416
1808000 416
1808010 417
1808020 417
1808030 417
1808040 417
1808050 417
1808060 417
1808070 417
1808080 416
1808090 416
1808100 415
1808110 415
1808120 414
1808130 413
1808140 412
1808150 411
1808160 409
1808170 408
1808180 407
1808190 406
1808200 405
1808210 404
1808220 403
1808230 402
1808240 401
1808250 400
1808260 399
1808270 398
1808280 397
1808290 396
1808300 394
1808310 392
1808320 391
1808330 389
1808340 388
1808350 388
1808360 387
1808370 387
1808380 387
1808390 387
1808400 387
1808410 387
1808420 387
1808430 387
1808440 387
1808450 387
1808460 388
1808470 390
1808480 392
1808490 393
1808500 395
1808510 396
1808520 397
1808530 398
1808540 400
1808550 402
1808560 403
1808570 404
1808580 405
1808590 406
1808600 406
1808610 407
1808620 407
1808630 408
1808640 409
1808650 410
1808660 411
1808670 413
1808680 414
1808690 415
1808700 416
1808710 417
1808720 418
1808730 419
1808740 420
1808750 421
1808760 422
1808770 423
1808780 423
1808790 424
1808800 425
1808810 425
1808820 426
1808830 426
1808840 427
1808850 427
1808860 427
1808870 427
1808880 427
1808890 427
1808900 427
1808910 427
1808920 426
1808930 426
1808940 425
1808950 424
1808960 424
1808970 423
1808980 422
1808990 420
1809000 419
1809010 416
1809020 415
1809030 414
1809040 413
1809050 413
1809060 413
1809070 413
1809080 411
1809090 410
1809100 409
1809110 408
1809120 408
1809130 407
1809140 406
1809150 408
1809160 411
1809170 414
1809180 416
1809190 418
1809200 418
1809210 419
1809220 419
1809230 420
1809240 421
1809250 422
1809260 423
1809270 424
1809280 425
1809290 426
1809300 426
1809310 427
1809320 428
1809330 429
1809340 430
1809350 430
1809360 431
1809370 432
1809380 432
1809390 433
1809400 434
1809410 435
1809420 436
1809430 437
1809440 437
1809450 438
1809460 439
1809470 439
1809480 440
1809490 441
1809500 441
1809510 442
1809520 443
1809530 444
1809540 444
1809550 445
1809560 446
1809570 447
1809580 447
1809590 448
1809600 448
1809610 449
1809620 449
1809630 449
1809640 449
1809650 449
1809660 449
1809670 449
1809680 450
1809690 450
1809700 450
1809710 450
1809720 451
1809730 451
1809740 451
1809750 451
1809760 451
1809770 451
1809780 452
1809790 452
1809800 452
1809810 452
1809820 453
1809830 453
1809840 453
1809850 454
1809860 455
1809870 455
1809880 456
1809890 457
1809900 457
1809910 458
1809920 458
1809930 458
1809940 459
1809950 459
1809960 460
1809970 460
1809980 460
1809990 460
1810000 460
1810010 461
1810020 461
1810030 461
1810040 461
1810050 461
1810060 461
1810070 461
1810080 461
1810090 460
1810100 460
1810110 460
1810120 460
1810130 459
1810140 459
1810150 458
1810160 458
1810170 458
1810180 457
1810190 457
1810200 456
1810210 456
1810220 455
1810230 454
1810240 454
1810250 453
1810260 452
1810270 451
1810280 449
1810290 448
1810300 446
1810310 444
1810320 443
1810330 441
1810340 438
1810350 434
1810360 430
1810370 428
1810380 431
1810390 434
1810400 437
1810410 439
1810420 440
1810430 441
1810440 442
1810450 444
1810460 445
1810470 447
1810480 448
1810490 450
1810500 451
1810510 453
1810520 454
1810530 456
1810540 456
1810550 457
1810560 458
1810570 460
1810580 461
1810590 461
1810600 462
1810610 463
1810620 463
1810630 464
1810640 465
1810650 465
1810660 466
1810670 466
1810680 466
1810690 467
1810700 467
1810710 468
1810720 468
1810730 468
1810740 469
1810750 469
1810760 469
1810770 469
1810780 469
1810790 470
1810800 470
1810810 470
1810820 470
1810830 470
1810840 470
1810850 470
1810860 470
1810870 470
1810880 470
1810890 470
1810900 470
1810910 470
1810920 469
1810930 469
1810940 469
1810950 469
1810960 469
1810970 468
1810980 468
1810990 468
1811000 467
1811010 467
1811020 466
1811030 465
1811040 464
1811050 464
1811060 463
1811070 462
1811080 461
1811090 460
1811100 459
1811110 458
1811120 457
1811130 456
1811140 454
1811150 453
1811160 452
1811170 450
1811180 448
1811190 446
1811200 444
1811210 442
1811220 440
1811230 438
1811240 436
1811250 433
1811260 432
1811270 430
1811280 427
1811290 426
1811300 424
1811310 421
1811320 417
1811330 413
1811340 410
1811350 409
1811360 409
1811370 411
1811380 413
1811390 415
1811400 417
1811410 418
1811420 418
1811430 418
1811440 419
1811450 419
1811460 421
1811470 422
1811480 423
1811490 423
1811500 424
1811510 424
1811520 424
1811530 425
1811540 426
1811550 428
1811560 429
1811570 430
1811580 430
1811590 430
1811600 430
1811610 428
1811620 425
1811630 422
1811640 418
1811650 417
1811660 416
1811670 415
1811680 414
1811690 414
1811700 413
1811710 412
1811720 412
1811730 411
1811740 410
1811750 409
1811760 409
1811770 408
1811780 407
1811790 406
1811800 405
1811810 403
1811820 402
1811830 401
1811840 399
1811850 398
1811860 397
1811870 395
1811880 394
1811890 393
1811900 391
1811910 390
1811920 388
1811930 385
1811940 383
1811950 383
1811960 385
1811970 385
1811980 384
1811990 381
1812000 378
1812010 375
1812020 372
1812030 369
1812040 365
1812050 360
1812060 355
1812070 350
1812080 345
1812090 342
1812100 341
1812110 341
1812120 340
1812130 340
1812140 340
1812150 340
1812160 340
1812170 340
1812180 340
1812190 343
1812200 346
1812210 351
1812220 355
1812230 357
1812240 357
1812250 358
1812260 358
1812270 359
1812280 361
1812290 362
1812300 364
1812310 365
1812320 366
1812330 368
1812340 370
1812350 371
1812360 372
1812370 373
1812380 375
1812390 377
1812400 380
1812410 383
1812420 386
1812430 388
1812440 390
1812450 392
1812460 394
1812470 394
1812480 395
1812490 395
1812500 395
1812510 394
1812520 394
1812530 394
1812540 393
1812550 394
1812560 394
1812570 394
1812580 394
1812590 394
1812600 395
1812610 395
1812620 395
1812630 396
1812640 396
1812650 397
1812660 397
1812670 398
1812680 398
1812690 399
1812700 400
1812710 401
1812720 402
1812730 402
1812740 403
1812750 405
1812760 406
1812770 407
1812780 408
1812790 410
1812800 411
1812810 413
1812820 414
1812830 416
1812840 418
1812850 420
1812860 421
1812870 424
1812880 426
1812890 428
1812900 431
1812910 433
1812920 435
1812930 438
1812940 440
1812950 441
1812960 443
1812970 445
1812980 446
1812990 448
1813000 449
1813010 451
1813020 453
1813030 455
1813040 456
1813050 458
1813060 460
1813070 462
1813080 464
1813090 466
1813100 468
1813110 471
1813120 473
1813130 476
1813140 478
1813150 481
1813160 484
1813170 488
1813180 491
1813190 494
1813200 496
1813210 499
1813220 502
1813230 504
1813240 507
1813250 509
1813260 511
1813270 513
1813280 514
1813290 516
1813300 517
1813310 519
1813320 521
1813330 523
1813340 524
1813350 525
1813360 527
1813370 528
1813380 529
1813390 531
1813400 532
1813410 533
1813420 534
1813430 535
1813440 537
1813450 537
1813460 538
1813470 538
1813480 539
1813490 540
1813500 540
1813510 541
1813520 541
1813530 542
1813540 542
1813550 543
1813560 543
1813570 544
1813580 545
1813590 546
1813600 546
1813610 547
1813620 547
1813630 548
1813640 549
1813650 549
1813660 550
1813670 550
1813680 551
1813690 551
1813700 552
1813710 554
1813720 555
1813730 556
1813740 558
1813750 559
1813760 560
1813770 560
1813780 561
1813790 562
1813800 563
1813810 563
1813820 564
1813830 565
1813840 566
1813850 566
1813860 566
1813870 566
1813880 566
1813890 566
1813900 566
1813910 566
1813920 567
1813930 567
1813940 568
1813950 568
1813960 568
1813970 569
1813980 569
1813990 569
1814000 570
1814010 570
1814020 570
1814030 571
1814040 571
1814050 571
1814060 571
1814070 572
1814080 572
1814090 572
1814100 573
1814110 574
1814120 574
1814130 575
1814140 575
1814150 575
1814160 575
1814170 575
1814180 575
1814190 575
1814200 574
1814210 574
1814220 574
1814230 574
1814240 575
1814250 575
1814260 575
1814270 575
1814280 575
1814290 576
1814300 576
1814310 576
1814320 576
1814330 576
1814340 577
1814350 577
1814360 577
1814370 577
1814380 577
1814390 576
1814400 576
1814410 576
1814420 577
1814430 577
1814440 577
1814450 577
1814460 577
1814470 577
1814480 576
1814490 576
1814500 576
1814510 576
1814520 575
1814530 575
1814540 574
1814550 574
1814560 573
1814570 573
1814580 572
1814590 572
1814600 572
1814610 572
1814620 571
1814630 571
1814640 571
1814650 570
1814660 570
1814670 571
1814680 571
1814690 572
1814700 572
1814710 572
1814720 573
1814730 573
1814740 572
1814750 572
1814760 572
1814770 571
1814780 570
1814790 569
1814800 569
1814810 568
1814820 567
1814830 566
1814840 565
1814850 564
1814860 563
1814870 562
1814880 562
1814890 561
1814900 560
1814910 559
1814920 558
1814930 556
1814940 555
1814950 554
1814960 553
1814970 552
1814980 551
1814990 550
1815000 550
1815010 549
1815020 548
1815030 548
1815040 548
1815050 547
1815060 547
1815070 547
1815080 547
1815090 546
1815100 546
1815110 546
1815120 545
1815130 542
1815140 543
1815150 544
1815160 544
1815170 545
1815180 547
1815190 548
1815200 550
1815210 551
1815220 552
1815230 553
1815240 555
1815250 556
1815260 557
1815270 558
1815280 560
1815290 562
1815300 564
1815310 566
1815320 568
1815330 570
1815340 572
1815350 574
1815360 576
1815370 578
1815380 579
1815390 581
1815400 582
1815410 584
1815420 584
1815430 585
1815440 586
1815450 587
1815460 588
1815470 588
1815480 588
1815490 588
1815500 588
1815510 588
1815520 587
1815530 586
1815540 585
1815550 585
1815560 584
1815570 583
1815580 581
1815590 580
1815600 578
1815610 576
1815620 575
1815630 574
1815640 574
1815650 573
1815660 574
1815670 574
1815680 575
1815690 575
1815700 576
1815710 577
1815720 579
1815730 581
1815740 583
1815750 585
1815760 587
1815770 589
1815780 590
1815790 592
1815800 593
1815810 594
1815820 596
1815830 597
1815840 598
1815850 600
1815860 601
1815870 603
1815880 604
1815890 606
1815900 607
1815910 608
1815920 610
1815930 611
1815940 613
1815950 614
1815960 615
1815970 616
1815980 617
1815990 617
1816000 618
1816010 619
1816020 620
1816030 620
1816040 621
1816050 621
1816060 621
1816070 621
1816080 620
1816090 619
1816100 618
1816110 617
1816120 616
1816130 615
1816140 613
1816150 610
1816160 609
1816170 609
1816180 608
1816190 607
1816200 607
1816210 607
1816220 607
1816230 606
1816240 606
1816250 606
1816260 605
1816270 605
1816280 604
1816290 604
1816300 604
1816310 603
1816320 603
1816330 602
1816340 602
1816350 601
1816360 600
1816370 598
1816380 597
1816390 595
1816400 594
1816410 592
1816420 591
1816430 590
1816440 588
1816450 587
1816460 586
1816470 585
1816480 583
1816490 582
1816500 581
1816510 579
1816520 578
1816530 577
1816540 576
1816550 575
1816560 574
1816570 572
1816580 571
1816590 570
1816600 569
1816610 568
1816620 566
1816630 566
1816640 567
1816650 569
1816660 570
1816670 572
1816680 573
1816690 575
1816700 576
1816710 578
1816720 579
1816730 580
1816740 582
1816750 584
1816760 586
1816770 588
1816780 590
1816790 592
1816800 593
1816810 595
1816820 596
1816830 598
1816840 599
1816850 601
1816860 602
1816870 604
1816880 605
1816890 607
1816900 608
1816910 609
1816920 610
1816930 611
1816940 612
1816950 613
1816960 613
1816970 613
1816980 614
1816990 614
1817000 614
1817010 614
1817020 614
1817030 614
1817040 613
1817050 613
1817060 612
1817070 610
1817080 609
1817090 608
1817100 608
1817110 607
1817120 606
1817130 606
1817140 606
1817150 606
1817160 605
1817170 605
1817180 605
1817190 605
1817200 605
1817210 605
1817220 605
1817230 605
1817240 605
1817250 605
1817260 604
1817270 604
1817280 604
1817290 604
1817300 604
1817310 603
1817320 603
1817330 602
1817340 602
1817350 602
1817360 601
1817370 601
1817380 600
1817390 599
1817400 599
1817410 598
1817420 597
1817430 596
1817440 595
1817450 594
1817460 593
1817470 593
1817480 592
1817490 591
1817500 590
1817510 590
1817520 589
1817530 588
1817540 587
1817550 586
1817560 585
1817570 584
1817580 583
1817590 582
1817600 581
1817610 579
1817620 578
1817630 577
1817640 577
1817650 576
1817660 574
1817670 572
1817680 570
1817690 567
1817700 565
1817710 562
1817720 559
1817730 556
1817740 553
1817750 551
1817760 548
1817770 546
1817780 544
1817790 542
1817800 540
1817810 538
1817820 537
1817830 535
1817840 534
1817850 532
1817860 530
1817870 530
1817880 531
1817890 534
1817900 538
1817910 541
1817920 543
1817930 546
1817940 549
1817950 552
1817960 554
1817970 556
1817980 557
1817990 558
1818000 558
1818010 558
1818020 558
1818030 556
1818040 552
1818050 548
1818060 544
1818070 541
1818080 540
1818090 531
1818100 525
1818110 522
1818120 514
1818130 506
1818140 500
1818150 495
1818160 489
1818170 484
1818180 482
1818190 476
1818200 469
1818210 465
1818220 461
1818230 458
1818240 454
1818250 452
1818260 450
1818270 450
1818280 450
1818290 450
1818300 450
1818310 451
1818320 451
1818330 452
1818340 454
1818350 456
1818360 461
1818370 465
1818380 468
1818390 471
1818400 472
1818410 474
1818420 475
1818430 478
1818440 479
1818450 480
1818460 481
1818470 482
1818480 482
1818490 479
1818500 476
1818510 474
1818520 471
1818530 467
1818540 462
1818550 457
1818560 455
1818570 454
1818580 452
1818590 451
1818600 451
1818610 452
1818620 453
1818630 454
1818640 455
1818650 456
1818660 457
1818670 459
1818680 461
1818690 463
1818700 466
1818710 469
1818720 473
1818730 477
1818740 483
1818750 487
1818760 490
1818770 495
1818780 499
1818790 504
1818800 508
1818810 513
1818820 517
1818830 522
1818840 526
1818850 531
1818860 536
1818870 540
1818880 546
1818890 551
1818900 555
1818910 559
1818920 562
1818930 565
1818940 568
1818950 569
1818960 570
1818970 570
1818980 571
1818990 572
1819000 572
1819010 573
1819020 573
1819030 574
1819040 574
1819050 575
1819060 575
1819070 576
1819080 576
1819090 576
1819100 577
1819110 577
1819120 578
1819130 578
1819140 579
1819150 580
1819160 580
1819170 580
1819180 581
1819190 581
1819200 582
1819210 583
1819220 584
1819230 585
1819240 585
1819250 586
1819260 587
1819270 587
1819280 588
1819290 588
1819300 589
1819310 589
1819320 590
1819330 591
1819340 592
1819350 593
1819360 593
1819370 594
1819380 595
1819390 596
1819400 597
1819410 598
1819420 598
1819430 599
1819440 600
1819450 600
1819460 601
1819470 602
1819480 603
1819490 603
1819500 603
1819510 604
1819520 604
1819530 603
1819540 603
1819550 602
1819560 602
1819570 601
1819580 601
1819590 600
1819600 600
1819610 599
1819620 599
1819630 598
1819640 597
1819650 596
1819660 596
1819670 596
1819680 596
1819690 596
1819700 596
1819710 596
1819720 596
1819730 596
1819740 595
1819750 594
1819760 594
1819770 593
1819780 593
1819790 592
1819800 591
1819810 590
1819820 589
1819830 587
1819840 586
1819850 584
1819860 582
1819870 580
1819880 579
1819890 577
1819900 576
1819910 575
1819920 575
1819930 575
1819940 576
1819950 578
1819960 580
1819970 583
1819980 587
1819990 590
