1800000 399
1800010 399
1800020 399
1800030 398
1800040 398
1800050 397
1800060 396
1800070 396
1800080 395
1800090 394
1800100 393
1800110 393
1800120 392
1800130 391
1800140 390
1800150 389
1800160 388
1800170 386
1800180 385
1800190 384
1800200 383
1800210 382
1800220 381
1800230 380
1800240 379
1800250 377
1800260 376
1800270 375
1800280 374
1800290 372
1800300 371
1800310 369
1800320 368
1800330 366
1800340 365
1800350 364
1800360 363
1800370 362
1800380 361
1800390 360
1800400 359
1800410 358
1800420 358
1800430 357
1800440 357
1800450 356
1800460 355
1800470 354
1800480 353
1800490 353
1800500 352
1800510 352
1800520 352
1800530 351
1800540 350
1800550 350
1800560 349
1800570 348
1800580 347
1800590 346
1800600 345
1800610 345
1800620 344
1800630 344
1800640 344
1800650 344
1800660 344
1800670 344
1800680 344
1800690 344
1800700 344
1800710 344
1800720 344
1800730 344
1800740 344
1800750 344
1800760 344
1800770 344
1800780 344
1800790 344
1800800 345
1800810 345
1800820 345
1800830 346
1800840 346
1800850 347
1800860 347
1800870 347
1800880 348
1800890 348
1800900 349
1800910 349
1800920 349
1800930 350
1800940 350
1800950 351
1800960 351
1800970 352
1800980 352
1800990 352
1801000 353
1801010 353
1801020 353
1801030 353
1801040 352
1801050 352
1801060 352
1801070 352
1801080 352
1801090 352
1801100 353
1801110 353
1801120 353
1801130 354
1801140 354
1801150 355
1801160 355
1801170 355
1801180 356
1801190 356
1801200 357
1801210 357
1801220 357
1801230 358
1801240 359
1801250 359
1801260 360
1801270 361
1801280 362
1801290 362
1801300 363
1801310 364
1801320 365
1801330 366
1801340 367
1801350 367
1801360 368
1801370 369
1801380 370
1801390 371
1801400 372
1801410 372
1801420 373
1801430 374
1801440 374
1801450 375
1801460 375
1801470 376
1801480 376
1801490 377
1801500 377
1801510 378
1801520 379
1801530 380
1801540 381
1801550 381
1801560 382
1801570 382
1801580 383
1801590 383
1801600 383
1801610 383
1801620 383
1801630 383
1801640 383
1801650 383
1801660 383
1801670 383
1801680 384
1801690 384
1801700 384
1801710 384
1801720 384
1801730 383
1801740 383
1801750 383
1801760 383
1801770 383
1801780 382
1801790 382
1801800 382
1801810 382
1801820 381
1801830 381
1801840 380
1801850 379
1801860 379
1801870 378
1801880 377
1801890 376
1801900 375
1801910 374
1801920 373
1801930 372
1801940 371
1801950 370
1801960 369
1801970 368
1801980 367
1801990 366
1802000 365
1802010 364
1802020 363
1802030 363
1802040 362
1802050 361
1802060 360
1802070 360
1802080 359
1802090 358
1802100 357
1802110 357
1802120 356
1802130 355
1802140 355
1802150 354
1802160 353
1802170 353
1802180 352
1802190 352
1802200 351
1802210 351
1802220 350
1802230 350
1802240 349
1802250 348
1802260 348
1802270 348
1802280 347
1802290 347
1802300 347
1802310 346
1802320 346
1802330 346
1802340 346
1802350 345
1802360 345
1802370 345
1802380 344
1802390 344
1802400 344
1802410 343
1802420 343
1802430 343
1802440 342
1802450 342
1802460 342
1802470 341
1802480 341
1802490 341
1802500 340
1802510 340
1802520 340
1802530 340
1802540 339
1802550 339
1802560 339
1802570 338
1802580 338
1802590 338
1802600 338
1802610 338
1802620 338
1802630 338
1802640 338
1802650 338
1802660 338
1802670 338
1802680 338
1802690 338
1802700 338
1802710 337
1802720 337
1802730 337
1802740 337
1802750 337
1802760 337
1802770 337
1802780 337
1802790 336
1802800 336
1802810 336
1802820 336
1802830 336
1802840 336
1802850 336
1802860 336
1802870 336
1802880 336
1802890 336
1802900 336
1802910 336
1802920 336
1802930 336
1802940 335
1802950 335
1802960 336
1802970 336
1802980 336
1802990 336
1803000 336
1803010 337
1803020 337
1803030 338
1803040 338
1803050 339
1803060 339
1803070 340
1803080 340
1803090 341
1803100 342
1803110 343
1803120 343
1803130 344
1803140 344
1803150 344
1803160 345
1803170 345
1803180 346
1803190 346
1803200 347
1803210 347
1803220 348
1803230 348
1803240 349
1803250 350
1803260 351
1803270 352
1803280 352
1803290 353
1803300 354
1803310 355
1803320 356
1803330 357
1803340 358
1803350 358
1803360 359
1803370 360
1803380 361
1803390 362
1803400 362
1803410 362
1803420 363
1803430 363
1803440 364
1803450 364
1803460 365
1803470 366
1803480 366
1803490 367
1803500 367
1803510 368
1803520 369
1803530 369
1803540 370
1803550 371
1803560 371
1803570 372
1803580 372
1803590 373
1803600 373
1803610 374
1803620 374
1803630 374
1803640 375
1803650 375
1803660 375
1803670 375
1803680 375
1803690 374
1803700 374
1803710 373
1803720 373
1803730 372
1803740 372
1803750 371
1803760 370
1803770 370
1803780 369
1803790 369
1803800 368
1803810 368
1803820 367
1803830 366
1803840 366
1803850 365
1803860 364
1803870 363
1803880 363
1803890 362
1803900 361
1803910 360
1803920 360
1803930 359
1803940 358
1803950 358
1803960 357
1803970 356
1803980 356
1803990 355
1804000 354
1804010 354
1804020 353
1804030 352
1804040 352
1804050 351
1804060 350
1804070 350
1804080 349
1804090 348
1804100 348
1804110 347
1804120 347
1804130 346
1804140 346
1804150 345
1804160 345
1804170 344
1804180 344
1804190 344
1804200 344
1804210 344
1804220 344
1804230 344
1804240 344
1804250 344
1804260 344
1804270 343
1804280 343
1804290 343
1804300 343
1804310 343
1804320 342
1804330 342
1804340 342
1804350 342
1804360 342
1804370 342
1804380 342
1804390 342
1804400 342
1804410 341
1804420 341
1804430 343
1804440 343
1804450 344
1804460 344
1804470 345
1804480 347
1804490 350
1804500 351
1804510 352
1804520 353
1804530 354
1804540 355
1804550 356
1804560 357
1804570 358
1804580 358
1804590 359
1804600 360
1804610 361
1804620 362
1804630 363
1804640 364
1804650 365
1804660 366
1804670 367
1804680 368
1804690 369
1804700 370
1804710 371
1804720 372
1804730 373
1804740 374
1804750 375
1804760 376
1804770 377
1804780 378
1804790 379
1804800 379
1804810 380
1804820 381
1804830 381
1804840 381
1804850 381
1804860 381
1804870 381
1804880 381
1804890 381
1804900 381
1804910 381
1804920 380
1804930 380
1804940 380
1804950 380
1804960 380
1804970 379
1804980 379
1804990 379
1805000 378
1805010 378
1805020 378
1805030 377
1805040 377
1805050 377
1805060 376
1805070 376
1805080 375
1805090 375
1805100 375
1805110 374
1805120 373
1805130 373
1805140 372
1805150 372
1805160 371
1805170 370
1805180 370
1805190 369
1805200 369
1805210 368
1805220 368
1805230 367
1805240 367
1805250 367
1805260 367
1805270 368
1805280 369
1805290 369
1805300 370
1805310 371
1805320 371
1805330 372
1805340 372
1805350 373
1805360 373
1805370 373
1805380 374
1805390 374
1805400 375
1805410 375
1805420 376
1805430 376
1805440 376
1805450 377
1805460 377
1805470 378
1805480 378
1805490 379
1805500 380
1805510 380
1805520 381
1805530 381
1805540 381
1805550 381
1805560 382
1805570 382
1805580 382
1805590 382
1805600 382
1805610 382
1805620 382
1805630 382
1805640 382
1805650 382
1805660 381
1805670 381
1805680 379
1805690 378
1805700 378
1805710 377
1805720 377
1805730 376
1805740 375
1805750 374
1805760 372
1805770 371
1805780 370
1805790 369
1805800 369
1805810 368
1805820 367
1805830 366
1805840 365
1805850 364
1805860 363
1805870 362
1805880 361
1805890 360
1805900 359
1805910 358
1805920 356
1805930 355
1805940 355
1805950 354
1805960 353
1805970 352
1805980 352
1805990 351
1806000 350
1806010 350
1806020 350
1806030 349
1806040 349
1806050 348
1806060 348
1806070 347
1806080 347
1806090 346
1806100 345
1806110 345
1806120 344
1806130 344
1806140 344
1806150 343
1806160 343
1806170 343
1806180 342
1806190 342
1806200 341
1806210 341
1806220 341
1806230 341
1806240 341
1806250 341
1806260 341
1806270 341
1806280 341
1806290 341
1806300 341
1806310 341
1806320 341
1806330 341
1806340 341
1806350 341
1806360 342
1806370 342
1806380 342
1806390 342
1806400 342
1806410 342
1806420 342
1806430 342
1806440 342
1806450 342
1806460 342
1806470 342
1806480 343
1806490 343
1806500 343
1806510 343
1806520 343
1806530 344
1806540 344
1806550 344
1806560 344
1806570 345
1806580 345
1806590 345
1806600 346
1806610 346
1806620 346
1806630 347
1806640 347
1806650 348
1806660 348
1806670 348
1806680 349
1806690 349
1806700 350
1806710 350
1806720 350
1806730 351
1806740 351
1806750 351
1806760 352
1806770 352
1806780 353
1806790 353
1806800 353
1806810 354
1806820 354
1806830 354
1806840 355
1806850 355
1806860 355
1806870 356
1806880 356
1806890 357
1806900 358
1806910 358
1806920 359
1806930 359
1806940 359
1806950 360
1806960 360
1806970 360
1806980 360
1806990 360
1807000 360
1807010 361
1807020 362
1807030 364
1807040 366
1807050 367
1807060 369
1807070 370
1807080 373
1807090 375
1807100 377
1807110 378
1807120 379
1807130 380
1807140 381
1807150 382
1807160 383
1807170 383
1807180 384
1807190 384
1807200 384
1807210 385
1807220 385
1807230 386
1807240 387
1807250 387
1807260 388
1807270 388
1807280 389
1807290 390
1807300 390
1807310 391
1807320 391
1807330 392
1807340 392
1807350 392
1807360 392
1807370 392
1807380 392
1807390 392
1807400 392
1807410 392
1807420 392
1807430 392
1807440 392
1807450 391
1807460 390
1807470 390
1807480 389
1807490 388
1807500 388
1807510 388
1807520 387
1807530 387
1807540 387
1807550 386
1807560 385
1807570 384
1807580 384
1807590 383
1807600 383
1807610 383
1807620 384
1807630 384
1807640 384
1807650 384
1807660 385
1807670 385
1807680 385
1807690 385
1807700 386
1807710 386
1807720 387
1807730 387
1807740 388
1807750 389
1807760 389
1807770 390
1807780 391
1807790 392
1807800 393
1807810 394
1807820 395
1807830 395
1807840 396
1807850 397
1807860 398
1807870 398
1807880 399
1807890 400
1807900 401
1807910 402
1807920 402
1807930 403
1807940 404
1807950 404
1807960 405
1807970 406
1807980 406
1807990 407
1808000 407
1808010 408
1808020 408
1808030 408
1808040 408
1808050 408
1808060 409
1808070 409
1808080 409
1808090 409
1808100 409
1808110 408
1808120 408
1808130 408
1808140 407
1808150 406
1808160 406
1808170 404
1808180 403
1808190 402
1808200 401
1808210 399
1808220 398
1808230 396
1808240 395
1808250 394
1808260 393
1808270 391
1808280 390
1808290 389
1808300 388
1808310 388
1808320 387
1808330 386
1808340 386
1808350 385
1808360 385
1808370 385
1808380 384
1808390 384
1808400 384
1808410 384
1808420 383
1808430 383
1808440 383
1808450 383
1808460 384
1808470 384
1808480 384
1808490 385
1808500 386
1808510 387
1808520 388
1808530 389
1808540 390
1808550 391
1808560 392
1808570 393
1808580 395
1808590 396
1808600 398
1808610 399
1808620 401
1808630 403
1808640 405
1808650 407
1808660 408
1808670 410
1808680 411
1808690 412
1808700 413
1808710 414
1808720 415
1808730 416
1808740 417
1808750 417
1808760 418
1808770 418
1808780 419
1808790 419
1808800 419
1808810 419
1808820 419
1808830 418
1808840 417
1808850 416
1808860 415
1808870 414
1808880 412
1808890 410
1808900 407
1808910 405
1808920 402
1808930 399
1808940 397
1808950 396
1808960 396
1808970 398
1808980 400
1808990 401
1809000 402
1809010 403
1809020 404
1809030 405
1809040 406
1809050 407
1809060 408
1809070 409
1809080 410
1809090 413
1809100 414
1809110 415
1809120 416
1809130 416
1809140 415
1809150 414
1809160 414
1809170 414
1809180 414
1809190 414
1809200 414
1809210 414
1809220 414
1809230 415
1809240 415
1809250 415
1809260 415
1809270 415
1809280 416
1809290 416
1809300 416
1809310 415
1809320 415
1809330 414
1809340 414
1809350 415
1809360 416
1809370 417
1809380 418
1809390 420
1809400 420
1809410 420
1809420 419
1809430 419
1809440 418
1809450 418
1809460 418
1809470 419
1809480 419
1809490 419
1809500 419
1809510 420
1809520 421
1809530 421
1809540 421
1809550 422
1809560 423
1809570 424
1809580 425
1809590 426
1809600 428
1809610 430
1809620 431
1809630 432
1809640 433
1809650 434
1809660 435
1809670 437
1809680 438
1809690 439
1809700 440
1809710 441
1809720 442
1809730 443
1809740 444
1809750 445
1809760 446
1809770 447
1809780 448
1809790 449
1809800 450
1809810 452
1809820 453
1809830 454
1809840 454
1809850 455
1809860 455
1809870 455
1809880 455
1809890 455
1809900 455
1809910 455
1809920 455
1809930 455
1809940 455
1809950 455
1809960 455
1809970 455
1809980 455
1809990 455
1810000 454
1810010 454
1810020 454
1810030 454
1810040 454
1810050 454
1810060 454
1810070 454
1810080 454
1810090 453
1810100 453
1810110 453
1810120 452
1810130 452
1810140 451
1810150 450
1810160 449
1810170 448
1810180 447
1810190 446
1810200 444
1810210 443
1810220 441
1810230 440
1810240 438
1810250 437
1810260 435
1810270 433
1810280 431
1810290 429
1810300 427
1810310 425
1810320 422
1810330 419
1810340 419
1810350 421
1810360 426
1810370 429
1810380 431
1810390 432
1810400 434
1810410 436
1810420 437
1810430 439
1810440 440
1810450 440
1810460 441
1810470 441
1810480 441
1810490 441
1810500 441
1810510 441
1810520 441
1810530 442
1810540 442
1810550 443
1810560 444
1810570 445
1810580 446
1810590 447
1810600 448
1810610 449
1810620 449
1810630 450
1810640 450
1810650 451
1810660 452
1810670 453
1810680 453
1810690 454
1810700 455
1810710 455
1810720 456
1810730 457
1810740 458
1810750 458
1810760 459
1810770 460
1810780 460
1810790 461
1810800 461
1810810 462
1810820 462
1810830 462
1810840 462
1810850 463
1810860 463
1810870 463
1810880 463
1810890 463
1810900 463
1810910 463
1810920 463
1810930 462
1810940 462
1810950 462
1810960 462
1810970 462
1810980 462
1810990 461
1811000 461
1811010 461
1811020 460
1811030 460
1811040 460
1811050 459
1811060 459
1811070 459
1811080 458
1811090 458
1811100 457
1811110 457
1811120 457
1811130 456
1811140 456
1811150 455
1811160 455
1811170 455
1811180 454
1811190 454
1811200 454
1811210 454
1811220 454
1811230 455
1811240 455
1811250 455
1811260 455
1811270 455
1811280 455
1811290 454
1811300 454
1811310 452
1811320 451
1811330 449
1811340 446
1811350 443
1811360 440
1811370 436
1811380 433
1811390 430
1811400 427
1811410 424
1811420 422
1811430 419
1811440 416
1811450 414
1811460 412
1811470 411
1811480 410
1811490 408
1811500 407
1811510 405
1811520 404
1811530 403
1811540 401
1811550 399
1811560 396
1811570 392
1811580 389
1811590 387
1811600 386
1811610 385
1811620 385
1811630 385
1811640 385
1811650 387
1811660 389
1811670 391
1811680 392
1811690 394
1811700 395
1811710 396
1811720 396
1811730 395
1811740 394
1811750 393
1811760 392
1811770 390
1811780 388
1811790 386
1811800 386
1811810 385
1811820 385
1811830 385
1811840 385
1811850 384
1811860 382
1811870 379
1811880 376
1811890 372
1811900 369
1811910 366
1811920 362
1811930 359
1811940 356
1811950 353
1811960 351
1811970 349
1811980 347
1811990 346
1812000 344
1812010 343
1812020 342
1812030 341
1812040 340
1812050 339
1812060 338
1812070 338
1812080 338
1812090 339
1812100 339
1812110 339
1812120 339
1812130 339
1812140 339
1812150 339
1812160 339
1812170 340
1812180 341
1812190 344
1812200 347
1812210 350
1812220 353
1812230 356
1812240 359
1812250 361
1812260 363
1812270 365
1812280 367
1812290 370
1812300 372
1812310 374
1812320 376
1812330 378
1812340 380
1812350 381
1812360 382
1812370 383
1812380 384
1812390 385
1812400 386
1812410 387
1812420 388
1812430 390
1812440 391
1812450 392
1812460 393
1812470 394
1812480 395
1812490 396
1812500 397
1812510 398
1812520 398
1812530 399
1812540 399
1812550 398
1812560 398
1812570 398
1812580 399
1812590 399
1812600 400
1812610 400
1812620 401
1812630 401
1812640 402
1812650 403
1812660 403
1812670 404
1812680 405
1812690 406
1812700 407
1812710 408
1812720 409
1812730 410
1812740 411
1812750 412
1812760 413
1812770 415
1812780 416
1812790 418
1812800 420
1812810 421
1812820 422
1812830 424
1812840 426
1812850 428
1812860 430
1812870 432
1812880 435
1812890 437
1812900 439
1812910 441
1812920 443
1812930 445
1812940 446
1812950 447
1812960 449
1812970 450
1812980 451
1812990 452
1813000 453
1813010 454
1813020 456
1813030 458
1813040 460
1813050 462
1813060 465
1813070 468
1813080 471
1813090 474
1813100 476
1813110 479
1813120 482
1813130 484
1813140 486
1813150 488
1813160 490
1813170 492
1813180 494
1813190 496
1813200 497
1813210 498
1813220 499
1813230 500
1813240 501
1813250 502
1813260 503
1813270 504
1813280 505
1813290 506
1813300 507
1813310 508
1813320 509
1813330 510
1813340 512
1813350 514
1813360 516
1813370 518
1813380 519
1813390 521
1813400 523
1813410 526
1813420 528
1813430 529
1813440 530
1813450 531
1813460 533
1813470 534
1813480 535
1813490 536
1813500 537
1813510 538
1813520 539
1813530 540
1813540 541
1813550 541
1813560 542
1813570 543
1813580 544
1813590 545
1813600 546
1813610 547
1813620 547
1813630 548
1813640 549
1813650 550
1813660 551
1813670 551
1813680 552
1813690 552
1813700 553
1813710 553
1813720 553
1813730 554
1813740 554
1813750 555
1813760 555
1813770 556
1813780 556
1813790 556
1813800 557
1813810 557
1813820 557
1813830 557
1813840 557
1813850 556
1813860 556
1813870 556
1813880 556
1813890 555
1813900 555
1813910 555
1813920 554
1813930 553
1813940 553
1813950 552
1813960 551
1813970 550
1813980 550
1813990 550
1814000 549
1814010 549
1814020 550
1814030 550
1814040 550
1814050 550
1814060 551
1814070 551
1814080 552
1814090 552
1814100 553
1814110 554
1814120 554
1814130 554
1814140 555
1814150 555
1814160 556
1814170 556
1814180 557
1814190 557
1814200 558
1814210 558
1814220 558
1814230 558
1814240 558
1814250 558
1814260 558
1814270 558
1814280 558
1814290 557
1814300 557
1814310 557
1814320 557
1814330 556
1814340 556
1814350 556
1814360 555
1814370 555
1814380 554
1814390 554
1814400 553
1814410 553
1814420 552
1814430 552
1814440 551
1814450 550
1814460 549
1814470 549
1814480 548
1814490 548
1814500 548
1814510 548
1814520 548
1814530 548
1814540 548
1814550 548
1814560 547
1814570 547
1814580 546
1814590 544
1814600 542
1814610 540
1814620 538
1814630 536
1814640 534
1814650 532
1814660 530
1814670 529
1814680 528
1814690 527
1814700 526
1814710 526
1814720 525
1814730 525
1814740 526
1814750 527
1814760 528
1814770 529
1814780 529
1814790 528
1814800 527
1814810 525
1814820 524
1814830 522
1814840 520
1814850 518
1814860 516
1814870 515
1814880 514
1814890 513
1814900 512
1814910 513
1814920 514
1814930 516
1814940 517
1814950 519
1814960 520
1814970 522
1814980 523
1814990 525
1815000 526
1815010 528
1815020 530
1815030 532
1815040 534
1815050 536
1815060 539
1815070 541
1815080 542
1815090 544
1815100 546
1815110 548
1815120 550
1815130 551
1815140 553
1815150 555
1815160 556
1815170 558
1815180 559
1815190 561
1815200 562
1815210 564
1815220 566
1815230 568
1815240 569
1815250 571
1815260 572
1815270 573
1815280 574
1815290 576
1815300 577
1815310 578
1815320 579
1815330 579
1815340 579
1815350 578
1815360 577
1815370 576
1815380 576
1815390 575
1815400 575
1815410 574
1815420 573
1815430 572
1815440 571
1815450 569
1815460 568
1815470 566
1815480 564
1815490 562
1815500 560
1815510 559
1815520 557
1815530 555
1815540 554
1815550 553
1815560 552
1815570 551
1815580 549
1815590 548
1815600 548
1815610 547
1815620 547
1815630 548
1815640 548
1815650 549
1815660 550
1815670 551
1815680 552
1815690 554
1815700 556
1815710 558
1815720 560
1815730 562
1815740 564
1815750 565
1815760 567
1815770 569
1815780 571
1815790 573
1815800 575
1815810 576
1815820 578
1815830 580
1815840 582
1815850 584
1815860 586
1815870 588
1815880 589
1815890 591
1815900 592
1815910 593
1815920 595
1815930 596
1815940 597
1815950 598
1815960 600
1815970 600
1815980 601
1815990 602
1816000 602
1816010 602
1816020 602
1816030 601
1816040 601
1816050 599
1816060 599
1816070 598
1816080 597
1816090 596
1816100 595
1816110 594
1816120 594
1816130 593
1816140 592
1816150 591
1816160 590
1816170 589
1816180 588
1816190 587
1816200 587
1816210 586
1816220 585
1816230 583
1816240 582
1816250 582
1816260 581
1816270 580
1816280 578
1816290 577
1816300 576
1816310 575
1816320 574
1816330 573
1816340 573
1816350 572
1816360 572
1816370 571
1816380 570
1816390 569
1816400 567
1816410 565
1816420 563
1816430 561
1816440 559
1816450 557
1816460 555
1816470 552
1816480 551
1816490 549
1816500 548
1816510 547
1816520 546
1816530 545
1816540 544
1816550 542
1816560 543
1816570 545
1816580 547
1816590 549
1816600 550
1816610 552
1816620 554
1816630 556
1816640 559
1816650 561
1816660 563
1816670 565
1816680 567
1816690 569
1816700 571
1816710 572
1816720 573
1816730 575
1816740 576
1816750 577
1816760 578
1816770 579
1816780 581
1816790 582
1816800 583
1816810 584
1816820 584
1816830 585
1816840 585
1816850 585
1816860 585
1816870 585
1816880 585
1816890 585
1816900 584
1816910 583
1816920 582
1816930 581
1816940 580
1816950 579
1816960 579
1816970 579
1816980 580
1816990 581
1817000 582
1817010 582
1817020 582
1817030 583
1817040 583
1817050 582
1817060 582
1817070 582
1817080 582
1817090 582
1817100 582
1817110 582
1817120 582
1817130 581
1817140 581
1817150 580
1817160 579
1817170 577
1817180 575
1817190 574
1817200 573
1817210 573
1817220 572
1817230 572
1817240 573
1817250 573
1817260 574
1817270 576
1817280 577
1817290 578
1817300 580
1817310 581
1817320 582
1817330 583
1817340 584
1817350 584
1817360 585
1817370 585
1817380 586
1817390 586
1817400 586
1817410 586
1817420 585
1817430 585
1817440 584
1817450 583
1817460 582
1817470 581
1817480 579
1817490 578
1817500 576
1817510 575
1817520 574
1817530 573
1817540 572
1817550 571
1817560 570
1817570 570
1817580 569
1817590 568
1817600 567
1817610 566
1817620 565
1817630 564
1817640 562
1817650 560
1817660 559
1817670 558
1817680 557
1817690 556
1817700 556
1817710 555
1817720 554
1817730 553
1817740 551
1817750 549
1817760 546
1817770 544
1817780 541
1817790 538
1817800 535
1817810 532
1817820 529
1817830 526
1817840 524
1817850 522
1817860 521
1817870 519
1817880 517
1817890 516
1817900 514
1817910 513
1817920 512
1817930 510
1817940 508
1817950 507
1817960 508
1817970 508
1817980 509
1817990 511
1818000 512
1818010 514
1818020 515
1818030 516
1818040 517
1818050 519
1818060 522
1818070 525
1818080 527
1818090 526
1818100 522
1818110 518
1818120 514
1818130 511
1818140 511
1818150 510
1818160 509
1818170 506
1818180 502
1818190 496
1818200 486
1818210 478
1818220 470
1818230 458
1818240 452
1818250 451
1818260 451
1818270 451
1818280 450
1818290 449
1818300 449
1818310 450
1818320 452
1818330 453
1818340 453
1818350 451
1818360 450
1818370 450
1818380 450
1818390 450
1818400 449
1818410 448
1818420 448
1818430 447
1818440 448
1818450 448
1818460 447
1818470 446
1818480 444
1818490 442
1818500 441
1818510 442
1818520 443
1818530 444
1818540 443
1818550 442
1818560 442
1818570 443
1818580 446
1818590 449
1818600 451
1818610 454
1818620 456
1818630 459
1818640 461
1818650 463
1818660 465
1818670 467
1818680 468
1818690 469
1818700 470
1818710 472
1818720 475
1818730 478
1818740 481
1818750 485
1818760 489
1818770 493
1818780 497
1818790 500
1818800 504
1818810 508
1818820 511
1818830 515
1818840 518
1818850 521
1818860 524
1818870 527
1818880 530
1818890 533
1818900 536
1818910 539
1818920 540
1818930 542
1818940 543
1818950 544
1818960 545
1818970 546
1818980 547
1818990 548
1819000 549
1819010 549
1819020 550
1819030 551
1819040 552
1819050 552
1819060 553
1819070 554
1819080 554
1819090 555
1819100 556
1819110 556
1819120 556
1819130 557
1819140 558
1819150 559
1819160 559
1819170 560
1819180 561
1819190 562
1819200 563
1819210 564
1819220 565
1819230 567
1819240 568
1819250 571
1819260 573
1819270 575
1819280 577
1819290 578
1819300 578
1819310 579
1819320 580
1819330 581
1819340 581
1819350 582
1819360 583
1819370 584
1819380 584
1819390 585
1819400 586
1819410 586
1819420 586
1819430 586
1819440 585
1819450 584
1819460 582
1819470 580
1819480 578
1819490 576
1819500 574
1819510 571
1819520 569
1819530 567
1819540 565
1819550 563
1819560 561
1819570 557
1819580 554
1819590 551
1819600 549
1819610 548
1819620 546
1819630 545
1819640 544
1819650 542
1819660 540
1819670 539
1819680 538
1819690 537
1819700 537
1819710 537
1819720 539
1819730 541
1819740 544
1819750 546
1819760 548
1819770 550
1819780 551
1819790 551
1819800 550
1819810 550
1819820 550
1819830 549
1819840 547
1819850 547
1819860 546
1819870 546
1819880 544
1819890 542
1819900 541
1819910 539
1819920 537
1819930 534
1819940 532
1819950 531
1819960 530
1819970 530
1819980 531
1819990 534
