1800000 357
1800010 357
1800020 357
1800030 357
1800040 357
1800050 358
1800060 358
1800070 359
1800080 359
1800090 360
1800100 360
1800110 361
1800120 361
1800130 362
1800140 363
1800150 363
1800160 363
1800170 364
1800180 364
1800190 364
1800200 365
1800210 365
1800220 366
1800230 367
1800240 368
1800250 369
1800260 371
1800270 372
1800280 371
1800290 370
1800300 372
1800310 374
1800320 376
1800330 377
1800340 378
1800350 379
1800360 379
1800370 380
1800380 381
1800390 383
1800400 383
1800410 383
1800420 384
1800430 384
1800440 384
1800450 384
1800460 384
1800470 385
1800480 385
1800490 385
1800500 386
1800510 386
1800520 386
1800530 387
1800540 387
1800550 388
1800560 388
1800570 388
1800580 388
1800590 389
1800600 390
1800610 390
1800620 391
1800630 391
1800640 392
1800650 393
1800660 393
1800670 394
1800680 394
1800690 395
1800700 395
1800710 396
1800720 396
1800730 396
1800740 396
1800750 396
1800760 396
1800770 395
1800780 395
1800790 394
1800800 394
1800810 393
1800820 393
1800830 392
1800840 392
1800850 391
1800860 389
1800870 387
1800880 386
1800890 385
1800900 384
1800910 383
1800920 382
1800930 381
1800940 380
1800950 378
1800960 377
1800970 376
1800980 374
1800990 373
1801000 372
1801010 371
1801020 370
1801030 370
1801040 369
1801050 368
1801060 367
1801070 366
1801080 365
1801090 364
1801100 364
1801110 363
1801120 363
1801130 363
1801140 363
1801150 362
1801160 362
1801170 361
1801180 361
1801190 360
1801200 359
1801210 358
1801220 358
1801230 358
1801240 359
1801250 359
1801260 358
1801270 358
1801280 358
1801290 358
1801300 358
1801310 358
1801320 358
1801330 359
1801340 359
1801350 360
1801360 360
1801370 361
1801380 362
1801390 363
1801400 363
1801410 364
1801420 365
1801430 366
1801440 367
1801450 367
1801460 368
1801470 369
1801480 370
1801490 371
1801500 371
1801510 372
1801520 373
1801530 374
1801540 374
1801550 375
1801560 376
1801570 376
1801580 377
1801590 377
1801600 378
1801610 378
1801620 379
1801630 379
1801640 380
1801650 380
1801660 381
1801670 381
1801680 382
1801690 382
1801700 383
1801710 383
1801720 384
1801730 385
1801740 385
1801750 386
1801760 387
1801770 387
1801780 388
1801790 389
1801800 390
1801810 390
1801820 391
1801830 391
1801840 392
1801850 392
1801860 392
1801870 393
1801880 393
1801890 393
1801900 393
1801910 393
1801920 393
1801930 394
1801940 394
1801950 394
1801960 394
1801970 394
1801980 394
1801990 395
1802000 394
1802010 395
1802020 395
1802030 395
1802040 395
1802050 395
1802060 395
1802070 394
1802080 394
1802090 394
1802100 394
1802110 393
1802120 393
1802130 393
1802140 392
1802150 392
1802160 391
1802170 391
1802180 390
1802190 390
1802200 390
1802210 390
1802220 390
1802230 390
1802240 389
1802250 389
1802260 389
1802270 389
1802280 389
1802290 388
1802300 388
1802310 388
1802320 387
1802330 387
1802340 386
1802350 386
1802360 387
1802370 387
1802380 387
1802390 387
1802400 388
1802410 388
1802420 388
1802430 388
1802440 388
1802450 388
1802460 388
1802470 388
1802480 388
1802490 388
1802500 388
1802510 388
1802520 387
1802530 387
1802540 387
1802550 387
1802560 387
1802570 387
1802580 387
1802590 387
1802600 386
1802610 386
1802620 386
1802630 386
1802640 386
1802650 386
1802660 386
1802670 386
1802680 386
1802690 387
1802700 387
1802710 387
1802720 387
1802730 387
1802740 388
1802750 388
1802760 388
1802770 388
1802780 389
1802790 389
1802800 390
1802810 390
1802820 391
1802830 391
1802840 392
1802850 392
1802860 393
1802870 393
1802880 394
1802890 395
1802900 395
1802910 396
1802920 396
1802930 397
1802940 398
1802950 399
1802960 399
1802970 400
1802980 401
1802990 402
1803000 402
1803010 402
1803020 402
1803030 401
1803040 401
1803050 401
1803060 401
1803070 401
1803080 401
1803090 400
1803100 399
1803110 398
1803120 398
1803130 397
1803140 397
1803150 397
1803160 396
1803170 396
1803180 395
1803190 395
1803200 394
1803210 394
1803220 393
1803230 393
1803240 392
1803250 392
1803260 391
1803270 390
1803280 390
1803290 389
1803300 388
1803310 388
1803320 387
1803330 386
1803340 386
1803350 385
1803360 385
1803370 384
1803380 384
1803390 383
1803400 383
1803410 382
1803420 382
1803430 381
1803440 380
1803450 380
1803460 379
1803470 379
1803480 378
1803490 377
1803500 375
1803510 375
1803580 372
1803590 372
1803600 372
1803610 372
1803620 371
1803630 371
1803640 371
1803650 370
1803660 369
1803670 368
1803680 367
1803690 366
1803700 365
1803710 364
1803720 364
1803730 363
1803740 362
1803750 361
1803760 360
1803770 359
1803780 359
1803790 359
1803800 359
1803810 359
1803820 358
1803830 358
1803840 359
1803850 360
1803860 361
1803870 361
1803880 361
1803890 361
1803900 361
1803910 361
1803920 361
1803930 361
1803940 361
1803950 361
1803960 361
1803970 361
1803980 361
1803990 361
1804000 361
1804010 362
1804020 362
1804030 362
1804040 362
1804050 362
1804060 363
1804070 363
1804080 363
1804090 363
1804100 364
1804110 364
1804120 364
1804130 364
1804140 365
1804150 366
1804160 366
1804170 366
1804180 366
1804190 366
1804200 366
1804210 366
1804220 366
1804230 366
1804240 367
1804250 367
1804260 367
1804270 367
1804280 367
1804290 367
1804300 368
1804310 368
1804320 368
1804330 369
1804340 369
1804350 369
1804360 369
1804370 370
1804380 370
1804390 370
1804400 371
1804410 371
1804420 371
1804430 372
1804440 372
1804450 373
1804460 373
1804470 373
1804480 373
1804490 374
1804500 374
1804510 374
1804520 374
1804530 375
1804540 375
1804550 375
1804560 375
1804570 375
1804580 376
1804590 376
1804600 376
1804610 376
1804620 377
1804630 377
1804640 377
1804650 378
1804660 378
1804670 378
1804680 379
1804690 379
1804700 380
1804710 381
1804720 381
1804730 382
1804740 383
1804750 384
1804760 384
1804770 386
1804780 387
1804790 388
1804800 389
1804810 390
1804820 390
1804830 391
1804840 391
1804850 391
1804860 392
1804870 393
1804880 393
1804890 394
1804900 395
1804910 396
1804920 397
1804930 398
1804940 398
1804950 399
1804960 400
1804970 401
1804980 402
1804990 403
1805000 405
1805010 406
1805020 407
1805030 407
1805040 408
1805050 408
1805060 408
1805070 409
1805080 409
1805090 409
1805100 410
1805110 410
1805120 410
1805130 410
1805140 410
1805150 410
1805160 410
1805170 409
1805180 409
1805190 409
1805200 409
1805210 410
1805220 410
1805230 410
1805240 410
1805250 410
1805260 410
1805270 410
1805280 410
1805290 410
1805300 410
1805310 409
1805320 409
1805330 408
1805340 408
1805350 408
1805360 407
1805370 406
1805380 406
1805390 405
1805400 404
1805410 403
1805420 402
1805430 401
1805440 400
1805450 400
1805460 399
1805470 398
1805480 397
1805490 396
1805500 395
1805510 394
1805520 394
1805530 393
1805540 392
1805550 392
1805560 391
1805570 391
1805580 391
1805590 390
1805600 390
1805610 390
1805620 389
1805630 389
1805640 388
1805650 387
1805660 387
1805670 386
1805680 386
1805690 386
1805700 385
1805710 384
1805720 384
1805730 383
1805740 382
1805750 381
1805760 380
1805770 379
1805780 379
1805790 378
1805800 378
1805810 377
1805820 376
1805830 375
1805840 374
1805850 372
1805860 371
1805870 370
1805880 369
1805890 367
1805900 366
1805910 365
1805920 364
1805930 365
1805940 366
1805950 365
1805960 365
1805970 365
1805980 365
1805990 366
1806000 366
1806010 366
1806020 366
1806030 366
1806040 367
1806050 367
1806060 367
1806070 367
1806080 368
1806090 368
1806100 368
1806110 369
1806120 371
1806130 372
1806140 373
1806150 374
1806160 374
1806170 375
1806180 376
1806190 376
1806200 377
1806210 377
1806220 378
1806230 379
1806240 379
1806250 380
1806260 381
1806270 381
1806280 382
1806290 383
1806300 384
1806310 384
1806320 385
1806330 386
1806340 387
1806350 387
1806360 388
1806370 389
1806380 390
1806390 390
1806400 391
1806410 392
1806420 392
1806430 393
1806440 393
1806450 394
1806460 394
1806470 395
1806480 395
1806490 396
1806500 396
1806510 397
1806520 397
1806530 398
1806540 399
1806550 399
1806560 400
1806570 400
1806580 401
1806590 402
1806600 402
1806610 403
1806620 404
1806630 404
1806640 405
1806650 406
1806660 407
1806670 407
1806680 408
1806690 409
1806700 409
1806710 410
1806720 411
1806730 411
1806740 412
1806750 412
1806760 413
1806770 413
1806780 414
1806790 415
1806800 415
1806810 416
1806820 417
1806830 417
1806840 418
1806850 419
1806860 419
1806870 420
1806880 420
1806890 421
1806900 421
1806910 422
1806920 422
1806930 422
1806940 422
1806950 422
1806960 422
1806970 422
1806980 422
1806990 422
1807000 422
1807010 422
1807020 421
1807030 421
1807040 421
1807050 420
1807060 420
1807070 419
1807080 419
1807090 418
1807100 418
1807110 417
1807120 416
1807130 416
1807140 416
1807150 415
1807160 415
1807170 415
1807180 415
1807190 414
1807200 414
1807210 413
1807220 412
1807230 411
1807240 411
1807250 412
1807260 412
1807270 412
1807280 411
1807290 410
1807300 409
1807310 408
1807320 407
1807330 406
1807340 405
1807350 404
1807360 403
1807370 402
1807380 401
1807390 400
1807400 398
1807410 395
1807420 394
1807430 393
1807440 394
1807450 396
1807460 399
1807470 403
1807480 405
1807490 407
1807500 409
1807510 410
1807520 411
1807530 412
1807540 414
1807550 415
1807560 416
1807570 417
1807580 418
1807590 419
1807600 420
1807610 421
1807620 422
1807630 423
1807640 424
1807650 426
1807660 427
1807670 428
1807680 428
1807690 429
1807700 430
1807710 431
1807720 431
1807730 432
1807740 433
1807750 434
1807760 434
1807770 435
1807780 435
1807790 435
1807800 436
1807810 437
1807820 438
1807830 440
1807840 443
1807850 446
1807860 448
1807870 451
1807880 452
1807890 454
1807900 455
1807910 456
1807920 457
1807930 458
1807940 460
1807950 461
1807960 462
1807970 464
1807980 464
1807990 465
1808000 466
1808010 466
1808020 467
1808030 468
1808040 468
1808050 469
1808060 469
1808070 470
1808080 470
1808090 471
1808100 471
1808110 472
1808120 473
1808130 473
1808140 474
1808150 474
1808160 475
1808170 475
1808180 476
1808190 476
1808200 477
1808210 478
1808220 478
1808230 479
1808240 479
1808250 480
1808260 480
1808270 481
1808280 482
1808290 482
1808300 483
1808310 484
1808320 485
1808330 486
1808340 486
1808350 487
1808360 488
1808370 488
1808380 489
1808390 490
1808400 490
1808410 491
1808420 492
1808430 492
1808440 493
1808450 494
1808460 494
1808470 495
1808480 495
1808490 495
1808500 495
1808510 494
1808520 493
1808530 491
1808540 490
1808550 489
1808560 489
1808570 488
1808580 487
1808590 486
1808600 484
1808610 483
1808620 482
1808630 480
1808640 478
1808650 477
1808660 475
1808670 473
1808680 471
1808690 470
1808700 469
1808710 467
1808720 465
1808730 463
1808740 462
1808750 461
1808760 460
1808770 458
1808780 457
1808790 456
1808800 454
1808810 453
1808820 452
1808830 451
1808840 449
1808850 447
1808860 446
1808870 444
1808880 443
1808890 441
1808900 440
1808910 438
1808920 437
1808930 434
1808940 430
1808950 426
1808960 425
1808970 426
1808980 428
1808990 430
1809000 432
1809010 435
1809020 436
1809030 438
1809040 440
1809050 441
1809060 443
1809070 444
1809080 445
1809090 447
1809100 449
1809110 451
1809120 453
1809130 454
1809140 455
1809150 456
1809160 457
1809170 458
1809180 459
1809190 459
1809200 459
1809210 458
1809220 457
1809230 457
1809240 456
1809250 455
1809260 454
1809270 453
1809280 451
1809290 450
1809300 449
1809310 448
1809320 446
1809330 445
1809340 443
1809350 441
1809360 439
1809370 438
1809380 437
1809390 435
1809400 433
1809410 432
1809420 431
1809430 431
1809440 430
1809450 429
1809460 428
1809470 427
1809480 427
1809490 426
1809500 425
1809510 425
1809520 424
1809530 423
1809540 422
1809550 421
1809560 420
1809570 418
1809580 416
1809590 414
1809600 412
1809610 410
1809620 408
1809630 405
1809640 403
1809650 400
1809660 398
1809670 396
1809680 394
1809690 392
1809700 390
1809710 388
1809720 385
1809730 383
1809740 381
1809750 379
1809760 378
1809770 376
1809780 375
1809790 374
1809800 372
1809810 371
1809820 370
1809830 369
1809840 368
1809850 366
1809860 365
1809870 364
1809880 364
1809890 364
1809900 364
1809910 364
1809920 364
1809930 364
1809940 364
1809950 364
1809960 363
1809970 363
1809980 363
1809990 363
1810000 363
1810010 364
1810020 364
1810030 364
1810040 363
1810050 364
1810060 364
1810070 364
1810080 363
1810090 363
1810100 363
1810110 363
1810120 363
1810130 363
1810140 363
1810150 363
1810160 363
1810170 364
1810180 364
1810190 365
1810200 365
1810210 365
1810220 366
1810230 368
1810240 370
1810250 372
1810260 375
1810270 377
1810280 380
1810290 382
1810300 383
1810310 384
1810320 385
1810330 386
1810340 387
1810350 388
1810360 390
1810370 391
1810380 393
1810390 395
1810400 396
1810410 398
1810420 398
1810430 397
1810440 396
1810450 397
1810460 399
1810470 400
1810480 401
1810490 402
1810500 403
1810510 404
1810520 406
1810530 407
1810540 409
1810550 411
1810560 413
1810570 415
1810580 417
1810590 418
1810600 419
1810610 420
1810620 421
1810630 422
1810640 423
1810650 424
1810660 426
1810670 427
1810680 428
1810690 430
1810700 431
1810710 434
1810720 436
1810730 438
1810740 441
1810750 443
1810760 446
1810770 448
1810780 450
1810790 452
1810800 453
1810810 455
1810820 456
1810830 457
1810840 458
1810850 459
1810860 460
1810870 461
1810880 462
1810890 462
1810900 463
1810910 464
1810920 464
1810930 465
1810940 465
1810950 466
1810960 466
1810970 466
1810980 466
1810990 467
1811000 467
1811010 467
1811020 467
1811030 467
1811040 467
1811050 467
1811060 467
1811070 467
1811080 466
1811090 467
1811100 467
1811110 467
1811120 467
1811130 467
1811140 467
1811150 468
1811160 468
1811170 468
1811180 468
1811190 468
1811200 467
1811210 466
1811220 465
1811230 464
1811240 463
1811250 462
1811260 461
1811270 459
1811280 458
1811290 456
1811300 455
1811310 454
1811320 452
1811330 451
1811340 449
1811350 447
1811360 446
1811370 444
1811380 441
1811390 439
1811400 437
1811410 436
1811420 434
1811430 431
1811440 429
1811450 428
1811460 426
1811470 424
1811480 422
1811490 420
1811500 417
1811510 414
1811520 411
1811530 408
1811540 406
1811550 406
1811560 405
1811570 405
1811580 405
1811590 406
1811600 407
1811610 407
1811620 407
1811630 407
1811640 406
1811650 406
1811660 407
1811670 410
1811680 412
1811690 414
1811700 415
1811710 416
1811720 416
1811730 418
1811740 420
1811750 421
1811760 421
1811770 421
1811780 420
1811790 419
1811800 418
1811810 417
1811820 416
1811830 416
1811840 417
1811850 417
1811860 417
1811870 417
1811880 417
1811890 417
1811900 418
1811910 418
1811920 419
1811930 421
1811940 422
1811950 423
1811960 423
1811970 422
1811980 420
1811990 418
1812000 416
1812010 414
1812020 412
1812030 410
1812040 408
1812050 406
1812060 405
1812070 403
1812080 402
1812090 400
1812100 398
1812110 396
1812120 395
1812130 393
1812140 391
1812150 389
1812160 387
1812170 385
1812180 383
1812190 381
1812200 379
1812210 378
1812220 377
1812230 375
1812240 373
1812250 372
1812260 371
1812270 369
1812280 367
1812290 365
1812300 364
1812310 364
1812320 363
1812330 363
1812340 363
1812350 363
1812360 363
1812370 363
1812380 363
1812390 363
1812400 363
1812410 363
1812420 363
1812430 362
1812440 362
1812450 361
1812460 362
1812470 363
1812480 364
1812490 364
1812500 365
1812510 367
1812520 369
1812530 372
1812540 373
1812550 374
1812560 375
1812570 376
1812580 376
1812590 377
1812600 379
1812610 380
1812620 381
1812630 382
1812640 384
1812650 385
1812660 388
1812670 391
1812680 394
1812690 397
1812700 400
1812710 403
1812720 406
1812730 409
1812740 411
1812750 412
1812760 414
1812770 415
1812780 416
1812790 418
1812800 420
1812810 422
1812820 424
1812830 426
1812840 427
1812850 428
1812860 429
1812870 430
1812880 431
1812890 432
1812900 432
1812910 433
1812920 433
1812930 434
1812940 435
1812950 435
1812960 436
1812970 435
1812980 435
1812990 435
1813000 434
1813010 434
1813020 433
1813030 432
1813040 432
1813050 432
1813060 432
1813070 431
1813080 431
1813090 430
1813100 430
1813110 429
1813120 429
1813130 430
1813140 430
1813150 430
1813160 430
1813170 430
1813180 429
1813190 429
1813200 429
1813210 428
1813220 428
1813230 428
1813240 428
1813250 428
1813260 429
1813270 429
1813280 429
1813290 430
1813300 430
1813310 430
1813320 431
1813330 432
1813340 432
1813350 432
1813360 432
1813370 432
1813380 431
1813390 430
1813400 429
1813410 428
1813420 426
1813430 425
1813440 424
1813450 423
1813460 422
1813470 421
1813480 421
1813490 421
1813500 421
1813510 421
1813520 421
1813530 420
1813540 419
1813550 417
1813560 413
1813570 410
1813580 408
1813590 405
1813600 402
1813610 398
1813620 395
1813630 392
1813640 389
1813650 386
1813660 383
1813670 381
1813680 380
1813690 380
1813700 380
1813710 381
1813720 381
1813730 381
1813740 381
1813750 381
1813760 382
1813770 382
1813780 382
1813790 382
1813800 383
1813810 383
1813820 384
1813830 384
1813840 385
1813850 385
1813860 385
1813870 386
1813880 386
1813890 386
1813900 386
1813910 387
1813920 387
1813930 387
1813940 388
1813950 388
1813960 389
1813970 389
1813980 390
1813990 390
1814000 390
1814010 391
1814020 391
1814030 392
1814040 394
1814050 395
1814060 396
1814070 398
1814080 399
1814090 401
1814100 402
1814110 404
1814120 406
1814130 407
1814140 409
1814150 410
1814160 412
1814170 414
1814180 417
1814190 420
1814200 424
1814210 427
1814220 430
1814230 432
1814240 434
1814250 435
1814260 437
1814270 439
1814280 440
1814290 442
1814300 443
1814310 444
1814320 446
1814330 447
1814340 448
1814350 448
1814360 449
1814370 450
1814380 450
1814390 451
1814400 452
1814410 453
1814420 454
1814430 455
1814440 457
1814450 458
1814460 460
1814470 462
1814480 464
1814490 466
1814500 468
1814510 469
1814520 471
1814530 472
1814540 474
1814550 475
1814560 476
1814570 477
1814580 478
1814590 479
1814600 479
1814610 480
1814620 480
1814630 480
1814640 480
1814650 480
1814660 480
1814670 479
1814680 479
1814690 479
1814700 479
1814710 479
1814720 479
1814730 479
1814740 479
1814750 479
1814760 479
1814770 478
1814780 477
1814790 476
1814800 475
1814810 474
1814820 474
1814830 473
1814840 472
1814850 472
1814860 471
1814870 471
1814880 470
1814890 469
1814900 469
1814910 468
1814920 467
1814930 466
1814940 464
1814950 463
1814960 462
1814970 461
1814980 459
1814990 458
1815000 456
1815010 454
1815020 453
1815030 452
1815040 450
1815050 446
1815060 443
1815070 440
1815080 438
1815090 435
1815100 432
1815110 432
1815120 435
1815130 440
1815140 443
1815150 445
1815160 448
1815170 450
1815180 453
1815190 457
1815200 460
1815210 464
1815220 466
1815230 469
1815240 472
1815250 474
1815260 476
1815270 477
1815280 479
1815290 480
1815300 482
1815310 483
1815320 484
1815330 485
1815340 486
1815350 487
1815360 488
1815370 489
1815380 489
1815390 490
1815400 491
1815410 492
1815420 492
1815430 492
1815440 491
1815450 490
1815460 489
1815470 487
1815480 485
1815490 482
1815500 480
1815510 477
1815520 475
1815530 472
1815540 469
1815550 467
1815560 464
1815570 462
1815580 461
1815590 459
1815600 458
1815610 457
1815620 457
1815630 459
1815640 460
1815650 461
1815660 463
1815670 464
1815680 466
1815690 469
1815700 471
1815710 472
1815720 473
1815730 474
1815740 474
1815750 474
1815760 475
1815770 475
1815780 476
1815790 477
1815800 477
1815810 478
1815820 479
1815830 480
1815840 481
1815850 481
1815860 482
1815870 484
1815880 485
1815890 486
1815900 488
1815910 489
1815920 491
1815930 492
1815940 493
1815950 494
1815960 495
1815970 496
1815980 497
1815990 498
1816000 499
1816010 499
1816020 500
1816030 501
1816040 501
1816050 502
1816060 503
1816070 504
1816080 506
1816090 507
1816100 508
1816110 509
1816120 511
1816130 513
1816140 514
1816150 516
1816160 517
1816170 519
1816180 520
1816190 521
1816200 523
1816210 524
1816220 525
1816230 526
1816240 527
1816250 528
1816260 529
1816270 530
1816280 531
1816290 532
1816300 532
1816310 533
1816320 533
1816330 534
1816340 534
1816350 535
1816360 535
1816370 535
1816380 536
1816390 536
1816400 536
1816410 536
1816420 536
1816430 536
1816440 536
1816450 536
1816460 536
1816470 536
1816480 536
1816490 535
1816500 535
1816510 534
1816520 534
1816530 533
1816540 532
1816550 530
1816560 529
1816570 527
1816580 526
1816590 524
1816600 523
1816610 521
1816620 519
1816630 517
1816640 516
1816650 514
1816660 512
1816670 511
1816680 512
1816690 514
1816700 516
1816710 519
1816720 522
1816730 524
1816740 526
1816750 528
1816760 529
1816770 530
1816780 530
1816790 531
1816800 530
1816810 530
1816820 530
1816830 531
1816840 532
1816850 532
1816860 533
1816870 533
1816880 534
1816890 534
1816900 534
1816910 535
1816920 535
1816930 534
1816940 534
1816950 534
1816960 533
1816970 532
1816980 531
1816990 530
1817000 529
1817010 528
1817020 527
1817030 525
1817040 523
1817050 521
1817060 519
1817070 517
1817080 516
1817090 516
1817100 517
1817110 518
1817120 519
1817130 522
1817140 524
1817150 527
1817160 530
1817170 531
1817180 532
1817190 532
1817200 532
1817210 533
1817220 533
1817230 533
1817240 533
1817250 533
1817260 532
1817270 532
1817280 532
1817290 532
1817300 531
1817310 531
1817320 530
1817330 530
1817340 529
1817350 529
1817360 528
1817370 527
1817380 525
1817390 524
1817400 522
1817410 520
1817420 518
1817430 516
1817440 513
1817450 511
1817460 508
1817470 504
1817480 501
1817490 498
1817500 496
1817510 495
1817520 494
1817530 494
1817540 493
1817550 493
1817560 493
1817570 492
1817580 492
1817590 493
1817600 496
1817610 499
1817620 502
1817630 503
1817640 503
1817650 503
1817660 503
1817670 503
1817680 503
1817690 503
1817700 504
1817710 504
1817720 505
1817730 507
1817740 509
1817750 510
1817760 512
1817770 513
1817780 515
1817790 516
1817800 517
1817810 518
1817820 519
1817830 520
1817840 521
1817850 521
1817860 522
1817870 522
1817880 523
1817890 523
1817900 524
1817910 525
1817920 526
1817930 527
1817940 527
1817950 528
1817960 529
1817970 531
1817980 532
1817990 533
1818000 534
1818010 534
1818020 535
1818030 536
1818040 537
1818050 539
1818060 540
1818070 541
1818080 542
1818090 542
1818100 543
1818110 543
1818120 543
1818130 544
1818140 544
1818150 544
1818160 544
1818170 545
1818180 545
1818190 545
1818200 544
1818210 544
1818220 543
1818230 542
1818240 542
1818250 542
1818260 541
1818270 540
1818280 539
1818290 539
1818300 538
1818310 537
1818320 536
1818330 535
1818340 533
1818350 532
1818360 531
1818370 531
1818380 530
1818390 530
1818400 528
1818410 527
1818420 527
1818430 526
1818440 525
1818450 524
1818460 525
1818470 528
1818480 530
1818490 532
1818500 534
1818510 536
1818520 537
1818530 539
1818540 540
1818550 542
1818560 543
1818570 544
1818580 545
1818590 545
1818600 545
1818610 546
1818620 547
1818630 549
1818640 551
1818650 553
1818660 555
1818670 558
1818680 560
1818690 563
1818700 566
1818710 567
1818720 569
1818730 571
1818740 572
1818750 573
1818760 575
1818770 576
1818780 575
1818790 575
1818800 575
1818810 576
1818820 576
1818830 576
1818840 577
1818850 577
1818860 577
1818870 578
1818880 578
1818890 577
1818900 577
1818910 576
1818920 576
1818930 576
1818940 577
1818950 577
1818960 578
1818970 578
1818980 579
1818990 580
1819000 580
1819010 581
1819020 581
1819030 581
1819040 581
1819050 582
1819060 582
1819070 583
1819080 584
1819090 584
1819100 585
1819110 586
1819120 587
1819130 588
1819140 589
1819150 590
1819160 591
1819170 592
1819180 593
1819190 595
1819200 596
1819210 597
1819220 598
1819230 600
1819240 602
1819250 603
1819260 605
1819270 606
1819280 608
1819290 610
1819300 611
1819310 612
1819320 614
1819330 615
1819340 616
1819350 618
1819360 619
1819370 620
1819380 621
1819390 622
1819400 624
1819410 625
1819420 626
1819430 628
1819440 629
1819450 631
1819460 632
1819470 633
1819480 635
1819490 636
1819500 637
1819510 639
1819520 640
1819530 641
1819540 643
1819550 644
1819560 646
1819570 648
1819580 650
1819590 652
1819600 654
1819610 656
1819620 659
1819630 661
1819640 663
1819650 665
1819660 667
1819670 669
1819680 670
1819690 672
1819700 673
1819710 674
1819720 675
1819730 676
1819740 678
1819750 679
1819760 681
1819770 682
1819780 683
1819790 685
1819800 686
1819810 688
1819820 689
1819830 691
1819840 692
1819850 693
1819860 695
1819870 696
1819880 698
1819890 699
1819900 700
1819910 702
1819920 703
1819930 705
1819940 706
1819950 707
1819960 708
1819970 709
1819980 710
1819990 711
