1800000 412
1800010 413
1800020 414
1800030 415
1800040 415
1800050 416
1800060 417
1800070 417
1800080 417
1800090 418
1800100 418
1800110 418
1800120 418
1800130 419
1800140 419
1800150 419
1800160 419
1800170 418
1800180 418
1800190 418
1800200 418
1800210 418
1800220 418
1800230 418
1800240 417
1800250 417
1800260 417
1800270 416
1800280 416
1800290 416
1800300 415
1800310 415
1800320 414
1800330 413
1800340 413
1800350 412
1800360 412
1800370 411
1800380 411
1800390 410
1800400 409
1800410 408
1800420 407
1800430 406
1800440 406
1800450 405
1800460 404
1800470 403
1800480 402
1800490 400
1800500 399
1800510 399
1800520 398
1800530 397
1800540 396
1800550 395
1800560 394
1800570 393
1800580 392
1800590 391
1800600 389
1800610 387
1800620 385
1800630 385
1800640 386
1800650 388
1800660 389
1800670 390
1800680 389
1800690 388
1800700 387
1800710 386
1800720 386
1800730 386
1800740 386
1800750 385
1800760 385
1800770 383
1800780 380
1800790 377
1800800 373
1800810 372
1800820 372
1800830 372
1800840 373
1800850 374
1800860 373
1800870 373
1800880 373
1800890 373
1800900 373
1800910 373
1800920 374
1800930 374
1800940 374
1800950 375
1800960 375
1800970 375
1800980 376
1800990 378
1801000 380
1801010 383
1801020 385
1801030 386
1801040 388
1801050 389
1801060 391
1801070 392
1801080 394
1801090 396
1801100 397
1801110 397
1801120 398
1801130 398
1801140 398
1801150 399
1801160 400
1801170 400
1801180 401
1801190 401
1801200 402
1801210 402
1801220 403
1801230 404
1801240 405
1801250 406
1801260 407
1801270 408
1801280 409
1801290 410
1801300 411
1801310 411
1801320 412
1801330 413
1801340 414
1801350 414
1801360 414
1801370 415
1801380 415
1801390 415
1801400 414
1801410 414
1801420 413
1801430 412
1801440 411
1801450 410
1801460 408
1801470 407
1801480 405
1801490 404
1801500 402
1801510 401
1801520 400
1801530 399
1801540 398
1801550 397
1801560 396
1801570 396
1801580 395
1801590 394
1801600 394
1801610 393
1801620 393
1801630 392
1801640 392
1801650 393
1801660 395
1801670 398
1801680 399
1801690 399
1801700 400
1801710 400
1801720 401
1801730 402
1801740 402
1801750 403
1801760 403
1801770 404
1801780 404
1801790 404
1801800 404
1801810 404
1801820 404
1801830 403
1801840 403
1801850 403
1801860 402
1801870 402
1801880 401
1801890 400
1801900 399
1801910 398
1801920 398
1801930 397
1801940 396
1801950 395
1801960 395
1801970 395
1801980 394
1801990 394
1802000 394
1802010 394
1802020 393
1802030 393
1802040 393
1802050 393
1802060 394
1802070 394
1802080 394
1802090 394
1802100 394
1802110 395
1802120 395
1802130 395
1802140 396
1802150 396
1802160 397
1802170 397
1802180 398
1802190 399
1802200 400
1802210 400
1802220 401
1802230 402
1802240 403
1802250 403
1802260 404
1802270 405
1802280 406
1802290 407
1802300 408
1802310 409
1802320 410
1802330 411
1802340 413
1802350 414
1802360 415
1802370 416
1802380 418
1802390 418
1802400 419
1802410 419
1802420 420
1802430 420
1802440 419
1802450 419
1802460 419
1802470 418
1802480 418
1802490 418
1802500 417
1802510 417
1802520 416
1802530 416
1802540 415
1802550 415
1802560 414
1802570 413
1802580 413
1802590 412
1802600 411
1802610 410
1802620 409
1802630 409
1802640 408
1802650 407
1802660 406
1802670 405
1802680 405
1802690 404
1802700 404
1802710 403
1802720 402
1802730 402
1802740 401
1802750 401
1802760 401
1802770 401
1802780 400
1802790 400
1802800 400
1802810 399
1802820 399
1802830 399
1802840 398
1802850 398
1802860 397
1802870 397
1802880 397
1802890 396
1802900 396
1802910 395
1802920 395
1802930 394
1802940 394
1802950 393
1802960 393
1802970 392
1802980 392
1802990 391
1803000 390
1803010 389
1803020 389
1803030 388
1803040 387
1803050 386
1803060 384
1803070 383
1803080 381
1803090 380
1803100 379
1803110 378
1803120 377
1803130 376
1803140 376
1803150 377
1803160 377
1803170 376
1803180 375
1803190 374
1803200 374
1803210 374
1803220 374
1803230 374
1803240 374
1803250 373
1803260 373
1803270 373
1803280 372
1803290 370
1803300 371
1803310 371
1803320 371
1803330 372
1803340 372
1803350 372
1803360 372
1803370 373
1803380 373
1803390 372
1803400 372
1803410 372
1803420 372
1803430 372
1803440 372
1803450 372
1803460 372
1803470 371
1803480 371
1803490 371
1803500 371
1803510 371
1803520 370
1803530 370
1803540 370
1803550 370
1803560 370
1803570 370
1803580 371
1803590 371
1803600 371
1803610 371
1803620 371
1803630 371
1803640 370
1803650 370
1803660 370
1803670 370
1803680 369
1803690 369
1803700 371
1803710 373
1803720 376
1803730 378
1803740 380
1803750 382
1803760 383
1803770 384
1803780 385
1803790 386
1803800 387
1803810 389
1803820 390
1803830 391
1803840 393
1803850 394
1803860 396
1803870 397
1803880 398
1803890 398
1803900 399
1803910 400
1803920 401
1803930 402
1803940 402
1803950 403
1803960 403
1803970 404
1803980 405
1803990 405
1804000 406
1804010 406
1804020 406
1804030 407
1804040 407
1804050 407
1804060 407
1804070 408
1804080 408
1804090 408
1804100 408
1804110 408
1804120 409
1804130 409
1804140 409
1804150 410
1804160 410
1804170 410
1804180 411
1804190 411
1804200 411
1804210 411
1804220 412
1804230 412
1804240 412
1804250 412
1804260 412
1804270 412
1804280 412
1804290 412
1804300 412
1804310 412
1804320 412
1804330 413
1804340 413
1804350 413
1804360 413
1804370 413
1804380 413
1804390 414
1804400 414
1804410 414
1804420 415
1804430 415
1804440 415
1804450 415
1804460 416
1804470 416
1804480 416
1804490 416
1804500 417
1804510 417
1804520 418
1804530 418
1804540 418
1804550 419
1804560 419
1804570 420
1804580 421
1804590 421
1804600 422
1804610 423
1804620 423
1804630 424
1804640 425
1804650 426
1804660 426
1804670 427
1804680 427
1804690 428
1804700 429
1804710 429
1804720 430
1804730 430
1804740 431
1804750 431
1804760 432
1804770 432
1804780 433
1804790 433
1804800 434
1804810 434
1804820 435
1804830 435
1804840 436
1804850 436
1804860 436
1804870 437
1804880 437
1804890 437
1804900 437
1804910 437
1804920 437
1804930 437
1804940 437
1804950 437
1804960 437
1804970 436
1804980 436
1804990 435
1805000 435
1805010 434
1805020 434
1805030 433
1805040 432
1805050 432
1805060 431
1805070 430
1805080 429
1805090 428
1805100 428
1805110 427
1805120 426
1805130 425
1805140 424
1805150 423
1805160 422
1805170 421
1805180 420
1805190 419
1805200 418
1805210 417
1805220 416
1805230 415
1805240 414
1805250 413
1805260 412
1805270 411
1805280 410
1805290 409
1805300 408
1805310 407
1805320 406
1805330 405
1805340 404
1805350 403
1805360 402
1805370 401
1805380 401
1805390 400
1805400 399
1805410 398
1805420 397
1805430 397
1805440 396
1805450 395
1805460 394
1805470 393
1805480 393
1805490 392
1805500 391
1805510 391
1805520 390
1805530 389
1805540 389
1805550 388
1805560 388
1805570 387
1805580 386
1805590 386
1805600 385
1805610 384
1805620 383
1805630 381
1805640 380
1805650 379
1805660 378
1805670 377
1805680 376
1805690 376
1805700 375
1805710 375
1805720 375
1805730 375
1805740 375
1805750 375
1805760 375
1805770 375
1805780 376
1805790 376
1805800 376
1805810 376
1805820 376
1805830 376
1805840 377
1805850 377
1805860 378
1805870 379
1805880 380
1805890 381
1805900 382
1805910 383
1805920 384
1805930 385
1805940 385
1805950 386
1805960 387
1805970 388
1805980 388
1805990 389
1806000 389
1806010 390
1806020 390
1806030 390
1806040 390
1806050 390
1806060 391
1806070 391
1806080 391
1806090 391
1806100 391
1806110 391
1806120 391
1806130 390
1806140 390
1806150 390
1806160 390
1806170 389
1806180 389
1806190 388
1806200 388
1806210 387
1806220 387
1806230 386
1806240 386
1806250 386
1806260 385
1806270 385
1806280 385
1806290 385
1806300 384
1806310 384
1806320 384
1806330 383
1806340 383
1806350 383
1806360 382
1806370 382
1806380 381
1806390 380
1806400 380
1806410 379
1806420 379
1806430 379
1806440 378
1806450 378
1806460 378
1806470 378
1806480 377
1806490 377
1806500 377
1806510 376
1806520 376
1806530 376
1806540 376
1806550 376
1806560 376
1806570 376
1806580 376
1806590 377
1806600 377
1806610 378
1806620 379
1806630 379
1806640 380
1806650 380
1806660 381
1806670 381
1806680 382
1806690 382
1806700 382
1806710 383
1806720 383
1806730 383
1806740 384
1806750 384
1806760 384
1806770 384
1806780 384
1806790 385
1806800 385
1806810 385
1806820 385
1806830 386
1806840 386
1806850 386
1806860 386
1806870 386
1806880 386
1806890 386
1806900 386
1806910 386
1806920 386
1806930 386
1806940 386
1806950 386
1806960 386
1806970 386
1806980 386
1806990 387
1807000 388
1807010 389
1807020 390
1807030 390
1807040 391
1807050 392
1807060 393
1807070 394
1807080 394
1807090 395
1807100 396
1807110 397
1807120 398
1807130 399
1807140 399
1807150 400
1807160 401
1807170 402
1807180 403
1807190 404
1807200 405
1807210 406
1807220 406
1807230 407
1807240 408
1807250 409
1807260 409
1807270 410
1807280 411
1807290 412
1807300 413
1807310 414
1807320 415
1807330 416
1807340 417
1807350 418
1807360 418
1807370 420
1807380 421
1807390 422
1807400 424
1807410 425
1807420 426
1807430 428
1807440 429
1807450 431
1807460 432
1807470 433
1807480 435
1807490 436
1807500 437
1807510 438
1807520 439
1807530 440
1807540 441
1807550 443
1807560 444
1807570 445
1807580 446
1807590 448
1807600 449
1807610 450
1807620 451
1807630 452
1807640 453
1807650 454
1807660 455
1807670 456
1807680 456
1807690 457
1807700 458
1807710 459
1807720 460
1807730 460
1807740 461
1807750 462
1807760 463
1807770 464
1807780 465
1807790 466
1807800 467
1807810 467
1807820 467
1807830 467
1807840 466
1807850 466
1807860 465
1807870 464
1807880 463
1807890 462
1807900 461
1807910 461
1807920 460
1807930 459
1807940 457
1807950 457
1807960 456
1807970 456
1807980 455
1807990 455
1808000 454
1808010 454
1808020 453
1808030 452
1808040 451
1808050 451
1808060 450
1808070 448
1808080 448
1808090 447
1808100 448
1808110 447
1808120 446
1808130 445
1808140 444
1808150 443
1808160 442
1808170 441
1808180 440
1808190 440
1808200 439
1808210 438
1808220 437
1808230 436
1808240 436
1808250 435
1808260 434
1808270 433
1808280 432
1808290 429
1808300 427
1808310 426
1808320 425
1808330 426
1808340 426
1808350 426
1808360 426
1808370 426
1808380 425
1808390 425
1808400 425
1808410 424
1808420 424
1808430 423
1808440 423
1808450 422
1808460 422
1808470 421
1808480 421
1808490 421
1808500 420
1808510 420
1808520 419
1808530 419
1808540 418
1808550 418
1808560 417
1808570 417
1808580 416
1808590 416
1808600 415
1808610 415
1808620 414
1808630 413
1808640 413
1808650 412
1808660 412
1808670 411
1808680 411
1808690 410
1808700 409
1808710 409
1808720 408
1808730 407
1808740 407
1808750 406
1808760 405
1808770 405
1808780 404
1808790 404
1808800 403
1808810 403
1808820 402
1808830 402
1808840 401
1808850 401
1808860 400
1808870 400
1808880 399
1808890 398
1808900 398
1808910 397
1808920 396
1808930 396
1808940 395
1808950 394
1808960 393
1808970 393
1808980 392
1808990 391
1809000 390
1809010 389
1809020 388
1809030 387
1809040 386
1809050 385
1809060 384
1809070 383
1809080 383
1809090 382
1809100 382
1809110 381
1809120 381
1809130 380
1809140 380
1809150 380
1809160 379
1809170 379
1809180 378
1809190 378
1809200 377
1809210 377
1809220 377
1809230 376
1809240 376
1809250 375
1809260 375
1809270 374
1809280 374
1809290 374
1809300 373
1809310 373
1809320 373
1809330 372
1809340 372
1809350 372
1809360 371
1809370 371
1809380 371
1809390 370
1809400 370
1809410 370
1809420 369
1809430 369
1809440 369
1809450 369
1809460 369
1809470 369
1809480 369
1809490 368
1809500 368
1809510 368
1809520 368
1809530 368
1809540 368
1809550 368
1809560 368
1809570 368
1809580 368
1809590 368
1809600 368
1809610 369
1809620 370
1809630 371
1809640 372
1809650 373
1809660 375
1809670 376
1809680 377
1809690 378
1809700 379
1809710 380
1809720 382
1809730 383
1809740 385
1809750 386
1809760 388
1809770 389
1809780 392
1809790 394
1809800 396
1809810 397
1809820 398
1809830 400
1809840 401
1809850 402
1809860 403
1809870 405
1809880 406
1809890 408
1809900 409
1809910 412
1809920 416
1809930 419
1809940 421
1809950 423
1809960 425
1809970 427
1809980 429
1809990 432
1810000 433
1810010 435
1810020 437
1810030 439
1810040 440
1810050 440
1810060 440
1810070 440
1810080 439
1810090 438
1810100 437
1810110 436
1810120 435
1810130 433
1810140 432
1810150 430
1810160 427
1810170 425
1810180 423
1810190 420
1810200 417
1810210 414
1810220 412
1810230 408
1810240 404
1810250 400
1810260 397
1810270 394
1810280 391
1810290 388
1810300 385
1810310 383
1810320 381
1810330 379
1810340 379
1810350 380
1810360 381
1810370 382
1810380 383
1810390 385
1810400 386
1810410 388
1810420 390
1810430 393
1810440 395
1810450 397
1810460 399
1810470 401
1810480 403
1810490 405
1810500 407
1810510 409
1810520 411
1810530 413
1810540 416
1810550 418
1810560 419
1810570 421
1810580 423
1810590 425
1810600 427
1810610 428
1810620 430
1810630 431
1810640 433
1810650 435
1810660 438
1810670 440
1810680 443
1810690 447
1810700 450
1810710 453
1810720 456
1810730 458
1810740 460
1810750 461
1810760 463
1810770 463
1810780 464
1810790 464
1810800 464
1810810 465
1810820 466
1810830 467
1810840 468
1810850 470
1810860 473
1810870 476
1810880 477
1810890 479
1810900 480
1810910 480
1810920 481
1810930 482
1810940 482
1810950 483
1810960 483
1810970 482
1810980 481
1810990 479
1811000 478
1811010 476
1811020 475
1811030 474
1811040 473
1811050 472
1811060 471
1811070 471
1811080 473
1811090 474
1811100 476
1811110 477
1811120 479
1811130 481
1811140 483
1811150 484
1811160 485
1811170 485
1811180 484
1811190 484
1811200 482
1811210 481
1811220 481
1811230 480
1811240 479
1811250 479
1811260 478
1811270 478
1811280 478
1811290 478
1811300 478
1811310 478
1811320 479
1811330 480
1811340 481
1811350 482
1811360 483
1811370 484
1811380 485
1811390 487
1811400 488
1811410 489
1811420 489
1811430 489
1811440 489
1811450 489
1811460 489
1811470 489
1811480 489
1811490 489
1811500 489
1811510 489
1811520 489
1811530 489
1811540 489
1811550 489
1811560 489
1811570 488
1811580 488
1811590 487
1811600 487
1811610 486
1811620 485
1811630 485
1811640 484
1811650 483
1811660 483
1811670 482
1811680 481
1811690 481
1811700 480
1811710 480
1811720 479
1811730 478
1811740 478
1811750 477
1811760 477
1811770 477
1811780 476
1811790 475
1811800 474
1811810 473
1811820 471
1811830 470
1811840 468
1811850 467
1811860 465
1811870 464
1811880 463
1811890 461
1811900 460
1811910 458
1811920 456
1811930 455
1811940 453
1811950 451
1811960 449
1811970 447
1811980 445
1811990 443
1812000 442
1812010 440
1812020 439
1812030 437
1812040 436
1812050 433
1812060 431
1812070 429
1812080 427
1812090 424
1812100 421
1812110 419
1812120 416
1812130 414
1812140 412
1812150 409
1812160 406
1812170 405
1812180 403
1812190 401
1812200 399
1812210 397
1812220 395
1812230 394
1812240 392
1812250 390
1812260 388
1812270 387
1812280 386
1812290 385
1812300 384
1812310 384
1812320 383
1812330 383
1812340 383
1812350 384
1812360 387
1812370 389
1812380 392
1812390 394
1812400 397
1812410 399
1812420 402
1812430 404
1812440 407
1812450 409
1812460 411
1812470 413
1812480 414
1812490 416
1812500 417
1812510 419
1812520 420
1812530 421
1812540 422
1812550 421
1812560 420
1812570 419
1812580 416
1812590 413
1812600 410
1812610 406
1812620 403
1812630 400
1812640 396
1812650 392
1812660 389
1812670 386
1812680 383
1812690 382
1812700 380
1812710 378
1812720 376
1812730 373
1812740 372
1812750 371
1812760 371
1812770 371
1812780 371
1812790 371
1812800 371
1812810 371
1812820 371
1812830 371
1812840 372
1812850 372
1812860 373
1812870 374
1812880 375
1812890 377
1812900 379
1812910 380
1812920 382
1812930 384
1812940 385
1812950 387
1812960 388
1812970 390
1812980 392
1812990 393
1813000 395
1813010 396
1813020 397
1813030 398
1813040 398
1813050 399
1813060 400
1813070 400
1813080 401
1813090 401
1813100 401
1813110 402
1813120 403
1813130 404
1813140 406
1813150 408
1813160 409
1813170 410
1813180 412
1813190 414
1813200 416
1813210 417
1813220 419
1813230 421
1813240 422
1813250 424
1813260 425
1813270 426
1813280 428
1813290 429
1813300 430
1813310 431
1813320 432
1813330 433
1813340 435
1813350 437
1813360 438
1813370 440
1813380 441
1813390 443
1813400 444
1813410 446
1813420 447
1813430 448
1813440 449
1813450 451
1813460 452
1813470 454
1813480 456
1813490 458
1813500 460
1813510 463
1813520 465
1813530 467
1813540 468
1813550 470
1813560 472
1813570 475
1813580 477
1813590 478
1813600 479
1813610 480
1813620 481
1813630 482
1813640 483
1813650 484
1813660 486
1813670 487
1813680 488
1813690 489
1813700 490
1813710 491
1813720 493
1813730 494
1813740 495
1813750 497
1813760 499
1813770 500
1813780 501
1813790 502
1813800 502
1813810 503
1813820 503
1813830 503
1813840 504
1813850 505
1813860 505
1813870 506
1813880 506
1813890 507
1813900 507
1813910 507
1813920 508
1813930 508
1813940 508
1813950 509
1813960 510
1813970 510
1813980 511
1813990 511
1814000 512
1814010 512
1814020 513
1814030 513
1814040 514
1814050 514
1814060 515
1814070 515
1814080 515
1814090 516
1814100 516
1814110 516
1814120 517
1814130 517
1814140 517
1814150 517
1814160 517
1814170 517
1814180 516
1814190 516
1814200 516
1814210 515
1814220 515
1814230 514
1814240 513
1814250 513
1814260 512
1814270 511
1814280 510
1814290 510
1814300 509
1814310 509
1814320 508
1814330 508
1814340 509
1814350 509
1814360 509
1814370 508
1814380 508
1814390 508
1814400 508
1814410 508
1814420 509
1814430 510
1814440 511
1814450 512
1814460 513
1814470 514
1814480 515
1814490 516
1814500 517
1814510 517
1814520 518
1814530 519
1814540 520
1814550 520
1814560 521
1814570 521
1814580 521
1814590 521
1814600 521
1814610 522
1814620 521
1814630 521
1814640 521
1814650 521
1814660 520
1814670 520
1814680 519
1814690 519
1814700 519
1814710 520
1814720 520
1814730 521
1814740 521
1814750 521
1814760 522
1814770 522
1814780 523
1814790 523
1814800 524
1814810 524
1814820 525
1814830 525
1814840 526
1814850 527
1814860 528
1814870 528
1814880 529
1814890 530
1814900 531
1814910 532
1814920 533
1814930 534
1814940 535
1814950 536
1814960 537
1814970 538
1814980 539
1814990 539
1815000 540
1815010 540
1815020 541
1815030 541
1815040 541
1815050 542
1815060 542
1815070 542
1815080 542
1815090 542
1815100 542
1815110 542
1815120 542
1815130 541
1815140 541
1815150 540
1815160 540
1815170 539
1815180 538
1815190 538
1815200 537
1815210 536
1815220 535
1815230 534
1815240 533
1815250 533
1815260 532
1815270 532
1815280 531
1815290 531
1815300 531
1815310 531
1815320 531
1815330 530
1815340 530
1815350 530
1815360 530
1815370 530
1815380 530
1815390 530
1815400 530
1815410 530
1815420 530
1815430 530
1815440 531
1815450 531
1815460 531
1815470 531
1815480 531
1815490 531
1815500 531
1815510 531
1815520 531
1815530 531
1815540 531
1815550 530
1815560 530
1815570 530
1815580 529
1815590 529
1815600 529
1815610 528
1815620 528
1815630 527
1815640 526
1815650 526
1815660 525
1815670 524
1815680 523
1815690 522
1815700 521
1815710 520
1815720 519
1815730 518
1815740 517
1815750 516
1815760 515
1815770 514
1815780 513
1815790 512
1815800 511
1815810 510
1815820 509
1815830 508
1815840 506
1815850 504
1815860 502
1815870 499
1815880 497
1815890 495
1815900 495
1815910 494
1815920 493
1815930 493
1815940 492
1815950 491
1815960 490
1815970 488
1815980 487
1815990 487
1816000 485
1816010 484
1816020 482
1816030 480
1816040 477
1816050 475
1816060 473
1816070 471
1816080 471
1816090 470
1816100 469
1816110 468
1816120 467
1816130 466
1816140 464
1816150 462
1816160 461
1816170 460
1816180 460
1816190 460
1816200 460
1816210 461
1816220 462
1816230 464
1816240 466
1816250 468
1816260 470
1816270 472
1816280 474
1816290 476
1816300 478
1816310 479
1816320 481
1816330 482
1816340 483
1816350 484
1816360 485
1816370 486
1816380 486
1816390 487
1816400 488
1816410 489
1816420 489
1816430 490
1816440 490
1816450 491
1816460 492
1816470 492
1816480 493
1816490 493
1816500 493
1816510 494
1816520 494
1816530 495
1816540 495
1816550 496
1816560 496
1816570 497
1816580 498
1816590 499
1816600 499
1816610 500
1816620 500
1816630 501
1816640 501
1816650 502
1816660 502
1816670 502
1816680 502
1816690 501
1816700 501
1816710 501
1816720 500
1816730 500
1816740 500
1816750 499
1816760 499
1816770 498
1816780 496
1816790 495
1816800 494
1816810 493
1816820 491
1816830 489
1816840 488
1816850 487
1816860 487
1816870 487
1816880 486
1816890 486
1816900 486
1816910 486
1816920 485
1816930 484
1816940 484
1816950 483
1816960 483
1816970 482
1816980 481
1816990 480
1817000 479
1817010 478
1817020 478
1817030 478
1817040 478
1817050 478
1817060 479
1817070 479
1817080 480
1817090 481
1817100 482
1817110 483
1817120 484
1817130 485
1817140 487
1817150 488
1817160 489
1817170 491
1817180 492
1817190 493
1817200 494
1817210 495
1817220 496
1817230 496
1817240 497
1817250 497
1817260 497
1817270 497
1817280 497
1817290 498
1817300 498
1817310 498
1817320 498
1817330 498
1817340 498
1817350 498
1817360 499
1817370 499
1817380 499
1817390 500
1817400 501
1817410 502
1817420 502
1817430 503
1817440 503
1817450 504
1817460 504
1817470 504
1817480 504
1817490 504
1817500 504
1817510 504
1817520 504
1817530 504
1817540 504
1817550 504
1817560 505
1817570 507
1817580 508
1817590 509
1817600 510
1817610 510
1817620 511
1817630 512
1817640 512
1817650 513
1817660 513
1817670 514
1817680 514
1817690 514
1817700 514
1817710 514
1817720 514
1817730 514
1817740 514
1817750 515
1817760 515
1817770 516
1817780 517
1817790 517
1817800 518
1817810 518
1817820 519
1817830 519
1817840 520
1817850 520
1817860 520
1817870 521
1817880 521
1817890 521
1817900 522
1817910 523
1817920 523
1817930 523
1817940 522
1817950 523
1817960 524
1817970 525
1817980 526
1817990 526
1818000 526
1818010 527
1818020 527
1818030 527
1818040 528
1818050 529
1818060 530
1818070 532
1818080 535
1818090 537
1818100 539
1818110 540
1818120 542
1818130 543
1818140 544
1818150 545
1818160 547
1818170 549
1818180 550
1818190 552
1818200 554
1818210 555
1818220 557
1818230 558
1818240 560
1818250 561
1818260 562
1818270 564
1818280 565
1818290 566
1818300 568
1818310 569
1818320 570
1818330 572
1818340 573
1818350 574
1818360 575
1818370 576
1818380 577
1818390 578
1818400 579
1818410 580
1818420 581
1818430 582
1818440 583
1818450 583
1818460 584
1818470 585
1818480 586
1818490 587
1818500 588
1818510 590
1818520 591
1818530 592
1818540 592
1818550 593
1818560 594
1818570 595
1818580 596
1818590 597
1818600 597
1818610 598
1818620 599
1818630 600
1818640 601
1818650 602
1818660 603
1818670 604
1818680 605
1818690 606
1818700 607
1818710 609
1818720 610
1818730 611
1818740 612
1818750 613
1818760 614
1818770 615
1818780 616
1818790 618
1818800 619
1818810 621
1818820 622
1818830 623
1818840 624
1818850 625
1818860 627
1818870 628
1818880 629
1818890 631
1818900 632
1818910 633
1818920 634
1818930 636
1818940 637
1818950 638
1818960 640
1818970 641
1818980 642
1818990 643
1819000 644
1819010 645
1819020 646
1819030 647
1819040 649
1819050 650
1819060 652
1819070 653
1819080 655
1819090 656
1819100 658
1819110 659
1819120 661
1819130 662
1819140 664
1819150 665
1819160 666
1819170 667
1819180 668
1819190 669
1819200 669
1819210 669
1819220 669
1819230 668
1819240 668
1819250 667
1819260 666
1819270 665
1819280 664
1819290 663
1819300 661
1819310 660
1819320 658
1819330 656
1819340 653
1819350 651
1819360 649
1819370 647
1819380 646
1819390 645
1819400 645
1819410 644
1819420 644
1819430 643
1819440 642
1819450 640
1819460 637
1819470 635
1819480 633
1819490 631
1819500 630
1819510 629
1819520 628
1819530 627
1819540 626
1819550 625
1819560 623
1819570 622
1819580 620
1819590 618
1819600 616
1819610 613
1819620 611
1819630 609
1819640 606
1819650 603
1819660 601
1819670 598
1819680 596
1819690 594
1819700 592
1819710 590
1819720 587
1819730 585
1819740 583
1819750 581
1819760 579
1819770 578
1819780 576
1819790 575
1819800 575
1819810 575
1819820 575
1819830 576
1819840 577
1819850 578
1819860 580
1819870 581
1819880 581
1819890 581
1819900 581
1819910 580
1819920 579
1819930 578
1819940 577
1819950 576
1819960 575
1819970 574
1819980 574
1819990 573
