1800000 396
1800010 397
1800020 398
1800030 400
1800040 401
1800050 403
1800060 404
1800070 406
1800080 407
1800090 408
1800100 408
1800110 409
1800120 409
1800130 410
1800140 411
1800150 411
1800160 412
1800170 413
1800180 413
1800190 414
1800200 415
1800210 415
1800220 415
1800230 416
1800240 416
1800250 416
1800260 416
1800270 416
1800280 416
1800290 415
1800300 415
1800310 415
1800320 415
1800330 414
1800340 414
1800350 414
1800360 414
1800370 413
1800380 413
1800390 413
1800400 412
1800410 412
1800420 412
1800430 412
1800440 411
1800450 411
1800460 411
1800470 411
1800480 411
1800490 410
1800500 410
1800510 410
1800520 410
1800530 410
1800540 409
1800550 409
1800560 408
1800570 407
1800580 406
1800590 405
1800600 404
1800610 404
1800620 403
1800630 402
1800640 401
1800650 400
1800660 399
1800670 399
1800680 398
1800690 397
1800700 396
1800710 395
1800720 394
1800730 393
1800740 392
1800750 391
1800760 389
1800770 388
1800780 387
1800790 386
1800800 385
1800810 384
1800820 382
1800830 380
1800840 377
1800850 375
1800860 373
1800870 372
1800880 371
1800890 370
1800900 369
1800910 368
1800920 368
1800930 368
1800940 368
1800950 367
1800960 368
1800970 369
1800980 369
1800990 369
1801000 370
1801010 371
1801020 372
1801030 373
1801040 375
1801050 376
1801060 377
1801070 379
1801080 381
1801090 382
1801100 384
1801110 385
1801120 387
1801130 389
1801140 390
1801150 391
1801160 392
1801170 393
1801180 394
1801190 395
1801200 396
1801210 397
1801220 398
1801230 399
1801240 400
1801250 401
1801260 401
1801270 402
1801280 403
1801290 403
1801300 404
1801310 404
1801320 405
1801330 405
1801340 405
1801350 404
1801360 404
1801370 403
1801380 401
1801390 400
1801400 399
1801410 398
1801420 397
1801430 395
1801440 394
1801450 392
1801460 391
1801470 390
1801480 389
1801490 387
1801500 386
1801510 385
1801520 384
1801530 383
1801540 383
1801550 382
1801560 381
1801570 381
1801580 382
1801590 383
1801600 383
1801610 384
1801620 385
1801630 386
1801640 387
1801650 387
1801660 388
1801670 389
1801680 389
1801690 390
1801700 391
1801710 391
1801720 391
1801730 391
1801740 392
1801750 392
1801760 392
1801770 392
1801780 392
1801790 392
1801800 392
1801810 391
1801820 391
1801830 390
1801840 390
1801850 389
1801860 389
1801870 388
1801880 388
1801890 387
1801900 387
1801910 386
1801920 386
1801930 386
1801940 386
1801950 385
1801960 385
1801970 386
1801980 386
1801990 387
1802000 387
1802010 388
1802020 388
1802030 388
1802040 389
1802050 389
1802060 390
1802070 391
1802080 391
1802090 392
1802100 392
1802110 393
1802120 394
1802130 394
1802140 395
1802150 396
1802160 396
1802170 397
1802180 398
1802190 398
1802200 399
1802210 400
1802220 401
1802230 401
1802240 402
1802250 403
1802260 404
1802270 405
1802280 406
1802290 407
1802300 407
1802310 408
1802320 409
1802330 410
1802340 410
1802350 411
1802360 412
1802370 412
1802380 413
1802390 413
1802400 414
1802410 414
1802420 415
1802430 415
1802440 415
1802450 414
1802460 414
1802470 413
1802480 413
1802490 412
1802500 412
1802510 411
1802520 410
1802530 409
1802540 409
1802550 408
1802560 407
1802570 407
1802580 406
1802590 406
1802600 405
1802610 404
1802620 403
1802630 403
1802640 402
1802650 401
1802660 401
1802670 400
1802680 400
1802690 399
1802700 399
1802710 398
1802720 397
1802730 397
1802740 396
1802750 395
1802760 394
1802770 393
1802780 392
1802790 392
1802800 391
1802810 390
1802820 390
1802830 390
1802840 389
1802850 389
1802860 389
1802870 388
1802880 388
1802890 388
1802900 389
1802910 389
1802920 390
1802930 390
1802940 391
1802950 392
1802960 392
1802970 393
1802980 394
1802990 394
1803000 395
1803010 395
1803020 395
1803030 395
1803040 394
1803050 394
1803060 393
1803070 392
1803080 392
1803090 391
1803100 390
1803110 389
1803120 388
1803130 387
1803140 387
1803150 386
1803160 385
1803170 384
1803180 383
1803190 382
1803200 381
1803210 379
1803220 378
1803230 377
1803240 377
1803250 376
1803260 374
1803270 373
1803280 371
1803290 370
1803300 370
1803310 370
1803320 368
1803330 367
1803340 368
1803350 368
1803360 369
1803370 369
1803380 369
1803390 369
1803400 369
1803410 368
1803420 368
1803430 369
1803440 369
1803450 369
1803460 369
1803470 369
1803480 369
1803490 369
1803500 369
1803510 369
1803520 369
1803530 368
1803540 368
1803550 367
1803560 367
1803570 367
1803580 367
1803590 367
1803600 366
1803610 367
1803620 370
1803630 373
1803640 376
1803650 377
1803660 377
1803670 378
1803680 379
1803690 380
1803700 381
1803710 382
1803720 383
1803730 384
1803740 385
1803750 385
1803760 386
1803770 387
1803780 388
1803790 388
1803800 389
1803810 390
1803820 391
1803830 391
1803840 392
1803850 393
1803860 394
1803870 395
1803880 395
1803890 396
1803900 397
1803910 397
1803920 398
1803930 399
1803940 399
1803950 400
1803960 401
1803970 402
1803980 402
1803990 403
1804000 403
1804010 404
1804020 405
1804030 406
1804040 406
1804050 407
1804060 408
1804070 409
1804080 410
1804090 410
1804100 411
1804110 412
1804120 412
1804130 413
1804140 413
1804150 414
1804160 414
1804170 414
1804180 415
1804190 415
1804200 415
1804210 415
1804220 415
1804230 415
1804240 415
1804250 414
1804260 414
1804270 414
1804280 414
1804290 414
1804300 414
1804310 414
1804320 414
1804330 414
1804340 414
1804350 414
1804360 415
1804370 415
1804380 415
1804390 415
1804400 416
1804410 416
1804420 416
1804430 416
1804440 417
1804450 417
1804460 417
1804470 418
1804480 418
1804490 419
1804500 420
1804510 420
1804520 421
1804530 421
1804540 422
1804550 422
1804560 423
1804570 423
1804580 424
1804590 424
1804600 424
1804610 425
1804620 425
1804630 425
1804640 425
1804650 426
1804660 426
1804670 427
1804680 427
1804690 427
1804700 427
1804710 427
1804720 427
1804730 427
1804740 427
1804750 428
1804760 428
1804770 428
1804780 428
1804790 428
1804800 429
1804810 429
1804820 429
1804830 430
1804840 430
1804850 430
1804860 431
1804870 431
1804880 431
1804890 432
1804900 432
1804910 432
1804920 433
1804930 433
1804940 433
1804950 433
1804960 433
1804970 434
1804980 434
1804990 434
1805000 434
1805010 434
1805020 433
1805030 433
1805040 433
1805050 432
1805060 432
1805070 431
1805080 431
1805090 430
1805100 430
1805110 429
1805120 428
1805130 428
1805140 427
1805150 426
1805160 425
1805170 424
1805180 423
1805190 422
1805200 421
1805210 421
1805220 420
1805230 419
1805240 418
1805250 417
1805260 416
1805270 416
1805280 415
1805290 415
1805300 414
1805310 413
1805320 413
1805330 412
1805340 411
1805350 411
1805360 410
1805370 409
1805380 408
1805390 407
1805400 406
1805410 405
1805420 404
1805430 403
1805440 402
1805450 400
1805460 399
1805470 398
1805480 397
1805490 396
1805500 395
1805510 394
1805520 394
1805530 393
1805540 392
1805550 391
1805560 390
1805570 389
1805580 388
1805590 387
1805600 386
1805610 384
1805620 383
1805630 383
1805640 382
1805650 381
1805660 380
1805670 379
1805680 378
1805690 377
1805700 376
1805710 375
1805720 374
1805730 374
1805740 373
1805750 373
1805760 373
1805770 373
1805780 373
1805790 373
1805800 372
1805810 372
1805820 372
1805830 372
1805840 372
1805850 372
1805860 372
1805870 372
1805880 372
1805890 373
1805900 373
1805910 373
1805920 374
1805930 374
1805940 374
1805950 375
1805960 376
1805970 377
1805980 378
1805990 378
1806000 379
1806010 379
1806020 379
1806030 380
1806040 380
1806050 380
1806060 380
1806070 380
1806080 380
1806090 380
1806100 380
1806110 379
1806120 379
1806130 379
1806140 379
1806150 378
1806160 378
1806170 378
1806180 377
1806190 377
1806200 377
1806210 376
1806220 376
1806230 376
1806240 375
1806250 375
1806260 375
1806270 374
1806280 374
1806290 374
1806300 374
1806310 374
1806320 374
1806330 374
1806340 373
1806350 373
1806360 373
1806370 374
1806380 374
1806390 373
1806400 373
1806410 373
1806420 374
1806430 374
1806440 374
1806450 375
1806460 375
1806470 376
1806480 376
1806490 377
1806500 378
1806510 379
1806520 380
1806530 381
1806540 381
1806550 381
1806560 382
1806570 382
1806580 382
1806590 382
1806600 382
1806610 382
1806620 382
1806630 383
1806640 383
1806650 383
1806660 383
1806670 384
1806680 384
1806690 385
1806700 385
1806710 386
1806720 387
1806730 387
1806740 388
1806750 388
1806760 388
1806770 388
1806780 389
1806790 389
1806800 391
1806810 392
1806820 393
1806830 393
1806840 394
1806850 395
1806860 396
1806870 397
1806880 398
1806890 399
1806900 399
1806910 399
1806920 399
1806930 400
1806940 400
1806950 400
1806960 401
1806970 401
1806980 400
1806990 400
1807000 400
1807010 400
1807020 400
1807030 400
1807040 400
1807050 401
1807060 402
1807070 403
1807080 404
1807090 405
1807100 406
1807110 407
1807120 407
1807130 407
1807140 406
1807150 405
1807160 404
1807170 404
1807180 404
1807190 405
1807200 405
1807210 405
1807220 405
1807230 405
1807240 405
1807250 405
1807260 405
1807270 405
1807280 406
1807290 407
1807300 408
1807310 409
1807320 411
1807330 412
1807340 414
1807350 416
1807360 418
1807370 419
1807380 420
1807390 421
1807400 422
1807410 423
1807420 424
1807430 425
1807440 426
1807450 427
1807460 428
1807470 429
1807480 430
1807490 431
1807500 432
1807510 433
1807520 434
1807530 435
1807540 436
1807550 437
1807560 438
1807570 439
1807580 440
1807590 441
1807600 442
1807610 443
1807620 444
1807630 444
1807640 445
1807650 446
1807660 447
1807670 448
1807680 448
1807690 449
1807700 450
1807710 450
1807720 451
1807730 452
1807740 452
1807750 453
1807760 454
1807770 454
1807780 454
1807790 454
1807800 454
1807810 454
1807820 454
1807830 454
1807840 454
1807850 455
1807860 455
1807870 455
1807880 455
1807890 455
1807900 455
1807910 454
1807920 454
1807930 452
1807940 452
1807950 451
1807960 450
1807970 449
1807980 447
1807990 446
1808000 446
1808010 444
1808020 443
1808030 442
1808040 441
1808050 440
1808060 439
1808070 437
1808080 436
1808090 435
1808100 435
1808110 434
1808120 434
1808130 433
1808140 432
1808150 431
1808160 429
1808170 428
1808180 428
1808190 427
1808200 426
1808210 425
1808220 424
1808230 424
1808240 423
1808250 422
1808260 422
1808270 421
1808280 420
1808290 419
1808300 418
1808310 418
1808320 416
1808330 415
1808340 414
1808350 413
1808360 412
1808370 411
1808380 411
1808390 411
1808400 411
1808410 411
1808420 412
1808430 414
1808440 416
1808450 419
1808460 423
1808470 424
1808480 426
1808490 426
1808500 427
1808510 427
1808520 427
1808530 427
1808540 428
1808550 428
1808560 428
1808570 428
1808580 428
1808590 427
1808600 427
1808610 427
1808620 426
1808630 425
1808640 424
1808650 423
1808660 422
1808670 420
1808680 419
1808690 418
1808700 417
1808710 415
1808720 414
1808730 413
1808740 412
1808750 411
1808760 410
1808770 409
1808780 407
1808790 406
1808800 404
1808810 402
1808820 400
1808830 398
1808840 398
1808850 398
1808860 398
1808870 399
1808880 400
1808890 400
1808900 401
1808910 401
1808920 401
1808930 401
1808940 402
1808950 402
1808960 403
1808970 404
1808980 404
1808990 405
1809000 406
1809010 407
1809020 408
1809030 408
1809040 408
1809050 408
1809060 407
1809070 406
1809080 406
1809090 405
1809100 404
1809110 403
1809120 402
1809130 401
1809140 399
1809150 398
1809160 397
1809170 396
1809180 394
1809190 393
1809200 392
1809210 390
1809220 389
1809230 387
1809240 386
1809250 385
1809260 383
1809270 382
1809280 382
1809290 381
1809300 380
1809310 379
1809320 378
1809330 377
1809340 375
1809350 374
1809360 373
1809370 372
1809380 372
1809390 371
1809400 370
1809410 369
1809420 369
1809430 370
1809440 370
1809450 370
1809460 370
1809470 369
1809480 369
1809490 368
1809500 368
1809510 368
1809520 368
1809530 368
1809540 368
1809550 368
1809560 368
1809570 367
1809580 367
1809590 367
1809600 368
1809610 368
1809620 368
1809630 369
1809640 369
1809650 370
1809660 370
1809670 371
1809680 372
1809690 373
1809700 375
1809710 377
1809720 379
1809730 382
1809740 385
1809750 387
1809760 390
1809770 392
1809780 394
1809790 396
1809800 398
1809810 399
1809820 400
1809830 401
1809840 402
1809850 403
1809860 404
1809870 405
1809880 406
1809890 407
1809900 408
1809910 410
1809920 412
1809930 413
1809940 414
1809950 416
1809960 418
1809970 419
1809980 420
1809990 421
1810000 421
1810010 421
1810020 421
1810030 420
1810040 419
1810050 417
1810060 414
1810070 412
1810080 411
1810090 410
1810100 409
1810110 408
1810120 406
1810130 404
1810140 402
1810150 400
1810160 399
1810170 397
1810180 395
1810190 394
1810200 391
1810210 390
1810220 388
1810230 386
1810240 382
1810250 378
1810260 375
1810270 375
1810280 376
1810290 376
1810300 376
1810310 376
1810320 377
1810330 379
1810340 380
1810350 381
1810360 381
1810370 381
1810380 382
1810390 382
1810400 383
1810410 385
1810420 387
1810430 390
1810440 392
1810450 394
1810460 397
1810470 399
1810480 402
1810490 405
1810500 409
1810510 413
1810520 417
1810530 421
1810540 424
1810550 427
1810560 430
1810570 433
1810580 435
1810590 437
1810600 439
1810610 440
1810620 441
1810630 442
1810640 442
1810650 443
1810660 443
1810670 444
1810680 445
1810690 445
1810700 446
1810710 446
1810720 446
1810730 445
1810740 446
1810750 446
1810760 448
1810770 449
1810780 450
1810790 451
1810800 452
1810810 454
1810820 456
1810830 459
1810840 462
1810850 465
1810860 467
1810870 470
1810880 472
1810890 474
1810900 476
1810910 478
1810920 479
1810930 480
1810940 482
1810950 482
1810960 483
1810970 484
1810980 485
1810990 486
1811000 487
1811010 488
1811020 489
1811030 489
1811040 489
1811050 490
1811060 490
1811070 489
1811080 489
1811090 488
1811100 488
1811110 488
1811120 487
1811130 487
1811140 487
1811150 487
1811160 487
1811170 487
1811180 487
1811190 488
1811200 488
1811210 488
1811220 488
1811230 489
1811240 489
1811250 490
1811260 490
1811270 491
1811280 491
1811290 492
1811300 492
1811310 493
1811320 493
1811330 494
1811340 495
1811350 495
1811360 496
1811370 496
1811380 497
1811390 497
1811400 498
1811410 498
1811420 498
1811430 498
1811440 498
1811450 498
1811460 498
1811470 498
1811480 498
1811490 498
1811500 498
1811510 498
1811520 498
1811530 498
1811540 498
1811550 497
1811560 497
1811570 497
1811580 496
1811590 496
1811600 495
1811610 495
1811620 494
1811630 493
1811640 492
1811650 492
1811660 490
1811670 489
1811680 488
1811690 486
1811700 485
1811710 484
1811720 483
1811730 482
1811740 481
1811750 480
1811760 479
1811770 478
1811780 477
1811790 476
1811800 474
1811810 473
1811820 471
1811830 470
1811840 468
1811850 466
1811860 464
1811870 463
1811880 461
1811890 459
1811900 457
1811910 455
1811920 453
1811930 451
1811940 449
1811950 447
1811960 444
1811970 441
1811980 438
1811990 437
1812000 435
1812010 433
1812020 431
1812030 429
1812040 426
1812050 423
1812060 420
1812070 417
1812080 414
1812090 411
1812100 407
1812110 404
1812120 402
1812130 399
1812140 397
1812150 395
1812160 393
1812170 391
1812180 389
1812190 387
1812200 385
1812210 384
1812220 382
1812230 381
1812240 380
1812250 378
1812260 377
1812270 377
1812280 378
1812290 378
1812300 378
1812310 379
1812320 380
1812330 382
1812340 384
1812350 387
1812360 389
1812370 392
1812380 395
1812390 397
1812400 399
1812410 401
1812420 403
1812430 405
1812440 407
1812450 408
1812460 410
1812470 411
1812480 412
1812490 414
1812500 415
1812510 415
1812520 415
1812530 413
1812540 410
1812550 408
1812560 406
1812570 403
1812580 400
1812590 397
1812600 395
1812610 392
1812620 390
1812630 388
1812640 386
1812650 385
1812660 383
1812670 381
1812680 379
1812690 378
1812700 377
1812710 375
1812720 373
1812730 371
1812740 370
1812750 370
1812760 370
1812770 370
1812780 370
1812790 369
1812800 369
1812810 369
1812820 370
1812830 370
1812840 370
1812850 370
1812860 370
1812870 370
1812880 369
1812890 370
1812900 370
1812910 372
1812920 374
1812930 376
1812940 378
1812950 380
1812960 382
1812970 384
1812980 387
1812990 389
1813000 392
1813010 396
1813020 399
1813030 401
1813040 403
1813050 405
1813060 408
1813070 410
1813080 412
1813090 414
1813100 416
1813110 418
1813120 420
1813130 422
1813140 424
1813150 426
1813160 427
1813170 429
1813180 432
1813190 434
1813200 436
1813210 438
1813220 441
1813230 443
1813240 446
1813250 447
1813260 448
1813270 449
1813280 450
1813290 451
1813300 452
1813310 453
1813320 453
1813330 454
1813340 455
1813350 455
1813360 456
1813370 457
1813380 459
1813390 461
1813400 463
1813410 465
1813420 466
1813430 467
1813440 467
1813450 468
1813460 468
1813470 468
1813480 468
1813490 469
1813500 469
1813510 469
1813520 469
1813530 470
1813540 470
1813550 471
1813560 472
1813570 473
1813580 473
1813590 474
1813600 475
1813610 475
1813620 476
1813630 477
1813640 478
1813650 479
1813660 480
1813670 481
1813680 482
1813690 483
1813700 484
1813710 485
1813720 486
1813730 487
1813740 487
1813750 488
1813760 489
1813770 489
1813780 489
1813790 490
1813800 490
1813810 490
1813820 491
1813830 491
1813840 491
1813850 491
1813860 492
1813870 492
1813880 493
1813890 494
1813900 494
1813910 495
1813920 496
1813930 497
1813940 497
1813950 498
1813960 498
1813970 499
1813980 499
1813990 500
1814000 500
1814010 501
1814020 501
1814030 501
1814040 501
1814050 502
1814060 502
1814070 502
1814080 502
1814090 502
1814100 501
1814110 501
1814120 500
1814130 500
1814140 499
1814150 499
1814160 498
1814170 498
1814180 498
1814190 498
1814200 498
1814210 497
1814220 497
1814230 497
1814240 496
1814250 496
1814260 495
1814270 494
1814280 492
1814290 490
1814300 489
1814310 487
1814320 486
1814330 484
1814340 483
1814350 481
1814360 479
1814370 477
1814380 476
1814390 474
1814400 473
1814410 472
1814420 471
1814430 469
1814440 467
1814450 465
1814460 464
1814470 464
1814480 465
1814490 466
1814500 467
1814510 468
1814520 469
1814530 470
1814540 472
1814550 474
1814560 475
1814570 476
1814580 477
1814590 478
1814600 479
1814610 480
1814620 480
1814630 481
1814640 483
1814650 484
1814660 486
1814670 487
1814680 487
1814690 488
1814700 489
1814710 491
1814720 491
1814730 492
1814740 493
1814750 494
1814760 495
1814770 496
1814780 496
1814790 497
1814800 498
1814810 499
1814820 499
1814830 500
1814840 501
1814850 502
1814860 503
1814870 504
1814880 505
1814890 506
1814900 507
1814910 509
1814920 510
1814930 512
1814940 513
1814950 514
1814960 515
1814970 516
1814980 517
1814990 519
1815000 520
1815010 521
1815020 522
1815030 523
1815040 524
1815050 525
1815060 526
1815070 527
1815080 528
1815090 528
1815100 529
1815110 529
1815120 530
1815130 531
1815140 531
1815150 532
1815160 533
1815170 533
1815180 533
1815190 534
1815200 534
1815210 535
1815220 535
1815230 536
1815240 537
1815250 537
1815260 538
1815270 539
1815280 539
1815290 540
1815300 541
1815310 541
1815320 542
1815330 542
1815340 542
1815350 542
1815360 543
1815370 543
1815380 543
1815390 544
1815400 544
1815410 545
1815420 545
1815430 545
1815440 546
1815450 546
1815460 546
1815470 546
1815480 546
1815490 545
1815500 545
1815510 544
1815520 543
1815530 542
1815540 541
1815550 540
1815560 539
1815570 537
1815580 537
1815590 536
1815600 534
1815610 533
1815620 532
1815630 532
1815640 531
1815650 530
1815660 529
1815670 528
1815680 527
1815690 525
1815700 524
1815710 523
1815720 522
1815730 520
1815740 519
1815750 517
1815760 516
1815770 515
1815780 513
1815790 512
1815800 510
1815810 509
1815820 508
1815830 506
1815840 505
1815850 503
1815860 502
1815870 501
1815880 500
1815890 499
1815900 498
1815910 497
1815920 496
1815930 495
1815940 494
1815950 494
1815960 493
1815970 493
1815980 493
1815990 493
1816000 493
1816010 493
1816020 493
1816030 493
1816040 493
1816050 493
1816060 494
1816070 494
1816080 495
1816090 495
1816100 495
1816110 495
1816120 496
1816130 496
1816140 496
1816150 496
1816160 495
1816170 493
1816180 492
1816190 491
1816200 490
1816210 489
1816220 488
1816230 487
1816240 486
1816250 485
1816260 485
1816270 485
1816280 485
1816290 485
1816300 485
1816310 486
1816320 487
1816330 488
1816340 489
1816350 491
1816360 492
1816370 495
1816380 497
1816390 499
1816400 501
1816410 503
1816420 505
1816430 508
1816440 510
1816450 512
1816460 515
1816470 517
1816480 519
1816490 521
1816500 523
1816510 524
1816520 525
1816530 527
1816540 528
1816550 529
1816560 531
1816570 532
1816580 533
1816590 533
1816600 534
1816610 535
1816620 536
1816630 537
1816640 538
1816650 538
1816660 539
1816670 539
1816680 539
1816690 539
1816700 539
1816710 539
1816720 538
1816730 538
1816740 537
1816750 536
1816760 536
1816770 534
1816780 533
1816790 532
1816800 531
1816810 530
1816820 528
1816830 527
1816840 526
1816850 525
1816860 524
1816870 524
1816880 523
1816890 523
1816900 523
1816910 523
1816920 523
1816930 524
1816940 524
1816950 524
1816960 524
1816970 524
1816980 524
1816990 524
1817000 523
1817010 522
1817020 522
1817030 521
1817040 520
1817050 519
1817060 519
1817070 518
1817080 518
1817090 517
1817100 516
1817110 515
1817120 514
1817130 513
1817140 512
1817150 510
1817160 509
1817170 507
1817180 506
1817190 505
1817200 504
1817210 503
1817220 502
1817230 502
1817240 503
1817250 504
1817260 506
1817270 507
1817280 508
1817290 509
1817300 510
1817310 511
1817320 512
1817330 513
1817340 513
1817350 514
1817360 516
1817370 517
1817380 518
1817390 518
1817400 519
1817410 519
1817420 520
1817430 520
1817440 520
1817450 520
1817460 519
1817470 519
1817480 519
1817490 519
1817500 519
1817510 519
1817520 520
1817530 521
1817540 522
1817550 523
1817560 523
1817570 524
1817580 525
1817590 525
1817600 526
1817610 527
1817620 528
1817630 529
1817640 529
1817650 530
1817660 531
1817670 532
1817680 533
1817690 535
1817700 536
1817710 537
1817720 538
1817730 539
1817740 540
1817750 541
1817760 541
1817770 542
1817780 543
1817790 544
1817800 545
1817810 546
1817820 546
1817830 546
1817840 547
1817850 547
1817860 547
1817870 548
1817880 549
1817890 550
1817900 551
1817910 551
1817920 552
1817930 552
1817940 552
1817950 552
1817960 551
1817970 551
1817980 551
1817990 551
1818000 551
1818010 551
1818020 551
1818030 551
1818040 551
1818050 551
1818060 551
1818070 551
1818080 552
1818090 552
1818100 553
1818110 553
1818120 554
1818130 554
1818140 556
1818150 557
1818160 558
1818170 559
1818180 559
1818190 560
1818200 560
1818210 560
1818220 561
1818230 561
1818240 561
1818250 562
1818260 562
1818270 562
1818280 562
1818290 563
1818300 563
1818310 564
1818320 565
1818330 565
1818340 566
1818350 567
1818360 568
1818370 569
1818380 570
1818390 572
1818400 573
1818410 574
1818420 575
1818430 577
1818440 578
1818450 579
1818460 581
1818470 582
1818480 583
1818490 584
1818500 585
1818510 586
1818520 587
1818530 588
1818540 589
1818550 589
1818560 590
1818570 591
1818580 592
1818590 594
1818600 595
1818610 596
1818620 597
1818630 598
1818640 599
1818650 600
1818660 601
1818670 602
1818680 603
1818690 604
1818700 605
1818710 606
1818720 607
1818730 608
1818740 609
1818750 610
1818760 611
1818770 612
1818780 613
1818790 614
1818800 615
1818810 616
1818820 617
1818830 618
1818840 619
1818850 620
1818860 622
1818870 623
1818880 624
1818890 625
1818900 627
1818910 628
1818920 629
1818930 630
1818940 631
1818950 632
1818960 633
1818970 634
1818980 635
1818990 635
1819000 636
1819010 637
1819020 637
1819030 638
1819040 639
1819050 639
1819060 640
1819070 641
1819080 641
1819090 642
1819100 642
1819110 643
1819120 644
1819130 645
1819140 646
1819150 647
1819160 648
1819170 649
1819180 650
1819190 652
1819200 653
1819210 654
1819220 655
1819230 655
1819240 656
1819250 657
1819260 658
1819270 659
1819280 660
1819290 661
1819300 662
1819310 663
1819320 663
1819330 663
1819340 663
1819350 662
1819360 661
1819370 660
1819380 659
1819390 658
1819400 657
1819410 656
1819420 655
1819430 654
1819440 653
1819450 651
1819460 649
1819470 648
1819480 646
1819490 645
1819500 644
1819510 642
1819520 641
1819530 639
1819540 638
1819550 637
1819560 636
1819570 635
1819580 634
1819590 633
1819600 632
1819610 631
1819620 630
1819630 629
1819640 628
1819650 627
1819660 626
1819670 625
1819680 624
1819690 624
1819700 623
1819710 623
1819720 623
1819730 623
1819740 623
1819750 623
1819760 623
1819770 623
1819780 623
1819790 623
1819800 623
1819810 623
1819820 623
1819830 623
1819840 623
1819850 623
1819860 622
1819870 622
1819880 621
1819890 621
1819900 621
1819910 620
1819920 619
1819930 618
1819940 617
1819950 617
1819960 615
1819970 614
1819980 613
1819990 613
