1800000 424
1800010 425
1800020 425
1800030 426
1800040 426
1800050 427
1800060 427
1800070 427
1800080 427
1800090 426
1800100 426
1800110 425
1800120 424
1800130 423
1800140 422
1800150 421
1800160 420
1800170 419
1800180 417
1800190 415
1800200 414
1800210 415
1800220 416
1800230 417
1800240 416
1800250 416
1800260 415
1800270 415
1800280 414
1800290 413
1800300 412
1800310 411
1800320 410
1800330 409
1800340 408
1800350 407
1800360 406
1800370 405
1800380 404
1800390 403
1800400 402
1800410 401
1800420 401
1800430 400
1800440 399
1800450 398
1800460 397
1800470 396
1800480 395
1800490 394
1800500 393
1800510 391
1800520 390
1800530 388
1800540 386
1800550 384
1800560 382
1800570 382
1800580 382
1800590 382
1800600 382
1800610 382
1800620 384
1800630 385
1800640 385
1800650 386
1800660 386
1800670 386
1800680 387
1800690 388
1800700 389
1800710 390
1800720 392
1800730 394
1800740 396
1800750 398
1800760 400
1800770 403
1800780 405
1800790 406
1800800 408
1800810 407
1800820 405
1800830 403
1800840 401
1800850 399
1800860 397
1800870 395
1800880 394
1800890 393
1800900 393
1800910 393
1800920 392
1800930 393
1800940 393
1800950 394
1800960 396
1800970 397
1800980 399
1800990 400
1801000 401
1801010 401
1801020 401
1801030 400
1801040 399
1801050 398
1801060 397
1801070 395
1801080 392
1801090 391
1801100 390
1801110 390
1801120 391
1801130 393
1801140 396
1801150 398
1801160 399
1801170 400
1801180 401
1801190 402
1801200 404
1801210 405
1801220 406
1801230 407
1801240 409
1801250 411
1801260 412
1801270 414
1801280 415
1801290 416
1801300 416
1801310 417
1801320 417
1801330 418
1801340 418
1801350 419
1801360 419
1801370 420
1801380 420
1801390 421
1801400 421
1801410 422
1801420 422
1801430 423
1801440 423
1801450 424
1801460 424
1801470 425
1801480 425
1801490 425
1801500 426
1801510 426
1801520 427
1801530 427
1801540 427
1801550 427
1801560 427
1801570 426
1801580 426
1801590 425
1801600 425
1801610 424
1801620 423
1801630 423
1801640 423
1801650 422
1801660 421
1801670 421
1801680 420
1801690 420
1801700 419
1801710 419
1801720 419
1801730 419
1801740 419
1801750 419
1801760 419
1801770 419
1801780 419
1801790 419
1801800 419
1801810 418
1801820 418
1801830 419
1801840 419
1801850 419
1801860 420
1801870 420
1801880 421
1801890 421
1801900 421
1801910 421
1801920 421
1801930 421
1801940 420
1801950 420
1801960 419
1801970 418
1801980 418
1801990 417
1802000 416
1802010 415
1802020 415
1802030 414
1802040 413
1802050 413
1802060 413
1802070 412
1802080 412
1802090 412
1802100 412
1802110 412
1802120 412
1802130 412
1802140 412
1802150 412
1802160 412
1802170 413
1802180 413
1802190 413
1802200 414
1802210 414
1802220 415
1802230 415
1802240 415
1802250 414
1802260 414
1802270 413
1802280 412
1802290 412
1802300 411
1802310 411
1802320 411
1802330 410
1802340 410
1802350 409
1802360 409
1802370 408
1802380 408
1802390 407
1802400 407
1802410 407
1802420 406
1802430 406
1802440 406
1802450 406
1802460 405
1802470 405
1802480 405
1802490 405
1802500 405
1802510 404
1802520 404
1802530 404
1802540 404
1802550 403
1802560 403
1802570 403
1802580 403
1802590 402
1802600 402
1802610 402
1802620 401
1802630 401
1802640 400
1802650 399
1802660 398
1802670 398
1802680 397
1802690 396
1802700 395
1802710 394
1802720 393
1802730 392
1802740 392
1802750 391
1802760 390
1802770 390
1802780 389
1802790 389
1802800 388
1802810 388
1802820 387
1802830 387
1802840 386
1802850 386
1802860 385
1802870 385
1802880 384
1802890 383
1802900 383
1802910 382
1802920 382
1802930 381
1802940 381
1802950 380
1802960 380
1802970 380
1802980 379
1802990 378
1803000 378
1803010 378
1803020 377
1803030 377
1803040 377
1803050 377
1803060 377
1803070 377
1803080 377
1803090 377
1803100 377
1803110 377
1803120 376
1803130 376
1803140 375
1803150 375
1803160 376
1803170 376
1803180 376
1803190 376
1803200 377
1803210 377
1803220 377
1803230 377
1803240 377
1803250 376
1803260 376
1803270 376
1803280 377
1803290 377
1803300 378
1803310 379
1803320 380
1803330 381
1803340 381
1803350 382
1803360 382
1803370 382
1803380 383
1803390 383
1803400 383
1803410 384
1803420 384
1803430 384
1803440 384
1803450 385
1803460 385
1803470 385
1803480 385
1803490 385
1803500 385
1803510 385
1803520 385
1803530 384
1803540 384
1803550 383
1803560 383
1803570 382
1803580 381
1803590 381
1803600 380
1803610 380
1803620 379
1803630 379
1803640 378
1803650 378
1803660 377
1803670 377
1803680 376
1803690 376
1803700 376
1803710 376
1803720 376
1803730 376
1803740 375
1803750 375
1803760 375
1803770 375
1803780 375
1803790 375
1803800 375
1803810 375
1803820 376
1803830 377
1803840 377
1803850 376
1803860 376
1803870 376
1803880 376
1803890 377
1803900 377
1803910 378
1803920 378
1803930 379
1803940 379
1803950 379
1803960 380
1803970 380
1803980 381
1803990 381
1804000 381
1804010 382
1804020 382
1804030 383
1804040 383
1804050 384
1804060 384
1804070 384
1804080 385
1804090 385
1804100 386
1804110 386
1804120 387
1804130 388
1804140 389
1804150 389
1804160 390
1804170 391
1804180 391
1804190 392
1804200 393
1804210 393
1804220 394
1804230 395
1804240 395
1804250 396
1804260 396
1804270 397
1804280 398
1804290 399
1804300 399
1804310 400
1804320 401
1804330 402
1804340 402
1804350 403
1804360 404
1804370 405
1804380 406
1804390 407
1804400 408
1804410 409
1804420 410
1804430 412
1804440 413
1804450 415
1804460 416
1804470 418
1804480 419
1804490 420
1804500 421
1804510 422
1804520 423
1804530 424
1804540 425
1804550 425
1804560 426
1804570 426
1804580 427
1804590 427
1804600 427
1804610 428
1804620 429
1804630 431
1804640 432
1804650 434
1804660 435
1804670 436
1804680 436
1804690 437
1804700 437
1804710 438
1804720 439
1804730 439
1804740 440
1804750 441
1804760 441
1804770 442
1804780 442
1804790 442
1804800 442
1804810 442
1804820 442
1804830 442
1804840 442
1804850 441
1804860 441
1804870 441
1804880 440
1804890 440
1804900 439
1804910 439
1804920 438
1804930 436
1804940 435
1804950 434
1804960 434
1804970 433
1804980 433
1804990 432
1805000 431
1805010 431
1805020 430
1805030 429
1805040 429
1805050 428
1805060 428
1805070 427
1805080 427
1805090 426
1805100 426
1805110 425
1805120 425
1805130 424
1805140 424
1805150 423
1805160 422
1805170 421
1805180 421
1805190 420
1805200 418
1805210 417
1805220 416
1805230 415
1805240 413
1805250 412
1805260 411
1805270 410
1805280 408
1805290 407
1805300 406
1805310 405
1805320 404
1805330 403
1805340 402
1805350 401
1805360 399
1805370 398
1805380 397
1805390 396
1805400 395
1805410 394
1805420 392
1805430 390
1805440 389
1805450 388
1805460 387
1805470 385
1805480 384
1805490 383
1805500 383
1805510 381
1805520 380
1805530 380
1805540 379
1805550 379
1805560 379
1805570 379
1805580 380
1805590 380
1805600 381
1805610 382
1805620 384
1805630 385
1805640 385
1805650 384
1805660 383
1805670 383
1805680 384
1805690 389
1805700 394
1805710 395
1805720 395
1805730 396
1805740 396
1805750 396
1805760 397
1805770 397
1805780 397
1805790 398
1805800 398
1805810 399
1805820 399
1805830 400
1805840 401
1805850 401
1805860 402
1805870 403
1805880 403
1805890 404
1805900 405
1805910 405
1805920 406
1805930 407
1805940 407
1805950 408
1805960 408
1805970 408
1805980 408
1805990 409
1806000 409
1806010 409
1806020 409
1806030 409
1806040 409
1806050 409
1806060 409
1806070 409
1806080 408
1806090 408
1806100 408
1806110 408
1806120 408
1806130 408
1806140 407
1806150 407
1806160 407
1806170 407
1806180 407
1806190 406
1806200 406
1806210 406
1806220 405
1806230 404
1806240 404
1806250 403
1806260 402
1806270 401
1806280 400
1806290 399
1806300 398
1806310 397
1806320 396
1806330 395
1806340 395
1806350 394
1806360 394
1806370 393
1806380 392
1806390 392
1806400 392
1806410 391
1806420 391
1806430 390
1806440 390
1806450 389
1806460 389
1806470 388
1806480 388
1806490 387
1806500 386
1806510 385
1806520 385
1806530 384
1806540 383
1806550 383
1806560 382
1806570 382
1806580 382
1806590 383
1806600 384
1806610 384
1806620 385
1806630 386
1806640 388
1806650 388
1806660 389
1806670 390
1806680 391
1806690 392
1806700 393
1806710 394
1806720 394
1806730 395
1806740 395
1806750 396
1806760 398
1806770 398
1806780 399
1806790 400
1806800 401
1806810 402
1806820 404
1806830 404
1806840 404
1806850 404
1806860 404
1806870 405
1806880 406
1806890 409
1806900 410
1806910 411
1806920 412
1806930 412
1806940 413
1806950 413
1806960 414
1806970 414
1806980 415
1806990 414
1807000 414
1807010 413
1807020 413
1807030 413
1807040 413
1807050 413
1807060 414
1807070 414
1807080 414
1807090 415
1807100 415
1807110 415
1807120 415
1807130 414
1807140 414
1807150 413
1807160 412
1807170 411
1807180 410
1807190 410
1807200 410
1807210 410
1807220 410
1807230 410
1807240 410
1807250 411
1807260 412
1807270 412
1807280 412
1807290 412
1807300 412
1807310 412
1807320 412
1807330 413
1807340 414
1807350 414
1807360 415
1807370 416
1807380 417
1807390 418
1807400 419
1807410 420
1807420 420
1807430 421
1807440 421
1807450 422
1807460 423
1807470 424
1807480 425
1807490 426
1807500 427
1807510 428
1807520 428
1807530 429
1807540 430
1807550 431
1807560 432
1807570 432
1807580 433
1807590 433
1807600 433
1807610 434
1807620 435
1807630 436
1807640 437
1807650 438
1807660 440
1807670 441
1807680 443
1807690 444
1807700 445
1807710 446
1807720 447
1807730 448
1807740 449
1807750 449
1807760 450
1807770 451
1807780 451
1807790 452
1807800 453
1807810 453
1807820 454
1807830 454
1807840 454
1807850 454
1807860 453
1807870 452
1807880 452
1807890 452
1807900 451
1807910 451
1807920 451
1807930 450
1807940 450
1807950 449
1807960 449
1807970 448
1807980 447
1807990 447
1808000 446
1808010 445
1808020 444
1808030 443
1808040 442
1808050 441
1808060 440
1808070 438
1808080 437
1808090 436
1808100 434
1808110 433
1808120 432
1808130 432
1808140 431
1808150 430
1808160 430
1808170 429
1808180 429
1808190 428
1808200 428
1808210 426
1808220 424
1808230 423
1808240 421
1808250 419
1808260 418
1808270 416
1808280 415
1808290 414
1808300 413
1808310 412
1808320 410
1808330 409
1808340 408
1808350 407
1808360 405
1808370 404
1808380 404
1808390 404
1808400 403
1808410 402
1808420 401
1808430 400
1808440 398
1808450 397
1808460 397
1808470 398
1808480 398
1808490 398
1808500 397
1808510 397
1808520 397
1808530 398
1808540 398
1808550 398
1808560 397
1808570 396
1808580 395
1808590 394
1808600 393
1808610 392
1808620 391
1808630 390
1808640 390
1808650 390
1808660 390
1808670 390
1808680 391
1808690 391
1808700 391
1808710 391
1808720 391
1808730 391
1808740 390
1808750 390
1808760 390
1808770 389
1808780 389
1808790 388
1808800 387
1808810 387
1808820 386
1808830 386
1808840 385
1808850 385
1808860 384
1808870 384
1808880 383
1808890 383
1808900 382
1808910 381
1808920 381
1808930 380
1808940 380
1808950 379
1808960 379
1808970 378
1808980 377
1808990 377
1809000 376
1809010 376
1809020 375
1809030 375
1809040 374
1809050 374
1809060 373
1809070 373
1809080 372
1809090 372
1809100 372
1809110 372
1809120 372
1809130 372
1809140 372
1809150 372
1809160 372
1809170 372
1809180 372
1809190 371
1809200 371
1809210 371
1809220 371
1809230 371
1809240 371
1809250 371
1809260 371
1809270 371
1809280 370
1809290 370
1809300 370
1809310 370
1809320 370
1809330 370
1809340 370
1809350 370
1809360 370
1809370 370
1809380 370
1809390 370
1809400 370
1809410 370
1809420 370
1809430 370
1809440 370
1809450 370
1809460 370
1809470 369
1809480 369
1809490 370
1809500 370
1809510 371
1809520 371
1809530 371
1809540 373
1809550 376
1809560 380
1809570 383
1809580 386
1809590 387
1809600 389
1809610 390
1809620 391
1809630 393
1809640 394
1809650 395
1809660 396
1809670 397
1809680 397
1809690 398
1809700 399
1809710 399
1809720 400
1809730 401
1809740 401
1809750 402
1809760 403
1809770 404
1809780 404
1809790 405
1809800 406
1809810 407
1809820 408
1809830 409
1809840 411
1809850 412
1809860 413
1809870 414
1809880 414
1809890 415
1809900 416
1809910 417
1809920 418
1809930 418
1809940 419
1809950 420
1809960 421
1809970 421
1809980 421
1809990 422
1810000 422
1810010 422
1810020 421
1810030 421
1810040 420
1810050 419
1810060 418
1810070 417
1810080 416
1810090 416
1810100 415
1810110 413
1810120 412
1810130 411
1810140 410
1810150 409
1810160 408
1810170 406
1810180 404
1810190 402
1810200 401
1810210 399
1810220 398
1810230 396
1810240 395
1810250 394
1810260 393
1810270 392
1810280 390
1810290 389
1810300 388
1810310 387
1810320 387
1810330 387
1810340 386
1810350 386
1810360 386
1810370 387
1810380 388
1810390 391
1810400 397
1810410 402
1810420 406
1810430 408
1810440 408
1810450 406
1810460 403
1810470 401
1810480 399
1810490 398
1810500 397
1810510 397
1810520 397
1810530 397
1810540 397
1810550 397
1810560 398
1810570 398
1810580 399
1810590 398
1810600 398
1810610 397
1810620 397
1810630 397
1810640 397
1810650 398
1810660 399
1810670 400
1810680 399
1810690 399
1810700 399
1810710 400
1810720 400
1810730 400
1810740 401
1810750 403
1810760 404
1810770 405
1810780 406
1810790 407
1810800 406
1810810 406
1810820 406
1810830 406
1810840 407
1810850 409
1810860 410
1810870 409
1810880 409
1810890 409
1810900 411
1810910 414
1810920 416
1810930 419
1810940 421
1810950 423
1810960 425
1810970 426
1810980 428
1810990 430
1811000 431
1811010 433
1811020 434
1811030 436
1811040 437
1811050 438
1811060 439
1811070 440
1811080 441
1811090 442
1811100 443
1811110 444
1811120 446
1811130 447
1811140 448
1811150 450
1811160 451
1811170 453
1811180 454
1811190 455
1811200 456
1811210 457
1811220 457
1811230 458
1811240 458
1811250 459
1811260 458
1811270 458
1811280 458
1811290 458
1811300 457
1811310 457
1811320 457
1811330 457
1811340 456
1811350 456
1811360 457
1811370 457
1811380 457
1811390 457
1811400 458
1811410 458
1811420 459
1811430 460
1811440 461
1811450 462
1811460 463
1811470 464
1811480 466
1811490 467
1811500 468
1811510 468
1811520 469
1811530 469
1811540 470
1811550 470
1811560 470
1811570 470
1811580 469
1811590 469
1811600 469
1811610 468
1811620 468
1811630 467
1811640 465
1811650 464
1811660 462
1811670 462
1811680 461
1811690 460
1811700 458
1811710 457
1811720 455
1811730 453
1811740 452
1811750 450
1811760 449
1811770 448
1811780 446
1811790 444
1811800 442
1811810 442
1811820 443
1811830 443
1811840 443
1811850 442
1811860 441
1811870 441
1811880 440
1811890 440
1811900 440
1811910 440
1811920 440
1811930 440
1811940 439
1811950 439
1811960 439
1811970 439
1811980 439
1811990 439
1812000 438
1812010 437
1812020 436
1812030 434
1812040 432
1812050 429
1812060 427
1812070 425
1812080 423
1812090 420
1812100 418
1812110 415
1812120 412
1812130 410
1812140 408
1812150 405
1812160 403
1812170 401
1812180 400
1812190 398
1812200 397
1812210 395
1812220 394
1812230 394
1812240 394
1812250 393
1812260 392
1812270 393
1812280 395
1812290 398
1812300 400
1812310 402
1812320 405
1812330 407
1812340 410
1812350 412
1812360 415
1812370 417
1812380 420
1812390 422
1812400 425
1812410 428
1812420 430
1812430 432
1812440 434
1812450 436
1812460 438
1812470 440
1812480 440
1812490 439
1812500 438
1812510 436
1812520 434
1812530 432
1812540 430
1812550 428
1812560 426
1812570 424
1812580 422
1812590 420
1812600 417
1812610 415
1812620 413
1812630 410
1812640 408
1812650 405
1812660 402
1812670 400
1812680 398
1812690 395
1812700 394
1812710 392
1812720 390
1812730 389
1812740 388
1812750 386
1812760 385
1812770 383
1812780 381
1812790 379
1812800 377
1812810 376
1812820 375
1812830 375
1812840 375
1812850 375
1812860 375
1812870 375
1812880 375
1812890 375
1812900 375
1812910 375
1812920 374
1812930 374
1812940 374
1812950 376
1812960 378
1812970 380
1812980 381
1812990 383
1813000 385
1813010 387
1813020 388
1813030 390
1813040 392
1813050 395
1813060 398
1813070 401
1813080 403
1813090 406
1813100 408
1813110 410
1813120 412
1813130 414
1813140 417
1813150 419
1813160 422
1813170 425
1813180 427
1813190 429
1813200 431
1813210 433
1813220 435
1813230 437
1813240 439
1813250 440
1813260 441
1813270 443
1813280 444
1813290 447
1813300 449
1813310 452
1813320 455
1813330 458
1813340 460
1813350 461
1813360 462
1813370 463
1813380 464
1813390 465
1813400 466
1813410 466
1813420 467
1813430 467
1813440 467
1813450 468
1813460 468
1813470 468
1813480 468
1813490 469
1813500 469
1813510 469
1813520 469
1813530 470
1813540 470
1813550 470
1813560 470
1813570 470
1813580 471
1813590 471
1813600 471
1813610 472
1813620 472
1813630 472
1813640 472
1813650 472
1813660 472
1813670 472
1813680 472
1813690 472
1813700 473
1813710 474
1813720 475
1813730 476
1813740 477
1813750 478
1813760 479
1813770 480
1813780 482
1813790 483
1813800 485
1813810 487
1813820 488
1813830 490
1813840 491
1813850 493
1813860 494
1813870 495
1813880 496
1813890 498
1813900 499
1813910 500
1813920 501
1813930 502
1813940 503
1813950 504
1813960 505
1813970 506
1813980 506
1813990 507
1814000 508
1814010 508
1814020 509
1814030 509
1814040 510
1814050 511
1814060 511
1814070 512
1814080 513
1814090 513
1814100 514
1814110 514
1814120 515
1814130 516
1814140 516
1814150 517
1814160 518
1814170 518
1814180 519
1814190 519
1814200 520
1814210 521
1814220 521
1814230 522
1814240 523
1814250 523
1814260 523
1814270 524
1814280 523
1814290 523
1814300 522
1814310 521
1814320 520
1814330 518
1814340 516
1814350 515
1814360 515
1814370 514
1814380 515
1814390 515
1814400 515
1814410 515
1814420 514
1814430 514
1814440 514
1814450 514
1814460 513
1814470 513
1814480 512
1814490 511
1814500 511
1814510 510
1814520 509
1814530 509
1814540 508
1814550 508
1814560 507
1814570 507
1814580 506
1814590 506
1814600 505
1814610 505
1814620 505
1814630 505
1814640 504
1814650 504
1814660 504
1814670 504
1814680 504
1814690 505
1814700 505
1814710 505
1814720 506
1814730 507
1814740 507
1814750 508
1814760 509
1814770 511
1814780 513
1814790 515
1814800 517
1814810 518
1814820 520
1814830 521
1814840 522
1814850 523
1814860 524
1814870 524
1814880 524
1814890 525
1814900 524
1814910 524
1814920 524
1814930 524
1814940 524
1814950 524
1814960 524
1814970 524
1814980 525
1814990 525
1815000 526
1815010 527
1815020 527
1815030 528
1815040 528
1815050 528
1815060 527
1815070 526
1815080 525
1815090 524
1815100 523
1815110 522
1815120 521
1815130 520
1815140 519
1815150 518
1815160 517
1815170 516
1815180 516
1815190 515
1815200 514
1815210 513
1815220 512
1815230 511
1815240 510
1815250 508
1815260 507
1815270 506
1815280 504
1815290 503
1815300 501
1815310 500
1815320 500
1815330 501
1815340 503
1815350 504
1815360 505
1815370 505
1815380 506
1815390 506
1815400 506
1815410 507
1815420 508
1815430 509
1815440 509
1815450 510
1815460 511
1815470 512
1815480 513
1815490 514
1815500 514
1815510 514
1815520 514
1815530 515
1815540 515
1815550 515
1815560 515
1815570 515
1815580 515
1815590 515
1815600 515
1815610 514
1815620 514
1815630 514
1815640 514
1815650 514
1815660 513
1815670 513
1815680 513
1815690 513
1815700 512
1815710 512
1815720 511
1815730 511
1815740 510
1815750 509
1815760 509
1815770 508
1815780 508
1815790 507
1815800 506
1815810 505
1815820 504
1815830 503
1815840 502
1815850 499
1815860 496
1815870 492
1815880 487
1815890 484
1815900 480
1815910 478
1815920 475
1815930 474
1815940 472
1815950 470
1815960 469
1815970 468
1815980 467
1815990 465
1816000 464
1816010 462
1816020 461
1816030 460
1816040 458
1816050 457
1816060 455
1816070 454
1816080 453
1816090 452
1816100 451
1816110 449
1816120 447
1816130 445
1816140 444
1816150 444
1816160 445
1816170 446
1816180 448
1816190 451
1816200 453
1816210 456
1816220 459
1816230 462
1816240 465
1816250 468
1816260 471
1816270 474
1816280 476
1816290 479
1816300 481
1816310 482
1816320 484
1816330 485
1816340 487
1816350 488
1816360 489
1816370 490
1816380 492
1816390 493
1816400 494
1816410 496
1816420 497
1816430 499
1816440 501
1816450 503
1816460 504
1816470 506
1816480 508
1816490 510
1816500 512
1816510 514
1816520 515
1816530 517
1816540 518
1816550 519
1816560 520
1816570 520
1816580 521
1816590 521
1816600 521
1816610 521
1816620 520
1816630 520
1816640 520
1816650 519
1816660 519
1816670 519
1816680 519
1816690 518
1816700 518
1816710 517
1816720 517
1816730 516
1816740 515
1816750 514
1816760 514
1816770 513
1816780 513
1816790 512
1816800 512
1816810 511
1816820 511
1816830 511
1816840 511
1816850 512
1816860 512
1816870 513
1816880 514
1816890 515
1816900 516
1816910 517
1816920 518
1816930 519
1816940 519
1816950 520
1816960 521
1816970 521
1816980 522
1816990 522
1817000 522
1817010 522
1817020 522
1817030 522
1817040 522
1817050 522
1817060 522
1817070 522
1817080 522
1817090 522
1817100 522
1817110 522
1817120 522
1817130 522
1817140 522
1817150 522
1817160 522
1817170 522
1817180 522
1817190 522
1817200 522
1817210 522
1817220 522
1817230 522
1817240 522
1817250 522
1817260 522
1817270 522
1817280 521
1817290 521
1817300 521
1817310 521
1817320 521
1817330 521
1817340 521
1817350 521
1817360 521
1817370 521
1817380 522
1817390 522
1817400 522
1817410 523
1817420 523
1817430 523
1817440 523
1817450 523
1817460 524
1817470 524
1817480 525
1817490 526
1817500 527
1817510 528
1817520 529
1817530 529
1817540 530
1817550 531
1817560 532
1817570 533
1817580 534
1817590 535
1817600 536
1817610 537
1817620 538
1817630 539
1817640 540
1817650 541
1817660 542
1817670 543
1817680 544
1817690 545
1817700 546
1817710 547
1817720 548
1817730 549
1817740 551
1817750 552
1817760 553
1817770 554
1817780 556
1817790 557
1817800 558
1817810 559
1817820 560
1817830 561
1817840 562
1817850 563
1817860 564
1817870 565
1817880 566
1817890 567
1817900 568
1817910 569
1817920 570
1817930 571
1817940 572
1817950 573
1817960 574
1817970 574
1817980 575
1817990 576
1818000 577
1818010 577
1818020 578
1818030 579
1818040 579
1818050 580
1818060 581
1818070 581
1818080 582
1818090 583
1818100 583
1818110 584
1818120 585
1818130 585
1818140 586
1818150 586
1818160 586
1818170 586
1818180 586
1818190 586
1818200 586
1818210 586
1818220 586
1818230 586
1818240 586
1818250 586
1818260 586
1818270 586
1818280 587
1818290 587
1818300 587
1818310 588
1818320 588
1818330 588
1818340 589
1818350 589
1818360 589
1818370 590
1818380 591
1818390 591
1818400 592
1818410 592
1818420 594
1818430 595
1818440 596
1818450 597
1818460 599
1818470 600
1818480 602
1818490 603
1818500 604
1818510 606
1818520 607
1818530 609
1818540 610
1818550 611
1818560 612
1818570 612
1818580 613
1818590 613
1818600 614
1818610 614
1818620 614
1818630 615
1818640 615
1818650 615
1818660 616
1818670 616
1818680 616
1818690 616
1818700 616
1818710 617
1818720 617
1818730 617
1818740 617
1818750 617
1818760 618
1818770 618
1818780 618
1818790 619
1818800 618
1818810 618
1818820 618
1818830 619
1818840 619
1818850 619
1818860 619
1818870 619
1818880 619
1818890 620
1818900 620
1818910 620
1818920 620
1818930 620
1818940 619
1818950 619
1818960 619
1818970 619
1818980 619
1818990 619
1819000 619
1819010 619
1819020 620
1819030 620
1819040 621
1819050 621
1819060 621
1819070 622
1819080 622
1819090 622
1819100 623
1819110 623
1819120 623
1819130 624
1819140 624
1819150 624
1819160 624
1819170 625
1819180 625
1819190 626
1819200 626
1819210 627
1819220 627
1819230 628
1819240 628
1819250 628
1819260 628
1819270 627
1819280 626
1819290 624
1819300 623
1819310 621
1819320 619
1819330 617
1819340 616
1819350 614
1819360 612
1819370 610
1819380 609
1819390 608
1819400 606
1819410 605
1819420 604
1819430 603
1819440 603
1819450 602
1819460 601
1819470 600
1819480 598
1819490 596
1819500 594
1819510 592
1819520 590
1819530 588
1819540 587
1819550 586
1819560 585
1819570 584
1819580 582
1819590 581
1819600 579
1819610 577
1819620 576
1819630 574
1819640 572
1819650 570
1819660 567
1819670 564
1819680 561
1819690 558
1819700 555
1819710 552
1819720 549
1819730 546
1819740 543
1819750 541
1819760 538
1819770 536
1819780 533
1819790 531
1819800 529
1819810 528
1819820 526
1819830 525
1819840 523
1819850 521
1819860 519
1819870 517
1819880 516
1819890 517
1819900 520
1819910 523
1819920 525
1819930 528
1819940 530
1819950 532
1819960 534
1819970 536
1819980 538
1819990 540
