1800000 596
1800010 597
1800020 599
1800030 600
1800040 601
1800050 602
1800060 603
1800070 604
1800080 604
1800090 605
1800100 605
1800110 605
1800120 604
1800130 604
1800140 603
1800150 602
1800160 601
1800170 599
1800180 598
1800190 596
1800200 594
1800210 592
1800220 590
1800230 588
1800240 586
1800250 584
1800260 581
1800270 579
1800280 576
1800290 573
1800300 571
1800310 569
1800320 567
1800330 565
1800340 562
1800350 559
1800360 557
1800370 555
1800380 553
1800390 551
1800400 548
1800410 546
1800420 543
1800430 540
1800440 537
1800450 534
1800460 531
1800470 528
1800480 525
1800490 522
1800500 520
1800510 517
1800520 514
1800530 512
1800540 509
1800550 507
1800560 504
1800570 502
1800580 500
1800590 498
1800600 497
1800610 495
1800620 494
1800630 492
1800640 490
1800650 489
1800660 487
1800670 486
1800680 484
1800690 482
1800700 479
1800710 477
1800720 474
1800730 472
1800740 469
1800750 467
1800760 465
1800770 464
1800780 463
1800790 461
1800800 460
1800810 459
1800820 458
1800830 458
1800840 457
1800850 456
1800860 454
1800870 452
1800880 449
1800890 449
1800900 449
1800910 449
1800920 449
1800930 448
1800940 448
1800950 448
1800960 449
1800970 452
1800980 455
1800990 458
1801000 461
1801010 464
1801020 466
1801030 468
1801040 468
1801050 468
1801060 467
1801070 467
1801080 467
1801090 467
1801100 467
1801110 467
1801120 466
1801130 465
1801140 464
1801150 464
1801160 465
1801170 465
1801180 467
1801190 468
1801200 470
1801210 472
1801220 475
1801230 477
1801240 479
1801250 482
1801260 485
1801270 487
1801280 490
1801290 493
1801300 496
1801310 498
1801320 500
1801330 501
1801340 503
1801350 504
1801360 505
1801370 507
1801380 509
1801390 511
1801400 513
1801410 515
1801420 516
1801430 518
1801440 519
1801450 521
1801460 522
1801470 523
1801480 524
1801490 525
1801500 525
1801510 525
1801520 525
1801530 525
1801540 525
1801550 525
1801560 524
1801570 524
1801580 523
1801590 523
1801600 522
1801610 521
1801620 521
1801630 520
1801640 519
1801650 518
1801660 517
1801670 516
1801680 514
1801690 513
1801700 511
1801710 509
1801720 507
1801730 505
1801740 502
1801750 499
1801760 496
1801770 494
1801780 491
1801790 488
1801800 485
1801810 482
1801820 479
1801830 475
1801840 472
1801850 470
1801860 469
1801870 469
1801880 469
1801890 470
1801900 471
1801910 472
1801920 473
1801930 475
1801940 477
1801950 479
1801960 481
1801970 481
1801980 481
1801990 480
1802000 479
1802010 477
1802020 475
1802030 473
1802040 471
1802050 469
1802060 467
1802070 465
1802080 463
1802090 460
1802100 458
1802110 457
1802120 457
1802130 457
1802140 457
1802150 457
1802160 456
1802170 456
1802180 456
1802190 457
1802200 459
1802210 462
1802220 465
1802230 468
1802240 471
1802250 473
1802260 475
1802270 477
1802280 480
1802290 483
1802300 485
1802310 487
1802320 489
1802330 490
1802340 492
1802350 493
1802360 495
1802370 496
1802380 497
1802390 499
1802400 500
1802410 501
1802420 502
1802430 503
1802440 504
1802450 505
1802460 506
1802470 507
1802480 507
1802490 508
1802500 509
1802510 509
1802520 510
1802530 512
1802540 513
1802550 515
1802560 516
1802570 518
1802580 520
1802590 521
1802600 522
1802610 523
1802620 524
1802630 525
1802640 526
1802650 526
1802660 526
1802670 526
1802680 525
1802690 526
1802700 527
1802710 528
1802720 529
1802730 529
1802740 529
1802750 528
1802760 527
1802770 525
1802780 526
1802790 528
1802800 531
1802810 534
1802820 536
1802830 537
1802840 538
1802850 539
1802860 539
1802870 540
1802880 541
1802890 542
1802900 542
1802910 543
1802920 544
1802930 545
1802940 546
1802950 546
1802960 547
1802970 548
1802980 549
1802990 550
1803000 551
1803010 552
1803020 553
1803030 554
1803040 555
1803050 556
1803060 557
1803070 559
1803080 560
1803090 561
1803100 562
1803110 562
1803120 562
1803130 562
1803140 562
1803150 562
1803160 562
1803170 562
1803180 561
1803190 560
1803200 560
1803210 559
1803220 556
1803230 555
1803240 554
1803250 553
1803260 553
1803270 551
1803280 550
1803290 549
1803300 548
1803310 547
1803320 546
1803330 545
1803340 544
1803350 543
1803360 541
1803370 539
1803380 537
1803390 536
1803400 537
1803410 540
1803420 543
1803430 545
1803440 545
1803450 545
1803460 545
1803470 545
1803480 546
1803490 547
1803500 547
1803510 547
1803520 547
1803530 546
1803540 545
1803550 544
1803560 543
1803570 542
1803580 540
1803590 539
1803600 538
1803610 537
1803620 535
1803630 534
1803640 533
1803650 532
1803660 530
1803670 529
1803680 528
1803690 526
1803700 525
1803710 524
1803720 523
1803730 522
1803740 521
1803750 519
1803760 518
1803770 517
1803780 516
1803790 515
1803800 514
1803810 513
1803820 511
1803830 508
1803840 505
1803850 502
1803860 501
1803870 503
1803880 505
1803890 508
1803900 510
1803910 513
1803920 514
1803930 515
1803940 516
1803950 518
1803960 520
1803970 521
1803980 522
1803990 523
1804000 524
1804010 525
1804020 526
1804030 528
1804040 529
1804050 530
1804060 530
1804070 531
1804080 531
1804090 530
1804100 530
1804110 530
1804120 530
1804130 531
1804140 531
1804150 531
1804160 531
1804170 532
1804180 533
1804190 533
1804200 533
1804210 533
1804220 532
1804230 532
1804240 533
1804250 533
1804260 534
1804270 536
1804280 538
1804290 540
1804300 543
1804310 545
1804320 545
1804330 545
1804340 543
1804350 542
1804360 540
1804370 538
1804380 537
1804390 537
1804400 537
1804410 537
1804420 537
1804430 536
1804440 536
1804450 536
1804460 535
1804470 535
1804480 535
1804490 535
1804500 533
1804510 531
1804520 529
1804530 526
1804540 524
1804550 522
1804560 520
1804570 519
1804580 518
1804590 517
1804600 516
1804610 515
1804620 514
1804630 513
1804640 512
1804650 511
1804660 510
1804670 509
1804680 508
1804690 507
1804700 506
1804710 505
1804720 504
1804730 503
1804740 502
1804750 501
1804760 500
1804770 499
1804780 498
1804790 498
1804800 498
1804810 497
1804820 497
1804830 497
1804840 497
1804850 497
1804860 496
1804870 496
1804880 496
1804890 496
1804900 496
1804910 496
1804920 496
1804930 496
1804940 496
1804950 496
1804960 496
1804970 497
1804980 497
1804990 497
1805000 497
1805010 498
1805020 498
1805030 499
1805040 499
1805050 500
1805060 500
1805070 501
1805080 502
1805090 503
1805100 503
1805110 504
1805120 505
1805130 505
1805140 506
1805150 506
1805160 506
1805170 507
1805180 507
1805190 506
1805200 506
1805210 505
1805220 504
1805230 502
1805240 501
1805250 499
1805260 497
1805270 496
1805280 494
1805290 492
1805300 490
1805310 488
1805320 486
1805330 484
1805340 482
1805350 480
1805360 478
1805370 476
1805380 474
1805390 471
1805400 469
1805410 467
1805420 465
1805430 463
1805440 461
1805450 458
1805460 456
1805470 453
1805480 451
1805490 448
1805500 446
1805510 443
1805520 441
1805530 439
1805540 436
1805550 433
1805560 428
1805570 425
1805580 424
1805590 423
1805600 423
1805610 423
1805620 423
1805630 423
1805640 423
1805650 422
1805660 422
1805670 422
1805680 422
1805690 422
1805700 422
1805710 422
1805720 423
1805730 424
1805740 426
1805750 428
1805760 430
1805770 432
1805780 435
1805790 438
1805800 441
1805810 445
1805820 448
1805830 452
1805840 455
1805850 458
1805860 461
1805870 463
1805880 463
1805890 462
1805900 461
1805910 460
1805920 459
1805930 458
1805940 457
1805950 456
1805960 456
1805970 456
1805980 456
1805990 454
1806000 452
1806010 450
1806020 448
1806030 447
1806040 450
1806050 453
1806060 456
1806070 459
1806080 462
1806090 464
1806100 467
1806110 471
1806120 474
1806130 475
1806140 476
1806150 478
1806160 480
1806170 482
1806180 485
1806190 486
1806200 488
1806210 490
1806220 492
1806230 494
1806240 496
1806250 498
1806260 500
1806270 502
1806280 504
1806290 506
1806300 507
1806310 509
1806320 511
1806330 513
1806340 514
1806350 516
1806360 517
1806370 519
1806380 521
1806390 523
1806400 525
1806410 526
1806420 528
1806430 530
1806440 531
1806450 533
1806460 534
1806470 535
1806480 536
1806490 537
1806500 539
1806510 540
1806520 541
1806530 542
1806540 543
1806550 544
1806560 546
1806570 547
1806580 548
1806590 549
1806600 550
1806610 551
1806620 552
1806630 553
1806640 554
1806650 555
1806660 555
1806670 556
1806680 556
1806690 557
1806700 556
1806710 556
1806720 555
1806730 554
1806740 553
1806750 552
1806760 550
1806770 549
1806780 546
1806790 544
1806800 542
1806810 539
1806820 537
1806830 535
1806840 533
1806850 531
1806860 529
1806870 528
1806880 526
1806890 524
1806900 521
1806910 518
1806920 516
1806930 513
1806940 511
1806950 508
1806960 506
1806970 503
1806980 500
1806990 498
1807000 495
1807010 493
1807020 491
1807030 490
1807040 488
1807050 485
1807060 483
1807070 480
1807080 476
1807090 472
1807100 469
1807110 469
1807120 472
1807130 474
1807140 476
1807150 479
1807160 480
1807170 482
1807180 484
1807190 486
1807200 488
1807210 491
1807220 494
1807230 497
1807240 499
1807250 501
1807260 503
1807270 505
1807280 508
1807290 510
1807300 513
1807310 515
1807320 518
1807330 520
1807340 522
1807350 524
1807360 527
1807370 529
1807380 531
1807390 533
1807400 535
1807410 536
1807420 538
1807430 539
1807440 539
1807450 539
1807460 538
1807470 537
1807480 536
1807490 534
1807500 533
1807510 531
1807520 529
1807530 528
1807540 526
1807550 524
1807560 522
1807570 520
1807580 518
1807590 516
1807600 514
1807610 512
1807620 509
1807630 507
1807640 505
1807650 503
1807660 501
1807670 499
1807680 496
1807690 493
1807700 491
1807710 489
1807720 487
1807730 485
1807740 482
1807750 480
1807760 478
1807770 476
1807780 474
1807790 472
1807800 470
1807810 469
1807820 467
1807830 465
1807840 463
1807850 461
1807860 458
1807870 456
1807880 453
1807890 450
1807900 448
1807910 446
1807920 444
1807930 443
1807940 441
1807950 439
1807960 437
1807970 436
1807980 435
1807990 433
1808000 432
1808010 431
1808020 428
1808030 426
1808040 423
1808050 421
1808060 420
1808070 418
1808080 417
1808090 416
1808100 415
1808110 414
1808120 414
1808130 414
1808140 414
1808150 414
1808160 415
1808170 416
1808180 417
1808190 417
1808200 417
1808210 418
1808220 418
1808230 418
1808240 419
1808250 420
1808260 423
1808270 426
1808280 427
1808290 428
1808300 429
1808310 429
1808320 429
1808330 429
1808340 429
1808350 430
1808360 430
1808370 430
1808380 430
1808390 430
1808400 431
1808410 432
1808420 433
1808430 435
1808440 437
1808450 438
1808460 440
1808470 442
1808480 444
1808490 445
1808500 447
1808510 449
1808520 451
1808530 452
1808540 454
1808550 456
1808560 458
1808570 460
1808580 462
1808590 464
1808600 466
1808610 468
1808620 471
1808630 473
1808640 474
1808650 476
1808660 477
1808670 479
1808680 480
1808690 481
1808700 482
1808710 483
1808720 484
1808730 484
1808740 485
1808750 486
1808760 487
1808770 488
1808780 489
1808790 490
1808800 491
1808810 492
1808820 493
1808830 495
1808840 497
1808850 498
1808860 500
1808870 503
1808880 507
1808890 510
1808900 513
1808910 515
1808920 520
1808930 524
1808940 528
1808950 533
1808960 535
1808970 538
1808980 541
1808990 543
1809000 545
1809010 547
1809020 549
1809030 551
1809040 553
1809050 557
1809060 560
1809070 564
1809080 565
1809090 566
1809100 566
1809110 566
1809120 568
1809130 571
1809140 574
1809150 576
1809160 577
1809170 578
1809180 579
1809190 580
1809200 582
1809210 585
1809220 588
1809230 591
1809240 592
1809250 594
1809260 595
1809270 595
1809280 596
1809290 597
1809300 597
1809310 598
1809320 598
1809330 599
1809340 600
1809350 600
1809360 600
1809370 600
1809380 600
1809390 600
1809400 600
1809410 600
1809420 599
1809430 598
1809440 598
1809450 597
1809460 597
1809470 596
1809480 596
1809490 595
1809500 595
1809510 594
1809520 593
1809530 592
1809540 591
1809550 590
1809560 589
1809570 588
1809580 587
1809590 586
1809600 585
1809610 584
1809620 583
1809630 582
1809640 580
1809650 579
1809660 577
1809670 574
1809680 572
1809690 570
1809700 568
1809710 566
1809720 565
1809730 564
1809740 563
1809750 562
1809760 562
1809770 563
1809780 564
1809790 565
1809800 567
1809810 568
1809820 570
1809830 571
1809840 572
1809850 573
1809860 573
1809870 573
1809880 573
1809890 573
1809900 573
1809910 573
1809920 572
1809930 571
1809940 571
1809950 571
1809960 571
1809970 571
1809980 571
1809990 570
1810000 570
1810010 569
1810020 569
1810030 568
1810040 568
1810050 568
1810060 568
1810070 567
1810080 567
1810090 567
1810100 566
1810110 566
1810120 566
1810130 566
1810140 566
1810150 566
1810160 565
1810170 564
1810180 563
1810190 562
1810200 561
1810210 561
1810220 560
1810230 558
1810240 557
1810250 555
1810260 553
1810270 550
1810280 547
1810290 546
1810300 545
1810310 548
1810320 552
1810330 555
1810340 558
1810350 558
1810360 557
1810370 557
1810380 556
1810390 554
1810400 553
1810410 551
1810420 550
1810430 548
1810440 547
1810450 546
1810460 545
1810470 544
1810480 543
1810490 541
1810500 539
1810510 539
1810520 539
1810530 541
1810540 542
1810550 543
1810560 545
1810570 547
1810580 549
1810590 550
1810600 551
1810610 552
1810620 554
1810630 555
1810640 556
1810650 558
1810660 560
1810670 562
1810680 564
1810690 566
1810700 568
1810710 569
1810720 570
1810730 571
1810740 573
1810750 574
1810760 576
1810770 577
1810780 579
1810790 580
1810800 582
1810810 583
1810820 584
1810830 584
1810840 585
1810850 586
1810860 587
1810870 587
1810880 588
1810890 589
1810900 589
1810910 590
1810920 591
1810930 592
1810940 593
1810950 594
1810960 595
1810970 597
1810980 599
1810990 601
1811000 602
1811010 603
1811020 605
1811030 606
1811040 608
1811050 609
1811060 610
1811070 611
1811080 612
1811090 613
1811100 614
1811110 616
1811120 617
1811130 618
1811140 619
1811150 619
1811160 621
1811170 622
1811180 623
1811190 624
1811200 625
1811210 625
1811220 626
1811230 627
1811240 628
1811250 630
1811260 631
1811270 631
1811280 632
1811290 633
1811300 634
1811310 634
1811320 635
1811330 636
1811340 636
1811350 637
1811360 638
1811370 638
1811380 638
1811390 638
1811400 638
1811410 637
1811420 636
1811430 635
1811440 634
1811450 633
1811460 632
1811470 630
1811480 627
1811490 625
1811500 622
1811510 620
1811520 617
1811530 614
1811540 611
1811550 609
1811560 606
1811570 603
1811580 599
1811590 596
1811600 593
1811610 589
1811620 587
1811630 585
1811640 583
1811650 581
1811660 579
1811670 577
1811680 575
1811690 574
1811700 572
1811710 571
1811720 569
1811730 568
1811740 566
1811750 565
1811760 565
1811770 565
1811780 564
1811790 564
1811800 564
1811810 563
1811820 563
1811830 562
1811840 561
1811850 560
1811860 559
1811870 558
1811880 557
1811890 556
1811900 554
1811910 552
1811920 551
1811930 549
1811940 547
1811950 545
1811960 543
1811970 540
1811980 538
1811990 536
1812000 534
1812010 531
1812020 529
1812030 526
1812040 524
1812050 522
1812060 520
1812070 520
1812080 520
1812090 520
1812100 521
1812110 522
1812120 523
1812130 524
1812140 525
1812150 526
1812160 527
1812170 528
1812180 529
1812190 530
1812200 531
1812210 532
1812220 534
1812230 536
1812240 538
1812250 540
1812260 541
1812270 543
1812280 545
1812290 547
1812300 548
1812310 550
1812320 551
1812330 552
1812340 553
1812350 553
1812360 553
1812370 552
1812380 550
1812390 548
1812400 545
1812410 542
1812420 539
1812430 536
1812440 533
1812450 530
1812460 526
1812470 523
1812480 520
1812490 517
1812500 514
1812510 511
1812520 508
1812530 505
1812540 505
1812550 505
1812560 505
1812570 506
1812580 508
1812590 511
1812600 514
1812610 517
1812620 520
1812630 523
1812640 526
1812650 529
1812660 532
1812670 534
1812680 537
1812690 539
1812700 542
1812710 544
1812720 547
1812730 549
1812740 552
1812750 554
1812760 556
1812770 558
1812780 559
1812790 560
1812800 561
1812810 562
1812820 562
1812830 562
1812840 562
1812850 562
1812860 561
1812870 560
1812880 560
1812890 559
1812900 558
1812910 556
1812920 556
1812930 555
1812940 554
1812950 553
1812960 552
1812970 551
1812980 549
1812990 548
1813000 547
1813010 546
1813020 545
1813030 544
1813040 545
1813050 546
1813060 547
1813070 549
1813080 550
1813090 551
1813100 553
1813110 554
1813120 556
1813130 557
1813140 559
1813150 561
1813160 563
1813170 564
1813180 566
1813190 567
1813200 569
1813210 570
1813220 572
1813230 573
1813240 574
1813250 575
1813260 577
1813270 578
1813280 579
1813290 580
1813300 581
1813310 582
1813320 583
1813330 584
1813340 585
1813350 585
1813360 586
1813370 586
1813380 587
1813390 588
1813400 589
1813410 589
1813420 590
1813430 590
1813440 590
1813450 591
1813460 591
1813470 592
1813480 592
1813490 592
1813500 592
1813510 592
1813520 592
1813530 592
1813540 592
1813550 592
1813560 592
1813570 592
1813580 592
1813590 592
1813600 591
1813610 591
1813620 590
1813630 590
1813640 590
1813650 589
1813660 588
1813670 588
1813680 587
1813690 586
1813700 585
1813710 584
1813720 583
1813730 582
1813740 580
1813750 579
1813760 578
1813770 576
1813780 575
1813790 573
1813800 572
1813810 570
1813820 569
1813830 567
1813840 566
1813850 564
1813860 562
1813870 560
1813880 559
1813890 557
1813900 556
1813910 554
1813920 552
1813930 551
1813940 553
1813950 554
1813960 555
1813970 556
1813980 557
1813990 559
1814000 561
1814010 562
1814020 563
1814030 564
1814040 565
1814050 566
1814060 567
1814070 568
1814080 569
1814090 570
1814100 572
1814110 573
1814120 574
1814130 576
1814140 577
1814150 579
1814160 581
1814170 582
1814180 584
1814190 585
1814200 586
1814210 587
1814220 588
1814230 589
1814240 589
1814250 590
1814260 592
1814270 593
1814280 595
1814290 596
1814300 597
1814310 597
1814320 597
1814330 596
1814340 595
1814350 594
1814360 593
1814370 593
1814380 593
1814390 593
1814400 593
1814410 593
1814420 595
1814430 596
1814440 598
1814450 599
1814460 601
1814470 603
1814480 605
1814490 607
1814500 609
1814510 611
1814520 612
1814530 611
1814540 610
1814550 609
1814560 609
1814570 608
1814580 608
1814590 608
1814600 608
1814610 608
1814620 609
1814630 609
1814640 609
1814650 609
1814660 610
1814670 610
1814680 610
1814690 610
1814700 610
1814710 610
1814720 610
1814730 610
1814740 609
1814750 609
1814760 608
1814770 608
1814780 607
1814790 606
1814800 604
1814810 603
1814820 602
1814830 600
1814840 599
1814850 597
1814860 595
1814870 594
1814880 593
1814890 591
1814900 590
1814910 588
1814920 586
1814930 585
1814940 583
1814950 582
1814960 580
1814970 579
1814980 577
1814990 576
1815000 574
1815010 573
1815020 571
1815030 570
1815040 568
1815050 566
1815060 565
1815070 564
1815080 563
1815090 562
1815100 561
1815110 560
1815120 559
1815130 558
1815140 557
1815150 556
1815160 556
1815170 555
1815180 554
1815190 553
1815200 553
1815210 552
1815220 551
1815230 551
1815240 551
1815250 551
1815260 551
1815270 550
1815280 550
1815290 550
1815300 550
1815310 550
1815320 549
1815330 550
1815340 550
1815350 550
1815360 550
1815370 549
1815380 549
1815390 548
1815400 547
1815410 547
1815420 546
1815430 545
1815440 544
1815450 544
1815460 542
1815470 541
1815480 540
1815490 539
1815500 538
1815510 537
1815520 536
1815530 535
1815540 534
1815550 533
1815560 533
1815570 532
1815580 531
1815590 529
1815600 528
1815610 527
1815620 526
1815630 525
1815640 523
1815650 522
1815660 521
1815670 521
1815680 520
1815690 519
1815700 518
1815710 519
1815720 519
1815730 520
1815740 519
1815750 519
1815760 519
1815770 519
1815780 519
1815790 518
1815800 518
1815810 518
1815820 518
1815830 517
1815840 517
1815850 516
1815860 515
1815870 515
1815880 514
1815890 513
1815900 512
1815910 511
1815920 510
1815930 509
1815940 508
1815950 507
1815960 506
1815970 504
1815980 503
1815990 502
1816000 501
1816010 500
1816020 499
1816030 498
1816040 497
1816050 495
1816060 494
1816070 493
1816080 491
1816090 490
1816100 489
1816110 488
1816120 486
1816130 484
1816140 482
1816150 481
1816160 479
1816170 478
1816180 476
1816190 475
1816200 473
1816210 472
1816220 470
1816230 468
1816240 467
1816250 465
1816260 464
1816270 463
1816280 461
1816290 460
1816300 459
1816310 458
1816320 457
1816330 456
1816340 455
1816350 453
1816360 452
1816370 451
1816380 450
1816390 449
1816400 448
1816410 448
1816420 447
1816430 446
1816440 445
1816450 445
1816460 443
1816470 441
1816480 440
1816490 441
1816500 441
1816510 441
1816520 441
1816530 441
1816540 441
1816550 441
1816560 440
1816570 440
1816580 440
1816590 440
1816600 440
1816610 439
1816620 437
1816630 436
1816640 434
1816650 432
1816660 430
1816670 428
1816680 427
1816690 426
1816700 425
1816710 424
1816720 423
1816730 423
1816740 422
1816750 422
1816760 421
1816770 421
1816780 420
1816790 419
1816800 419
1816810 419
1816820 419
1816830 418
1816840 418
1816850 418
1816860 418
1816870 418
1816880 418
1816890 418
1816900 418
1816910 417
1816920 416
1816930 414
1816940 412
1816950 412
1816960 412
1816970 412
1816980 412
1816990 411
1817000 411
1817010 410
1817020 409
1817030 408
1817040 407
1817050 406
1817060 404
1817070 403
1817080 402
1817090 401
1817100 401
1817110 400
1817120 400
1817130 400
1817140 400
1817150 400
1817160 400
1817170 400
1817180 400
1817190 400
1817200 400
1817210 400
1817220 400
1817230 400
1817240 400
1817250 401
1817260 402
1817270 403
1817280 404
1817290 406
1817300 407
1817310 409
1817320 410
1817330 412
1817340 413
1817350 414
1817360 415
1817370 416
1817380 417
1817390 418
1817400 419
1817410 421
1817420 422
1817430 423
1817440 424
1817450 425
1817460 426
1817470 427
1817480 428
1817490 428
1817500 429
1817510 429
1817520 429
1817530 430
1817540 430
1817550 431
1817560 431
1817570 432
1817580 432
1817590 432
1817600 433
1817610 433
1817620 433
1817630 433
1817640 433
1817650 433
1817660 433
1817670 434
1817680 434
1817690 434
1817700 434
1817710 434
1817720 434
1817730 434
1817740 434
1817750 435
1817760 435
1817770 435
1817780 435
1817790 435
1817800 435
1817810 435
1817820 436
1817830 436
1817840 436
1817850 436
1817860 436
1817870 436
1817880 436
1817890 436
1817900 436
1817910 436
1817920 435
1817930 435
1817940 435
1817950 435
1817960 435
1817970 435
1817980 435
1817990 435
1818000 435
1818010 435
1818020 435
1818030 435
1818040 436
1818050 436
1818060 436
1818070 436
1818080 436
1818090 436
1818100 436
1818110 436
1818120 437
1818130 437
1818140 437
1818150 438
1818160 438
1818170 439
1818180 439
1818190 440
1818200 440
1818210 441
1818220 441
1818230 442
1818240 442
1818250 443
1818260 443
1818270 444
1818280 444
1818290 444
1818300 445
1818310 445
1818320 445
1818330 446
1818340 446
1818350 446
1818360 447
1818370 447
1818380 447
1818390 448
1818400 448
1818410 448
1818420 448
1818430 448
1818440 449
1818450 449
1818460 449
1818470 449
1818480 449
1818490 449
1818500 449
1818510 450
1818520 450
1818530 450
1818540 450
1818550 450
1818560 450
1818570 451
1818580 451
1818590 451
1818600 451
1818610 451
1818620 451
1818630 451
1818640 451
1818650 451
1818660 451
1818670 451
1818680 452
1818690 452
1818700 452
1818710 452
1818720 452
1818730 452
1818740 452
1818750 452
1818760 451
1818770 451
1818780 451
1818790 451
1818800 451
1818810 451
1818820 451
1818830 451
1818840 450
1818850 450
1818860 450
1818870 450
1818880 450
1818890 450
1818900 450
1818910 450
1818920 450
1818930 450
1818940 450
1818950 450
1818960 449
1818970 449
1818980 449
1818990 449
1819000 449
1819010 449
1819020 449
1819030 449
1819040 449
1819050 449
1819060 449
1819070 449
1819080 449
1819090 449
1819100 449
1819110 449
1819120 449
1819130 449
1819140 449
1819150 448
1819160 448
1819170 448
1819180 447
1819190 447
1819200 446
1819210 446
1819220 445
1819230 445
1819240 445
1819250 444
1819260 443
1819270 443
1819280 442
1819290 442
1819300 441
1819310 440
1819320 440
1819330 439
1819340 438
1819350 437
1819360 436
1819370 435
1819380 435
1819390 434
1819400 434
1819410 433
1819420 432
1819430 430
1819440 429
1819450 428
1819460 429
1819470 429
1819480 429
1819490 429
1819500 429
1819510 429
1819520 429
1819530 429
1819540 429
1819550 430
1819560 430
1819570 430
1819580 430
1819590 430
1819600 430
1819610 430
1819620 430
1819630 430
1819640 431
1819650 431
1819660 431
1819670 431
1819680 432
1819690 432
1819700 432
1819710 433
1819720 433
1819730 433
1819740 434
1819750 434
1819760 435
1819770 435
1819780 436
1819790 436
1819800 436
1819810 437
1819820 437
1819830 437
1819840 437
1819850 437
1819860 438
1819870 438
1819880 438
1819890 438
1819900 438
1819910 438
1819920 438
1819930 438
1819940 438
1819950 438
1819960 437
1819970 437
1819980 437
1819990 437
