1800000 533
1800010 533
1800020 530
1800030 527
1800040 527
1800050 523
1800060 519
1800070 519
1800080 515
1800090 511
1800100 511
1800110 506
1800120 501
1800130 501
1800140 497
1800150 493
1800160 493
1800170 489
1800180 485
1800190 482
1800200 482
1800210 476
1800220 471
1800230 471
1800240 469
1800250 472
1800260 472
1800270 472
1800280 473
1800290 473
1800300 473
1800310 473
1800320 473
1800330 473
1800340 475
1800350 475
1800360 477
1800370 479
1800380 479
1800390 482
1800400 487
1800410 487
1800420 493
1800430 498
1800440 498
1800450 503
1800460 508
1800470 514
1800480 514
1800490 517
1800500 522
1800510 522
1800520 528
1800530 522
1800540 522
1800550 530
1800560 534
1800570 534
1800580 541
1800590 547
1800600 547
1800610 551
1800620 555
1800630 555
1800640 560
1800650 566
1800660 566
1800670 574
1800680 579
1800690 579
1800700 586
1800710 587
1800720 587
1800730 595
1800740 599
1800750 599
1800760 604
1800770 609
1800780 610
1800790 610
1800800 612
1800810 614
1800820 614
1800830 616
1800840 618
1800850 618
1800860 619
1800870 620
1800880 620
1800890 621
1800900 620
1800910 620
1800920 620
1800930 620
1800940 620
1800950 619
1800960 617
1800970 617
1800980 615
1800990 613
1801000 613
1801010 611
1801020 609
1801030 609
1801040 606
1801050 604
1801060 604
1801070 601
1801080 599
1801090 596
1801100 596
1801110 594
1801120 592
1801130 592
1801140 589
1801150 582
1801160 582
1801170 587
1801180 591
1801190 591
1801200 596
1801210 597
1801220 597
1801230 599
1801240 603
1801250 603
1801260 606
1801270 609
1801280 609
1801290 611
1801300 613
1801310 613
1801320 615
1801330 617
1801340 617
1801350 618
1801360 618
1801370 618
1801380 619
1801390 618
1801400 618
1801410 618
1801420 617
1801430 616
1801440 616
1801450 615
1801460 613
1801470 613
1801480 612
1801490 610
1801500 610
1801510 609
1801520 607
1801530 607
1801540 605
1801550 603
1801560 603
1801570 599
1801580 595
1801590 595
1801600 590
1801610 585
1801620 585
1801630 581
1801640 576
1801650 576
1801660 568
1801670 562
1801680 565
1801690 565
1801700 571
1801710 581
1801720 581
1801730 582
1801740 584
1801750 584
1801760 585
1801770 587
1801780 587
1801790 589
1801800 590
1801810 590
1801820 592
1801830 594
1801840 594
1801850 595
