1800000 495
1800010 494
1800020 494
1800030 493
1800040 492
1800050 492
1800060 492
1800070 491
1800080 491
1800090 491
1800100 491
1800110 494
1800120 494
1800130 497
1800140 499
1800150 499
1800160 496
1800170 493
1800180 493
1800190 490
1800200 486
1800210 486
1800220 483
1800230 478
1800240 478
1800250 479
1800260 479
1800270 479
1800280 479
1800290 479
1800300 479
1800310 479
1800320 480
1800330 480
1800340 486
1800350 493
1800360 493
1800370 499
1800380 505
1800390 505
1800400 511
1800410 516
1800420 521
1800430 521
1800440 527
1800450 532
1800460 532
1800470 537
1800480 543
1800490 543
1800500 549
1800510 554
1800520 554
1800530 559
1800540 564
1800550 564
1800560 569
1800570 573
1800580 573
1800590 578
1800600 582
1800610 582
1800620 587
1800630 590
1800640 590
1800650 595
1800660 600
1800670 600
1800680 605
1800690 609
1800700 609
1800710 613
1800720 618
1800730 623
1800740 623
1800750 625
1800760 628
1800770 628
1800780 631
1800790 634
1800800 634
1800810 637
1800820 640
1800830 640
1800840 642
1800850 644
1800860 644
1800870 646
1800880 648
1800890 648
1800900 648
1800910 646
1800920 646
1800930 645
1800940 644
1800950 644
1800960 644
1800970 644
1800980 644
1800990 644
1801000 645
1801010 645
1801020 645
1801030 644
1801040 644
1801050 644
1801060 644
1801070 644
1801080 644
1801090 644
1801100 644
1801110 644
1801120 645
1801130 645
1801140 645
1801150 645
1801160 645
1801170 645
1801180 645
1801190 645
1801200 645
1801210 644
1801220 644
1801230 644
1801240 643
1801250 642
1801260 642
1801270 642
1801280 642
1801290 642
1801300 641
1801310 641
1801320 641
1801330 641
1801340 641
1801350 641
1801360 641
1801370 642
1801380 642
1801390 642
1801400 643
1801410 643
1801420 643
1801430 644
1801440 644
1801450 644
1801460 644
1801470 645
1801480 645
1801490 645
1801500 645
1801510 645
1801520 645
1801530 645
1801540 645
1801550 645
1801560 644
1801570 644
1801580 645
1801590 646
1801600 646
1801610 646
1801620 645
1801630 645
1801640 645
1801650 645
1801660 643
1801670 643
1801680 645
1801690 646
1801700 646
1801710 647
1801720 647
1801730 647
1801740 647
1801750 647
1801760 647
1801770 647
1801780 647
1801790 647
1801800 647
1801810 647
1801820 647
1801830 646
1801840 645
1801850 645
1801860 644
1800000 495
1800010 495
1800020 494
1800030 493
1800040 493
1800050 493
1800060 492
1800070 492
1800080 492
1800090 492
1800100 493
1800110 494
1800120 496
1800130 498
1800140 499
1800150 499
1800160 497
1800170 495
1800180 493
1800190 490
1800200 488
1800210 486
1800220 484
1800230 481
1800240 479
1800250 478
1800260 479
1800270 479
1800280 479
1800290 479
1800300 479
1800310 479
1800320 479
1800330 481
1800340 483
1800350 488
1800360 492
1800370 496
1800380 500
1800390 504
1800400 508
1800410 512
1800420 516
1800430 519
1800440 522
1800450 526
1800460 530
1800470 534
1800480 537
1800490 541
1800500 545
1800510 549
1800520 552
1800530 556
1800540 559
1800550 563
1800560 566
1800570 569
1800580 572
1800590 575
1800600 579
1800610 582
1800620 584
1800630 587
1800640 590
1800650 593
1800660 596
1800670 600
1800680 603
1800690 606
1800700 608
1800710 611
1800720 614
1800730 617
1800740 621
1800750 624
1800760 626
1800770 627
1800780 629
1800790 632
1800800 634
1800810 636
1800820 638
1800830 640
1800840 641
1800850 643
1800860 644
1800870 645
1800880 646
1800890 647
1800900 648
1800910 647
1800920 646
1800930 645
1800940 645
1800950 644
1800960 644
1800970 644
1800980 644
1800990 644
1801000 645
1801010 645
1801020 645
1801030 645
1801040 645
1801050 645
1801060 645
1801070 644
1801080 644
1801090 645
1801100 645
1801110 645
1801120 645
1801130 645
1801140 645
1801150 645
1801160 645
1801170 645
1801180 645
1801190 645
1801200 645
1801210 645
1801220 644
1801230 644
1801240 644
1801250 643
1801260 642
1801270 642
1801280 642
1801290 642
1801300 641
1801310 641
1801320 641
1801330 641
1801340 641
1801350 641
1801360 641
1801370 641
1801380 642
1801390 642
1801400 642
1801410 643
1801420 643
1801430 643
1801440 644
1801450 644
1801460 644
1801470 645
1801480 645
1801490 645
1801500 645
1801510 645
1801520 645
1801530 645
1801540 645
1801550 645
1801560 645
1801570 645
1801580 645
1801590 645
1801600 646
1801610 646
1801620 645
1801630 645
1801640 645
1801650 645
1801660 645
1801670 644
1801680 645
1801690 646
1801700 646
1801710 647
1801720 647
1801730 647
1801740 648
1801750 648
1801760 648
1801770 647
1801780 647
1801790 647
1801800 647
1801810 647
1801820 647
1801830 646
1801840 646
1801850 645
1801860 644
1801870 644
1801880 643
1801890 642
1801900 641
1801910 640
1801920 639
1801930 638
1801940 637
1801950 636
1801960 635
1801970 634
1801980 633
1801990 632
1802000 631
1802010 630
1802020 628
1802030 627
1802040 626
1802050 624
1802060 623
1802070 622
1802080 621
1802090 619
1802100 618
1802110 617
1802120 616
1802130 615
1802140 614
1802150 613
1802160 611
1802170 610
1802180 609
1802190 608
1802200 607
1802210 606
1802220 604
1802230 603
1802240 601
1802250 600
1802260 598
1802270 596
1802280 595
1802290 593
1802300 591
1802310 589
1802320 587
1802330 585
1802340 583
1802350 581
1802360 579
1802370 577
1802380 576
1802390 574
1802400 573
1802410 572
1802420 570
1802430 567
1802440 564
1802450 561
1802460 561
1802470 561
1802480 562
1802490 565
1802500 568
1802510 569
1802520 571
1802530 573
1802540 575
1802550 576
1802560 578
1802570 580
1802580 581
1802590 581
1802600 581
1802610 581
1802620 581
1802630 580
1802640 579
1802650 578
1802660 578
1802670 577
1802680 576
1802690 575
1802700 573
1802710 572
1802720 571
1802730 569
1802740 568
1802750 567
1802760 565
1802770 564
1802780 562
1802790 560
1802800 558
1802810 556
1802820 554
1802830 552
1802840 550
1802850 549
1802860 547
1802870 545
1802880 543
1802890 542
1802900 540
1802910 539
1802920 537
1802930 535
1802940 533
1802950 531
1802960 529
1802970 527
1802980 526
1802990 524
1803000 522
1803010 521
1803020 519
1803030 518
1803040 515
1803050 512
1803060 510
1803070 509
1803080 509
1803090 508
1803100 508
1803110 509
1803120 509
1803130 509
1803140 510
1803150 511
1803160 512
1803170 513
1803180 514
1803190 514
1803200 515
1803210 516
1803220 517
1803230 518
1803240 519
1803250 520
1803260 522
1803270 523
1803280 524
1803290 525
1803300 527
1803310 528
1803320 530
1803330 531
1803340 532
1803350 534
1803360 535
1803370 536
1803380 538
1803390 539
1803400 539
1803410 540
1803420 540
1803430 540
1803440 539
1803450 538
1803460 538
1803470 537
1803480 535
1803490 534
1803500 533
1803510 532
1803520 530
1803530 529
1803540 527
1803550 526
1803560 524
1803570 523
1803580 521
1803590 520
1803600 519
1803610 518
1803620 517
1803630 516
1803640 514
1803650 512
1803660 510
1803670 509
1803680 507
1803690 506
1803700 504
1803710 503
1803720 502
1803730 500
1803740 499
1803750 497
1803760 496
1803770 494
1803780 493
1803790 491
1803800 490
1803810 488
1803820 487
1803830 486
1803840 485
1803850 484
1803860 481
1803870 479
1803880 476
1803890 474
1803900 473
1803910 473
1803920 474
1803930 474
1803940 474
1803950 474
1803960 475
1803970 475
1803980 474
1803990 473
1804000 473
1804010 474
1804020 474
1804030 473
1804040 472
1804050 471
1804060 471
1804070 470
1804080 470
1804090 469
1804100 468
1804110 467
1804120 466
1804130 465
1804140 465
1804150 464
1804160 464
1804170 464
1804180 464
1804190 464
1804200 463
1804210 463
1804220 462
1804230 462
1804240 463
1804250 464
1804260 467
1804270 469
1804280 470
1804290 471
1804300 472
1804310 472
1804320 472
1804330 472
1804340 472
1804350 471
1804360 471
1804370 470
1804380 470
1804390 469
1804400 468
1804410 468
1804420 466
1804430 465
1804440 464
1804450 463
1804460 462
1804470 461
1804480 461
1804490 459
1804500 457
1804510 455
1804520 453
1804530 451
1804540 449
1804550 449
1804560 448
1804570 449
1804580 449
1804590 449
1804600 449
1804610 449
1804620 448
1804630 448
1804640 448
1804650 448
1804660 450
1804670 452
1804680 455
1804690 457
1804700 459
1804710 461
1804720 463
1804730 465
1804740 467
1804750 470
1804760 472
1804770 474
1804780 476
1804790 478
1804800 480
1804810 482
1804820 484
1804830 486
1804840 488
1804850 490
1804860 492
1804870 495
1804880 498
1804890 501
1804900 503
1804910 505
1804920 508
1804930 511
1804940 514
1804950 516
1804960 519
1804970 520
1804980 521
1804990 521
1805000 524
1805010 527
1805020 530
1805030 532
1805040 534
1805050 536
1805060 537
1805070 539
1805080 541
1805090 543
1805100 545
1805110 547
1805120 549
1805130 551
1805140 552
1805150 553
1805160 555
1805170 557
1805180 558
1805190 560
1805200 562
1805210 564
1805220 565
1805230 567
1805240 569
1805250 571
1805260 573
1805270 574
1805280 576
1805290 578
1805300 579
1805310 580
1805320 582
1805330 583
1805340 584
1805350 585
1805360 585
1805370 586
1805380 586
1805390 586
1805400 586
1805410 586
1805420 586
1805430 586
1805440 586
1805450 586
1805460 585
1805470 585
1805480 585
1805490 585
1805500 585
1805510 585
1805520 585
1805530 586
1805540 586
1805550 586
1805560 586
1805570 586
1805580 587
1805590 587
1805600 587
1805610 588
1805620 589
1805630 589
1805640 590
1805650 591
1805660 592
1805670 592
1805680 593
1805690 594
1805700 595
1805710 596
1805720 596
1805730 597
1805740 598
1805750 599
1805760 600
1805770 601
1805780 602
1805790 603
1805800 605
1805810 606
1805820 607
1805830 608
1805840 609
1805850 610
1805860 610
1805870 611
1805880 611
1805890 611
1805900 610
1805910 610
1805920 609
1805930 607
1805940 606
1805950 605
1805960 604
1805970 602
1805980 600
1805990 598
1806000 596
1806010 595
1806020 593
1806030 591
1806040 589
1806050 587
1806060 585
1806070 582
1806080 580
1806090 578
1806100 576
1806110 574
1806120 571
1806130 568
1806140 566
1806150 564
1806160 562
1806170 560
1806180 559
1806190 558
1806200 557
1806210 558
1806220 561
1806230 565
1806240 567
1806250 569
1806260 570
1806270 572
1806280 574
1806290 576
1806300 578
1806310 580
1806320 582
1806330 584
1806340 585
1806350 587
1806360 587
1806370 587
1806380 588
1806390 588
1806400 588
1806410 588
1806420 588
1806430 588
1806440 587
1806450 587
1806460 587
1806470 587
1806480 587
1806490 588
1806500 588
1806510 589
1806520 589
1806530 590
1806540 590
1806550 590
1806560 590
1806570 589
1806580 589
1806590 588
1806600 588
1806610 587
1806620 586
1806630 586
1806640 585
1806650 584
1806660 584
1806670 583
1806680 582
1806690 581
1806700 580
1806710 579
1806720 579
1806730 578
1806740 577
1806750 576
1806760 575
1806770 574
1806780 573
1806790 572
1806800 571
1806810 570
1806820 568
1806830 567
1806840 565
1806850 564
1806860 562
1806870 561
1806880 559
1806890 557
1806900 554
1806910 552
1806920 550
1806930 548
1806940 546
1806950 545
1806960 542
1806970 540
1806980 538
1806990 536
1807000 533
1807010 530
1807020 527
1807030 525
1807040 523
1807050 521
1807060 519
1807070 518
1807080 516
1807090 514
1807100 513
1807110 511
1807120 509
1807130 507
1807140 505
1807150 503
1807160 500
1807170 498
1807180 496
1807190 493
1807200 491
1807210 489
1807220 486
1807230 483
1807240 480
1807250 478
1807260 476
1807270 473
1807280 471
1807290 468
1807300 466
1807310 464
1807320 463
1807330 461
1807340 460
1807350 459
1807360 457
1807370 455
1807380 454
1807390 452
1807400 451
1807410 450
1807420 448
1807430 447
1807440 447
1807450 448
1807460 448
1807470 448
1807480 447
1807490 447
1807500 446
1807510 446
1807520 446
1807530 446
1807540 445
1807550 445
1807560 445
1807570 445
1807580 444
1807590 444
1807600 444
1807610 444
1807620 443
1807630 443
1807640 443
1807650 443
1807660 443
1807670 443
1807680 443
1807690 443
1807700 442
1807710 442
1807720 441
1807730 441
1807740 440
1807750 440
1807760 439
1807770 439
1807780 439
1807790 438
1807800 438
1807810 438
1807820 437
1807830 437
1807840 437
1807850 436
1807860 437
1807870 437
1807880 437
1807890 438
1807900 438
1807910 439
1807920 439
1807930 440
1807940 441
1807950 442
1807960 443
1807970 445
1807980 445
1807990 446
1808000 448
1808010 448
1808020 449
1808030 450
1808040 452
1808050 453
1808060 455
1808070 456
1808080 458
1808090 459
1808100 461
1808110 463
1808120 465
1808130 466
1808140 468
1808150 470
1808160 472
1808170 474
1808180 477
1808190 479
1808200 482
1808210 485
1808220 487
1808230 490
1808240 493
1808250 495
1808260 498
1808270 501
1808280 503
1808290 505
1808300 508
1808310 510
1808320 512
1808330 514
1808340 517
1808350 519
1808360 521
1808370 524
1808380 526
1808390 529
1808400 531
1808410 534
1808420 537
1808430 539
1808440 542
1808450 546
1808460 549
1808470 554
1808480 558
1808490 561
1808500 566
1808510 569
1808520 571
1808530 574
1808540 577
1808550 579
1808560 581
1808570 584
1808580 587
1808590 589
1808600 592
1808610 594
1808620 596
1808630 598
1808640 600
1808650 602
1808660 604
1808670 606
1808680 608
1808690 610
1808700 611
1808710 612
1808720 613
1808730 613
1808740 613
1808750 612
1808760 612
1808770 611
1808780 610
1808790 609
1808800 608
1808810 607
1808820 606
1808830 605
1808840 604
1808850 603
1808860 602
1808870 601
1808880 600
1808890 600
1808900 599
1808910 599
1808920 598
1808930 598
1808940 599
1808950 599
1808960 599
1808970 599
1808980 600
1808990 601
1809000 601
1809010 602
1809020 603
1809030 605
1809040 606
1809050 607
1809060 608
1809070 609
1809080 611
1809090 612
1809100 613
1809110 614
1809120 616
1809130 618
1809140 620
1809150 623
1809160 625
1809170 627
1809180 629
1809190 631
1809200 633
1809210 635
1809220 637
1809230 639
1809240 641
1809250 644
1809260 646
1809270 648
1809280 651
1809290 653
1809300 657
1809310 660
1809320 663
1809330 665
1809340 667
1809350 668
1809360 669
1809370 670
1809380 671
1809390 673
1809400 674
1809410 676
1809420 677
1809430 677
1809440 678
1809450 678
1809460 678
1809470 679
1809480 679
1809490 678
1809500 678
1809510 677
1809520 676
1809530 675
1809540 673
1809550 673
1809560 672
1809570 671
1809580 670
1809590 670
1809600 669
1809610 669
1809620 668
1809630 667
1809640 667
1809650 666
1809660 666
1809670 666
1809680 665
1809690 665
1809700 664
1809710 664
1809720 664
1809730 663
1809740 662
1809750 661
1809760 660
1809770 658
1809780 657
1809790 657
1809800 657
1809810 657
1809820 657
1809830 657
1809840 657
1809850 658
1809860 658
1809870 658
1809880 658
1809890 659
1809900 659
1809910 660
1809920 660
1809930 661
1809940 662
1809950 664
1809960 666
1809970 669
1809980 672
1809990 674
1810000 677
1810010 679
1810020 679
1810030 680
1810040 680
1810050 680
1810060 680
1810070 680
1810080 680
1810090 680
1810100 680
1810110 680
1810120 681
1810130 681
1810140 681
1810150 682
1810160 682
1810170 683
1810180 684
1810190 686
1810200 687
1810210 688
1810220 690
1810230 691
1810240 692
1810250 693
1810260 694
1810270 695
1810280 695
1810290 695
1810300 695
1810310 694
1810320 694
1810330 693
1810340 692
1810350 692
1810360 691
1810370 690
1810380 689
1810390 687
1810400 686
1810410 685
1810420 684
1810430 682
1810440 681
1810450 680
1810460 678
1810470 677
1810480 675
1810490 673
1810500 672
1810510 670
1810520 669
1810530 668
1810540 666
1810550 665
1810560 664
1810570 662
1810580 661
1810590 660
1810600 658
1810610 657
1810620 656
1810630 655
1810640 654
1810650 653
1810660 652
1810670 651
1810680 650
1810690 649
1810700 647
1810710 646
1810720 645
1810730 644
1810740 643
1810750 642
1810760 642
1810770 641
1810780 640
1810790 638
1810800 637
1810810 637
1810820 638
1810830 639
1810840 640
1810850 640
1810860 640
1810870 640
1810880 640
1810890 640
1810900 640
1810910 640
1810920 640
1810930 641
1810940 642
1810950 642
1810960 643
1810970 644
1810980 645
1810990 646
1811000 647
1811010 648
1811020 649
1811030 650
1811040 651
1811050 652
1811060 654
1811070 655
1811080 656
1811090 657
1811100 659
1811110 660
1811120 661
1811130 662
1811140 662
1811150 662
1811160 662
1811170 663
1811180 663
1811190 664
1811200 665
1811210 666
1811220 666
1811230 667
1811240 668
1811250 669
1811260 670
1811270 672
1811280 673
1811290 674
1811300 675
1811310 677
1811320 678
1811330 678
1811340 679
1811350 680
1811360 681
1811370 681
1811380 682
1811390 683
1811400 684
1811410 684
1811420 684
1811430 684
1811440 684
1811450 683
1811460 683
1811470 682
1811480 681
1811490 681
1811500 680
1811510 679
1811520 678
1811530 677
1811540 676
1811550 675
1811560 674
1811570 673
1811580 672
1811590 671
1811600 671
1811610 670
1811620 669
1811630 668
1811640 667
1811650 666
1811660 665
1811670 664
1811680 662
1811690 661
1811700 660
1811710 659
1811720 658
1811730 656
1811740 655
1811750 654
1811760 653
1811770 652
1811780 651
1811790 650
1811800 649
1811810 648
1811820 646
1811830 645
1811840 643
1811850 640
1811860 638
1811870 636
1811880 634
1811890 632
1811900 631
1811910 630
1811920 629
1811930 627
1811940 627
1811950 626
1811960 625
1811970 624
1811980 623
1811990 622
1812000 620
1812010 619
1812020 618
1812030 617
1812040 616
1812050 616
1812060 616
1812070 615
1812080 615
1812090 615
1812100 614
1812110 614
1812120 614
1812130 613
1812140 612
1812150 611
1812160 610
1812170 608
1812180 606
1812190 606
1812200 607
1812210 609
1812220 610
1812230 610
1812240 611
1812250 611
1812260 611
1812270 612
1812280 612
1812290 613
1812300 613
1812310 614
1812320 615
1812330 616
1812340 617
1812350 618
1812360 619
1812370 620
1812380 621
1812390 621
1812400 622
1812410 622
1812420 623
1812430 623
1812440 624
1812450 624
1812460 625
1812470 625
1812480 626
1812490 626
1812500 627
1812510 627
1812520 627
1812530 627
1812540 627
1812550 627
1812560 626
1812570 626
1812580 626
1812590 625
1812600 625
1812610 624
1812620 623
1812630 623
1812640 622
1812650 621
1812660 621
1812670 620
1812680 619
1812690 619
1812700 618
1812710 618
1812720 617
1812730 616
1812740 616
1812750 615
1812760 614
1812770 613
1812780 611
1812790 610
1812800 610
1812810 609
1812820 608
1812830 608
1812840 608
1812850 608
1812860 608
1812870 608
1812880 608
1812890 609
1812900 609
1812910 610
1812920 611
1812930 611
1812940 613
1812950 614
1812960 616
1812970 619
1812980 621
1812990 623
1813000 626
1813010 628
1813020 629
1813030 630
1813040 631
1813050 630
1813060 630
1813070 629
1813080 629
1813090 628
1813100 627
1813110 627
1813120 626
1813130 625
1813140 624
1813150 623
1813160 623
1813170 623
1813180 622
1813190 622
1813200 621
1813210 621
1813220 620
1813230 620
1813240 621
1813250 621
1813260 622
1813270 622
1813280 622
1813290 623
1813300 623
1813310 623
1813320 623
1813330 623
1813340 622
1813350 621
1813360 620
1813370 619
1813380 618
1813390 616
1813400 615
1813410 613
1813420 611
1813430 609
1813440 607
1813450 605
1813460 604
1813470 604
1813480 603
1813490 604
1813500 604
1813510 605
1813520 606
1813530 606
1813540 607
1813550 608
1813560 608
1813570 608
1813580 608
1813590 608
1813600 607
1813610 607
1813620 607
1813630 607
1813640 607
1813650 607
1813660 607
1813670 607
1813680 607
1813690 607
1813700 608
1813710 608
1813720 607
1813730 607
1813740 607
1813750 606
1813760 606
1813770 605
1813780 604
1813790 604
1813800 603
1813810 601
1813820 600
1813830 599
1813840 598
1813850 597
1813860 595
1813870 594
1813880 592
1813890 590
1813900 589
1813910 587
1813920 585
1813930 582
1813940 580
1813950 577
1813960 575
1813970 573
1813980 571
1813990 568
1814000 565
1814010 562
1814020 559
1814030 556
1814040 554
1814050 551
1814060 548
1814070 545
1814080 543
1814090 542
1814100 541
1814110 541
1814120 542
1814130 543
1814140 544
1814150 545
1814160 546
1814170 547
1814180 547
1814190 547
1814200 548
1814210 548
1814220 547
1814230 547
1814240 547
1814250 546
1814260 546
1814270 545
1814280 544
1814290 543
1814300 543
1814310 541
1814320 540
1814330 539
1814340 537
1814350 536
1814360 534
1814370 533
1814380 532
1814390 531
1814400 530
1814410 528
1814420 527
1814430 525
1814440 523
1814450 522
1814460 521
1814470 521
1814480 520
1814490 520
1814500 520
1814510 520
1814520 519
1814530 518
1814540 517
1814550 516
1814560 514
1814570 513
1814580 511
1814590 509
1814600 508
1814610 506
1814620 504
1814630 502
1814640 501
1814650 500
1814660 498
1814670 497
1814680 495
1814690 492
1814700 490
1814710 490
1814720 492
1814730 493
1814740 494
1814750 495
1814760 494
1814770 494
1814780 493
1814790 493
1814800 492
1814810 491
1814820 490
1814830 489
1814840 488
1814850 487
1814860 485
1814870 483
1814880 481
1814890 479
1814900 477
1814910 475
1814920 474
1814930 473
1814940 472
1814950 470
1814960 468
1814970 467
1814980 466
1814990 464
1815000 463
1815010 462
1815020 461
1815030 460
1815040 458
1815050 457
1815060 454
1815070 452
1815080 450
1815090 448
1815100 446
1815110 444
1815120 443
1815130 442
1815140 442
1815150 442
1815160 442
1815170 442
1815180 442
1815190 441
1815200 441
1815210 441
1815220 441
1815230 441
1815240 441
1815250 441
1815260 442
1815270 443
1815280 446
1815290 449
1815300 451
1815310 453
1815320 455
1815330 456
1815340 458
1815350 460
1815360 462
1815370 463
1815380 464
1815390 466
1815400 467
1815410 468
1815420 470
1815430 472
1815440 473
1815450 474
1815460 475
1815470 477
1815480 478
1815490 480
1815500 482
1815510 483
1815520 485
1815530 486
1815540 488
1815550 489
1815560 490
1815570 492
1815580 493
1815590 494
1815600 495
1815610 496
1815620 497
1815630 498
1815640 499
1815650 501
1815660 502
1815670 503
1815680 504
1815690 505
1815700 506
1815710 507
1815720 507
1815730 508
1815740 509
1815750 510
1815760 510
1815770 511
1815780 511
1815790 512
1815800 513
1815810 513
1815820 514
1815830 514
1815840 514
1815850 514
1815860 514
1815870 514
1815880 513
1815890 513
1815900 512
1815910 512
1815920 511
1815930 510
1815940 509
1815950 509
1815960 508
1815970 508
1815980 507
1815990 508
1816000 508
1816010 508
1816020 508
1816030 509
1816040 509
1816050 510
1816060 510
1816070 511
1816080 511
1816090 512
1816100 513
1816110 514
1816120 514
1816130 515
1816140 516
1816150 516
1816160 517
1816170 518
1816180 519
1816190 519
1816200 520
1816210 521
1816220 521
1816230 522
1816240 522
1816250 522
1816260 522
1816270 522
1816280 522
1816290 522
1816300 522
1816310 521
1816320 521
1816330 521
1816340 520
1816350 520
1816360 520
1816370 519
1816380 518
1816390 518
1816400 517
1816410 516
1816420 516
1816430 515
1816440 514
1816450 513
1816460 512
1816470 511
1816480 510
1816490 509
1816500 508
1816510 507
1816520 506
1816530 505
1816540 503
1816550 502
1816560 501
1816570 500
1816580 500
1816590 499
1816600 498
1816610 498
1816620 497
1816630 496
1816640 496
1816650 495
1816660 494
1816670 494
1816680 493
1816690 492
1816700 490
1816710 489
1816720 487
1816730 486
1816740 485
1816750 484
1816760 483
1816770 482
1816780 481
1816790 480
1816800 479
1816810 478
1816820 477
1816830 476
1816840 475
1816850 473
1816860 472
1816870 471
1816880 470
1816890 470
1816900 469
1816910 468
1816920 467
1816930 466
1816940 464
1816950 463
1816960 462
1816970 461
1816980 460
1816990 458
1817000 457
1817010 455
1817020 454
1817030 452
1817040 450
1817050 449
1817060 446
1817070 443
1817080 440
1817090 436
1817100 433
1817110 431
1817120 430
1817130 429
1817140 428
1817150 428
1817160 427
1817170 427
1817180 427
1817190 426
1817200 425
1817210 425
1817220 425
1817230 425
1817240 425
1817250 425
1817260 424
1817270 424
1817280 424
1817290 424
1817300 424
1817310 424
1817320 424
1817330 423
1817340 423
1817350 423
1817360 422
1817370 422
1817380 422
1817390 422
1817400 422
1817410 421
1817420 421
1817430 420
1817440 419
1817450 418
1817460 417
1817470 416
1817480 413
1817490 414
1817500 416
1817510 417
1817520 419
1817530 420
1817540 421
1817550 421
1817560 420
1817570 419
1817580 418
1817590 416
1817600 415
1817610 414
1817620 413
1817630 412
1817640 410
1817650 409
1817660 408
1817670 407
1817680 407
1817690 406
1817700 405
1817710 405
1817720 404
1817730 403
1817740 401
1817750 400
1817760 399
1817770 398
1817780 398
1817790 398
1817800 398
1817810 398
1817820 398
1817830 397
1817840 397
1817850 397
1817860 397
1817870 397
1817880 397
1817890 397
1817900 397
1817910 397
1817920 397
1817930 396
1817940 396
1817950 396
1817960 396
1817970 395
1817980 395
1817990 395
1818000 395
1818010 395
1818020 395
1818030 395
1818040 395
1818050 395
1818060 395
1818070 395
1818080 395
1818090 395
1818100 395
1818110 395
1818120 395
1818130 395
1818140 396
1818150 396
1818160 397
1818170 398
1818180 398
1818190 398
1818200 399
1818210 399
1818220 399
1818230 399
1818240 399
1818250 399
1818260 399
1818270 399
1818280 399
1818290 399
1818300 400
1818310 400
1818320 400
1818330 400
1818340 400
1818350 401
1818360 401
1818370 401
1818380 402
1818390 402
1818400 402
1818410 402
1818420 403
1818430 403
1818440 403
1818450 404
1818460 404
1818470 404
1818480 404
1818490 404
1818500 404
1818510 404
1818520 405
1818530 405
1818540 405
1818550 405
1818560 405
1818570 405
1818580 405
1818590 405
1818600 405
1818610 405
1818620 405
1818630 405
1818640 406
1818650 406
1818660 406
1818670 406
1818680 406
1818690 406
1818700 406
1818710 406
1818720 406
1818730 406
1818740 405
1818750 405
1818760 405
1818770 405
1818780 405
1818790 405
1818800 405
1818810 404
1818820 404
1818830 404
1818840 404
1818850 404
1818860 403
1818870 403
1818880 403
1818890 403
1818900 403
1818910 402
1818920 402
1818930 402
1818940 402
1818950 402
1818960 401
1818970 401
1818980 401
1818990 401
1819000 400
1819010 400
1819020 400
1819030 400
1819040 399
1819050 399
1819060 399
1819070 399
1819080 399
1819090 398
1819100 398
1819110 398
1819120 398
1819130 397
1819140 397
1819150 397
1819160 397
1819170 396
1819180 396
1819190 396
1819200 396
1819210 395
1819220 395
1819230 394
1819240 394
1819250 394
1819260 393
1819270 393
1819280 392
1819290 391
1819300 391
1819310 390
1819320 389
1819330 388
1819340 388
1819350 388
1819360 389
1819370 389
1819380 390
1819390 390
1819400 391
1819410 391
1819420 391
1819430 391
1819440 392
1819450 392
1819460 392
1819470 392
1819480 392
1819490 392
1819500 392
1819510 392
1819520 393
1819530 393
1819540 393
1819550 393
1819560 393
1819570 393
1819580 393
1819590 393
1819600 394
1819610 394
1819620 394
1819630 394
1819640 394
1819650 394
1819660 394
1819670 394
1819680 394
1819690 395
1819700 395
1819710 395
1819720 395
1819730 395
1819740 396
1819750 396
1819760 396
1819770 396
1819780 396
1819790 396
1819800 397
1819810 397
1819820 397
1819830 397
1819840 397
1819850 397
1819860 397
1819870 397
1819880 398
1819890 398
1819900 398
1819910 398
1819920 398
1819930 398
1819940 398
1819950 398
1819960 398
1819970 398
1819980 398
1819990 398
