1800000 531
1800010 527
1800020 523
1800030 523
1800040 519
1800050 515
1800060 515
1800070 511
1800080 508
1800090 508
1800100 505
1800110 502
1800120 502
1800130 499
1800140 496
1800150 496
1800160 491
1800170 488
1800180 488
1800190 488
1800200 488
1800210 488
1800220 488
1800230 488
1800240 488
1800250 487
1800260 488
1800270 493
1800280 493
1800290 499
1800300 503
1800310 503
1800320 507
1800330 511
1800340 511
1800350 516
1800360 520
1800370 520
1800380 525
1800390 530
1800400 530
1800410 535
1800420 540
1800430 540
1800440 544
1800450 547
1800460 547
1800470 550
1800480 555
1800490 555
1800500 559
1800510 562
1800520 562
1800530 565
1800540 568
1800550 568
1800560 572
1800570 576
1800580 580
1800590 580
1800600 584
1800610 588
1800620 588
1800630 591
1800640 595
1800650 595
1800660 599
1800670 602
1800680 602
1800690 605
1800700 609
1800710 609
1800720 612
1800730 615
1800740 615
1800750 617
1800760 620
1800770 620
1800780 623
1800790 626
1800800 626
1800810 628
1800820 630
1800830 630
1800840 632
1800850 634
1800860 634
1800870 636
1800880 637
1800890 638
1800900 638
1800910 639
1800920 639
1800930 639
1800940 640
1800950 640
1800960 640
1800970 640
1800980 640
1800990 640
1801000 640
1801010 639
1801020 639
1801030 639
1801040 639
1801050 639
1801060 639
1801070 639
1801080 639
1801090 638
1801100 638
1801110 638
1801120 637
1801130 637
1801140 637
1801150 637
1801160 636
1801170 636
1801180 636
1801190 636
1801200 635
1801210 635
1801220 635
1801230 634
1801240 634
1801250 633
1801260 632
1801270 632
1801280 631
1801290 630
1801300 630
1801310 630
1801320 628
1801330 628
1801340 626
1801350 624
1801360 624
1801370 622
1801380 620
1801390 620
1801400 617
1801410 615
1801420 615
1801430 613
1801440 612
1801450 612
1801460 610
1801470 609
1801480 609
1801490 607
1801500 604
1801510 596
1801520 596
1801530 594
1801540 600
1801550 600
1801560 600
1801570 599
1801580 600
1801590 599
1801600 598
1801610 598
1801620 595
1801630 593
1801640 593
1801650 592
1801660 588
1801670 588
1801680 586
1801690 582
1801700 582
1801710 580
1801720 574
1801730 574
1801740 573
1801750 576
1801760 576
1801770 578
1801780 578
1801790 578
1801800 577
1801810 577
1801820 577
1801830 577
1801840 577
1801850 578
1801860 578
1800000 531
1800010 529
1800020 526
1800030 523
1800040 520
1800050 518
1800060 515
1800070 512
1800080 510
1800090 508
1800100 506
1800110 504
1800120 502
1800130 500
1800140 498
1800150 495
1800160 492
1800170 490
1800180 488
1800190 488
1800200 488
1800210 488
1800220 488
1800230 488
1800240 488
1800250 487
1800260 488
1800270 489
1800280 491
1800290 495
1800300 498
1800310 502
1800320 505
1800330 508
1800340 510
1800350 513
1800360 516
1800370 519
1800380 523
1800390 526
1800400 529
1800410 533
1800420 536
1800430 539
1800440 542
1800450 545
1800460 547
1800470 550
1800480 552
1800490 555
1800500 558
1800510 560
1800520 562
1800530 565
1800540 567
1800550 569
1800560 571
1800570 574
1800580 576
1800590 579
1800600 582
1800610 584
1800620 586
1800630 589
1800640 592
1800650 594
1800660 597
1800670 599
1800680 601
1800690 604
1800700 606
1800710 608
1800720 610
1800730 612
1800740 614
1800750 616
1800760 618
1800770 620
1800780 622
1800790 624
1800800 625
1800810 627
1800820 629
1800830 630
1800840 632
1800850 633
1800860 634
1800870 635
1800880 636
1800890 637
1800900 638
1800910 638
1800920 639
1800930 639
1800940 640
1800950 640
1800960 640
1800970 640
1800980 640
1800990 640
1801000 640
1801010 639
1801020 639
1801030 639
1801040 639
1801050 639
1801060 639
1801070 639
1801080 639
1801090 639
1801100 638
1801110 638
1801120 638
1801130 638
1801140 638
1801150 637
1801160 637
1801170 637
1801180 636
1801190 636
1801200 636
1801210 635
1801220 635
1801230 635
1801240 634
1801250 634
1801260 633
1801270 633
1801280 632
1801290 632
1801300 631
1801310 630
1801320 629
1801330 628
1801340 627
1801350 625
1801360 624
1801370 622
1801380 621
1801390 619
1801400 618
1801410 616
1801420 615
1801430 614
1801440 613
1801450 612
1801460 610
1801470 609
1801480 607
1801490 605
1801500 602
1801510 598
1801520 595
1801530 596
1801540 598
1801550 601
1801560 601
1801570 601
1801580 600
1801590 599
1801600 598
1801610 597
1801620 595
1801630 594
1801640 593
1801650 591
1801660 588
1801670 586
1801680 585
1801690 584
1801700 582
1801710 579
1801720 577
1801730 575
1801740 574
1801750 574
1801760 575
1801770 576
1801780 576
1801790 577
1801800 577
1801810 577
1801820 576
1801830 576
1801840 576
1801850 576
1801860 577
1801870 577
1801880 577
1801890 576
1801900 576
1801910 576
1801920 576
1801930 577
1801940 577
1801950 577
1801960 578
1801970 578
1801980 578
1801990 578
1802000 578
1802010 578
1802020 578
1802030 578
1802040 579
1802050 579
1802060 579
1802070 580
1802080 580
1802090 580
1802100 580
1802110 581
1802120 581
1802130 581
1802140 581
1802150 581
1802160 581
1802170 581
1802180 580
1802190 580
1802200 580
1802210 579
1802220 578
1802230 578
1802240 578
1802250 578
1802260 577
1802270 577
1802280 577
1802290 576
1802300 575
1802310 573
1802320 571
1802330 569
1802340 567
1802350 565
1802360 562
1802370 559
1802380 557
1802390 554
1802400 551
1802410 549
1802420 546
1802430 544
1802440 542
1802450 541
1802460 539
1802470 538
1802480 537
1802490 537
1802500 536
1802510 536
1802520 535
1802530 535
1802540 534
1802550 534
1802560 536
1802570 539
1802580 542
1802590 545
1802600 547
1802610 548
1802620 550
1802630 551
1802640 551
1802650 552
1802660 554
1802670 555
1802680 557
1802690 558
1802700 561
1802710 563
1802720 565
1802730 566
1802740 568
1802750 569
1802760 570
1802770 571
1802780 573
1802790 574
1802800 575
1802810 576
1802820 576
1802830 577
1802840 577
1802850 578
1802860 578
1802870 578
1802880 579
1802890 579
1802900 580
1802910 581
1802920 582
1802930 582
1802940 583
1802950 584
1802960 584
1802970 585
1802980 585
1802990 585
1803000 585
1803010 585
1803020 585
1803030 585
1803040 585
1803050 585
1803060 585
1803070 584
1803080 583
1803090 582
1803100 580
1803110 577
1803120 575
1803130 576
1803140 575
1803150 573
1803160 571
1803170 570
1803180 570
1803190 570
1803200 570
1803210 570
1803220 570
1803230 571
1803240 571
1803250 572
1803260 572
1803270 573
1803280 574
1803290 576
1803300 578
1803310 579
1803320 580
1803330 581
1803340 582
1803350 583
1803360 584
1803370 585
1803380 586
1803390 586
1803400 586
1803410 587
1803420 587
1803430 586
1803440 586
1803450 584
1803460 583
1803470 581
1803480 579
1803490 578
1803500 577
1803510 577
1803520 577
1803530 578
1803540 578
1803550 579
1803560 579
1803570 579
1803580 579
1803590 579
1803600 580
1803610 580
1803620 579
1803630 579
1803640 579
1803650 579
1803660 579
1803670 579
1803680 578
1803690 578
1803700 577
1803710 576
1803720 575
1803730 574
1803740 572
1803750 571
1803760 569
1803770 567
1803780 566
1803790 564
1803800 562
1803810 560
1803820 558
1803830 556
1803840 554
1803850 552
1803860 549
1803870 547
1803880 544
1803890 542
1803900 539
1803910 537
1803920 535
1803930 532
1803940 529
1803950 526
1803960 523
1803970 520
1803980 517
1803990 515
1804000 512
1804010 509
1804020 507
1804030 505
1804040 502
1804050 499
1804060 496
1804070 494
1804080 491
1804090 489
1804100 486
1804110 484
1804120 482
1804130 479
1804140 477
1804150 475
1804160 472
1804170 469
1804180 466
1804190 462
1804200 459
1804210 457
1804220 457
1804230 457
1804240 457
1804250 457
1804260 457
1804270 457
1804280 457
1804290 457
1804300 457
1804310 458
1804320 461
1804330 463
1804340 466
1804350 469
1804360 473
1804370 477
1804380 480
1804390 481
1804400 482
1804410 482
1804420 482
1804430 483
1804440 487
1804450 490
1804460 492
1804470 493
1804480 494
1804490 495
1804500 496
1804510 497
1804520 499
1804530 501
1804540 503
1804550 505
1804560 507
1804570 509
1804580 511
1804590 513
1804600 515
1804610 517
1804620 519
1804630 520
1804640 522
1804650 523
1804660 525
1804670 526
1804680 527
1804690 528
1804700 529
1804710 530
1804720 531
1804730 531
1804740 532
1804750 532
1804760 533
1804770 534
1804780 535
1804790 536
1804800 537
1804810 538
1804820 540
1804830 541
1804840 543
1804850 545
1804860 547
1804870 548
1804880 550
1804890 551
1804900 553
1804910 555
1804920 557
1804930 557
1804940 556
1804950 555
1804960 553
1804970 553
1804980 554
1804990 556
1805000 560
1805010 564
1805020 567
1805030 569
1805040 572
1805050 574
1805060 577
1805070 580
1805080 583
1805090 585
1805100 588
1805110 590
1805120 591
1805130 593
1805140 595
1805150 597
1805160 599
1805170 601
1805180 604
1805190 606
1805200 608
1805210 610
1805220 612
1805230 614
1805240 616
1805250 617
1805260 618
1805270 620
1805280 621
1805290 622
1805300 624
1805310 625
1805320 626
1805330 628
1805340 629
1805350 630
1805360 632
1805370 633
1805380 635
1805390 637
1805400 639
1805410 641
1805420 643
1805430 643
1805440 644
1805450 645
1805460 646
1805470 647
1805480 647
1805490 648
1805500 648
1805510 648
1805520 648
1805530 648
1805540 648
1805550 648
1805560 648
1805570 648
1805580 649
1805590 649
1805600 649
1805610 649
1805620 649
1805630 649
1805640 649
1805650 649
1805660 649
1805670 649
1805680 648
1805690 648
1805700 647
1805710 647
1805720 647
1805730 646
1805740 645
1805750 644
1805760 644
1805770 643
1805780 642
1805790 641
1805800 640
1805810 638
1805820 637
1805830 636
1805840 634
1805850 633
1805860 632
1805870 631
1805880 630
1805890 629
1805900 628
1805910 626
1805920 625
1805930 624
1805940 623
1805950 622
1805960 621
1805970 620
1805980 618
1805990 617
1806000 615
1806010 614
1806020 612
1806030 610
1806040 609
1806050 611
1806060 613
1806070 615
1806080 616
1806090 617
1806100 617
1806110 618
1806120 618
1806130 618
1806140 619
1806150 619
1806160 620
1806170 620
1806180 620
1806190 621
1806200 621
1806210 622
1806220 622
1806230 622
1806240 622
1806250 623
1806260 623
1806270 622
1806280 622
1806290 622
1806300 621
1806310 620
1806320 619
1806330 618
1806340 617
1806350 616
1806360 615
1806370 614
1806380 612
1806390 611
1806400 610
1806410 609
1806420 607
1806430 606
1806440 604
1806450 602
1806460 600
1806470 598
1806480 596
1806490 594
1806500 592
1806510 590
1806520 588
1806530 586
1806540 583
1806550 581
1806560 580
1806570 578
1806580 576
1806590 573
1806600 571
1806610 568
1806620 566
1806630 565
1806640 564
1806650 563
1806660 561
1806670 560
1806680 558
1806690 556
1806700 554
1806710 552
1806720 549
1806730 547
1806740 545
1806750 543
1806760 539
1806770 537
1806780 534
1806790 531
1806800 528
1806810 525
1806820 522
1806830 519
1806840 517
1806850 513
1806860 510
1806870 508
1806880 505
1806890 502
1806900 499
1806910 496
1806920 494
1806930 492
1806940 491
1806950 489
1806960 488
1806970 487
1806980 486
1806990 485
1807000 484
1807010 483
1807020 482
1807030 481
1807040 480
1807050 480
1807060 479
1807070 480
1807080 481
1807090 481
1807100 482
1807110 483
1807120 484
1807130 485
1807140 486
1807150 487
1807160 488
1807170 490
1807180 491
1807190 493
1807200 495
1807210 497
1807220 500
1807230 502
1807240 505
1807250 508
1807260 510
1807270 513
1807280 516
1807290 518
1807300 520
1807310 522
1807320 525
1807330 528
1807340 530
1807350 533
1807360 535
1807370 537
1807380 539
1807390 541
1807400 542
1807410 543
1807420 544
1807430 545
1807440 545
1807450 546
1807460 546
1807470 545
1807480 545
1807490 544
1807500 543
1807510 542
1807520 541
1807530 539
1807540 538
1807550 536
1807560 535
1807570 533
1807580 531
1807590 529
1807600 527
1807610 525
1807620 523
1807630 520
1807640 517
1807650 515
1807660 513
1807670 510
1807680 507
1807690 505
1807700 502
1807710 500
1807720 497
1807730 494
1807740 490
1807750 487
1807760 484
1807770 482
1807780 480
1807790 479
1807800 478
1807810 477
1807820 476
1807830 475
1807840 474
1807850 472
1807860 470
1807870 469
1807880 468
1807890 467
1807900 465
1807910 464
1807920 463
1807930 461
1807940 460
1807950 458
1807960 457
1807970 455
1807980 453
1807990 452
1808000 451
1808010 450
1808020 450
1808030 450
1808040 450
1808050 450
1808060 450
1808070 450
1808080 450
1808090 450
1808100 450
1808110 450
1808120 450
1808130 450
1808140 450
1808150 450
1808160 450
1808170 450
1808180 450
1808190 451
1808200 452
1808210 453
1808220 453
1808230 454
1808240 455
1808250 456
1808260 458
1808270 460
1808280 462
1808290 464
1808300 466
1808310 469
1808320 471
1808330 473
1808340 476
1808350 479
1808360 481
1808370 484
1808380 487
1808390 490
1808400 494
1808410 496
1808420 499
1808430 501
1808440 503
1808450 506
1808460 507
1808470 509
1808480 511
1808490 513
1808500 516
1808510 518
1808520 520
1808530 522
1808540 525
1808550 529
1808560 533
1808570 537
1808580 540
1808590 543
1808600 546
1808610 549
1808620 551
1808630 553
1808640 554
1808650 556
1808660 557
1808670 558
1808680 557
1808690 556
1808700 556
1808710 555
1808720 555
1808730 555
1808740 556
1808750 556
1808760 555
1808770 555
1808780 554
1808790 554
1808800 553
1808810 553
1808820 552
1808830 552
1808840 552
1808850 552
1808860 551
1808870 551
1808880 551
1808890 551
1808900 551
1808910 551
1808920 551
1808930 551
1808940 551
1808950 551
1808960 552
1808970 552
1808980 553
1808990 554
1809000 554
1809010 554
1809020 554
1809030 554
1809040 553
1809050 552
1809060 551
1809070 551
1809080 552
1809090 553
1809100 554
1809110 555
1809120 558
1809130 560
1809140 564
1809150 566
1809160 568
1809170 569
1809180 570
1809190 571
1809200 572
1809210 573
1809220 574
1809230 576
1809240 577
1809250 579
1809260 580
1809270 582
1809280 584
1809290 586
1809300 587
1809310 589
1809320 591
1809330 593
1809340 594
1809350 596
1809360 598
1809370 600
1809380 602
1809390 604
1809400 606
1809410 608
1809420 609
1809430 611
1809440 614
1809450 616
1809460 618
1809470 620
1809480 622
1809490 624
1809500 625
1809510 627
1809520 629
1809530 631
1809540 632
1809550 634
1809560 636
1809570 638
1809580 640
1809590 642
1809600 644
1809610 646
1809620 648
1809630 650
1809640 652
1809650 655
1809660 657
1809670 660
1809680 663
1809690 665
1809700 668
1809710 671
1809720 674
1809730 677
1809740 679
1809750 680
1809760 682
1809770 684
1809780 685
1809790 687
1809800 688
1809810 689
1809820 691
1809830 692
1809840 693
1809850 694
1809860 696
1809870 698
1809880 700
1809890 702
1809900 704
1809910 706
1809920 709
1809930 712
1809940 716
1809950 720
1809960 724
1809970 728
1809980 732
1809990 736
1810000 740
1810010 743
1810020 747
1810030 750
1810040 754
1810050 757
1810060 760
1810070 763
1810080 765
1810090 768
1810100 770
1810110 772
1810120 775
1810130 777
1810140 779
1810150 780
1810160 779
1810170 777
1810180 774
1810190 771
1810200 768
1810210 765
1810220 763
1810230 760
1810240 758
1810250 756
1810260 754
1810270 752
1810280 749
1810290 747
1810300 745
1810310 743
1810320 740
1810330 738
1810340 736
1810350 735
1810360 732
1810370 730
1810380 729
1810390 727
1810400 725
1810410 724
1810420 723
1810430 721
1810440 720
1810450 719
1810460 717
1810470 716
1810480 715
1810490 713
1810500 712
1810510 711
1810520 710
1810530 709
1810540 708
1810550 708
1810560 708
1810570 708
1810580 709
1810590 710
1810600 711
1810610 712
1810620 713
1810630 714
1810640 715
1810650 716
1810660 716
1810670 716
1810680 716
1810690 716
1810700 715
1810710 715
1810720 714
1810730 713
1810740 712
1810750 711
1810760 710
1810770 708
1810780 708
1810790 706
1810800 705
1810810 703
1810820 701
1810830 700
1810840 698
1810850 697
1810860 695
1810870 694
1810880 692
1810890 691
1810900 689
1810910 687
1810920 686
1810930 684
1810940 682
1810950 680
1810960 678
1810970 676
1810980 673
1810990 670
1811000 668
1811010 665
1811020 663
1811030 661
1811040 659
1811050 658
1811060 656
1811070 654
1811080 652
1811090 651
1811100 649
1811110 647
1811120 646
1811130 644
1811140 642
1811150 640
1811160 639
1811170 637
1811180 635
1811190 633
1811200 631
1811210 629
1811220 626
1811230 625
1811240 623
1811250 622
1811260 621
1811270 620
1811280 619
1811290 617
1811300 615
1811310 613
1811320 612
1811330 612
1811340 611
1811350 611
1811360 611
1811370 610
1811380 610
1811390 609
1811400 608
1811410 608
1811420 608
1811430 608
1811440 608
1811450 608
1811460 609
1811470 609
1811480 609
1811490 609
1811500 609
1811510 608
1811520 608
1811530 607
1811540 607
1811550 607
1811560 606
1811570 606
1811580 606
1811590 606
1811600 606
1811610 606
1811620 606
1811630 606
1811640 606
1811650 606
1811660 606
1811670 606
1811680 606
1811690 605
1811700 605
1811710 604
1811720 604
1811730 603
1811740 602
1811750 601
1811760 600
1811770 599
1811780 598
1811790 597
1811800 596
1811810 594
1811820 592
1811830 590
1811840 588
1811850 586
1811860 584
1811870 582
1811880 580
1811890 579
1811900 577
1811910 576
1811920 574
1811930 573
1811940 572
1811950 572
1811960 571
1811970 571
1811980 571
1811990 571
1812000 571
1812010 570
1812020 570
1812030 570
1812040 570
1812050 571
1812060 571
1812070 572
1812080 572
1812090 573
1812100 573
1812110 572
1812120 570
1812130 567
1812140 565
1812150 564
1812160 563
1812170 562
1812180 562
1812190 562
1812200 562
1812210 562
1812220 562
1812230 562
1812240 562
1812250 563
1812260 564
1812270 565
1812280 565
1812290 565
1812300 565
1812310 564
1812320 564
1812330 565
1812340 565
1812350 565
1812360 565
1812370 564
1812380 564
1812390 564
1812400 564
1812410 564
1812420 563
1812430 563
1812440 563
1812450 563
1812460 562
1812470 562
1812480 561
1812490 561
1812500 560
1812510 560
1812520 559
1812530 559
1812540 558
1812550 557
1812560 556
1812570 555
1812580 558
1812590 559
1812600 561
1812610 562
1812620 562
1812630 563
1812640 563
1812650 563
1812660 562
1812670 562
1812680 562
1812690 562
1812700 562
1812710 562
1812720 561
1812730 560
1812740 559
1812750 558
1812760 558
1812770 559
1812780 559
1812790 559
1812800 559
1812810 558
1812820 557
1812830 555
1812840 554
1812850 554
1812860 553
1812870 552
1812880 550
1812890 550
1812900 550
1812910 550
1812920 550
1812930 548
1812940 547
1812950 546
1812960 544
1812970 542
1812980 539
1812990 539
1813000 538
1813010 538
1813020 537
1813030 536
1813040 536
1813050 535
1813060 535
1813070 534
1813080 534
1813090 533
1813100 533
1813110 533
1813120 533
1813130 533
1813140 533
1813150 534
1813160 534
1813170 535
1813180 536
1813190 537
1813200 538
1813210 538
1813220 539
1813230 539
1813240 540
1813250 541
1813260 543
1813270 545
1813280 547
1813290 549
1813300 551
1813310 553
1813320 554
1813330 554
1813340 555
1813350 555
1813360 555
1813370 555
1813380 554
1813390 554
1813400 554
1813410 554
1813420 553
1813430 553
1813440 553
1813450 553
1813460 552
1813470 552
1813480 552
1813490 551
1813500 551
1813510 552
1813520 552
1813530 552
1813540 551
1813550 551
1813560 551
1813570 550
1813580 549
1813590 549
1813600 549
1813610 548
1813620 548
1813630 548
1813640 547
1813650 547
1813660 547
1813670 547
1813680 547
1813690 547
1813700 546
1813710 545
1813720 543
1813730 541
1813740 538
1813750 536
1813760 533
1813770 531
1813780 529
1813790 526
1813800 523
1813810 520
1813820 518
1813830 516
1813840 514
1813850 512
1813860 510
1813870 509
1813880 508
1813890 506
1813900 505
1813910 504
1813920 502
1813930 500
1813940 499
1813950 497
1813960 497
1813970 496
1813980 495
1813990 494
1814000 494
1814010 493
1814020 492
1814030 491
1814040 490
1814050 488
1814060 487
1814070 485
1814080 484
1814090 483
1814100 482
1814110 481
1814120 479
1814130 478
1814140 478
1814150 477
1814160 476
1814170 475
1814180 474
1814190 474
1814200 473
1814210 472
1814220 471
1814230 470
1814240 469
1814250 468
1814260 467
1814270 467
1814280 467
1814290 467
1814300 467
1814310 467
1814320 468
1814330 469
1814340 471
1814350 472
1814360 474
1814370 477
1814380 478
1814390 481
1814400 483
1814410 485
1814420 487
1814430 489
1814440 491
1814450 494
1814460 497
1814470 499
1814480 502
1814490 504
1814500 506
1814510 509
1814520 512
1814530 514
1814540 517
1814550 519
1814560 521
1814570 522
1814580 523
1814590 524
1814600 525
1814610 525
1814620 525
1814630 525
1814640 525
1814650 524
1814660 524
1814670 524
1814680 524
1814690 523
1814700 523
1814710 522
1814720 521
1814730 521
1814740 520
1814750 519
1814760 518
1814770 517
1814780 516
1814790 515
1814800 513
1814810 511
1814820 509
1814830 507
1814840 505
1814850 504
1814860 503
1814870 502
1814880 501
1814890 500
1814900 499
1814910 499
1814920 498
1814930 497
1814940 495
1814950 494
1814960 493
1814970 493
1814980 492
1814990 492
1815000 492
1815010 492
1815020 492
1815030 492
1815040 492
1815050 491
1815060 490
1815070 490
1815080 489
1815090 488
1815100 486
1815110 483
1815120 481
1815130 480
1815140 479
1815150 480
1815160 480
1815170 479
1815180 478
1815190 479
1815200 479
1815210 479
1815220 480
1815230 480
1815240 479
1815250 477
1815260 477
1815270 477
1815280 479
1815290 481
1815300 484
1815310 488
1815320 491
1815330 492
1815340 493
1815350 494
1815360 495
1815370 495
1815380 496
1815390 496
1815400 497
1815410 497
1815420 497
1815430 497
1815440 497
1815450 497
1815460 496
1815470 495
1815480 495
1815490 493
1815500 491
1815510 489
1815520 488
1815530 487
1815540 486
1815550 485
1815560 484
1815570 483
1815580 481
1815590 481
1815600 479
1815610 477
1815620 475
1815630 474
1815640 473
1815650 473
1815660 472
1815670 470
1815680 468
1815690 468
1815700 469
1815710 469
1815720 469
1815730 469
1815740 468
1815750 467
1815760 466
1815770 464
1815780 462
1815790 460
1815800 458
1815810 458
1815820 457
1815830 457
1815840 457
1815850 457
1815860 457
1815870 457
1815880 456
1815890 455
1815900 454
1815910 454
1815920 453
1815930 453
1815940 453
1815950 453
1815960 453
1815970 453
1815980 454
1815990 454
1816000 454
1816010 454
1816020 454
1816030 454
1816040 454
1816050 454
1816060 453
1816070 453
1816080 453
1816090 453
1816100 453
1816110 452
1816120 452
1816130 452
1816140 452
1816150 451
1816160 451
1816170 451
1816180 452
1816190 452
1816200 452
1816210 452
1816220 451
1816230 451
1816240 451
1816250 450
1816260 450
1816270 449
1816280 449
1816290 448
1816300 447
1816310 447
1816320 446
1816330 445
1816340 445
1816350 444
1816360 444
1816370 444
1816380 444
1816390 443
1816400 442
1816410 442
1816420 441
1816430 441
1816440 441
1816450 440
1816460 440
1816470 439
1816480 439
1816490 439
1816500 439
1816510 438
1816520 438
1816530 438
1816540 437
1816550 437
1816560 436
1816570 436
1816580 436
1816590 436
1816600 437
1816610 437
1816620 438
1816630 438
1816640 438
1816650 439
1816660 439
1816670 440
1816680 441
1816690 442
1816700 442
1816710 443
1816720 444
1816730 445
1816740 447
1816750 448
1816760 450
1816770 451
1816780 452
1816790 453
1816800 453
1816810 453
1816820 453
1816830 453
1816840 452
1816850 452
1816860 452
1816870 452
1816880 452
1816890 452
1816900 453
1816910 453
1816920 454
1816930 455
1816940 456
1816950 456
1816960 455
1816970 454
1816980 453
1816990 451
1817000 448
1817010 446
1817020 443
1817030 441
1817040 438
1817050 437
1817060 435
1817070 434
1817080 432
1817090 430
1817100 429
1817110 427
1817120 425
1817130 423
1817140 423
1817150 423
1817160 422
1817170 422
1817180 422
1817190 422
1817200 423
1817210 424
1817220 426
1817230 426
1817240 426
1817250 427
1817260 428
1817270 428
1817280 429
1817290 430
1817300 431
1817310 432
1817320 433
1817330 434
1817340 434
1817350 435
1817360 436
1817370 437
1817380 437
1817390 438
1817400 439
1817410 440
1817420 440
1817430 441
1817440 441
1817450 442
1817460 443
1817470 443
1817480 444
1817490 444
1817500 445
1817510 445
1817520 446
1817530 446
1817540 446
1817550 447
1817560 447
1817570 448
1817580 448
1817590 448
1817600 448
1817610 449
1817620 449
1817630 449
1817640 448
1817650 448
1817660 448
1817670 447
1817680 447
1817690 446
1817700 445
1817710 445
1817720 444
1817730 443
1817740 442
1817750 441
1817760 440
1817770 439
1817780 438
1817790 436
1817800 435
1817810 434
1817820 432
1817830 431
1817840 429
1817850 428
1817860 427
1817870 426
1817880 425
1817890 423
1817900 422
1817910 420
1817920 417
1817930 416
1817940 416
1817950 416
1817960 417
1817970 419
1817980 421
1817990 422
1818000 423
1818010 423
1818020 424
1818030 425
1818040 425
1818050 426
1818060 426
1818070 427
1818080 427
1818090 428
1818100 429
1818110 430
1818120 430
1818130 431
1818140 432
1818150 433
1818160 434
1818170 435
1818180 436
1818190 436
1818200 437
1818210 437
1818220 437
1818230 437
1818240 437
1818250 438
1818260 438
1818270 438
1818280 438
1818290 438
1818300 437
1818310 437
1818320 436
1818330 436
1818340 436
1818350 435
1818360 435
1818370 434
1818380 434
1818390 433
1818400 433
1818410 432
1818420 432
1818430 432
1818440 431
1818450 431
1818460 430
1818470 430
1818480 429
1818490 429
1818500 428
1818510 428
1818520 427
1818530 427
1818540 427
1818550 426
1818560 426
1818570 425
1818580 425
1818590 424
1818600 424
1818610 424
1818620 423
1818630 423
1818640 423
1818650 422
1818660 422
1818670 422
1818680 421
1818690 421
1818700 421
1818710 420
1818720 420
1818730 420
1818740 419
1818750 419
1818760 419
1818770 418
1818780 418
1818790 418
1818800 418
1818810 417
1818820 417
1818830 417
1818840 416
1818850 416
1818860 415
1818870 415
1818880 415
1818890 415
1818900 414
1818910 414
1818920 414
1818930 413
1818940 413
1818950 413
1818960 412
1818970 412
1818980 412
1818990 411
1819000 411
1819010 410
1819020 410
1819030 410
1819040 409
1819050 409
1819060 409
1819070 408
1819080 408
1819090 407
1819100 407
1819110 406
1819120 406
1819130 406
1819140 405
1819150 405
1819160 405
1819170 405
1819180 404
1819190 404
1819200 404
1819210 404
1819220 403
1819230 403
1819240 403
1819250 402
1819260 402
1819270 401
1819280 401
1819290 401
1819300 400
1819310 400
1819320 400
1819330 400
1819340 399
1819350 399
1819360 399
1819370 398
1819380 398
1819390 398
1819400 398
1819410 397
1819420 397
1819430 397
1819440 397
1819450 396
1819460 396
1819470 395
1819480 395
1819490 395
1819500 394
1819510 394
1819520 394
1819530 393
1819540 393
1819550 393
1819560 392
1819570 392
1819580 392
1819590 391
1819600 391
1819610 391
1819620 391
1819630 390
1819640 390
1819650 390
1819660 389
1819670 389
1819680 388
1819690 388
1819700 387
1819710 387
1819720 386
1819730 386
1819740 385
1819750 385
1819760 384
1819770 384
1819780 384
1819790 384
1819800 383
1819810 383
1819820 382
1819830 382
1819840 382
1819850 382
1819860 381
1819870 380
1819880 378
1819890 376
1819900 375
1819910 375
1819920 376
1819930 377
1819940 378
1819950 378
1819960 378
1819970 377
1819980 378
1819990 378
