1800000 531
1800010 531
1800020 527
1800030 523
1800040 523
1800050 518
1800060 513
1800070 513
1800080 513
1800090 513
1800100 513
1800110 513
1800120 514
1800130 514
1800140 513
1800150 518
1800160 518
1800170 523
1800180 526
1800190 526
1800200 529
1800210 532
1800220 530
1800230 535
1800240 539
1800250 543
1800260 543
1800270 547
1800280 551
1800290 551
1800300 554
1800310 557
1800320 557
1800330 560
1800340 563
1800350 563
1800360 566
1800370 569
1800380 569
1800390 574
1800400 579
1800410 579
1800420 582
1800430 586
1800440 586
1800450 590
1800460 593
1800470 593
1800480 597
1800490 600
1800500 600
1800510 604
1800520 607
1800530 610
1800540 610
1800550 614
1800560 619
1800570 619
1800580 621
1800590 625
1800600 625
1800610 630
1800620 634
1800630 634
1800640 637
1800650 641
1800660 641
1800670 644
1800680 647
1800690 647
1800700 649
1800710 651
1800720 651
1800730 654
1800740 656
1800750 656
1800760 657
1800770 659
1800780 659
1800790 660
1800800 660
1800810 660
1800820 660
1800830 659
1800840 658
1800850 658
1800860 657
1800870 656
1800880 656
1800890 655
1800900 654
1800910 654
1800920 653
1800930 653
1800940 653
1800950 653
1800960 653
1800970 653
1800980 653
1800990 654
1801000 654
1801010 654
1801020 655
1801030 655
1801040 655
1801050 656
1801060 656
1801070 657
1801080 659
1801090 659
1801100 660
1801110 661
1801120 661
1801130 661
1801140 660
1801150 660
1801160 660
1801170 660
1801180 660
1801190 660
1801200 660
1801210 659
1801220 659
1801230 659
1801240 658
1801250 658
1801260 657
1801270 656
1801280 656
1801290 656
1801300 655
1801310 655
1801320 654
1801330 653
1801340 653
1801350 652
1801360 651
1801370 651
1801380 649
1801390 648
1801400 648
1801410 647
1801420 646
1801430 646
1801440 645
1801450 645
1801460 645
1801470 645
1801480 645
1801490 645
1801500 645
1801510 645
1801520 644
1801530 644
1801540 643
1801550 642
1801560 642
1801570 641
1801580 640
1801590 640
1801600 640
1801610 642
1801620 642
1801630 644
1801640 645
1801650 645
1801660 645
1801670 647
1801680 647
1801690 647
1801700 648
1801710 648
1801720 648
1801730 648
1801740 648
1801750 648
1801760 648
1801770 647
1801780 647
1801790 647
1801800 648
1801810 648
1801820 649
1801830 650
1801840 650
1801850 651
1800000 533
1800010 533
1800020 531
1800030 529
1800040 526
1800050 523
1800060 519
1800070 516
1800080 514
1800090 514
1800100 514
1800110 514
1800120 514
1800130 514
1800140 514
1800150 514
1800160 517
1800170 520
1800180 523
1800190 525
1800200 527
1800210 529
1800220 531
1800230 534
1800240 537
1800250 540
1800260 543
1800270 545
1800280 548
1800290 550
1800300 553
1800310 555
1800320 557
1800330 559
1800340 561
1800350 563
1800360 565
1800370 567
1800380 569
1800390 572
1800400 575
1800410 578
1800420 581
1800430 584
1800440 586
1800450 588
1800460 591
1800470 593
1800480 595
1800490 598
1800500 600
1800510 603
1800520 605
1800530 607
1800540 610
1800550 612
1800560 615
1800570 617
1800580 620
1800590 622
1800600 625
1800610 628
1800620 631
1800630 634
1800640 636
1800650 639
1800660 641
1800670 643
1800680 645
1800690 647
1800700 649
1800710 650
1800720 652
1800730 653
1800740 655
1800750 656
1800760 657
1800770 658
1800780 659
1800790 660
1800800 661
1800810 661
1800820 660
1800830 660
1800840 659
1800850 658
1800860 657
1800870 656
1800880 655
1800890 654
1800900 654
1800910 653
1800920 653
1800930 652
1800940 652
1800950 652
1800960 652
1800970 652
1800980 652
1800990 653
1801000 653
1801010 654
1801020 654
1801030 655
1801040 655
1801050 656
1801060 657
1801070 657
1801080 658
1801090 659
1801100 660
1801110 660
1801120 661
1801130 661
1801140 661
1801150 661
1801160 661
1801170 660
1801180 660
1801190 660
1801200 660
1801210 659
1801220 659
1801230 659
1801240 658
1801250 658
1801260 657
1801270 657
1801280 656
1801290 656
1801300 655
1801310 655
1801320 654
1801330 653
1801340 653
1801350 652
1801360 651
1801370 650
1801380 650
1801390 649
1801400 648
1801410 647
1801420 646
1801430 646
1801440 645
1801450 645
1801460 645
1801470 645
1801480 645
1801490 645
1801500 645
1801510 645
1801520 645
1801530 644
1801540 644
1801550 643
1801560 642
1801570 641
1801580 641
1801590 640
1801600 640
1801610 641
1801620 642
1801630 644
1801640 645
1801650 645
1801660 646
1801670 646
1801680 647
1801690 648
1801700 648
1801710 648
1801720 648
1801730 648
1801740 648
1801750 648
1801760 648
1801770 648
1801780 648
1801790 648
1801800 648
1801810 649
1801820 649
1801830 650
1801840 650
1801850 651
1801860 651
1801870 652
1801880 653
1801890 653
1801900 654
1801910 654
1801920 655
1801930 655
1801940 655
1801950 655
1801960 655
1801970 655
1801980 656
1801990 656
1802000 655
1802010 655
1802020 655
1802030 655
1802040 654
1802050 654
1802060 653
1802070 653
1802080 652
1802090 652
1802100 652
1802110 652
1802120 653
1802130 654
1802140 654
1802150 655
1802160 656
1802170 656
1802180 657
1802190 657
1802200 658
1802210 658
1802220 659
1802230 659
1802240 659
1802250 659
1802260 659
1802270 660
1802280 660
1802290 660
1802300 660
1802310 660
1802320 660
1802330 660
1802340 660
1802350 660
1802360 660
1802370 659
1802380 659
1802390 658
1802400 657
1802410 657
1802420 656
1802430 655
1802440 654
1802450 653
1802460 652
1802470 650
1802480 649
1802490 648
1802500 646
1802510 645
1802520 643
1802530 641
1802540 640
1802550 638
1802560 636
1802570 633
1802580 631
1802590 628
1802600 625
1802610 622
1802620 619
1802630 617
1802640 614
1802650 612
1802660 609
1802670 607
1802680 605
1802690 603
1802700 601
1802710 599
1802720 598
1802730 596
1802740 594
1802750 593
1802760 592
1802770 590
1802780 589
1802790 588
1802800 586
1802810 585
1802820 584
1802830 583
1802840 582
1802850 580
1802860 579
1802870 577
1802880 575
1802890 573
1802900 571
1802910 568
1802920 566
1802930 563
1802940 560
1802950 557
1802960 553
1802970 549
1802980 545
1802990 541
1803000 537
1803010 534
1803020 530
1803030 527
1803040 525
1803050 522
1803060 520
1803070 518
1803080 516
1803090 514
1803100 512
1803110 510
1803120 509
1803130 507
1803140 506
1803150 504
1803160 503
1803170 501
1803180 500
1803190 498
1803200 497
1803210 496
1803220 494
1803230 492
1803240 490
1803250 489
1803260 487
1803270 486
1803280 485
1803290 484
1803300 483
1803310 482
1803320 482
1803330 481
1803340 480
1803350 479
1803360 479
1803370 479
1803380 479
1803390 479
1803400 479
1803410 479
1803420 479
1803430 480
1803440 481
1803450 484
1803460 488
1803470 491
1803480 493
1803490 495
1803500 497
1803510 499
1803520 499
1803530 500
1803540 502
1803550 504
1803560 507
1803570 509
1803580 510
1803590 512
1803600 514
1803610 516
1803620 518
1803630 520
1803640 522
1803650 524
1803660 527
1803670 529
1803680 531
1803690 533
1803700 535
1803710 537
1803720 538
1803730 540
1803740 542
1803750 544
1803760 545
1803770 547
1803780 549
1803790 550
1803800 552
1803810 554
1803820 555
1803830 556
1803840 558
1803850 559
1803860 560
1803870 561
1803880 561
1803890 561
1803900 560
1803910 559
1803920 557
1803930 556
1803940 554
1803950 552
1803960 550
1803970 548
1803980 545
1803990 543
1804000 541
1804010 538
1804020 536
1804030 534
1804040 532
1804050 529
1804060 527
1804070 525
1804080 522
1804090 520
1804100 518
1804110 516
1804120 514
1804130 512
1804140 510
1804150 508
1804160 506
1804170 504
1804180 502
1804190 500
1804200 498
1804210 497
1804220 495
1804230 493
1804240 491
1804250 490
1804260 489
1804270 487
1804280 485
1804290 484
1804300 483
1804310 482
1804320 481
1804330 480
1804340 479
1804350 479
1804360 479
1804370 479
1804380 478
1804390 478
1804400 477
1804410 477
1804420 477
1804430 477
1804440 477
1804450 476
1804460 476
1804470 476
1804480 476
1804490 476
1804500 477
1804510 477
1804520 478
1804530 479
1804540 481
1804550 484
1804560 486
1804570 488
1804580 490
1804590 492
1804600 494
1804610 497
1804620 499
1804630 502
1804640 504
1804650 507
1804660 508
1804670 511
1804680 513
1804690 517
1804700 520
1804710 524
1804720 527
1804730 530
1804740 533
1804750 535
1804760 537
1804770 539
1804780 541
1804790 543
1804800 546
1804810 548
1804820 550
1804830 552
1804840 553
1804850 554
1804860 555
1804870 556
1804880 557
1804890 558
1804900 559
1804910 560
1804920 561
1804930 562
1804940 563
1804950 563
1804960 564
1804970 564
1804980 564
1804990 565
1805000 565
1805010 565
1805020 565
1805030 565
1805040 565
1805050 565
1805060 565
1805070 565
1805080 565
1805090 565
1805100 565
1805110 565
1805120 565
1805130 565
1805140 566
1805150 566
1805160 566
1805170 567
1805180 567
1805190 568
1805200 569
1805210 569
1805220 571
1805230 572
1805240 574
1805250 576
1805260 578
1805270 580
1805280 581
1805290 583
1805300 584
1805310 585
1805320 586
1805330 587
1805340 588
1805350 589
1805360 590
1805370 591
1805380 592
1805390 593
1805400 594
1805410 595
1805420 596
1805430 597
1805440 597
1805450 598
1805460 599
1805470 600
1805480 601
1805490 602
1805500 603
1805510 604
1805520 605
1805530 607
1805540 608
1805550 610
1805560 611
1805570 613
1805580 614
1805590 616
1805600 617
1805610 619
1805620 621
1805630 622
1805640 624
1805650 626
1805660 628
1805670 630
1805680 632
1805690 634
1805700 637
1805710 641
1805720 645
1805730 649
1805740 652
1805750 654
1805760 656
1805770 658
1805780 658
1805790 659
1805800 658
1805810 657
1805820 656
1805830 657
1805840 659
1805850 661
1805860 662
1805870 663
1805880 664
1805890 665
1805900 667
1805910 669
1805920 672
1805930 674
1805940 676
1805950 677
1805960 679
1805970 681
1805980 682
1805990 683
1806000 684
1806010 685
1806020 685
1806030 686
1806040 686
1806050 686
1806060 687
1806070 688
1806080 689
1806090 690
1806100 691
1806110 692
1806120 694
1806130 695
1806140 697
1806150 698
1806160 700
1806170 701
1806180 702
1806190 704
1806200 705
1806210 706
1806220 707
1806230 707
1806240 707
1806250 707
1806260 707
1806270 706
1806280 705
1806290 705
1806300 704
1806310 703
1806320 702
1806330 701
1806340 699
1806350 698
1806360 697
1806370 696
1806380 694
1806390 693
1806400 692
1806410 691
1806420 691
1806430 689
1806440 688
1806450 687
1806460 687
1806470 686
1806480 686
1806490 686
1806500 686
1806510 686
1806520 686
1806530 686
1806540 685
1806550 684
1806560 682
1806570 681
1806580 679
1806590 678
1806600 677
1806610 675
1806620 674
1806630 673
1806640 673
1806650 672
1806660 671
1806670 670
1806680 669
1806690 669
1806700 670
1806710 670
1806720 670
1806730 671
1806740 672
1806750 672
1806760 673
1806770 673
1806780 674
1806790 674
1806800 674
1806810 674
1806820 673
1806830 672
1806840 671
1806850 670
1806860 670
1806870 669
1806880 668
1806890 666
1806900 665
1806910 665
1806920 664
1806930 663
1806940 662
1806950 661
1806960 659
1806970 658
1806980 657
1806990 656
1807000 655
1807010 654
1807020 653
1807030 651
1807040 650
1807050 648
1807060 647
1807070 646
1807080 644
1807090 642
1807100 641
1807110 640
1807120 638
1807130 637
1807140 636
1807150 635
1807160 633
1807170 632
1807180 631
1807190 631
1807200 630
1807210 630
1807220 630
1807230 629
1807240 629
1807250 629
1807260 628
1807270 628
1807280 628
1807290 628
1807300 627
1807310 627
1807320 625
1807330 624
1807340 623
1807350 621
1807360 619
1807370 617
1807380 615
1807390 614
1807400 613
1807410 612
1807420 611
1807430 611
1807440 610
1807450 610
1807460 610
1807470 610
1807480 609
1807490 609
1807500 608
1807510 607
1807520 606
1807530 605
1807540 604
1807550 602
1807560 601
1807570 600
1807580 599
1807590 597
1807600 595
1807610 593
1807620 591
1807630 589
1807640 587
1807650 585
1807660 583
1807670 581
1807680 579
1807690 577
1807700 575
1807710 572
1807720 570
1807730 568
1807740 565
1807750 563
1807760 561
1807770 558
1807780 555
1807790 554
1807800 552
1807810 551
1807820 549
1807830 547
1807840 545
1807850 543
1807860 540
1807870 538
1807880 536
1807890 534
1807900 532
1807910 530
1807920 528
1807930 526
1807940 524
1807950 523
1807960 521
1807970 519
1807980 517
1807990 515
1808000 513
1808010 511
1808020 509
1808030 507
1808040 505
1808050 503
1808060 501
1808070 498
1808080 496
1808090 494
1808100 492
1808110 490
1808120 489
1808130 487
1808140 486
1808150 485
1808160 483
1808170 482
1808180 481
1808190 480
1808200 479
1808210 478
1808220 477
1808230 476
1808240 475
1808250 474
1808260 474
1808270 473
1808280 473
1808290 473
1808300 474
1808310 475
1808320 475
1808330 476
1808340 477
1808350 478
1808360 479
1808370 480
1808380 481
1808390 482
1808400 483
1808410 485
1808420 486
1808430 487
1808440 488
1808450 488
1808460 489
1808470 490
1808480 491
1808490 490
1808500 490
1808510 489
1808520 487
1808530 486
1808540 485
1808550 483
1808560 482
1808570 480
1808580 479
1808590 477
1808600 476
1808610 476
1808620 475
1808630 474
1808640 474
1808650 474
1808660 474
1808670 474
1808680 474
1808690 474
1808700 474
1808710 475
1808720 475
1808730 475
1808740 476
1808750 477
1808760 477
1808770 478
1808780 479
1808790 479
1808800 480
1808810 480
1808820 481
1808830 481
1808840 482
1808850 482
1808860 483
1808870 483
1808880 484
1808890 484
1808900 485
1808910 485
1808920 486
1808930 487
1808940 487
1808950 488
1808960 488
1808970 489
1808980 490
1808990 491
1809000 492
1809010 492
1809020 492
1809030 493
1809040 494
1809050 496
1809060 497
1809070 498
1809080 499
1809090 500
1809100 501
1809110 503
1809120 504
1809130 505
1809140 505
1809150 506
1809160 507
1809170 508
1809180 509
1809190 509
1809200 510
1809210 512
1809220 513
1809230 515
1809240 516
1809250 518
1809260 520
1809270 521
1809280 522
1809290 523
1809300 524
1809310 525
1809320 525
1809330 527
1809340 528
1809350 530
1809360 531
1809370 532
1809380 533
1809390 534
1809400 535
1809410 536
1809420 537
1809430 538
1809440 539
1809450 537
1809460 535
1809470 532
1809480 531
1809490 534
1809500 537
1809510 540
1809520 540
1809530 539
1809540 538
1809550 538
1809560 537
1809570 537
1809580 537
1809590 537
1809600 537
1809610 539
1809620 539
1809630 540
1809640 543
1809650 545
1809660 548
1809670 550
1809680 553
1809690 556
1809700 558
1809710 560
1809720 563
1809730 565
1809740 567
1809750 569
1809760 572
1809770 574
1809780 576
1809790 578
1809800 580
1809810 582
1809820 585
1809830 587
1809840 589
1809850 591
1809860 593
1809870 594
1809880 596
1809890 598
1809900 600
1809910 601
1809920 604
1809930 606
1809940 608
1809950 610
1809960 612
1809970 614
1809980 615
1809990 617
1810000 618
1810010 619
1810020 620
1810030 620
1810040 621
1810050 622
1810060 623
1810070 625
1810080 626
1810090 628
1810100 629
1810110 630
1810120 632
1810130 633
1810140 634
1810150 636
1810160 638
1810170 639
1810180 641
1810190 643
1810200 644
1810210 645
1810220 646
1810230 647
1810240 647
1810250 647
1810260 648
1810270 648
1810280 648
1810290 648
1810300 649
1810310 649
1810320 649
1810330 649
1810340 650
1810350 650
1810360 651
1810370 651
1810380 652
1810390 652
1810400 653
1810410 654
1810420 654
1810430 655
1810440 656
1810450 657
1810460 658
1810470 659
1810480 660
1810490 661
1810500 663
1810510 664
1810520 665
1810530 666
1810540 667
1810550 668
1810560 669
1810570 670
1810580 671
1810590 672
1810600 673
1810610 674
1810620 675
1810630 676
1810640 677
1810650 678
1810660 679
1810670 680
1810680 681
1810690 682
1810700 683
1810710 684
1810720 686
1810730 688
1810740 690
1810750 691
1810760 693
1810770 695
1810780 697
1810790 699
1810800 700
1810810 702
1810820 705
1810830 708
1810840 710
1810850 712
1810860 712
1810870 712
1810880 710
1810890 709
1810900 708
1810910 708
1810920 709
1810930 710
1810940 710
1810950 711
1810960 711
1810970 712
1810980 712
1810990 713
1811000 713
1811010 713
1811020 713
1811030 713
1811040 714
1811050 715
1811060 716
1811070 719
1811080 721
1811090 723
1811100 725
1811110 727
1811120 729
1811130 731
1811140 733
1811150 735
1811160 737
1811170 739
1811180 741
1811190 743
1811200 746
1811210 748
1811220 750
1811230 751
1811240 753
1811250 753
1811260 754
1811270 755
1811280 754
1811290 753
1811300 752
1811310 751
1811320 750
1811330 749
1811340 749
1811350 748
1811360 748
1811370 748
1811380 748
1811390 748
1811400 748
1811410 749
1811420 750
1811430 751
1811440 752
1811450 753
1811460 754
1811470 755
1811480 757
1811490 758
1811500 760
1811510 761
1811520 763
1811530 764
1811540 766
1811550 767
1811560 768
1811570 769
1811580 769
1811590 769
1811600 768
1811610 766
1811620 764
1811630 763
1811640 761
1811650 759
1811660 756
1811670 754
1811680 751
1811690 749
1811700 746
1811710 744
1811720 742
1811730 740
1811740 738
1811750 735
1811760 733
1811770 730
1811780 728
1811790 725
1811800 723
1811810 720
1811820 718
1811830 716
1811840 713
1811850 711
1811860 709
1811870 707
1811880 705
1811890 704
1811900 702
1811910 701
1811920 699
1811930 697
1811940 695
1811950 694
1811960 693
1811970 692
1811980 691
1811990 689
1812000 688
1812010 687
1812020 685
1812030 684
1812040 683
1812050 682
1812060 681
1812070 679
1812080 678
1812090 677
1812100 676
1812110 675
1812120 674
1812130 672
1812140 671
1812150 670
1812160 668
1812170 667
1812180 666
1812190 664
1812200 663
1812210 661
1812220 660
1812230 658
1812240 657
1812250 655
1812260 653
1812270 651
1812280 649
1812290 647
1812300 646
1812310 645
1812320 643
1812330 641
1812340 639
1812350 637
1812360 634
1812370 631
1812380 628
1812390 624
1812400 621
1812410 618
1812420 615
1812430 613
1812440 611
1812450 609
1812460 608
1812470 606
1812480 604
1812490 602
1812500 600
1812510 597
1812520 594
1812530 590
1812540 587
1812550 584
1812560 580
1812570 577
1812580 574
1812590 572
1812600 571
1812610 569
1812620 568
1812630 568
1812640 567
1812650 568
1812660 569
1812670 573
1812680 574
1812690 575
1812700 576
1812710 577
1812720 578
1812730 579
1812740 579
1812750 580
1812760 581
1812770 582
1812780 584
1812790 585
1812800 587
1812810 588
1812820 589
1812830 591
1812840 593
1812850 596
1812860 599
1812870 601
1812880 603
1812890 604
1812900 605
1812910 606
1812920 608
1812930 610
1812940 613
1812950 616
1812960 620
1812970 623
1812980 626
1812990 629
1813000 632
1813010 636
1813020 638
1813030 641
1813040 642
1813050 643
1813060 645
1813070 646
1813080 647
1813090 648
1813100 650
1813110 652
1813120 654
1813130 657
1813140 660
1813150 663
1813160 667
1813170 671
1813180 675
1813190 679
1813200 682
1813210 685
1813220 689
1813230 692
1813240 696
1813250 699
1813260 703
1813270 706
1813280 710
1813290 713
1813300 716
1813310 719
1813320 722
1813330 725
1813340 727
1813350 730
1813360 733
1813370 735
1813380 738
1813390 740
1813400 742
1813410 744
1813420 746
1813430 748
1813440 749
1813450 750
1813460 751
1813470 751
1813480 751
1813490 750
1813500 749
1813510 748
1813520 747
1813530 746
1813540 744
1813550 743
1813560 741
1813570 740
1813580 739
1813590 737
1813600 735
1813610 733
1813620 731
1813630 730
1813640 728
1813650 726
1813660 724
1813670 722
1813680 720
1813690 718
1813700 716
1813710 714
1813720 712
1813730 710
1813740 707
1813750 705
1813760 703
1813770 701
1813780 699
1813790 697
1813800 695
1813810 693
1813820 692
1813830 690
1813840 688
1813850 687
1813860 685
1813870 684
1813880 683
1813890 682
1813900 680
1813910 679
1813920 677
1813930 676
1813940 675
1813950 674
1813960 672
1813970 671
1813980 670
1813990 668
1814000 667
1814010 666
1814020 664
1814030 662
1814040 661
1814050 659
1814060 657
1814070 656
1814080 654
1814090 652
1814100 650
1814110 648
1814120 646
1814130 644
1814140 642
1814150 640
1814160 638
1814170 636
1814180 634
1814190 632
1814200 631
1814210 629
1814220 627
1814230 625
1814240 624
1814250 622
1814260 620
1814270 618
1814280 617
1814290 616
1814300 615
1814310 613
1814320 612
1814330 611
1814340 610
1814350 609
1814360 607
1814370 606
1814380 604
1814390 603
1814400 601
1814410 599
1814420 597
1814430 595
1814440 594
1814450 592
1814460 590
1814470 589
1814480 587
1814490 585
1814500 583
1814510 582
1814520 581
1814530 580
1814540 579
1814550 577
1814560 576
1814570 574
1814580 573
1814590 572
1814600 570
1814610 568
1814620 565
1814630 561
1814640 557
1814650 553
1814660 551
1814670 552
1814680 553
1814690 554
1814700 555
1814710 555
1814720 556
1814730 558
1814740 560
1814750 563
1814760 565
1814770 566
1814780 568
1814790 570
1814800 571
1814810 572
1814820 574
1814830 575
1814840 576
1814850 577
1814860 578
1814870 580
1814880 581
1814890 582
1814900 583
1814910 584
1814920 585
1814930 586
1814940 588
1814950 589
1814960 591
1814970 592
1814980 594
1814990 594
1815000 595
1815010 596
1815020 597
1815030 599
1815040 601
1815050 603
1815060 604
1815070 605
1815080 606
1815090 607
1815100 609
1815110 610
1815120 611
1815130 612
1815140 614
1815150 615
1815160 617
1815170 618
1815180 619
1815190 620
1815200 621
1815210 621
1815220 622
1815230 623
1815240 623
1815250 624
1815260 625
1815270 625
1815280 625
1815290 625
1815300 624
1815310 623
1815320 623
1815330 622
1815340 620
1815350 619
1815360 617
1815370 615
1815380 614
1815390 612
1815400 611
1815410 609
1815420 608
1815430 607
1815440 605
1815450 604
1815460 603
1815470 602
1815480 601
1815490 600
1815500 599
1815510 598
1815520 596
1815530 595
1815540 593
1815550 592
1815560 590
1815570 588
1815580 586
1815590 585
1815600 583
1815610 581
1815620 579
1815630 577
1815640 575
1815650 574
1815660 573
1815670 572
1815680 571
1815690 570
1815700 569
1815710 568
1815720 568
1815730 567
1815740 566
1815750 565
1815760 564
1815770 563
1815780 562
1815790 561
1815800 560
1815810 560
1815820 559
1815830 558
1815840 557
1815850 556
1815860 555
1815870 554
1815880 553
1815890 552
1815900 551
1815910 551
1815920 550
1815930 549
1815940 548
1815950 548
1815960 547
1815970 546
1815980 546
1815990 545
1816000 544
1816010 544
1816020 543
1816030 543
1816040 543
1816050 543
1816060 542
1816070 542
1816080 542
1816090 542
1816100 542
1816110 542
1816120 542
1816130 543
1816140 543
1816150 543
1816160 543
1816170 544
1816180 544
1816190 544
1816200 544
1816210 545
1816220 545
1816230 545
1816240 545
1816250 545
1816260 545
1816270 544
1816280 543
1816290 541
1816300 540
1816310 540
1816320 539
1816330 538
1816340 536
1816350 535
1816360 534
1816370 533
1816380 532
1816390 531
1816400 529
1816410 528
1816420 527
1816430 525
1816440 524
1816450 522
1816460 521
1816470 519
1816480 518
1816490 517
1816500 516
1816510 515
1816520 514
1816530 512
1816540 510
1816550 507
1816560 504
1816570 500
1816580 499
1816590 500
1816600 504
1816610 507
1816620 509
1816630 510
1816640 511
1816650 512
1816660 513
1816670 514
1816680 515
1816690 516
1816700 518
1816710 519
1816720 520
1816730 521
1816740 523
1816750 524
1816760 524
1816770 525
1816780 526
1816790 527
1816800 529
1816810 530
1816820 531
1816830 532
1816840 533
1816850 534
1816860 535
1816870 536
1816880 537
1816890 538
1816900 539
1816910 540
1816920 541
1816930 542
1816940 542
1816950 543
1816960 543
1816970 544
1816980 544
1816990 543
1817000 542
1817010 542
1817020 541
1817030 540
1817040 540
1817050 539
1817060 538
1817070 538
1817080 537
1817090 536
1817100 535
1817110 534
1817120 533
1817130 532
1817140 532
1817150 531
1817160 530
1817170 529
1817180 528
1817190 527
1817200 526
1817210 525
1817220 524
1817230 523
1817240 521
1817250 521
1817260 520
1817270 519
1817280 518
1817290 516
1817300 513
1817310 511
1817320 509
1817330 507
1817340 506
1817350 505
1817360 504
1817370 504
1817380 504
1817390 503
1817400 502
1817410 502
1817420 502
1817430 502
1817440 502
1817450 502
1817460 503
1817470 502
1817480 502
1817490 501
1817500 501
1817510 501
1817520 500
1817530 500
1817540 499
1817550 499
1817560 498
1817570 498
1817580 497
1817590 497
1817600 497
1817610 497
1817620 496
1817630 496
1817640 496
1817650 496
1817660 495
1817670 494
1817680 494
1817690 493
1817700 493
1817710 492
1817720 492
1817730 491
1817740 489
1817750 487
1817760 485
1817770 483
1817780 481
1817790 480
1817800 478
1817810 477
1817820 475
1817830 474
1817840 472
1817850 471
1817860 470
1817870 468
1817880 466
1817890 465
1817900 464
1817910 463
1817920 463
1817930 462
1817940 461
1817950 460
1817960 459
1817970 458
1817980 457
1817990 456
1818000 455
1818010 454
1818020 453
1818030 452
1818040 451
1818050 450
1818060 449
1818070 448
1818080 447
1818090 446
1818100 445
1818110 444
1818120 443
1818130 443
1818140 442
1818150 441
1818160 440
1818170 439
1818180 437
1818190 436
1818200 434
1818210 433
1818220 432
1818230 431
1818240 430
1818250 429
1818260 428
1818270 427
1818280 426
1818290 425
1818300 424
1818310 423
1818320 422
1818330 421
1818340 420
1818350 420
1818360 419
1818370 419
1818380 417
1818390 415
1818400 414
1818410 414
1818420 413
1818430 414
1818440 415
1818450 416
1818460 419
1818470 422
1818480 424
1818490 425
1818500 426
1818510 426
1818520 427
1818530 429
1818540 430
1818550 431
1818560 432
1818570 433
1818580 435
1818590 437
1818600 438
1818610 439
1818620 440
1818630 441
1818640 441
1818650 442
1818660 442
1818670 443
1818680 443
1818690 443
1818700 443
1818710 442
1818720 442
1818730 442
1818740 441
1818750 440
1818760 439
1818770 439
1818780 438
1818790 437
1818800 437
1818810 436
1818820 436
1818830 435
1818840 435
1818850 434
1818860 434
1818870 434
1818880 433
1818890 433
1818900 432
1818910 431
1818920 431
1818930 430
1818940 429
1818950 428
1818960 427
1818970 426
1818980 426
1818990 425
1819000 424
1819010 423
1819020 422
1819030 421
1819040 420
1819050 419
1819060 418
1819070 416
1819080 415
1819090 414
1819100 413
1819110 412
1819120 411
1819130 410
1819140 410
1819150 409
1819160 408
1819170 408
1819180 407
1819190 406
1819200 405
1819210 405
1819220 404
1819230 403
1819240 403
1819250 402
1819260 402
1819270 401
1819280 401
1819290 400
1819300 400
1819310 399
1819320 399
1819330 398
1819340 398
1819350 397
1819360 396
1819370 396
1819380 395
1819390 395
1819400 395
1819410 394
1819420 394
1819430 393
1819440 393
1819450 393
1819460 392
1819470 392
1819480 392
1819490 392
1819500 391
1819510 391
1819520 391
1819530 391
1819540 391
1819550 391
1819560 391
1819570 391
1819580 390
1819590 390
1819600 390
1819610 390
1819620 389
1819630 389
1819640 388
1819650 386
1819660 385
1819670 383
1819680 382
1819690 380
1819700 378
1819710 377
1819720 376
1819730 376
1819740 374
1819750 373
1819760 371
1819770 370
1819780 369
1819790 368
1819800 367
1819810 366
1819820 365
1819830 364
1819840 364
1819850 363
1819860 363
1819870 362
1819880 361
1819890 361
1819900 361
1819910 360
1819920 360
1819930 359
1819940 359
1819950 358
1819960 358
1819970 358
1819980 357
1819990 357
