1800000 601
1800010 601
1800020 604
1800030 607
1800040 607
1800050 611
1800060 615
1800070 615
1800080 618
1800090 622
1800100 622
1800110 625
1800120 628
1800130 628
1800140 630
1800150 633
1800160 633
1800170 637
1800180 639
1800190 641
1800200 641
1800210 642
1800220 641
1800230 641
1800240 639
1800250 636
1800260 636
1800270 634
1800280 633
1800290 633
1800300 632
1800310 632
1800320 632
1800330 631
1800340 629
1800350 629
1800360 628
1800370 625
1800380 625
1800390 623
1800400 620
1800410 620
1800420 617
1800430 613
1800440 613
1800450 610
1800460 607
1800470 607
1800480 603
1800490 600
1800500 600
1800510 595
1800520 590
1800530 585
1800540 585
1800550 580
1800560 575
1800570 575
1800580 571
1800590 567
1800600 567
1800610 563
1800620 559
1800630 559
1800640 553
1800650 553
1800660 553
1800670 557
1800680 563
1800690 563
1800700 567
1800710 567
1800720 567
1800730 565
1800740 564
1800750 564
1800760 564
1800770 562
1800780 562
1800790 560
1800800 558
1800810 558
1800820 556
1800830 554
1800840 551
1800850 551
1800860 552
1800870 554
1800880 554
1800890 556
1800900 559
1800910 559
1800920 562
1800930 565
1800940 565
1800950 568
1800960 565
1800970 565
1800980 568
1800990 574
1801000 574
1801010 582
1801020 586
1801030 586
1801040 592
1801050 597
1801060 597
1801070 602
1801080 607
1801090 607
1801100 612
1801110 616
1801120 616
1801130 619
1801140 623
1801150 627
1801160 627
1801170 630
1801180 633
1801190 633
1801200 636
1801210 639
1801220 639
1801230 641
1801240 644
1801250 644
1801260 647
1801270 650
1801280 650
1801290 653
1801300 655
1801310 655
1801320 657
1801330 658
1801340 658
1801350 659
1801360 660
1801370 660
1801380 660
1801390 661
1801400 661
1801410 660
1801420 660
1801430 660
1801440 660
1801450 660
1801460 660
1801470 660
1801480 661
1801490 660
1801500 660
1801510 659
1801520 658
1801530 658
1801540 657
1801550 656
1801560 656
1801570 655
1801580 653
1801590 653
1801600 650
1801610 648
1801620 648
1801630 645
1801640 642
1801650 642
1801660 639
1801670 637
1801680 637
1801690 633
1801700 627
1801710 627
1801720 625
1801730 625
1801740 625
1801750 626
1801760 627
1801770 628
1801780 628
1801790 628
1801800 627
1801810 627
1801820 626
1801830 625
1801840 625
1801850 623
