1800000 650
1800010 649
1800020 648
1800030 647
1800040 645
1800050 643
1800060 640
1800070 636
1800080 636
1800090 639
1800100 640
1800110 639
1800120 637
1800130 634
1800140 632
1800150 630
1800160 629
1800170 629
1800180 629
1800190 628
1800200 625
1800210 624
1800220 624
1800230 627
1800240 630
1800250 632
1800260 632
1800270 633
1800280 635
1800290 638
1800300 641
1800310 643
1800320 646
1800330 649
1800340 652
1800350 655
1800360 658
1800370 661
1800380 663
1800390 665
1800400 667
1800410 668
1800420 670
1800430 671
1800440 674
1800450 677
1800460 679
1800470 682
1800480 683
1800490 685
1800500 686
1800510 687
1800520 688
1800530 689
1800540 690
1800550 691
1800560 692
1800570 694
1800580 696
1800590 698
1800600 700
1800610 702
1800620 704
1800630 706
1800640 708
1800650 709
1800660 711
1800670 712
1800680 714
1800690 716
1800700 718
1800710 719
1800720 720
1800730 721
1800740 722
1800750 722
1800760 722
1800770 722
1800780 722
1800790 722
1800800 721
1800810 721
1800820 719
1800830 717
1800840 716
1800850 714
1800860 713
1800870 711
1800880 710
1800890 708
1800900 706
1800910 704
1800920 702
1800930 699
1800940 697
1800950 696
1800960 694
1800970 693
1800980 692
1800990 692
1801000 691
1801010 690
1801020 689
1801030 688
1801040 687
1801050 686
1801060 684
1801070 683
1801080 681
1801090 680
1801100 678
1801110 677
1801120 675
1801130 674
1801140 673
1801150 671
1801160 671
1801170 670
1801180 669
1801190 667
1801200 665
1801210 664
1801220 662
1801230 661
1801240 659
1801250 657
1801260 655
1801270 653
1801280 651
1801290 649
1801300 646
1801310 644
1801320 642
1801330 640
1801340 638
1801350 636
1801360 634
1801370 633
1801380 631
1801390 629
1801400 628
1801410 627
1801420 626
1801430 625
1801440 624
1801450 624
1801460 623
1801470 623
1801480 622
1801490 621
1801500 620
1801510 618
1801520 615
1801530 612
1801540 610
1801550 607
1801560 606
1801570 604
1801580 602
1801590 599
1801600 596
1801610 592
1801620 590
1801630 588
1801640 589
1801650 589
1801660 590
1801670 591
1801680 592
1801690 593
1801700 594
1801710 594
1801720 595
1801730 596
1801740 596
1801750 597
1801760 598
1801770 599
1801780 599
1801790 600
1801800 601
1801810 602
1801820 603
1801830 604
1801840 604
1801850 605
1801860 606
1801870 609
1801880 611
1801890 612
1801900 610
1801910 608
1801920 606
1801930 605
1801940 605
1801950 605
1801960 604
1801970 603
1801980 602
1801990 601
1802000 600
1802010 599
1802020 598
1802030 597
1802040 596
1802050 594
1802060 592
1802070 590
1802080 588
1802090 585
1802100 583
1802110 582
1802120 580
1802130 578
1802140 577
1802150 577
1802160 576
1802170 576
1802180 576
1802190 576
1802200 577
1802210 578
1802220 579
1802230 580
1802240 578
1802250 579
1802260 581
1802270 583
1802280 585
1802290 587
1802300 590
1802310 592
1802320 595
1802330 598
1802340 601
1802350 604
1802360 605
1802370 607
1802380 609
1802390 610
1802400 612
1802410 614
1802420 615
1802430 616
1802440 618
1802450 619
1802460 620
1802470 621
1802480 622
1802490 624
1802500 625
1802510 626
1802520 627
1802530 628
1802540 629
1802550 630
1802560 631
1802570 632
1802580 633
1802590 634
1802600 635
1802610 636
1802620 637
1802630 638
1802640 639
1802650 640
1802660 641
1802670 642
1802680 643
1802690 644
1802700 645
1802710 646
1802720 647
1802730 648
1802740 649
1802750 650
1802760 651
1802770 652
1802780 654
1802790 655
1802800 656
1802810 657
1802820 659
1802830 661
1802840 662
1802850 664
1802860 666
1802870 667
1802880 669
1802890 671
1802900 672
1802910 674
1802920 675
1802930 676
1802940 678
1802950 679
1802960 680
1802970 681
1802980 682
1802990 683
1803000 684
1803010 685
1803020 686
1803030 687
1803040 688
1803050 689
1803060 689
1803070 690
1803080 691
1803090 692
1803100 692
1803110 693
1803120 693
1803130 694
1803140 694
1803150 695
1803160 696
1803170 697
1803180 698
1803190 699
1803200 700
1803210 701
1803220 702
1803230 703
1803240 704
1803250 704
1803260 705
1803270 706
1803280 707
1803290 708
1803300 710
1803310 711
1803320 712
1803330 713
1803340 714
1803350 715
1803360 716
1803370 716
1803380 717
1803390 718
1803400 718
1803410 719
1803420 720
1803430 721
1803440 722
1803450 723
1803460 723
1803470 723
1803480 722
1803490 722
1803500 721
1803510 720
1803520 719
1803530 717
1803540 716
1803550 715
1803560 713
1803570 712
1803580 710
1803590 708
1803600 707
1803610 706
1803620 704
1803630 704
1803640 703
1803650 702
1803660 701
1803670 700
1803680 699
1803690 697
1803700 696
1803710 695
1803720 693
1803730 692
1803740 691
1803750 689
1803760 688
1803770 686
1803780 685
1803790 684
1803800 683
1803810 682
1803820 680
1803830 679
1803840 678
1803850 676
1803860 675
1803870 674
1803880 673
1803890 673
1803900 672
1803910 669
1803920 666
1803930 662
1803940 659
1803950 656
1803960 652
1803970 648
1803980 645
1803990 642
1804000 638
1804010 635
1804020 633
1804030 630
1804040 627
1804050 624
1804060 621
1804070 617
1804080 614
1804090 612
1804100 610
1804110 608
1804120 606
1804130 605
1804140 603
1804150 602
1804160 600
1804170 599
1804180 598
1804190 596
1804200 595
1804210 594
1804220 592
1804230 590
1804240 588
1804250 585
1804260 583
1804270 582
1804280 586
1804290 589
1804300 590
1804310 591
1804320 591
1804330 592
1804340 592
1804350 593
1804360 594
1804370 595
1804380 596
1804390 597
1804400 597
1804410 598
1804420 599
1804430 599
1804440 600
1804450 601
1804460 602
1804470 603
1804480 604
1804490 605
1804500 606
1804510 607
1804520 608
1804530 609
1804540 610
1804550 611
1804560 612
1804570 612
1804580 613
1804590 613
1804600 613
1804610 612
1804620 612
1804630 612
1804640 612
1804650 612
1804660 612
1804670 612
1804680 612
1804690 612
1804700 613
1804710 613
1804720 613
1804730 614
1804740 614
1804750 615
1804760 615
1804770 616
1804780 617
1804790 618
1804800 619
1804810 620
1804820 621
1804830 622
1804840 623
1804850 624
1804860 625
1804870 627
1804880 629
1804890 631
1804900 632
1804910 634
1804920 636
1804930 637
1804940 639
1804950 640
1804960 641
1804970 642
1804980 642
1804990 642
1805000 643
1805010 643
1805020 643
1805030 644
1805040 645
1805050 646
1805060 646
1805070 645
1805080 645
1805090 644
1805100 644
1805110 644
1805120 644
1805130 644
1805140 645
1805150 645
1805160 646
1805170 647
1805180 648
1805190 648
1805200 649
1805210 650
1805220 650
1805230 651
1805240 651
1805250 652
1805260 653
1805270 653
1805280 654
1805290 655
1805300 656
1805310 657
1805320 658
1805330 660
1805340 660
1805350 661
1805360 662
1805370 662
1805380 663
1805390 663
1805400 663
1805410 662
1805420 662
1805430 662
1805440 661
1805450 661
1805460 660
1805470 659
1805480 659
1805490 658
1805500 658
1805510 657
1805520 656
1805530 656
1805540 655
1805550 655
1805560 654
1805570 654
1805580 653
1805590 652
1805600 651
1805610 650
1805620 649
1805630 648
1805640 647
1805650 646
1805660 645
1805670 645
1805680 644
1805690 643
1805700 642
1805710 640
1805720 639
1805730 637
1805740 635
1805750 633
1805760 631
1805770 629
1805780 627
1805790 625
1805800 623
1805810 621
1805820 619
1805830 617
1805840 615
1805850 613
1805860 611
1805870 609
1805880 607
1805890 605
1805900 602
1805910 600
1805920 598
1805930 596
1805940 594
1805950 592
1805960 590
1805970 589
1805980 587
1805990 585
1806000 584
1806010 582
1806020 581
1806030 580
1806040 578
1806050 577
1806060 576
1806070 575
1806080 573
1806090 572
1806100 571
1806110 570
1806120 570
1806130 571
1806140 571
1806150 571
1806160 571
1806170 573
1806180 574
1806190 576
1806200 576
1806210 577
1806220 576
1806230 577
1806240 579
1806250 580
1806260 581
1806270 582
1806280 582
1806290 584
1806300 585
1806310 587
1806320 588
1806330 589
1806340 590
1806350 591
1806360 592
1806370 593
1806380 594
1806390 595
1806400 596
1806410 597
1806420 599
1806430 600
1806440 601
1806450 603
1806460 604
1806470 605
1806480 607
1806490 609
1806500 611
1806510 612
1806520 615
1806530 617
1806540 620
1806550 623
1806560 625
1806570 627
1806580 630
1806590 632
1806600 634
1806610 634
1806620 635
1806630 635
1806640 635
1806650 636
1806660 639
1806670 642
1806680 645
1806690 648
1806700 651
1806710 653
1806720 655
1806730 657
1806740 659
1806750 660
1806760 662
1806770 663
1806780 665
1806790 667
1806800 668
1806810 670
1806820 672
1806830 673
1806840 674
1806850 674
1806860 674
1806870 673
1806880 673
1806890 673
1806900 672
1806910 671
1806920 670
1806930 669
1806940 668
1806950 667
1806960 666
1806970 665
1806980 664
1806990 663
1807000 661
1807010 660
1807020 659
1807030 659
1807040 658
1807050 657
1807060 656
1807070 656
1807080 656
1807090 657
1807100 658
1807110 658
1807120 659
1807130 659
1807140 659
1807150 660
1807160 661
1807170 662
1807180 663
1807190 665
1807200 667
1807210 669
1807220 670
1807230 672
1807240 673
1807250 674
1807260 675
1807270 676
1807280 676
1807290 677
1807300 678
1807310 679
1807320 680
1807330 681
1807340 682
1807350 684
1807360 685
1807370 686
1807380 687
1807390 689
1807400 690
1807410 692
1807420 694
1807430 695
1807440 696
1807450 697
1807460 698
1807470 699
1807480 699
1807490 700
1807500 700
1807510 700
1807520 700
1807530 699
1807540 698
1807550 696
1807560 694
1807570 693
1807580 691
1807590 689
1807600 688
1807610 687
1807620 685
1807630 683
1807640 681
1807650 679
1807660 676
1807670 673
1807680 671
1807690 668
1807700 665
1807710 662
1807720 659
1807730 657
1807740 654
1807750 652
1807760 651
1807770 649
1807780 647
1807790 646
1807800 645
1807810 642
1807820 640
1807830 638
1807840 637
1807850 635
1807860 632
1807870 629
1807880 626
1807890 623
1807900 619
1807910 618
1807920 621
1807930 624
1807940 626
1807950 626
1807960 626
1807970 626
1807980 627
1807990 628
1808000 630
1808010 631
1808020 632
1808030 632
1808040 633
1808050 634
1808060 634
1808070 635
1808080 636
1808090 636
1808100 637
1808110 637
1808120 638
1808130 638
1808140 639
1808150 639
1808160 640
1808170 640
1808180 640
1808190 640
1808200 640
1808210 640
1808220 641
1808230 641
1808240 642
1808250 643
1808260 643
1808270 644
1808280 645
1808290 645
1808300 645
1808310 646
1808320 646
1808330 646
1808340 647
1808350 647
1808360 648
1808370 648
1808380 649
1808390 650
1808400 650
1808410 651
1808420 651
1808430 651
1808440 652
1808450 652
1808460 652
1808470 653
1808480 653
1808490 654
1808500 654
1808510 655
1808520 655
1808530 656
1808540 657
1808550 657
1808560 658
1808570 659
1808580 660
1808590 660
1808600 661
1808610 661
1808620 661
1808630 662
1808640 661
1808650 661
1808660 661
1808670 660
1808680 659
1808690 657
1808700 656
1808710 655
1808720 653
1808730 651
1808740 650
1808750 648
1808760 646
1808770 645
1808780 643
1808790 642
1808800 641
1808810 639
1808820 638
1808830 636
1808840 634
1808850 632
1808860 630
1808870 627
1808880 625
1808890 622
1808900 618
1808910 614
1808920 611
1808930 608
1808940 605
1808950 603
1808960 600
1808970 598
1808980 596
1808990 595
1809000 594
1809010 593
1809020 591
1809030 590
1809040 587
1809050 585
1809060 583
1809070 581
1809080 579
1809090 577
1809100 576
1809110 576
1809120 576
1809130 577
1809140 577
1809150 577
1809160 578
1809170 578
1809180 579
1809190 579
1809200 580
1809210 580
1809220 581
1809230 582
1809240 582
1809250 583
1809260 582
1809270 582
1809280 581
1809290 579
1809300 577
1809310 575
1809320 573
1809330 573
1809340 574
1809350 575
1809360 576
1809370 576
1809380 575
1809390 575
1809400 576
1809410 578
1809420 580
1809430 581
1809440 581
1809450 582
1809460 583
1809470 584
1809480 585
1809490 586
1809500 587
1809510 589
1809520 590
1809530 591
1809540 593
1809550 595
1809560 597
1809570 599
1809580 602
1809590 605
1809600 608
1809610 611
1809620 613
1809630 615
1809640 617
1809650 618
1809660 620
1809670 622
1809680 624
1809690 625
1809700 627
1809710 628
1809720 629
1809730 630
1809740 632
1809750 633
1809760 635
1809770 636
1809780 638
1809790 639
1809800 640
1809810 641
1809820 642
1809830 643
1809840 644
1809850 645
1809860 647
1809870 648
1809880 650
1809890 651
1809900 653
1809910 655
1809920 657
1809930 659
1809940 660
1809950 661
1809960 662
1809970 664
1809980 665
1809990 667
1810000 668
1810010 670
1810020 671
1810030 673
1810040 674
1810050 675
1810060 676
1810070 678
1810080 679
1810090 681
1810100 682
1810110 684
1810120 686
1810130 688
1810140 690
1810150 692
1810160 693
1810170 695
1810180 697
1810190 698
1810200 700
1810210 702
1810220 703
1810230 705
1810240 706
1810250 708
1810260 710
1810270 712
1810280 714
1810290 716
1810300 717
1810310 719
1810320 720
1810330 722
1810340 724
1810350 725
1810360 727
1810370 728
1810380 730
1810390 731
1810400 732
1810410 734
1810420 735
1810430 737
1810440 738
1810450 739
1810460 739
1810470 741
1810480 742
1810490 743
1810500 744
1810510 745
1810520 746
1810530 748
1810540 749
1810550 750
1810560 751
1810570 752
1810580 753
1810590 755
1810600 756
1810610 758
1810620 760
1810630 761
1810640 762
1810650 764
1810660 765
1810670 766
1810680 767
1810690 768
1810700 769
1810710 770
1810720 770
1810730 771
1810740 772
1810750 772
1810760 772
1810770 772
1810780 772
1810790 771
1810800 771
1810810 770
1810820 768
1810830 767
1810840 765
1810850 763
1810860 761
1810870 759
1810880 757
1810890 756
1810900 754
1810910 752
1810920 750
1810930 748
1810940 747
1810950 745
1810960 744
1810970 742
1810980 741
1810990 740
1811000 739
1811010 738
1811020 737
1811030 736
1811040 735
1811050 734
1811060 733
1811070 733
1811080 732
1811090 732
1811100 731
1811110 731
1811120 730
1811130 728
1811140 727
1811150 726
1811160 725
1811170 724
1811180 723
1811190 722
1811200 721
1811210 719
1811220 718
1811230 718
1811240 717
1811250 716
1811260 716
1811270 715
1811280 714
1811290 713
1811300 712
1811310 711
1811320 711
1811330 710
1811340 709
1811350 708
1811360 708
1811370 708
1811380 707
1811390 707
1811400 706
1811410 706
1811420 705
1811430 705
1811440 705
1811450 705
1811460 705
1811470 705
1811480 705
1811490 705
1811500 705
1811510 705
1811520 705
1811530 705
1811540 705
1811550 705
1811560 705
1811570 705
1811580 705
1811590 705
1811600 705
1811610 705
1811620 706
1811630 706
1811640 707
1811650 707
1811660 707
1811670 708
1811680 709
1811690 709
1811700 710
1811710 711
1811720 712
1811730 713
1811740 714
1811750 715
1811760 716
1811770 717
1811780 718
1811790 719
1811800 720
1811810 721
1811820 722
1811830 723
1811840 724
1811850 726
1811860 727
1811870 728
1811880 729
1811890 730
1811900 731
1811910 732
1811920 733
1811930 734
1811940 734
1811950 735
1811960 736
1811970 736
1811980 737
1811990 736
1812000 736
1812010 735
1812020 735
1812030 734
1812040 734
1812050 733
1812060 732
1812070 731
1812080 730
1812090 729
1812100 728
1812110 727
1812120 726
1812130 725
1812140 723
1812150 722
1812160 720
1812170 718
1812180 716
1812190 715
1812200 713
1812210 712
1812220 711
1812230 709
1812240 708
1812250 707
1812260 706
1812270 705
1812280 704
1812290 703
1812300 702
1812310 701
1812320 700
1812330 699
1812340 698
1812350 697
1812360 696
1812370 695
1812380 694
1812390 692
1812400 690
1812410 689
1812420 687
1812430 685
1812440 683
1812450 682
1812460 680
1812470 678
1812480 676
1812490 674
1812500 672
1812510 670
1812520 668
1812530 666
1812540 665
1812550 663
1812560 661
1812570 660
1812580 658
1812590 656
1812600 654
1812610 652
1812620 651
1812630 649
1812640 648
1812650 646
1812660 644
1812670 643
1812680 641
1812690 639
1812700 637
1812710 636
1812720 634
1812730 633
1812740 632
1812750 630
1812760 629
1812770 628
1812780 626
1812790 624
1812800 623
1812810 621
1812820 620
1812830 618
1812840 616
1812850 615
1812860 613
1812870 612
1812880 610
1812890 609
1812900 607
1812910 606
1812920 605
1812930 603
1812940 601
1812950 599
1812960 598
1812970 597
1812980 596
1812990 596
1813000 595
1813010 595
1813020 594
1813030 594
1813040 593
1813050 592
1813060 591
1813070 592
1813080 592
1813090 592
1813100 592
1813110 592
1813120 592
1813130 591
1813140 591
1813150 590
1813160 589
1813170 588
1813180 587
1813190 586
1813200 587
1813210 589
1813220 590
1813230 591
1813240 591
1813250 592
1813260 592
1813270 593
1813280 594
1813290 595
1813300 596
1813310 597
1813320 598
1813330 598
1813340 599
1813350 600
1813360 601
1813370 602
1813380 603
1813390 604
1813400 606
1813410 607
1813420 608
1813430 610
1813440 612
1813450 614
1813460 616
1813470 618
1813480 619
1813490 621
1813500 623
1813510 625
1813520 626
1813530 628
1813540 630
1813550 631
1813560 633
1813570 634
1813580 636
1813590 638
1813600 639
1813610 641
1813620 642
1813630 643
1813640 644
1813650 646
1813660 647
1813670 649
1813680 650
1813690 651
1813700 653
1813710 654
1813720 655
1813730 656
1813740 656
1813750 657
1813760 658
1813770 659
1813780 660
1813790 661
1813800 662
1813810 663
1813820 664
1813830 665
1813840 666
1813850 667
1813860 668
1813870 669
1813880 671
1813890 672
1813900 673
1813910 675
1813920 676
1813930 677
1813940 677
1813950 677
1813960 676
1813970 675
1813980 674
1813990 673
1814000 672
1814010 671
1814020 670
1814030 669
1814040 668
1814050 667
1814060 667
1814070 665
1814080 664
1814090 663
1814100 661
1814110 660
1814120 658
1814130 657
1814140 656
1814150 655
1814160 653
1814170 652
1814180 651
1814190 650
1814200 648
1814210 647
1814220 646
1814230 644
1814240 643
1814250 642
1814260 641
1814270 639
1814280 637
1814290 635
1814300 634
1814310 632
1814320 630
1814330 628
1814340 626
1814350 624
1814360 623
1814370 621
1814380 620
1814390 618
1814400 617
1814410 616
1814420 614
1814430 613
1814440 611
1814450 610
1814460 609
1814470 608
1814480 606
1814490 605
1814500 603
1814510 602
1814520 600
1814530 599
1814540 598
1814550 596
1814560 595
1814570 594
1814580 593
1814590 592
1814600 591
1814610 590
1814620 589
1814630 588
1814640 587
1814650 586
1814660 584
1814670 582
1814680 580
1814690 579
1814700 578
1814710 577
1814720 577
1814730 577
1814740 578
1814750 578
1814760 578
1814770 578
1814780 578
1814790 578
1814800 578
1814810 578
1814820 578
1814830 578
1814840 578
1814850 578
1814860 578
1814870 578
1814880 578
1814890 578
1814900 578
1814910 577
1814920 577
1814930 577
1814940 577
1814950 577
1814960 577
1814970 577
1814980 576
1814990 576
1815000 575
1815010 574
1815020 574
1815030 573
1815040 572
1815050 572
1815060 571
1815070 571
1815080 570
1815090 569
1815100 569
1815110 569
1815120 568
1815130 568
1815140 567
1815150 566
1815160 565
1815170 564
1815180 562
1815190 561
1815200 559
1815210 557
1815220 556
1815230 553
1815240 551
1815250 548
1815260 545
1815270 542
1815280 538
1815290 536
1815300 533
1815310 531
1815320 528
1815330 526
1815340 524
1815350 521
1815360 519
1815370 518
1815380 517
1815390 515
1815400 514
1815410 513
1815420 512
1815430 511
1815440 510
1815450 509
1815460 508
1815470 508
1815480 507
1815490 506
1815500 505
1815510 504
1815520 504
1815530 503
1815540 503
1815550 502
1815560 502
1815570 502
1815580 501
1815590 501
1815600 501
1815610 500
1815620 500
1815630 500
1815640 499
1815650 499
1815660 499
1815670 498
1815680 498
1815690 497
1815700 497
1815710 497
1815720 497
1815730 496
1815740 496
1815750 496
1815760 496
1815770 496
1815780 496
1815790 496
1815800 496
1815810 497
1815820 497
1815830 498
1815840 498
1815850 498
1815860 499
1815870 500
1815880 501
1815890 502
1815900 503
1815910 504
1815920 506
1815930 507
1815940 510
1815950 512
1815960 514
1815970 517
1815980 518
1815990 520
1816000 521
1816010 522
1816020 522
1816030 523
1816040 523
1816050 524
1816060 524
1816070 523
1816080 522
1816090 521
1816100 521
1816110 520
1816120 519
1816130 518
1816140 517
1816150 517
1816160 516
1816170 515
1816180 515
1816190 514
1816200 513
1816210 512
1816220 511
1816230 510
1816240 509
1816250 509
1816260 508
1816270 508
1816280 507
1816290 507
1816300 506
1816310 505
1816320 505
1816330 504
1816340 504
1816350 503
1816360 503
1816370 502
1816380 502
1816390 501
1816400 501
1816410 501
1816420 501
1816430 502
1816440 502
1816450 503
1816460 504
1816470 504
1816480 504
1816490 504
1816500 503
1816510 503
1816520 503
1816530 503
1816540 503
1816550 502
1816560 502
1816570 502
1816580 501
1816590 500
1816600 499
1816610 498
1816620 497
1816630 496
1816640 496
1816650 495
1816660 494
1816670 493
1816680 493
1816690 492
1816700 491
1816710 490
1816720 489
1816730 488
1816740 487
1816750 486
1816760 485
1816770 483
1816780 482
1816790 480
1816800 479
1816810 477
1816820 476
1816830 475
1816840 474
1816850 472
1816860 471
1816870 470
1816880 469
1816890 467
1816900 466
1816910 465
1816920 464
1816930 463
1816940 462
1816950 461
1816960 460
1816970 459
1816980 458
1816990 457
1817000 456
1817010 455
1817020 454
1817030 453
1817040 452
1817050 451
1817060 450
1817070 449
1817080 449
1817090 448
1817100 446
1817110 446
1817120 445
1817130 445
1817140 445
1817150 445
1817160 444
1817170 444
1817180 444
1817190 443
1817200 443
1817210 443
1817220 443
1817230 443
1817240 443
1817250 442
1817260 442
1817270 442
1817280 442
1817290 442
1817300 442
1817310 442
1817320 442
1817330 442
1817340 442
1817350 442
1817360 442
1817370 442
1817380 442
1817390 442
1817400 442
1817410 442
1817420 442
1817430 442
1817440 441
1817450 441
1817460 441
1817470 440
1817480 440
1817490 440
1817500 440
1817510 439
1817520 439
1817530 439
1817540 439
1817550 439
1817560 438
1817570 438
1817580 438
1817590 438
1817600 438
1817610 438
1817620 438
1817630 438
1817640 439
1817650 439
1817660 440
1817670 441
1817680 441
1817690 442
1817700 443
1817710 443
1817720 443
1817730 444
1817740 444
1817750 444
1817760 443
1817770 443
1817780 443
1817790 442
1817800 441
1817810 440
1817820 439
1817830 438
1817840 437
1817850 436
1817860 435
1817870 435
1817880 434
1817890 434
1817900 433
1817910 432
1817920 432
1817930 430
1817940 429
1817950 429
1817960 428
1817970 427
1817980 426
1817990 425
1818000 424
1818010 422
1818020 421
1818030 420
1818040 419
1818050 417
1818060 415
1818070 413
1818080 411
1818090 410
1818100 409
1818110 408
1818120 407
1818130 406
1818140 406
1818150 406
1818160 406
1818170 407
1818180 408
1818190 410
1818200 412
1818210 413
1818220 414
1818230 414
1818240 414
1818250 416
1818260 417
1818270 418
1818280 418
1818290 419
1818300 420
1818310 420
1818320 420
1818330 419
1818340 419
1818350 418
1818360 417
1818370 416
1818380 415
1818390 414
1818400 413
1818410 411
1818420 410
1818430 409
1818440 408
1818450 407
1818460 406
1818470 405
1818480 404
1818490 403
1818500 402
1818510 401
1818520 400
1818530 399
1818540 398
1818550 397
1818560 396
1818570 395
1818580 394
1818590 393
1818600 392
1818610 391
1818620 390
1818630 389
1818640 388
1818650 387
1818660 387
1818670 386
1818680 385
1818690 384
1818700 383
1818710 382
1818720 381
1818730 380
1818740 379
1818750 378
1818760 378
1818770 377
1818780 376
1818790 375
1818800 375
1818810 374
1818820 373
1818830 373
1818840 372
1818850 372
1818860 371
1818870 371
1818880 370
1818890 370
1818900 369
1818910 368
1818920 368
1818930 368
1818940 367
1818950 367
1818960 366
1818970 367
1818980 368
1818990 368
1819000 368
1819010 367
1819020 367
1819030 367
1819040 367
1819050 367
1819060 367
1819070 367
1819080 367
1819090 367
1819100 367
1819110 367
1819120 367
1819130 367
1819140 367
1819150 367
1819160 367
1819170 367
1819180 367
1819190 367
1819200 367
1819210 367
1819220 367
1819230 367
1819240 366
1819250 366
1819260 366
1819270 366
1819280 366
1819290 366
1819300 366
1819310 366
1819320 366
1819330 366
1819340 366
1819350 366
1819360 366
1819370 366
1819380 366
1819390 366
1819400 366
1819410 367
1819420 367
1819430 367
1819440 368
1819450 368
1819460 367
1819470 367
1819480 367
1819490 368
1819500 368
1819510 368
1819520 368
1819530 368
1819540 368
1819550 369
1819560 369
1819570 370
1819580 371
1819590 373
1819600 373
1819610 373
1819620 374
1819630 374
1819640 374
1819650 374
1819660 374
1819670 375
1819680 375
1819690 376
1819700 376
1819710 377
1819720 378
1819730 378
1819740 379
1819750 380
1819760 381
1819770 381
1819780 382
1819790 383
1819800 383
1819810 384
1819820 385
1819830 386
1819840 387
1819850 387
1819860 388
1819870 389
1819880 390
1819890 391
1819900 392
1819910 392
1819920 393
1819930 394
1819940 394
1819950 395
1819960 395
1819970 396
1819980 397
1819990 397
