1800000 730
1800010 729
1800020 727
1800030 725
1800040 724
1800050 722
1800060 721
1800070 720
1800080 717
1800090 715
1800100 718
1800110 720
1800120 723
1800130 724
1800140 725
1800150 726
1800160 727
1800170 728
1800180 729
1800190 729
1800200 730
1800210 730
1800220 730
1800230 731
1800240 733
1800250 734
1800260 735
1800270 736
1800280 737
1800290 738
1800300 739
1800310 740
1800320 741
1800330 742
1800340 743
1800350 743
1800360 743
1800370 743
1800380 742
1800390 741
1800400 740
1800410 739
1800420 737
1800430 736
1800440 734
1800450 733
1800460 731
1800470 729
1800480 727
1800490 726
1800500 728
1800510 731
1800520 732
1800530 734
1800540 735
1800550 737
1800560 739
1800570 740
1800580 741
1800590 742
1800600 742
1800610 743
1800620 744
1800630 744
1800640 745
1800650 745
1800660 745
1800670 745
1800680 745
1800690 744
1800700 744
1800710 743
1800720 742
1800730 741
1800740 740
1800750 739
1800760 737
1800770 736
1800780 734
1800790 732
1800800 731
1800810 728
1800820 726
1800830 724
1800840 724
1800850 723
1800860 723
1800870 722
1800880 720
1800890 719
1800900 717
1800910 715
1800920 712
1800930 710
1800940 708
1800950 706
1800960 705
1800970 703
1800980 702
1800990 701
1801000 700
1801010 700
1801020 699
1801030 699
1801040 700
1801050 700
1801060 698
1801070 697
1801080 696
1801090 694
1801100 693
1801110 692
1801120 691
1801130 689
1801140 688
1801150 686
1801160 683
1801170 680
1801180 677
1801190 674
1801200 671
1801210 667
1801220 664
1801230 661
1801240 657
1801250 652
1801260 649
1801270 652
1801280 656
1801290 661
1801300 664
1801310 667
1801320 670
1801330 673
1801340 675
1801350 677
1801360 678
1801370 678
1801380 677
1801390 676
1801400 674
1801410 673
1801420 671
1801430 669
1801440 666
1801450 664
1801460 661
1801470 657
1801480 654
1801490 657
1801500 660
1801510 662
1801520 663
1801530 664
1801540 665
1801550 667
1801560 668
1801570 670
1801580 671
1801590 673
1801600 674
1801610 675
1801620 676
1801630 677
1801640 678
1801650 678
1801660 678
1801670 678
1801680 678
1801690 677
1801700 676
1801710 675
1801720 673
1801730 672
1801740 670
1801750 668
1801760 665
1801770 663
1801780 660
1801790 657
1801800 655
1801810 652
1801820 650
1801830 648
1801840 645
1801850 643
1801860 641
1801870 639
1801880 637
1801890 635
1801900 634
1801910 632
1801920 631
1801930 629
1801940 628
1801950 627
1801960 626
1801970 625
1801980 624
1801990 623
1802000 623
1802010 621
1802020 619
1802030 618
1802040 619
1802050 622
1802060 625
1802070 626
1802080 628
1802090 630
1802100 632
1802110 634
1802120 636
1802130 638
1802140 640
1802150 643
1802160 645
1802170 647
1802180 649
1802190 651
1802200 653
1802210 655
1802220 657
1802230 659
1802240 660
1802250 662
1802260 664
1802270 665
1802280 666
1802290 668
1802300 669
1802310 670
1802320 672
1802330 673
1802340 674
1802350 675
1802360 677
1802370 678
1802380 679
1802390 680
1802400 681
1802410 682
1802420 683
1802430 683
1802440 683
1802450 683
1802460 683
1802470 683
1802480 683
1802490 683
1802500 683
1802510 683
1802520 683
1802530 683
1802540 683
1802550 683
1802560 683
1802570 683
1802580 683
1802590 683
1802600 683
1802610 683
1802620 683
1802630 683
1802640 683
1802650 683
1802660 684
1802670 684
1802680 684
1802690 684
1802700 685
1802710 685
1802720 686
1802730 686
1802740 688
1802750 690
1802760 691
1802770 691
1802780 692
1802790 693
1802800 694
1802810 695
1802820 696
1802830 697
1802840 698
1802850 699
1802860 700
1802870 701
1802880 702
1802890 704
1802900 705
1802910 706
1802920 708
1802930 709
1802940 710
1802950 711
1802960 713
1802970 714
1802980 716
1802990 717
1803000 719
1803010 721
1803020 723
1803030 724
1803040 726
1803050 727
1803060 728
1803070 729
1803080 730
1803090 731
1803100 732
1803110 733
1803120 735
1803130 736
1803140 736
1803150 737
1803160 738
1803170 739
1803180 740
1803190 740
1803200 741
1803210 742
1803220 743
1803230 743
1803240 744
1803250 744
1803260 745
1803270 745
1803280 746
1803290 746
1803300 746
1803310 745
1803320 746
1803330 746
1803340 747
1803350 747
1803360 747
1803370 746
1803380 746
1803390 745
1803400 744
1803410 743
1803420 742
1803430 741
1803440 739
1803450 738
1803460 736
1803470 734
1803480 732
1803490 731
1803500 729
1803510 727
1803520 725
1803530 723
1803540 722
1803550 720
1803560 718
1803570 716
1803580 715
1803590 713
1803600 711
1803610 710
1803620 708
1803630 707
1803640 705
1803650 704
1803660 702
1803670 700
1803680 699
1803690 697
1803700 696
1803710 695
1803720 693
1803730 692
1803740 690
1803750 688
1803760 687
1803770 686
1803780 684
1803790 683
1803800 682
1803810 680
1803820 679
1803830 677
1803840 674
1803850 672
1803860 669
1803870 665
1803880 662
1803890 659
1803900 656
1803910 654
1803920 652
1803930 650
1803940 647
1803950 645
1803960 642
1803970 641
1803980 642
1803990 645
1804000 648
1804010 650
1804020 652
1804030 653
1804040 656
1804050 659
1804060 662
1804070 665
1804080 669
1804090 673
1804100 675
1804110 676
1804120 677
1804130 678
1804140 680
1804150 681
1804160 683
1804170 685
1804180 686
1804190 688
1804200 689
1804210 691
1804220 692
1804230 693
1804240 694
1804250 695
1804260 695
1804270 695
1804280 695
1804290 694
1804300 693
1804310 691
1804320 690
1804330 688
1804340 686
1804350 684
1804360 682
1804370 680
1804380 679
1804390 677
1804400 675
1804410 674
1804420 672
1804430 671
1804440 670
1804450 669
1804460 668
1804470 668
1804480 667
1804490 667
1804500 667
1804510 667
1804520 668
1804530 668
1804540 668
1804550 667
1804560 665
1804570 663
1804580 662
1804590 665
1804600 668
1804610 671
1804620 675
1804630 678
1804640 681
1804650 683
1804660 685
1804670 688
1804680 689
1804690 691
1804700 691
1804710 693
1804720 696
1804730 698
1804740 700
1804750 703
1804760 705
1804770 707
1804780 709
1804790 710
1804800 712
1804810 714
1804820 716
1804830 718
1804840 719
1804850 721
1804860 723
1804870 724
1804880 726
1804890 727
1804900 728
1804910 729
1804920 731
1804930 732
1804940 733
1804950 735
1804960 736
1804970 737
1804980 739
1804990 741
1805000 742
1805010 743
1805020 743
1805030 743
1805040 744
1805050 743
1805060 743
1805070 741
1805080 740
1805090 738
1805100 737
1805110 736
1805120 734
1805130 732
1805140 729
1805150 727
1805160 725
1805170 723
1805180 723
1805190 722
1805200 721
1805210 720
1805220 719
1805230 717
1805240 716
1805250 715
1805260 712
1805270 710
1805280 708
1805290 706
1805300 704
1805310 702
1805320 700
1805330 698
1805340 695
1805350 692
1805360 689
1805370 686
1805380 684
1805390 682
1805400 680
1805410 678
1805420 677
1805430 675
1805440 673
1805450 672
1805460 671
1805470 670
1805480 670
1805490 670
1805500 669
1805510 669
1805520 667
1805530 665
1805540 662
1805550 661
1805560 660
1805570 661
1805580 661
1805590 660
1805600 657
1805610 654
1805620 652
1805630 651
1805640 649
1805650 647
1805660 644
1805670 643
1805680 644
1805690 647
1805700 648
1805710 649
1805720 651
1805730 654
1805740 656
1805750 659
1805760 661
1805770 664
1805780 666
1805790 669
1805800 674
1805810 679
1805820 684
1805830 687
1805840 690
1805850 692
1805860 693
1805870 694
1805880 694
1805890 695
1805900 696
1805910 697
1805920 698
1805930 698
1805940 698
1805950 698
1805960 698
1805970 698
1805980 697
1805990 696
1806000 695
1806010 695
1806020 694
1806030 693
1806040 692
1806050 691
1806060 688
1806070 685
1806080 683
1806090 680
1806100 678
1806110 675
1806120 673
1806130 670
1806140 666
1806150 663
1806160 660
1806170 658
1806180 655
1806190 653
1806200 650
1806210 648
1806220 646
1806230 643
1806240 643
1806250 646
1806260 649
1806270 653
1806280 655
1806290 659
1806300 662
1806310 666
1806320 669
1806330 671
1806340 673
1806350 675
1806360 678
1806370 682
1806380 686
1806390 689
1806400 692
1806410 696
1806420 699
1806430 702
1806440 705
1806450 708
1806460 710
1806470 711
1806480 712
1806490 713
1806500 714
1806510 715
1806520 716
1806530 717
1806540 718
1806550 719
1806560 720
1806570 721
1806580 722
1806590 723
1806600 724
1806610 725
1806620 726
1806630 727
1806640 728
1806650 730
1806660 731
1806670 731
1806680 732
1806690 733
1806700 734
1806710 736
1806720 736
1806730 737
1806740 737
1806750 738
1806760 738
1806770 738
1806780 738
1806790 738
1806800 737
1806810 737
1806820 736
1806830 736
1806840 735
1806850 734
1806860 733
1806870 732
1806880 731
1806890 730
1806900 729
1806910 728
1806920 727
1806930 727
1806940 726
1806950 725
1806960 725
1806970 724
1806980 724
1806990 724
1807000 724
1807010 724
1807020 724
1807030 724
1807040 723
1807050 723
1807060 723
1807070 722
1807080 721
1807090 719
1807100 719
1807110 719
1807120 719
1807130 719
1807140 719
1807150 718
1807160 717
1807170 716
1807180 714
1807190 713
1807200 712
1807210 710
1807220 709
1807230 707
1807240 706
1807250 704
1807260 703
1807270 701
1807280 699
1807290 698
1807300 698
1807310 698
1807320 699
1807330 700
1807340 702
1807350 704
1807360 706
1807370 708
1807380 710
1807390 712
1807400 715
1807410 717
1807420 718
1807430 720
1807440 721
1807450 723
1807460 724
1807470 725
1807480 726
1807490 726
1807500 726
1807510 727
1807520 727
1807530 728
1807540 728
1807550 729
1807560 730
1807570 730
1807580 731
1807590 731
1807600 731
1807610 730
1807620 729
1807630 727
1807640 725
1807650 723
1807660 721
1807670 719
1807680 718
1807690 716
1807700 714
1807710 713
1807720 712
1807730 712
1807740 712
1807750 712
1807760 712
1807770 713
1807780 713
1807790 714
1807800 715
1807810 716
1807820 717
1807830 718
1807840 719
1807850 720
1807860 721
1807870 722
1807880 723
1807890 724
1807900 725
1807910 726
1807920 727
1807930 728
1807940 729
1807950 730
1807960 731
1807970 732
1807980 733
1807990 734
1808000 735
1808010 736
1808020 737
1808030 738
1808040 739
1808050 740
1808060 740
1808070 741
1808080 742
1808090 743
1808100 744
1808110 745
1808120 746
1808130 747
1808140 747
1808150 748
1808160 749
1808170 750
1808180 751
1808190 753
1808200 755
1808210 756
1808220 758
1808230 760
1808240 762
1808250 764
1808260 766
1808270 768
1808280 769
1808290 771
1808300 771
1808310 772
1808320 773
1808330 775
1808340 777
1808350 779
1808360 781
1808370 783
1808380 784
1808390 786
1808400 787
1808410 788
1808420 788
1808430 788
1808440 788
1808450 787
1808460 786
1808470 784
1808480 783
1808490 781
1808500 780
1808510 778
1808520 776
1808530 774
1808540 772
1808550 770
1808560 768
1808570 767
1808580 765
1808590 763
1808600 762
1808610 760
1808620 758
1808630 756
1808640 754
1808650 752
1808660 751
1808670 749
1808680 747
1808690 746
1808700 744
1808710 742
1808720 740
1808730 737
1808740 736
1808750 734
1808760 734
1808770 733
1808780 733
1808790 731
1808800 730
1808810 729
1808820 727
1808830 726
1808840 725
1808850 722
1808860 720
1808870 718
1808880 717
1808890 715
1808900 713
1808910 713
1808920 712
1808930 712
1808940 714
1808950 715
1808960 716
1808970 716
1808980 716
1808990 716
1809000 716
1809010 716
1809020 716
1809030 717
1809040 718
1809050 718
1809060 719
1809070 720
1809080 720
1809090 720
1809100 721
1809110 721
1809120 721
1809130 721
1809140 721
1809150 720
1809160 720
1809170 720
1809180 720
1809190 720
1809200 719
1809210 719
1809220 719
1809230 719
1809240 719
1809250 719
1809260 718
1809270 718
1809280 718
1809290 717
1809300 716
1809310 716
1809320 714
1809330 713
1809340 712
1809350 710
1809360 708
1809370 706
1809380 705
1809390 703
1809400 702
1809410 702
1809420 702
1809430 703
1809440 703
1809450 704
1809460 704
1809470 705
1809480 706
1809490 706
1809500 707
1809510 707
1809520 708
1809530 708
1809540 709
1809550 709
1809560 709
1809570 710
1809580 710
1809590 711
1809600 711
1809610 711
1809620 711
1809630 711
1809640 712
1809650 712
1809660 713
1809670 713
1809680 713
1809690 713
1809700 713
1809710 712
1809720 712
1809730 711
1809740 711
1809750 712
1809760 712
1809770 713
1809780 714
1809790 715
1809800 715
1809810 716
1809820 718
1809830 719
1809840 720
1809850 720
1809860 721
1809870 722
1809880 723
1809890 725
1809900 726
1809910 728
1809920 729
1809930 731
1809940 732
1809950 733
1809960 733
1809970 734
1809980 735
1809990 735
1810000 736
1810010 736
1810020 737
1810030 737
1810040 737
1810050 737
1810060 737
1810070 737
1810080 736
1810090 736
1810100 735
1810110 735
1810120 734
1810130 734
1810140 733
1810150 732
1810160 732
1810170 731
1810180 730
1810190 729
1810200 729
1810210 728
1810220 727
1810230 726
1810240 726
1810250 725
1810260 724
1810270 724
1810280 723
1810290 723
1810300 722
1810310 721
1810320 720
1810330 720
1810340 719
1810350 718
1810360 717
1810370 716
1810380 715
1810390 714
1810400 713
1810410 712
1810420 711
1810430 711
1810440 710
1810450 710
1810460 709
1810470 708
1810480 708
1810490 708
1810500 707
1810510 707
1810520 707
1810530 707
1810540 707
1810550 708
1810560 708
1810570 709
1810580 710
1810590 710
1810600 711
1810610 712
1810620 713
1810630 714
1810640 714
1810650 714
1810660 713
1810670 711
1810680 709
1810690 707
1810700 706
1810710 705
1810720 703
1810730 701
1810740 697
1810750 694
1810760 690
1810770 688
1810780 687
1810790 685
1810800 685
1810810 684
1810820 683
1810830 681
1810840 680
1810850 679
1810860 678
1810870 677
1810880 676
1810890 675
1810900 674
1810910 673
1810920 671
1810930 670
1810940 669
1810950 669
1810960 668
1810970 668
1810980 667
1810990 666
1811000 665
1811010 664
1811020 663
1811030 662
1811040 662
1811050 661
1811060 660
1811070 659
1811080 658
1811090 658
1811100 657
1811110 656
1811120 656
1811130 656
1811140 655
1811150 655
1811160 654
1811170 654
1811180 653
1811190 653
1811200 654
1811210 654
1811220 654
1811230 654
1811240 655
1811250 655
1811260 656
1811270 657
1811280 657
1811290 658
1811300 659
1811310 660
1811320 661
1811330 662
1811340 663
1811350 664
1811360 665
1811370 666
1811380 666
1811390 667
1811400 668
1811410 668
1811420 667
1811430 667
1811440 666
1811450 665
1811460 663
1811470 662
1811480 660
1811490 658
1811500 656
1811510 654
1811520 652
1811530 649
1811540 646
1811550 644
1811560 642
1811570 640
1811580 639
1811590 637
1811600 636
1811610 636
1811620 636
1811630 637
1811640 638
1811650 639
1811660 640
1811670 642
1811680 643
1811690 644
1811700 645
1811710 646
1811720 647
1811730 649
1811740 651
1811750 652
1811760 654
1811770 655
1811780 656
1811790 657
1811800 658
1811810 659
1811820 661
1811830 662
1811840 664
1811850 665
1811860 667
1811870 668
1811880 670
1811890 671
1811900 672
1811910 673
1811920 674
1811930 676
1811940 677
1811950 679
1811960 680
1811970 682
1811980 683
1811990 684
1812000 685
1812010 686
1812020 687
1812030 688
1812040 689
1812050 690
1812060 691
1812070 693
1812080 694
1812090 696
1812100 697
1812110 698
1812120 699
1812130 700
1812140 701
1812150 702
1812160 703
1812170 704
1812180 705
1812190 706
1812200 706
1812210 707
1812220 708
1812230 709
1812240 710
1812250 711
1812260 712
1812270 713
1812280 714
1812290 715
1812300 716
1812310 717
1812320 717
1812330 718
1812340 718
1812350 718
1812360 719
1812370 719
1812380 719
1812390 719
1812400 718
1812410 718
1812420 717
1812430 716
1812440 715
1812450 713
1812460 712
1812470 710
1812480 708
1812490 707
1812500 705
1812510 704
1812520 703
1812530 702
1812540 701
1812550 700
1812560 699
1812570 697
1812580 696
1812590 694
1812600 693
1812610 691
1812620 690
1812630 688
1812640 686
1812650 685
1812660 683
1812670 682
1812680 680
1812690 679
1812700 678
1812710 676
1812720 675
1812730 674
1812740 673
1812750 672
1812760 671
1812770 670
1812780 669
1812790 667
1812800 666
1812810 664
1812820 663
1812830 662
1812840 660
1812850 658
1812860 656
1812870 654
1812880 653
1812890 651
1812900 650
1812910 649
1812920 648
1812930 647
1812940 646
1812950 646
1812960 645
1812970 644
1812980 644
1812990 643
1813000 643
1813010 642
1813020 641
1813030 640
1813040 640
1813050 639
1813060 639
1813070 638
1813080 637
1813090 636
1813100 635
1813110 633
1813120 631
1813130 629
1813140 627
1813150 625
1813160 623
1813170 621
1813180 618
1813190 616
1813200 614
1813210 612
1813220 610
1813230 608
1813240 605
1813250 603
1813260 601
1813270 599
1813280 598
1813290 596
1813300 593
1813310 590
1813320 588
1813330 586
1813340 584
1813350 583
1813360 581
1813370 579
1813380 577
1813390 575
1813400 571
1813410 568
1813420 565
1813430 563
1813440 560
1813450 557
1813460 555
1813470 552
1813480 550
1813490 547
1813500 548
1813510 550
1813520 552
1813530 554
1813540 556
1813550 558
1813560 560
1813570 563
1813580 565
1813590 568
1813600 571
1813610 574
1813620 576
1813630 577
1813640 579
1813650 580
1813660 582
1813670 583
1813680 585
1813690 586
1813700 588
1813710 590
1813720 592
1813730 594
1813740 596
1813750 598
1813760 600
1813770 602
1813780 603
1813790 605
1813800 607
1813810 609
1813820 610
1813830 612
1813840 613
1813850 615
1813860 617
1813870 619
1813880 620
1813890 622
1813900 624
1813910 626
1813920 628
1813930 629
1813940 631
1813950 632
1813960 633
1813970 635
1813980 636
1813990 637
1814000 638
1814010 640
1814020 641
1814030 642
1814040 643
1814050 643
1814060 644
1814070 644
1814080 644
1814090 644
1814100 643
1814110 643
1814120 643
1814130 642
1814140 642
1814150 642
1814160 641
1814170 641
1814180 640
1814190 639
1814200 638
1814210 638
1814220 637
1814230 636
1814240 635
1814250 634
1814260 633
1814270 632
1814280 630
1814290 628
1814300 627
1814310 625
1814320 624
1814330 622
1814340 621
1814350 620
1814360 619
1814370 617
1814380 616
1814390 615
1814400 613
1814410 612
1814420 610
1814430 609
1814440 608
1814450 606
1814460 605
1814470 604
1814480 602
1814490 601
1814500 600
1814510 598
1814520 597
1814530 595
1814540 594
1814550 593
1814560 591
1814570 590
1814580 589
1814590 587
1814600 586
1814610 585
1814620 584
1814630 583
1814640 582
1814650 581
1814660 581
1814670 580
1814680 580
1814690 580
1814700 580
1814710 581
1814720 581
1814730 581
1814740 582
1814750 583
1814760 583
1814770 583
1814780 584
1814790 584
1814800 584
1814810 584
1814820 584
1814830 584
1814840 583
1814850 583
1814860 582
1814870 582
1814880 581
1814890 581
1814900 580
1814910 580
1814920 579
1814930 579
1814940 579
1814950 579
1814960 579
1814970 579
1814980 579
1814990 579
1815000 579
1815010 579
1815020 580
1815030 580
1815040 580
1815050 580
1815060 579
1815070 579
1815080 579
1815090 579
1815100 579
1815110 579
1815120 579
1815130 579
1815140 579
1815150 579
1815160 579
1815170 579
1815180 579
1815190 579
1815200 579
1815210 579
1815220 579
1815230 579
1815240 578
1815250 578
1815260 578
1815270 577
1815280 577
1815290 576
1815300 576
1815310 575
1815320 575
1815330 574
1815340 574
1815350 573
1815360 573
1815370 572
1815380 571
1815390 571
1815400 570
1815410 569
1815420 569
1815430 568
1815440 567
1815450 566
1815460 565
1815470 565
1815480 564
1815490 563
1815500 562
1815510 562
1815520 561
1815530 560
1815540 559
1815550 558
1815560 557
1815570 556
1815580 555
1815590 554
1815600 552
1815610 551
1815620 550
1815630 550
1815640 549
1815650 548
1815660 547
1815670 546
1815680 545
1815690 544
1815700 543
1815710 543
1815720 542
1815730 541
1815740 540
1815750 540
1815760 539
1815770 539
1815780 539
1815790 539
1815800 539
1815810 539
1815820 539
1815830 538
1815840 539
1815850 539
1815860 539
1815870 538
1815880 538
1815890 539
1815900 539
1815910 539
1815920 539
1815930 539
1815940 540
1815950 540
1815960 541
1815970 541
1815980 542
1815990 542
1816000 544
1816010 545
1816020 547
1816030 548
1816040 550
1816050 551
1816060 552
1816070 553
1816080 554
1816090 553
1816100 552
1816110 551
1816120 551
1816130 550
1816140 549
1816150 548
1816160 546
1816170 545
1816180 544
1816190 543
1816200 542
1816210 542
1816220 541
1816230 540
1816240 539
1816250 538
1816260 537
1816270 536
1816280 535
1816290 534
1816300 533
1816310 532
1816320 531
1816330 530
1816340 529
1816350 529
1816360 528
1816370 527
1816380 527
1816390 526
1816400 525
1816410 525
1816420 524
1816430 523
1816440 523
1816450 522
1816460 522
1816470 521
1816480 520
1816490 520
1816500 519
1816510 519
1816520 518
1816530 518
1816540 517
1816550 516
1816560 516
1816570 515
1816580 515
1816590 514
1816600 514
1816610 513
1816620 513
1816630 512
1816640 511
1816650 510
1816660 509
1816670 508
1816680 507
1816690 506
1816700 505
1816710 505
1816720 505
1816730 504
1816740 504
1816750 504
1816760 503
1816770 503
1816780 502
1816790 501
1816800 500
1816810 498
1816820 497
1816830 496
1816840 495
1816850 494
1816860 493
1816870 492
1816880 490
1816890 489
1816900 487
1816910 486
1816920 484
1816930 483
1816940 481
1816950 480
1816960 479
1816970 478
1816980 478
1816990 477
1817000 475
1817010 474
1817020 473
1817030 472
1817040 470
1817050 469
1817060 467
1817070 466
1817080 464
1817090 463
1817100 462
1817110 460
1817120 459
1817130 458
1817140 456
1817150 455
1817160 453
1817170 452
1817180 450
1817190 449
1817200 447
1817210 445
1817220 443
1817230 441
1817240 439
1817250 437
1817260 436
1817270 434
1817280 434
1817290 433
1817300 433
1817310 433
1817320 434
1817330 434
1817340 434
1817350 433
1817360 432
1817370 432
1817380 432
1817390 432
1817400 433
1817410 433
1817420 433
1817430 433
1817440 433
1817450 433
1817460 433
1817470 433
1817480 433
1817490 433
1817500 433
1817510 433
1817520 433
1817530 434
1817540 434
1817550 434
1817560 434
1817570 433
1817580 433
1817590 433
1817600 432
1817610 432
1817620 431
1817630 431
1817640 430
1817650 429
1817660 429
1817670 428
1817680 428
1817690 427
1817700 426
1817710 426
1817720 425
1817730 424
1817740 424
1817750 423
1817760 423
1817770 422
1817780 421
1817790 421
1817800 420
1817810 419
1817820 419
1817830 418
1817840 418
1817850 417
1817860 417
1817870 417
1817880 416
1817890 416
1817900 416
1817910 416
1817920 415
1817930 415
1817940 414
1817950 414
1817960 414
1817970 413
1817980 413
1817990 413
1818000 413
1818010 412
1818020 412
1818030 412
1818040 412
1818050 411
1818060 411
1818070 411
1818080 411
1818090 411
1818100 411
1818110 410
1818120 410
1818130 410
1818140 409
1818150 409
1818160 409
1818170 408
1818180 408
1818190 407
1818200 407
1818210 406
1818220 406
1818230 406
1818240 405
1818250 405
1818260 404
1818270 404
1818280 404
1818290 403
1818300 403
1818310 402
1818320 402
1818330 401
1818340 401
1818350 400
1818360 400
1818370 399
1818380 398
1818390 397
1818400 396
1818410 394
1818420 393
1818430 391
1818440 389
1818450 388
1818460 386
1818470 385
1818480 384
1818490 383
1818500 382
1818510 381
1818520 380
1818530 379
1818540 378
1818550 377
1818560 377
1818570 376
1818580 375
1818590 375
1818600 375
1818610 374
1818620 374
1818630 374
1818640 373
1818650 373
1818660 373
1818670 373
1818680 373
1818690 372
1818700 372
1818710 372
1818720 372
1818730 372
1818740 372
1818750 371
1818760 371
1818770 371
1818780 371
1818790 371
1818800 371
1818810 371
1818820 371
1818830 371
1818840 371
1818850 371
1818860 371
1818870 371
1818880 371
1818890 371
1818900 371
1818910 370
1818920 370
1818930 370
1818940 370
1818950 371
1818960 371
1818970 371
1818980 371
1818990 371
1819000 371
1819010 371
1819020 371
1819030 371
1819040 371
1819050 370
1819060 370
1819070 370
1819080 370
1819090 370
1819100 370
1819110 370
1819120 370
1819130 370
1819140 370
1819150 371
1819160 371
1819170 371
1819180 371
1819190 371
1819200 371
1819210 371
1819220 371
1819230 371
1819240 372
1819250 371
1819260 370
1819270 371
1819280 371
1819290 371
1819300 372
1819310 372
1819320 372
1819330 373
1819340 373
1819350 373
1819360 374
1819370 374
1819380 375
1819390 375
1819400 375
1819410 376
1819420 376
1819430 377
1819440 377
1819450 378
1819460 379
1819470 380
1819480 381
1819490 383
1819500 383
1819510 384
1819520 385
1819530 385
1819540 386
1819550 387
1819560 388
1819570 389
1819580 390
1819590 391
1819600 392
1819610 393
1819620 394
1819630 395
1819640 397
1819650 398
1819660 399
1819670 401
1819680 402
1819690 403
1819700 404
1819710 406
1819720 407
1819730 408
1819740 410
1819750 411
1819760 412
1819770 413
1819780 414
1819790 415
1819800 416
1819810 417
1819820 418
1819830 419
1819840 420
1819850 421
1819860 422
1819870 423
1819880 424
1819890 425
1819900 426
1819910 427
1819920 428
1819930 428
1819940 429
1819950 430
1819960 431
1819970 431
1819980 432
1819990 433
