1800000 699
1800010 702
1800020 705
1800030 706
1800040 707
1800050 708
1800060 710
1800070 712
1800080 713
1800090 713
1800100 713
1800110 712
1800120 709
1800130 706
1800140 703
1800150 699
1800160 695
1800170 691
1800180 688
1800190 684
1800200 680
1800210 676
1800220 673
1800230 669
1800240 665
1800250 662
1800260 660
1800270 657
1800280 655
1800290 653
1800300 651
1800310 648
1800320 649
1800330 652
1800340 654
1800350 657
1800360 659
1800370 661
1800380 662
1800390 663
1800400 664
1800410 666
1800420 667
1800430 669
1800440 671
1800450 673
1800460 674
1800470 674
1800480 674
1800490 674
1800500 674
1800510 673
1800520 673
1800530 673
1800540 674
1800550 674
1800560 675
1800570 675
1800580 676
1800590 677
1800600 678
1800610 680
1800620 681
1800630 682
1800640 684
1800650 685
1800660 686
1800670 686
1800680 685
1800690 683
1800700 680
1800710 676
1800720 672
1800730 668
1800740 665
1800750 662
1800760 659
1800770 656
1800780 654
1800790 652
1800800 650
1800810 654
1800820 657
1800830 660
1800840 663
1800850 667
1800860 672
1800870 676
1800880 678
1800890 680
1800900 681
1800910 682
1800920 683
1800930 683
1800940 683
1800950 682
1800960 680
1800970 678
1800980 677
1800990 675
1801000 675
1801010 674
1801020 674
1801030 673
1801040 672
1801050 670
1801060 669
1801070 668
1801080 666
1801090 665
1801100 664
1801110 662
1801120 661
1801130 660
1801140 660
1801150 658
1801160 657
1801170 658
1801180 661
1801190 664
1801200 666
1801210 668
1801220 669
1801230 670
1801240 669
1801250 668
1801260 667
1801270 666
1801280 665
1801290 664
1801300 661
1801310 659
1801320 656
1801330 655
1801340 653
1801350 652
1801360 651
1801370 649
1801380 648
1801390 646
1801400 644
1801410 643
1801420 641
1801430 639
1801440 637
1801450 633
1801460 632
1801470 634
1801480 640
1801490 643
1801500 645
1801510 646
1801520 647
1801530 648
1801540 650
1801550 651
1801560 653
1801570 654
1801580 656
1801590 658
1801600 660
1801610 662
1801620 663
1801630 665
1801640 666
1801650 667
1801660 668
1801670 670
1801680 671
1801690 672
1801700 674
1801710 676
1801720 677
1801730 678
1801740 678
1801750 678
1801760 678
1801770 678
1801780 678
1801790 679
1801800 679
1801810 679
1801820 678
1801830 679
1801840 681
1801850 682
1801860 682
1801870 683
1801880 684
1801890 686
1801900 688
1801910 690
1801920 693
1801930 696
1801940 698
1801950 701
1801960 703
1801970 705
1801980 706
1801990 706
1802000 705
1802010 704
1802020 702
1802030 702
1802040 701
1802050 700
1802060 699
1802070 699
1802080 698
1802090 697
1802100 696
1802110 695
1802120 695
1802130 695
1802140 695
1802150 695
1802160 696
1802170 696
1802180 697
1802190 697
1802200 696
1802210 695
1802220 695
1802230 694
1802240 693
1802250 692
1802260 692
1802270 692
1802280 693
1802290 694
1802300 694
1802310 695
1802320 697
1802330 698
1802340 699
1802350 698
1802360 697
1802370 696
1802380 696
1802390 695
1802400 694
1802410 693
1802420 692
1802430 692
1802440 694
1802450 696
1802460 698
1802470 700
1802480 702
1802490 704
1802500 706
1802510 708
1802520 710
1802530 713
1802540 715
1802550 716
1802560 717
1802570 718
1802580 719
1802590 720
1802600 721
1802610 722
1802620 723
1802630 724
1802640 725
1802650 725
1802660 725
1802670 725
1802680 725
1802690 725
1802700 725
1802710 725
1802720 725
1802730 725
1802740 725
1802750 724
1802760 724
1802770 725
1802780 725
1802790 725
1802800 725
1802810 725
1802820 725
1802830 725
1802840 726
1802850 727
1802860 727
1802870 727
1802880 727
1802890 726
1802900 726
1802910 726
1802920 726
1802930 726
1802940 727
1802950 727
1802960 727
1802970 727
1802980 728
1802990 728
1803000 728
1803010 728
1803020 727
1803030 727
1803040 726
1803050 726
1803060 725
1803070 724
1803080 723
1803090 722
1803100 721
1803110 719
1803120 718
1803130 716
1803140 715
1803150 714
1803160 713
1803170 713
1803180 711
1803190 709
1803200 707
1803210 706
1803220 707
1803230 710
1803240 712
1803250 715
1803260 716
1803270 717
1803280 717
1803290 719
1803300 720
1803310 721
1803320 721
1803330 721
1803340 722
1803350 723
1803360 724
1803370 725
1803380 726
1803390 727
1803400 729
1803410 731
1803420 732
1803430 735
1803440 736
1803450 738
1803460 739
1803470 741
1803480 742
1803490 743
1803500 744
1803510 745
1803520 746
1803530 746
1803540 746
1803550 746
1803560 746
1803570 747
1803580 747
1803590 748
1803600 749
1803610 749
1803620 749
1803630 749
1803640 749
1803650 749
1803660 749
1803670 748
1803680 747
1803690 747
1803700 748
1803710 749
1803720 749
1803730 749
1803740 749
1803750 749
1803760 749
1803770 751
1803780 752
1803790 753
1803800 754
1803810 753
1803820 752
1803830 750
1803840 749
1803850 747
1803860 746
1803870 745
1803880 744
1803890 743
1803900 742
1803910 742
1803920 742
1803930 742
1803940 743
1803950 744
1803960 744
1803970 744
1803980 744
1803990 742
1804000 741
1804010 740
1804020 738
1804030 738
1804040 737
1804050 737
1804060 736
1804070 736
1804080 735
1804090 734
1804100 734
1804110 732
1804120 731
1804130 730
1804140 727
1804150 728
1804160 729
1804170 729
1804180 730
1804190 730
1804200 731
1804210 731
1804220 730
1804230 730
1804240 728
1804250 726
1804260 724
1804270 723
1804280 724
1804290 725
1804300 726
1804310 728
1804320 730
1804330 733
1804340 735
1804350 737
1804360 739
1804370 740
1804380 742
1804390 744
1804400 746
1804410 747
1804420 749
1804430 751
1804440 752
1804450 754
1804460 755
1804470 756
1804480 757
1804490 757
1804500 758
1804510 759
1804520 760
1804530 761
1804540 762
1804550 764
1804560 766
1804570 768
1804580 770
1804590 771
1804600 773
1804610 774
1804620 774
1804630 775
1804640 775
1804650 775
1804660 775
1804670 775
1804680 775
1804690 774
1804700 774
1804710 773
1804720 774
1804730 775
1804740 776
1804750 779
1804760 781
1804770 782
1804780 784
1804790 785
1804800 787
1804810 788
1804820 790
1804830 792
1804840 794
1804850 795
1804860 798
1804870 800
1804880 803
1804890 805
1804900 807
1804910 809
1804920 812
1804930 814
1804940 816
1804950 818
1804960 820
1804970 821
1804980 823
1804990 823
1805000 824
1805010 823
1805020 823
1805030 824
1805040 824
1805050 824
1805060 824
1805070 825
1805080 826
1805090 828
1805100 831
1805110 834
1805120 837
1805130 838
1805140 838
1805150 838
1805160 838
1805170 838
1805180 837
1805190 837
1805200 837
1805210 837
1805220 838
1805230 838
1805240 839
1805250 839
1805260 841
1805270 842
1805280 843
1805290 843
1805300 842
1805310 842
1805320 842
1805330 842
1805340 842
1805350 842
1805360 842
1805370 842
1805380 841
1805390 841
1805400 840
1805410 839
1805420 838
1805430 837
1805440 836
1805450 836
1805460 835
1805470 834
1805480 833
1805490 832
1805500 832
1805510 831
1805520 830
1805530 830
1805540 829
1805550 829
1805560 828
1805570 828
1805580 828
1805590 828
1805600 829
1805610 829
1805620 830
1805630 830
1805640 831
1805650 831
1805660 832
1805670 832
1805680 832
1805690 833
1805700 833
1805710 833
1805720 834
1805730 835
1805740 835
1805750 837
1805760 838
1805770 839
1805780 840
1805790 840
1805800 840
1805810 840
1805820 839
1805830 838
1805840 838
1805850 838
1805860 838
1805870 838
1805880 839
1805890 840
1805900 842
1805910 844
1805920 845
1805930 847
1805940 848
1805950 849
1805960 850
1805970 851
1805980 853
1805990 854
1806000 856
1806010 858
1806020 860
1806030 861
1806040 861
1806050 861
1806060 860
1806070 858
1806080 857
1806090 856
1806100 855
1806110 854
1806120 853
1806130 852
1806140 851
1806150 850
1806160 849
1806170 848
1806180 847
1806190 846
1806200 845
1806210 844
1806220 844
1806230 843
1806240 842
1806250 841
1806260 841
1806270 840
1806280 839
1806290 839
1806300 838
1806310 838
1806320 838
1806330 838
1806340 838
1806350 836
1806360 833
1806370 831
1806380 830
1806390 829
1806400 828
1806410 827
1806420 827
1806430 826
1806440 826
1806450 825
1806460 825
1806470 824
1806480 823
1806490 822
1806500 821
1806510 821
1806520 820
1806530 819
1806540 818
1806550 817
1806560 816
1806570 814
1806580 812
1806590 810
1806600 808
1806610 806
1806620 803
1806630 801
1806640 800
1806650 797
1806660 794
1806670 792
1806680 790
1806690 789
1806700 787
1806710 786
1806720 784
1806730 783
1806740 781
1806750 780
1806760 778
1806770 777
1806780 776
1806790 774
1806800 773
1806810 771
1806820 770
1806830 768
1806840 766
1806850 765
1806860 763
1806870 761
1806880 759
1806890 757
1806900 754
1806910 752
1806920 750
1806930 747
1806940 744
1806950 741
1806960 738
1806970 735
1806980 733
1806990 731
1807000 729
1807010 728
1807020 726
1807030 724
1807040 723
1807050 721
1807060 719
1807070 718
1807080 716
1807090 715
1807100 714
1807110 713
1807120 711
1807130 709
1807140 705
1807150 702
1807160 701
1807170 704
1807180 707
1807190 710
1807200 712
1807210 714
1807220 717
1807230 720
1807240 722
1807250 724
1807260 726
1807270 727
1807280 727
1807290 727
1807300 728
1807310 729
1807320 731
1807330 733
1807340 735
1807350 735
1807360 735
1807370 735
1807380 735
1807390 734
1807400 734
1807410 734
1807420 734
1807430 734
1807440 734
1807450 733
1807460 733
1807470 732
1807480 731
1807490 731
1807500 732
1807510 732
1807520 731
1807530 730
1807540 727
1807550 725
1807560 722
1807570 719
1807580 717
1807590 714
1807600 712
1807610 710
1807620 707
1807630 706
1807640 704
1807650 703
1807660 702
1807670 700
1807680 700
1807690 701
1807700 701
1807710 702
1807720 703
1807730 704
1807740 704
1807750 704
1807760 705
1807770 705
1807780 706
1807790 706
1807800 706
1807810 706
1807820 706
1807830 706
1807840 705
1807850 704
1807860 701
1807870 699
1807880 697
1807890 694
1807900 691
1807910 688
1807920 684
1807930 682
1807940 683
1807950 686
1807960 689
1807970 691
1807980 694
1807990 696
1808000 699
1808010 701
1808020 704
1808030 707
1808040 710
1808050 713
1808060 716
1808070 719
1808080 722
1808090 725
1808100 728
1808110 731
1808120 734
1808130 738
1808140 741
1808150 744
1808160 746
1808170 749
1808180 752
1808190 754
1808200 757
1808210 759
1808220 760
1808230 764
1808240 767
1808250 770
1808260 773
1808270 776
1808280 778
1808290 781
1808300 783
1808310 785
1808320 788
1808330 790
1808340 793
1808350 796
1808360 798
1808370 800
1808380 802
1808390 804
1808400 807
1808410 809
1808420 811
1808430 813
1808440 815
1808450 816
1808460 817
1808470 818
1808480 819
1808490 821
1808500 822
1808510 824
1808520 825
1808530 826
1808540 827
1808550 828
1808560 829
1808570 829
1808580 828
1808590 827
1808600 826
1808610 825
1808620 823
1808630 821
1808640 820
1808650 818
1808660 816
1808670 814
1808680 812
1808690 811
1808700 809
1808710 807
1808720 805
1808730 804
1808740 802
1808750 801
1808760 800
1808770 798
1808780 797
1808790 796
1808800 795
1808810 793
1808820 792
1808830 791
1808840 790
1808850 788
1808860 787
1808870 785
1808880 783
1808890 781
1808900 778
1808910 775
1808920 773
1808930 771
1808940 769
1808950 767
1808960 765
1808970 763
1808980 761
1808990 759
1809000 757
1809010 755
1809020 753
1809030 751
1809040 750
1809050 748
1809060 746
1809070 745
1809080 743
1809090 741
1809100 739
1809110 737
1809120 734
1809130 731
1809140 728
1809150 725
1809160 723
1809170 721
1809180 719
1809190 717
1809200 716
1809210 714
1809220 712
1809230 711
1809240 709
1809250 708
1809260 707
1809270 707
1809280 706
1809290 705
1809300 705
1809310 703
1809320 701
1809330 699
1809340 697
1809350 695
1809360 692
1809370 688
1809380 686
1809390 685
1809400 688
1809410 691
1809420 693
1809430 695
1809440 696
1809450 697
1809460 698
1809470 700
1809480 701
1809490 702
1809500 703
1809510 704
1809520 705
1809530 704
1809540 704
1809550 703
1809560 702
1809570 702
1809580 701
1809590 700
1809600 699
1809610 698
1809620 697
1809630 696
1809640 695
1809650 694
1809660 692
1809670 691
1809680 690
1809690 688
1809700 687
1809710 686
1809720 685
1809730 683
1809740 681
1809750 679
1809760 677
1809770 674
1809780 672
1809790 669
1809800 666
1809810 664
1809820 661
1809830 658
1809840 655
1809850 652
1809860 650
1809870 647
1809880 645
1809890 643
1809900 640
1809910 638
1809920 634
1809930 632
1809940 630
1809950 631
1809960 632
1809970 634
1809980 637
1809990 638
1810000 640
1810010 641
1810020 644
1810030 646
1810040 649
1810050 651
1810060 653
1810070 655
1810080 657
1810090 658
1810100 659
1810110 659
1810120 660
1810130 662
1810140 663
1810150 665
1810160 667
1810170 669
1810180 670
1810190 671
1810200 672
1810210 673
1810220 674
1810230 675
1810240 677
1810250 678
1810260 680
1810270 682
1810280 684
1810290 685
1810300 686
1810310 686
1810320 686
1810330 686
1810340 686
1810350 685
1810360 685
1810370 685
1810380 685
1810390 685
1810400 685
1810410 685
1810420 686
1810430 687
1810440 687
1810450 688
1810460 688
1810470 688
1810480 687
1810490 686
1810500 685
1810510 684
1810520 683
1810530 683
1810540 683
1810550 683
1810560 684
1810570 685
1810580 685
1810590 686
1810600 687
1810610 688
1810620 690
1810630 691
1810640 693
1810650 694
1810660 696
1810670 698
1810680 700
1810690 702
1810700 704
1810710 705
1810720 707
1810730 707
1810740 707
1810750 707
1810760 706
1810770 705
1810780 704
1810790 704
1810800 703
1810810 702
1810820 701
1810830 700
1810840 700
1810850 699
1810860 698
1810870 697
1810880 696
1810890 695
1810900 695
1810910 694
1810920 694
1810930 693
1810940 693
1810950 693
1810960 693
1810970 692
1810980 692
1810990 691
1811000 690
1811010 689
1811020 688
1811030 688
1811040 687
1811050 686
1811060 686
1811070 685
1811080 684
1811090 683
1811100 682
1811110 680
1811120 679
1811130 678
1811140 677
1811150 676
1811160 675
1811170 674
1811180 673
1811190 673
1811200 671
1811210 670
1811220 668
1811230 666
1811240 663
1811250 661
1811260 658
1811270 656
1811280 653
1811290 652
1811300 650
1811310 648
1811320 646
1811330 644
1811340 642
1811350 640
1811360 638
1811370 636
1811380 635
1811390 633
1811400 631
1811410 630
1811420 628
1811430 626
1811440 624
1811450 622
1811460 620
1811470 617
1811480 615
1811490 612
1811500 610
1811510 607
1811520 605
1811530 602
1811540 600
1811550 597
1811560 595
1811570 593
1811580 591
1811590 589
1811600 586
1811610 584
1811620 583
1811630 580
1811640 578
1811650 576
1811660 574
1811670 572
1811680 571
1811690 569
1811700 567
1811710 565
1811720 563
1811730 562
1811740 560
1811750 559
1811760 559
1811770 559
1811780 561
1811790 564
1811800 568
1811810 571
1811820 574
1811830 577
1811840 580
1811850 583
1811860 584
1811870 586
1811880 587
1811890 588
1811900 589
1811910 590
1811920 592
1811930 594
1811940 595
1811950 597
1811960 598
1811970 599
1811980 601
1811990 602
1812000 604
1812010 605
1812020 606
1812030 607
1812040 609
1812050 610
1812060 611
1812070 613
1812080 615
1812090 616
1812100 617
1812110 617
1812120 618
1812130 619
1812140 620
1812150 620
1812160 620
1812170 621
1812180 621
1812190 621
1812200 621
1812210 621
1812220 622
1812230 622
1812240 623
1812250 623
1812260 624
1812270 624
1812280 624
1812290 625
1812300 625
1812310 625
1812320 625
1812330 625
1812340 625
1812350 625
1812360 624
1812370 624
1812380 623
1812390 622
1812400 622
1812410 621
1812420 620
1812430 619
1812440 618
1812450 617
1812460 616
1812470 615
1812480 614
1812490 613
1812500 612
1812510 612
1812520 611
1812530 610
1812540 609
1812550 608
1812560 607
1812570 607
1812580 606
1812590 606
1812600 605
1812610 605
1812620 605
1812630 606
1812640 606
1812650 607
1812660 608
1812670 609
1812680 610
1812690 612
1812700 613
1812710 614
1812720 616
1812730 617
1812740 618
1812750 619
1812760 620
1812770 621
1812780 622
1812790 623
1812800 624
1812810 625
1812820 625
1812830 625
1812840 625
1812850 625
1812860 624
1812870 623
1812880 622
1812890 621
1812900 620
1812910 620
1812920 619
1812930 618
1812940 617
1812950 617
1812960 616
1812970 616
1812980 616
1812990 616
1813000 615
1813010 615
1813020 614
1813030 614
1813040 614
1813050 613
1813060 613
1813070 612
1813080 611
1813090 610
1813100 609
1813110 609
1813120 608
1813130 608
1813140 607
1813150 607
1813160 607
1813170 606
1813180 606
1813190 605
1813200 604
1813210 602
1813220 601
1813230 600
1813240 598
1813250 597
1813260 595
1813270 593
1813280 590
1813290 587
1813300 583
1813310 579
1813320 575
1813330 571
1813340 568
1813350 565
1813360 562
1813370 559
1813380 557
1813390 555
1813400 553
1813410 551
1813420 549
1813430 547
1813440 544
1813450 542
1813460 540
1813470 537
1813480 535
1813490 533
1813500 530
1813510 528
1813520 526
1813530 523
1813540 520
1813550 517
1813560 514
1813570 512
1813580 509
1813590 507
1813600 505
1813610 503
1813620 501
1813630 498
1813640 496
1813650 495
1813660 493
1813670 492
1813680 491
1813690 491
1813700 492
1813710 495
1813720 497
1813730 499
1813740 501
1813750 503
1813760 505
1813770 508
1813780 511
1813790 513
1813800 516
1813810 519
1813820 522
1813830 525
1813840 527
1813850 529
1813860 532
1813870 535
1813880 537
1813890 540
1813900 542
1813910 545
1813920 547
1813930 548
1813940 551
1813950 552
1813960 553
1813970 555
1813980 556
1813990 556
1814000 557
1814010 558
1814020 559
1814030 560
1814040 561
1814050 562
1814060 563
1814070 564
1814080 565
1814090 567
1814100 568
1814110 570
1814120 571
1814130 573
1814140 575
1814150 577
1814160 579
1814170 582
1814180 584
1814190 586
1814200 588
1814210 589
1814220 590
1814230 589
1814240 589
1814250 588
1814260 588
1814270 587
1814280 587
1814290 585
1814300 583
1814310 581
1814320 580
1814330 579
1814340 578
1814350 577
1814360 576
1814370 575
1814380 573
1814390 572
1814400 571
1814410 570
1814420 569
1814430 568
1814440 567
1814450 566
1814460 565
1814470 564
1814480 562
1814490 561
1814500 560
1814510 559
1814520 558
1814530 556
1814540 555
1814550 554
1814560 553
1814570 552
1814580 551
1814590 550
1814600 550
1814610 549
1814620 548
1814630 547
1814640 546
1814650 545
1814660 544
1814670 544
1814680 543
1814690 542
1814700 541
1814710 539
1814720 538
1814730 537
1814740 536
1814750 535
1814760 534
1814770 534
1814780 533
1814790 533
1814800 533
1814810 534
1814820 534
1814830 535
1814840 535
1814850 536
1814860 536
1814870 537
1814880 537
1814890 537
1814900 538
1814910 538
1814920 538
1814930 538
1814940 538
1814950 539
1814960 539
1814970 539
1814980 540
1814990 540
1815000 540
1815010 541
1815020 541
1815030 541
1815040 541
1815050 541
1815060 541
1815070 541
1815080 541
1815090 542
1815100 542
1815110 542
1815120 542
1815130 542
1815140 543
1815150 543
1815160 543
1815170 544
1815180 544
1815190 544
1815200 543
1815210 542
1815220 541
1815230 540
1815240 539
1815250 538
1815260 537
1815270 537
1815280 536
1815290 536
1815300 535
1815310 534
1815320 534
1815330 533
1815340 533
1815350 533
1815360 533
1815370 534
1815380 534
1815390 535
1815400 536
1815410 537
1815420 538
1815430 539
1815440 539
1815450 540
1815460 540
1815470 540
1815480 540
1815490 540
1815500 541
1815510 541
1815520 541
1815530 541
1815540 541
1815550 541
1815560 541
1815570 540
1815580 539
1815590 537
1815600 536
1815610 534
1815620 531
1815630 528
1815640 525
1815650 523
1815660 521
1815670 518
1815680 516
1815690 515
1815700 513
1815710 511
1815720 509
1815730 506
1815740 504
1815750 502
1815760 501
1815770 499
1815780 498
1815790 496
1815800 494
1815810 491
1815820 489
1815830 486
1815840 484
1815850 482
1815860 479
1815870 478
1815880 478
1815890 480
1815900 482
1815910 485
1815920 488
1815930 491
1815940 493
1815950 495
1815960 497
1815970 500
1815980 502
1815990 504
1816000 507
1816010 509
1816020 511
1816030 513
1816040 514
1816050 516
1816060 516
1816070 517
1816080 517
1816090 517
1816100 517
1816110 517
1816120 516
1816130 515
1816140 514
1816150 513
1816160 512
1816170 510
1816180 509
1816190 509
1816200 508
1816210 508
1816220 507
1816230 507
1816240 506
1816250 506
1816260 505
1816270 504
1816280 503
1816290 502
1816300 501
1816310 500
1816320 500
1816330 498
1816340 497
1816350 496
1816360 493
1816370 491
1816380 488
1816390 485
1816400 482
1816410 478
1816420 475
1816430 473
1816440 472
1816450 475
1816460 478
1816470 481
1816480 483
1816490 485
1816500 487
1816510 490
1816520 491
1816530 493
1816540 495
1816550 496
1816560 497
1816570 499
1816580 499
1816590 500
1816600 501
1816610 501
1816620 502
1816630 502
1816640 503
1816650 503
1816660 502
1816670 501
1816680 500
1816690 499
1816700 498
1816710 496
1816720 495
1816730 493
1816740 492
1816750 491
1816760 489
1816770 488
1816780 486
1816790 485
1816800 484
1816810 482
1816820 481
1816830 479
1816840 478
1816850 476
1816860 474
1816870 473
1816880 471
1816890 470
1816900 468
1816910 467
1816920 466
1816930 464
1816940 462
1816950 459
1816960 456
1816970 453
1816980 449
1816990 447
1817000 447
1817010 447
1817020 448
1817030 449
1817040 451
1817050 452
1817060 452
1817070 451
1817080 451
1817090 452
1817100 451
1817110 451
1817120 450
1817130 449
1817140 448
1817150 448
1817160 448
1817170 448
1817180 447
1817190 447
1817200 446
1817210 445
1817220 444
1817230 444
1817240 444
1817250 445
1817260 446
1817270 447
1817280 446
1817290 445
1817300 443
1817310 441
1817320 440
1817330 439
1817340 438
1817350 437
1817360 436
1817370 436
1817380 436
1817390 436
1817400 436
1817410 436
1817420 435
1817430 434
1817440 434
1817450 434
1817460 434
1817470 433
1817480 432
1817490 431
1817500 429
1817510 428
1817520 427
1817530 426
1817540 425
1817550 424
1817560 424
1817570 423
1817580 423
1817590 422
1817600 422
1817610 421
1817620 421
1817630 420
1817640 419
1817650 418
1817660 417
1817670 416
1817680 415
1817690 414
1817700 413
1817710 412
1817720 410
1817730 409
1817740 408
1817750 407
1817760 405
1817770 404
1817780 404
1817790 403
1817800 403
1817810 402
1817820 402
1817830 401
1817840 401
1817850 400
1817860 400
1817870 399
1817880 399
1817890 399
1817900 398
1817910 398
1817920 398
1817930 399
1817940 400
1817950 400
1817960 400
1817970 400
1817980 400
1817990 400
1818000 400
1818010 400
1818020 400
1818030 399
1818040 398
1818050 397
1818060 395
1818070 393
1818080 392
1818090 391
1818100 390
1818110 390
1818120 389
1818130 388
1818140 388
1818150 387
1818160 387
1818170 386
1818180 386
1818190 385
1818200 385
1818210 385
1818220 384
1818230 384
1818240 383
1818250 383
1818260 383
1818270 382
1818280 382
1818290 381
1818300 381
1818310 381
1818320 380
1818330 380
1818340 380
1818350 379
1818360 379
1818370 378
1818380 378
1818390 378
1818400 378
1818410 378
1818420 378
1818430 378
1818440 378
1818450 378
1818460 378
1818470 377
1818480 376
1818490 377
1818500 377
1818510 377
1818520 377
1818530 377
1818540 377
1818550 377
1818560 377
1818570 377
1818580 377
1818590 377
1818600 376
1818610 376
1818620 376
1818630 376
1818640 376
1818650 376
1818660 376
1818670 376
1818680 376
1818690 376
1818700 376
1818710 376
1818720 376
1818730 376
1818740 376
1818750 376
1818760 376
1818770 377
1818780 377
1818790 377
1818800 377
1818810 377
1818820 377
1818830 377
1818840 377
1818850 378
1818860 378
1818870 379
1818880 379
1818890 380
1818900 380
1818910 381
1818920 382
1818930 384
1818940 385
1818950 387
1818960 389
1818970 391
1818980 393
1818990 394
1819000 396
1819010 397
1819020 398
1819030 399
1819040 399
1819050 400
1819060 401
1819070 403
1819080 404
1819090 405
1819100 406
1819110 408
1819120 410
1819130 411
1819140 414
1819150 416
1819160 418
1819170 419
1819180 420
1819190 421
1819200 423
1819210 424
1819220 425
1819230 426
1819240 428
1819250 429
1819260 430
1819270 432
1819280 433
1819290 434
1819300 435
1819310 436
1819320 437
1819330 439
1819340 440
1819350 441
1819360 442
1819370 443
1819380 445
1819390 446
1819400 447
1819410 447
1819420 448
1819430 449
1819440 450
1819450 450
1819460 451
1819470 452
1819480 454
1819490 455
1819500 456
1819510 457
1819520 458
1819530 458
1819540 459
1819550 458
1819560 458
1819570 458
1819580 458
1819590 458
1819600 457
1819610 457
1819620 456
1819630 455
1819640 454
1819650 454
1819660 453
1819670 452
1819680 451
1819690 450
1819700 449
1819710 447
1819720 445
1819730 442
1819740 438
1819750 435
1819760 433
1819770 431
1819780 429
1819790 429
1819800 429
1819810 429
1819820 428
1819830 428
1819840 427
1819850 426
1819860 426
1819870 425
1819880 425
1819890 425
1819900 424
1819910 423
1819920 421
1819930 420
1819940 419
1819950 419
1819960 419
1819970 418
1819980 418
1819990 418
