1800000 710
1800010 711
1800020 711
1800030 712
1800040 714
1800050 715
1800060 715
1800070 716
1800080 717
1800090 718
1800100 719
1800110 719
1800120 718
1800130 718
1800140 717
1800150 716
1800160 714
1800170 711
1800180 708
1800190 704
1800200 701
1800210 696
1800220 694
1800230 694
1800240 696
1800250 698
1800260 700
1800270 701
1800280 700
1800290 698
1800300 695
1800310 692
1800320 691
1800330 690
1800340 687
1800350 685
1800360 684
1800370 684
1800380 684
1800390 685
1800400 686
1800410 688
1800420 691
1800430 694
1800440 696
1800450 698
1800460 700
1800470 702
1800480 704
1800490 707
1800500 709
1800510 712
1800520 714
1800530 716
1800540 719
1800550 721
1800560 724
1800570 726
1800580 728
1800590 730
1800600 731
1800610 733
1800620 735
1800630 737
1800640 739
1800650 741
1800660 743
1800670 745
1800680 746
1800690 747
1800700 748
1800710 750
1800720 751
1800730 752
1800740 753
1800750 754
1800760 755
1800770 756
1800780 757
1800790 758
1800800 759
1800810 759
1800820 760
1800830 760
1800840 761
1800850 761
1800860 762
1800870 762
1800880 762
1800890 762
1800900 762
1800910 762
1800920 762
1800930 761
1800940 761
1800950 759
1800960 758
1800970 757
1800980 756
1800990 756
1801000 756
1801010 756
1801020 756
1801030 756
1801040 757
1801050 757
1801060 758
1801070 759
1801080 760
1801090 761
1801100 762
1801110 763
1801120 764
1801130 765
1801140 766
1801150 768
1801160 769
1801170 770
1801180 771
1801190 772
1801200 773
1801210 774
1801220 775
1801230 776
1801240 777
1801250 778
1801260 780
1801270 781
1801280 782
1801290 783
1801300 784
1801310 785
1801320 785
1801330 786
1801340 786
1801350 787
1801360 788
1801370 788
1801380 789
1801390 789
1801400 790
1801410 790
1801420 790
1801430 791
1801440 791
1801450 791
1801460 791
1801470 790
1801480 790
1801490 789
1801500 789
1801510 788
1801520 786
1801530 785
1801540 784
1801550 783
1801560 781
1801570 780
1801580 778
1801590 777
1801600 776
1801610 775
1801620 774
1801630 773
1801640 772
1801650 770
1801660 769
1801670 768
1801680 766
1801690 765
1801700 763
1801710 762
1801720 760
1801730 759
1801740 757
1801750 755
1801760 754
1801770 752
1801780 750
1801790 748
1801800 746
1801810 744
1801820 742
1801830 740
1801840 737
1801850 735
1801860 732
1801870 729
1801880 727
1801890 725
1801900 722
1801910 719
1801920 717
1801930 715
1801940 710
1801950 708
1801960 709
1801970 712
1801980 713
1801990 714
1802000 714
1802010 714
1802020 715
1802030 717
1802040 719
1802050 721
1802060 723
1802070 725
1802080 728
1802090 729
1802100 730
1802110 731
1802120 731
1802130 732
1802140 733
1802150 734
1802160 736
1802170 737
1802180 738
1802190 739
1802200 739
1802210 740
1802220 740
1802230 741
1802240 741
1802250 741
1802260 741
1802270 741
1802280 741
1802290 741
1802300 740
1802310 740
1802320 740
1802330 740
1802340 740
1802350 739
1802360 739
1802370 738
1802380 738
1802390 738
1802400 737
1802410 737
1802420 736
1802430 735
1802440 735
1802450 734
1802460 733
1802470 733
1802480 732
1802490 731
1802500 730
1802510 729
1802520 728
1802530 727
1802540 725
1802550 724
1802560 723
1802570 722
1802580 721
1802590 721
1802600 720
1802610 720
1802620 721
1802630 721
1802640 722
1802650 723
1802660 725
1802670 725
1802680 726
1802690 726
1802700 727
1802710 727
1802720 727
1802730 726
1802740 726
1802750 726
1802760 725
1802770 724
1802780 723
1802790 721
1802800 721
1802810 720
1802820 719
1802830 719
1802840 719
1802850 719
1802860 719
1802870 720
1802880 721
1802890 722
1802900 723
1802910 724
1802920 725
1802930 726
1802940 726
1802950 726
1802960 726
1802970 725
1802980 725
1802990 724
1803000 723
1803010 722
1803020 721
1803030 721
1803040 720
1803050 719
1803060 717
1803070 716
1803080 715
1803090 714
1803100 712
1803110 711
1803120 711
1803130 710
1803140 709
1803150 707
1803160 706
1803170 705
1803180 703
1803190 701
1803200 698
1803210 696
1803220 695
1803230 693
1803240 691
1803250 689
1803260 686
1803270 684
1803280 683
1803290 681
1803300 679
1803310 677
1803320 675
1803330 673
1803340 670
1803350 669
1803360 667
1803370 664
1803380 662
1803390 659
1803400 656
1803410 654
1803420 652
1803430 651
1803440 650
1803450 649
1803460 648
1803470 648
1803480 646
1803490 644
1803500 642
1803510 640
1803520 637
1803530 635
1803540 633
1803550 632
1803560 633
1803570 637
1803580 639
1803590 640
1803600 641
1803610 643
1803620 645
1803630 648
1803640 650
1803650 653
1803660 655
1803670 658
1803680 660
1803690 663
1803700 665
1803710 667
1803720 670
1803730 674
1803740 678
1803750 681
1803760 683
1803770 684
1803780 684
1803790 685
1803800 686
1803810 688
1803820 689
1803830 691
1803840 693
1803850 695
1803860 698
1803870 700
1803880 701
1803890 702
1803900 703
1803910 704
1803920 705
1803930 706
1803940 707
1803950 708
1803960 708
1803970 709
1803980 710
1803990 711
1804000 712
1804010 714
1804020 715
1804030 717
1804040 717
1804050 718
1804060 720
1804070 722
1804080 724
1804090 725
1804100 726
1804110 726
1804120 726
1804130 725
1804140 724
1804150 723
1804160 722
1804170 722
1804180 721
1804190 720
1804200 720
1804210 719
1804220 719
1804230 718
1804240 717
1804250 717
1804260 716
1804270 715
1804280 714
1804290 713
1804300 712
1804310 711
1804320 710
1804330 709
1804340 708
1804350 707
1804360 706
1804370 705
1804380 705
1804390 704
1804400 703
1804410 702
1804420 702
1804430 701
1804440 700
1804450 700
1804460 699
1804470 698
1804480 698
1804490 697
1804500 695
1804510 695
1804520 694
1804530 692
1804540 691
1804550 689
1804560 687
1804570 686
1804580 684
1804590 683
1804600 682
1804610 681
1804620 680
1804630 679
1804640 678
1804650 678
1804660 677
1804670 677
1804680 676
1804690 676
1804700 675
1804710 675
1804720 674
1804730 673
1804740 672
1804750 672
1804760 671
1804770 670
1804780 669
1804790 667
1804800 665
1804810 662
1804820 660
1804830 658
1804840 656
1804850 654
1804860 652
1804870 650
1804880 648
1804890 647
1804900 645
1804910 643
1804920 642
1804930 640
1804940 638
1804950 637
1804960 635
1804970 634
1804980 633
1804990 632
1805000 630
1805010 629
1805020 628
1805030 627
1805040 626
1805050 626
1805060 625
1805070 625
1805080 624
1805090 625
1805100 625
1805110 625
1805120 626
1805130 626
1805140 626
1805150 625
1805160 625
1805170 624
1805180 623
1805190 622
1805200 621
1805210 620
1805220 618
1805230 615
1805240 611
1805250 606
1805260 601
1805270 597
1805280 592
1805290 588
1805300 585
1805310 581
1805320 577
1805330 573
1805340 570
1805350 567
1805360 566
1805370 565
1805380 565
1805390 564
1805400 562
1805410 561
1805420 561
1805430 559
1805440 557
1805450 556
1805460 555
1805470 553
1805480 550
1805490 548
1805500 545
1805510 542
1805520 539
1805530 538
1805540 537
1805550 539
1805560 540
1805570 542
1805580 545
1805590 547
1805600 549
1805610 549
1805620 549
1805630 549
1805640 549
1805650 549
1805660 549
1805670 549
1805680 550
1805690 551
1805700 551
1805710 551
1805720 550
1805730 551
1805740 550
1805750 549
1805760 547
1805770 545
1805780 544
1805790 545
1805800 542
1805810 541
1805820 540
1805830 542
1805840 545
1805850 547
1805860 549
1805870 551
1805880 553
1805890 554
1805900 555
1805910 556
1805920 558
1805930 559
1805940 560
1805950 561
1805960 561
1805970 561
1805980 561
1805990 561
1806000 560
1806010 560
1806020 559
1806030 558
1806040 557
1806050 556
1806060 556
1806070 555
1806080 555
1806090 555
1806100 555
1806110 555
1806120 555
1806130 556
1806140 556
1806150 556
1806160 556
1806170 559
1806180 562
1806190 564
1806200 565
1806210 567
1806220 568
1806230 570
1806240 571
1806250 572
1806260 573
1806270 574
1806280 575
1806290 577
1806300 580
1806310 582
1806320 584
1806330 586
1806340 587
1806350 589
1806360 591
1806370 593
1806380 595
1806390 598
1806400 601
1806410 603
1806420 605
1806430 607
1806440 610
1806450 613
1806460 615
1806470 618
1806480 621
1806490 623
1806500 624
1806510 626
1806520 627
1806530 629
1806540 631
1806550 632
1806560 632
1806570 632
1806580 632
1806590 631
1806600 630
1806610 630
1806620 629
1806630 629
1806640 628
1806650 627
1806660 625
1806670 624
1806680 623
1806690 621
1806700 620
1806710 619
1806720 617
1806730 615
1806740 614
1806750 612
1806760 610
1806770 608
1806780 606
1806790 603
1806800 601
1806810 600
1806820 599
1806830 597
1806840 596
1806850 595
1806860 594
1806870 593
1806880 590
1806890 587
1806900 585
1806910 583
1806920 581
1806930 578
1806940 576
1806950 574
1806960 571
1806970 568
1806980 566
1806990 564
1807000 562
1807010 560
1807020 559
1807030 557
1807040 555
1807050 553
1807060 550
1807070 547
1807080 543
1807090 539
1807100 539
1807110 541
1807120 544
1807130 545
1807140 546
1807150 547
1807160 548
1807170 548
1807180 549
1807190 550
1807200 550
1807210 551
1807220 552
1807230 552
1807240 552
1807250 553
1807260 553
1807270 553
1807280 554
1807290 554
1807300 554
1807310 555
1807320 555
1807330 555
1807340 556
1807350 556
1807360 555
1807370 553
1807380 551
1807390 550
1807400 553
1807410 557
1807420 560
1807430 563
1807440 565
1807450 566
1807460 568
1807470 569
1807480 570
1807490 571
1807500 572
1807510 573
1807520 575
1807530 576
1807540 577
1807550 578
1807560 580
1807570 581
1807580 582
1807590 583
1807600 585
1807610 586
1807620 588
1807630 589
1807640 591
1807650 592
1807660 593
1807670 595
1807680 596
1807690 596
1807700 597
1807710 597
1807720 597
1807730 596
1807740 595
1807750 593
1807760 592
1807770 590
1807780 588
1807790 587
1807800 586
1807810 585
1807820 584
1807830 584
1807840 584
1807850 584
1807860 584
1807870 584
1807880 584
1807890 584
1807900 583
1807910 582
1807920 579
1807930 577
1807940 574
1807950 571
1807960 568
1807970 565
1807980 563
1807990 561
1808000 559
1808010 557
1808020 556
1808030 554
1808040 553
1808050 551
1808060 549
1808070 546
1808080 543
1808090 542
1808100 543
1808110 546
1808120 548
1808130 550
1808140 551
1808150 552
1808160 553
1808170 554
1808180 555
1808190 555
1808200 556
1808210 556
1808220 556
1808230 557
1808240 558
1808250 559
1808260 560
1808270 560
1808280 562
1808290 565
1808300 567
1808310 569
1808320 570
1808330 572
1808340 574
1808350 576
1808360 578
1808370 580
1808380 582
1808390 583
1808400 584
1808410 585
1808420 585
1808430 584
1808440 584
1808450 583
1808460 583
1808470 583
1808480 583
1808490 583
1808500 583
1808510 583
1808520 583
1808530 584
1808540 584
1808550 584
1808560 584
1808570 584
1808580 585
1808590 585
1808600 586
1808610 586
1808620 586
1808630 587
1808640 587
1808650 587
1808660 587
1808670 588
1808680 588
1808690 588
1808700 587
1808710 587
1808720 586
1808730 586
1808740 586
1808750 586
1808760 586
1808770 587
1808780 587
1808790 588
1808800 589
1808810 590
1808820 590
1808830 591
1808840 592
1808850 592
1808860 592
1808870 592
1808880 592
1808890 592
1808900 592
1808910 591
1808920 591
1808930 591
1808940 591
1808950 591
1808960 590
1808970 589
1808980 589
1808990 588
1809000 588
1809010 588
1809020 588
1809030 588
1809040 588
1809050 588
1809060 587
1809070 587
1809080 586
1809090 584
1809100 583
1809110 579
1809120 576
1809130 573
1809140 570
1809150 568
1809160 566
1809170 564
1809180 562
1809190 561
1809200 560
1809210 558
1809220 557
1809230 556
1809240 555
1809250 552
1809260 552
1809270 551
1809280 550
1809290 548
1809300 547
1809310 545
1809320 544
1809330 542
1809340 541
1809350 539
1809360 537
1809370 534
1809380 532
1809390 530
1809400 528
1809410 526
1809420 524
1809430 522
1809440 521
1809450 519
1809460 516
1809470 513
1809480 509
1809490 506
1809500 505
1809510 505
1809520 505
1809530 505
1809540 506
1809550 507
1809560 507
1809570 506
1809580 507
1809590 509
1809600 510
1809610 510
1809620 510
1809630 510
1809640 510
1809650 510
1809660 511
1809670 511
1809680 511
1809690 512
1809700 512
1809710 511
1809720 513
1809730 515
1809740 515
1809750 515
1809760 515
1809770 514
1809780 513
1809790 514
1809800 516
1809810 518
1809820 519
1809830 520
1809840 521
1809850 522
1809860 522
1809870 522
1809880 521
1809890 520
1809900 519
1809910 518
1809920 517
1809930 516
1809940 516
1809950 515
1809960 514
1809970 513
1809980 512
1809990 511
1810000 509
1810010 507
1810020 505
1810030 502
1810040 499
1810050 496
1810060 495
1810070 494
1810080 494
1810090 496
1810100 498
1810110 501
1810120 503
1810130 505
1810140 506
1810150 507
1810160 509
1810170 511
1810180 514
1810190 516
1810200 518
1810210 520
1810220 520
1810230 521
1810240 522
1810250 523
1810260 524
1810270 526
1810280 529
1810290 531
1810300 533
1810310 534
1810320 536
1810330 537
1810340 537
1810350 536
1810360 536
1810370 535
1810380 533
1810390 531
1810400 528
1810410 526
1810420 526
1810430 527
1810440 527
1810450 527
1810460 526
1810470 526
1810480 526
1810490 526
1810500 526
1810510 526
1810520 526
1810530 526
1810540 527
1810550 528
1810560 528
1810570 529
1810580 530
1810590 530
1810600 531
1810610 532
1810620 532
1810630 532
1810640 533
1810650 532
1810660 533
1810670 534
1810680 534
1810690 535
1810700 535
1810710 535
1810720 535
1810730 535
1810740 535
1810750 536
1810760 536
1810770 536
1810780 536
1810790 536
1810800 536
1810810 536
1810820 536
1810830 536
1810840 536
1810850 535
1810860 535
1810870 534
1810880 534
1810890 533
1810900 533
1810910 533
1810920 532
1810930 532
1810940 531
1810950 529
1810960 526
1810970 523
1810980 520
1810990 520
1811000 520
1811010 520
1811020 520
1811030 519
1811040 518
1811050 517
1811060 516
1811070 516
1811080 516
1811090 517
1811100 517
1811110 517
1811120 516
1811130 516
1811140 515
1811150 514
1811160 514
1811170 513
1811180 512
1811190 512
1811200 511
1811210 510
1811220 509
1811230 508
1811240 507
1811250 506
1811260 505
1811270 504
1811280 503
1811290 502
1811300 501
1811310 500
1811320 499
1811330 498
1811340 497
1811350 497
1811360 496
1811370 495
1811380 494
1811390 493
1811400 491
1811410 490
1811420 489
1811430 488
1811440 487
1811450 485
1811460 484
1811470 483
1811480 482
1811490 481
1811500 479
1811510 478
1811520 476
1811530 474
1811540 472
1811550 470
1811560 469
1811570 467
1811580 466
1811590 464
1811600 462
1811610 461
1811620 460
1811630 459
1811640 459
1811650 459
1811660 459
1811670 460
1811680 461
1811690 462
1811700 464
1811710 466
1811720 467
1811730 468
1811740 469
1811750 469
1811760 469
1811770 467
1811780 465
1811790 463
1811800 460
1811810 458
1811820 455
1811830 452
1811840 450
1811850 448
1811860 446
1811870 445
1811880 444
1811890 444
1811900 443
1811910 443
1811920 443
1811930 442
1811940 442
1811950 441
1811960 441
1811970 440
1811980 440
1811990 440
1812000 440
1812010 440
1812020 440
1812030 440
1812040 440
1812050 440
1812060 440
1812070 441
1812080 445
1812090 449
1812100 453
1812110 458
1812120 462
1812130 464
1812140 466
1812150 468
1812160 471
1812170 474
1812180 476
1812190 478
1812200 481
1812210 483
1812220 486
1812230 488
1812240 490
1812250 493
1812260 495
1812270 497
1812280 500
1812290 502
1812300 503
1812310 505
1812320 504
1812330 504
1812340 503
1812350 502
1812360 500
1812370 499
1812380 498
1812390 496
1812400 494
1812410 493
1812420 492
1812430 492
1812440 490
1812450 489
1812460 487
1812470 486
1812480 485
1812490 484
1812500 483
1812510 482
1812520 481
1812530 482
1812540 483
1812550 483
1812560 484
1812570 485
1812580 486
1812590 487
1812600 490
1812610 492
1812620 494
1812630 496
1812640 497
1812650 499
1812660 500
1812670 502
1812680 505
1812690 507
1812700 510
1812710 512
1812720 515
1812730 518
1812740 520
1812750 522
1812760 525
1812770 527
1812780 529
1812790 532
1812800 534
1812810 536
1812820 538
1812830 540
1812840 543
1812850 545
1812860 548
1812870 550
1812880 553
1812890 556
1812900 559
1812910 562
1812920 566
1812930 569
1812940 571
1812950 573
1812960 576
1812970 579
1812980 581
1812990 584
1813000 586
1813010 588
1813020 590
1813030 592
1813040 594
1813050 596
1813060 598
1813070 599
1813080 601
1813090 602
1813100 602
1813110 603
1813120 603
1813130 603
1813140 602
1813150 601
1813160 600
1813170 598
1813180 597
1813190 595
1813200 593
1813210 590
1813220 588
1813230 586
1813240 584
1813250 582
1813260 580
1813270 577
1813280 574
1813290 573
1813300 575
1813310 577
1813320 578
1813330 578
1813340 579
1813350 580
1813360 582
1813370 584
1813380 586
1813390 588
1813400 589
1813410 590
1813420 592
1813430 594
1813440 595
1813450 597
1813460 598
1813470 599
1813480 601
1813490 602
1813500 603
1813510 604
1813520 605
1813530 605
1813540 605
1813550 605
1813560 605
1813570 605
1813580 604
1813590 603
1813600 602
1813610 601
1813620 599
1813630 598
1813640 596
1813650 594
1813660 593
1813670 591
1813680 589
1813690 587
1813700 585
1813710 583
1813720 581
1813730 579
1813740 576
1813750 574
1813760 572
1813770 571
1813780 569
1813790 567
1813800 565
1813810 563
1813820 561
1813830 559
1813840 557
1813850 555
1813860 553
1813870 551
1813880 550
1813890 548
1813900 546
1813910 543
1813920 540
1813930 537
1813940 534
1813950 532
1813960 530
1813970 527
1813980 524
1813990 522
1814000 522
1814010 522
1814020 523
1814030 524
1814040 524
1814050 525
1814060 527
1814070 531
1814080 533
1814090 535
1814100 536
1814110 538
1814120 539
1814130 541
1814140 543
1814150 545
1814160 547
1814170 549
1814180 550
1814190 552
1814200 553
1814210 554
1814220 555
1814230 556
1814240 557
1814250 558
1814260 558
1814270 558
1814280 558
1814290 558
1814300 558
1814310 558
1814320 557
1814330 556
1814340 555
1814350 554
1814360 553
1814370 552
1814380 551
1814390 551
1814400 551
1814410 551
1814420 552
1814430 552
1814440 553
1814450 554
1814460 554
1814470 555
1814480 555
1814490 555
1814500 556
1814510 556
1814520 557
1814530 557
1814540 557
1814550 558
1814560 558
1814570 559
1814580 558
1814590 558
1814600 558
1814610 557
1814620 557
1814630 556
1814640 555
1814650 554
1814660 553
1814670 553
1814680 552
1814690 551
1814700 550
1814710 548
1814720 546
1814730 545
1814740 543
1814750 541
1814760 540
1814770 538
1814780 537
1814790 536
1814800 535
1814810 534
1814820 533
1814830 532
1814840 531
1814850 530
1814860 529
1814870 527
1814880 525
1814890 524
1814900 522
1814910 520
1814920 519
1814930 518
1814940 517
1814950 517
1814960 516
1814970 516
1814980 516
1814990 516
1815000 516
1815010 516
1815020 516
1815030 516
1815040 515
1815050 515
1815060 515
1815070 515
1815080 514
1815090 514
1815100 514
1815110 513
1815120 513
1815130 512
1815140 511
1815150 511
1815160 510
1815170 508
1815180 507
1815190 505
1815200 503
1815210 501
1815220 499
1815230 497
1815240 495
1815250 494
1815260 492
1815270 492
1815280 491
1815290 490
1815300 489
1815310 488
1815320 487
1815330 485
1815340 484
1815350 483
1815360 482
1815370 480
1815380 478
1815390 476
1815400 474
1815410 472
1815420 470
1815430 469
1815440 469
1815450 468
1815460 468
1815470 467
1815480 466
1815490 466
1815500 465
1815510 465
1815520 464
1815530 464
1815540 464
1815550 463
1815560 463
1815570 463
1815580 462
1815590 461
1815600 458
1815610 455
1815620 453
1815630 451
1815640 450
1815650 450
1815660 450
1815670 449
1815680 447
1815690 446
1815700 444
1815710 440
1815720 436
1815730 434
1815740 432
1815750 431
1815760 430
1815770 429
1815780 428
1815790 427
1815800 427
1815810 426
1815820 425
1815830 424
1815840 424
1815850 424
1815860 424
1815870 424
1815880 424
1815890 424
1815900 424
1815910 424
1815920 424
1815930 425
1815940 425
1815950 425
1815960 426
1815970 426
1815980 427
1815990 428
1816000 428
1816010 429
1816020 430
1816030 431
1816040 431
1816050 432
1816060 433
1816070 434
1816080 435
1816090 436
1816100 437
1816110 437
1816120 438
1816130 439
1816140 440
1816150 440
1816160 440
1816170 440
1816180 438
1816190 437
1816200 435
1816210 434
1816220 432
1816230 430
1816240 428
1816250 426
1816260 424
1816270 423
1816280 421
1816290 419
1816300 417
1816310 415
1816320 413
1816330 411
1816340 409
1816350 406
1816360 404
1816370 403
1816380 401
1816390 400
1816400 399
1816410 398
1816420 397
1816430 397
1816440 397
1816450 397
1816460 397
1816470 397
1816480 397
1816490 397
1816500 397
1816510 397
1816520 397
1816530 397
1816540 397
1816550 397
1816560 397
1816570 397
1816580 397
1816590 397
1816600 397
1816610 397
1816620 396
1816630 396
1816640 395
1816650 395
1816660 396
1816670 397
1816680 398
1816690 399
1816700 400
1816710 400
1816720 401
1816730 403
1816740 405
1816750 408
1816760 410
1816770 412
1816780 414
1816790 415
1816800 417
1816810 418
1816820 419
1816830 420
1816840 421
1816850 422
1816860 424
1816870 427
1816880 429
1816890 433
1816900 435
1816910 438
1816920 441
1816930 443
1816940 444
1816950 446
1816960 448
1816970 450
1816980 452
1816990 454
1817000 457
1817010 460
1817020 462
1817030 465
1817040 467
1817050 469
1817060 471
1817070 473
1817080 475
1817090 476
1817100 477
1817110 478
1817120 478
1817130 479
1817140 480
1817150 480
1817160 481
1817170 482
1817180 483
1817190 484
1817200 485
1817210 485
1817220 486
1817230 487
1817240 487
1817250 488
1817260 488
1817270 489
1817280 490
1817290 490
1817300 491
1817310 491
1817320 492
1817330 493
1817340 494
1817350 494
1817360 495
1817370 496
1817380 497
1817390 497
1817400 498
1817410 499
1817420 501
1817430 502
1817440 504
1817450 505
1817460 506
1817470 507
1817480 507
1817490 508
1817500 509
1817510 510
1817520 509
1817530 509
1817540 508
1817550 507
1817560 505
1817570 505
1817580 504
1817590 503
1817600 502
1817610 501
1817620 500
1817630 499
1817640 498
1817650 496
1817660 495
1817670 494
1817680 492
1817690 491
1817700 490
1817710 490
1817720 489
1817730 488
1817740 487
1817750 486
1817760 485
1817770 484
1817780 483
1817790 482
1817800 481
1817810 480
1817820 479
1817830 478
1817840 477
1817850 476
1817860 475
1817870 473
1817880 472
1817890 471
1817900 470
1817910 469
1817920 468
1817930 467
1817940 466
1817950 465
1817960 464
1817970 462
1817980 462
1817990 461
1818000 460
1818010 459
1818020 458
1818030 457
1818040 456
1818050 455
1818060 454
1818070 453
1818080 453
1818090 452
1818100 451
1818110 450
1818120 450
1818130 449
1818140 448
1818150 448
1818160 447
1818170 446
1818180 446
1818190 445
1818200 445
1818210 444
1818220 444
1818230 443
1818240 443
1818250 442
1818260 442
1818270 441
1818280 441
1818290 440
1818300 439
1818310 439
1818320 438
1818330 438
1818340 437
1818350 437
1818360 436
1818370 436
1818380 436
1818390 435
1818400 435
1818410 435
1818420 435
1818430 434
1818440 434
1818450 434
1818460 434
1818470 434
1818480 433
1818490 433
1818500 433
1818510 433
1818520 433
1818530 433
1818540 433
1818550 433
1818560 433
1818570 433
1818580 433
1818590 433
1818600 433
1818610 433
1818620 433
1818630 432
1818640 432
1818650 432
1818660 431
1818670 431
1818680 431
1818690 431
1818700 431
1818710 430
1818720 430
1818730 430
1818740 430
1818750 430
1818760 430
1818770 431
1818780 431
1818790 431
1818800 432
1818810 432
1818820 432
1818830 432
1818840 432
1818850 432
1818860 432
1818870 432
1818880 432
1818890 432
1818900 432
1818910 432
1818920 432
1818930 432
1818940 432
1818950 432
1818960 431
1818970 430
1818980 430
1818990 429
1819000 428
1819010 427
1819020 425
1819030 424
1819040 423
1819050 422
1819060 421
1819070 419
1819080 418
1819090 418
1819100 417
1819110 416
1819120 415
1819130 414
1819140 413
1819150 412
1819160 411
1819170 410
1819180 409
1819190 408
1819200 407
1819210 407
1819220 406
1819230 406
1819240 405
1819250 404
1819260 404
1819270 403
1819280 402
1819290 401
1819300 401
1819310 400
1819320 399
1819330 398
1819340 398
1819350 397
1819360 397
1819370 396
1819380 396
1819390 395
1819400 395
1819410 394
1819420 393
1819430 393
1819440 392
1819450 390
1819460 388
1819470 385
1819480 383
1819490 380
1819500 377
1819510 372
1819520 368
1819530 365
1819540 365
1819550 365
1819560 364
1819570 364
1819580 364
1819590 364
1819600 364
1819610 364
1819620 364
1819630 364
1819640 364
1819650 364
1819660 364
1819670 363
1819680 364
1819690 364
1819700 369
1819710 373
1819720 376
1819730 377
1819740 378
1819750 380
1819760 381
1819770 383
1819780 385
1819790 388
1819800 390
1819810 393
1819820 395
1819830 397
1819840 400
1819850 402
1819860 403
1819870 403
1819880 403
1819890 402
1819900 402
1819910 401
1819920 401
1819930 400
1819940 399
1819950 398
1819960 397
1819970 396
1819980 395
1819990 393
