1800000 797
1800010 797
1800020 797
1800030 797
1800040 797
1800050 797
1800060 796
1800070 796
1800080 796
1800090 795
1800100 794
1800110 794
1800120 793
1800130 792
1800140 791
1800150 790
1800160 789
1800170 788
1800180 787
1800190 785
1800200 784
1800210 783
1800220 781
1800230 780
1800240 778
1800250 777
1800260 775
1800270 773
1800280 770
1800290 768
1800300 766
1800310 766
1800320 766
1800330 766
1800340 766
1800350 768
1800360 768
1800370 769
1800380 770
1800390 771
1800400 772
1800410 773
1800420 774
1800430 775
1800440 777
1800450 778
1800460 780
1800470 781
1800480 783
1800490 785
1800500 786
1800510 788
1800520 789
1800530 791
1800540 792
1800550 794
1800560 795
1800570 797
1800580 798
1800590 800
1800600 801
1800610 802
1800620 804
1800630 806
1800640 807
1800650 809
1800660 810
1800670 811
1800680 812
1800690 813
1800700 814
1800710 815
1800720 815
1800730 816
1800740 816
1800750 816
1800760 816
1800770 816
1800780 816
1800790 814
1800800 813
1800810 812
1800820 810
1800830 808
1800840 806
1800850 804
1800860 801
1800870 798
1800880 796
1800890 793
1800900 791
1800910 789
1800920 787
1800930 785
1800940 783
1800950 781
1800960 779
1800970 778
1800980 776
1800990 775
1801000 773
1801010 772
1801020 770
1801030 768
1801040 765
1801050 763
1801060 761
1801070 759
1801080 757
1801090 754
1801100 751
1801110 748
1801120 746
1801130 743
1801140 740
1801150 737
1801160 734
1801170 731
1801180 728
1801190 725
1801200 723
1801210 720
1801220 718
1801230 716
1801240 713
1801250 711
1801260 708
1801270 706
1801280 703
1801290 700
1801300 697
1801310 696
1801320 697
1801330 700
1801340 702
1801350 702
1801360 703
1801370 702
1801380 701
1801390 701
1801400 705
1801410 708
1801420 710
1801430 713
1801440 716
1801450 719
1801460 721
1801470 724
1801480 725
1801490 726
1801500 726
1801510 726
1801520 725
1801530 725
1801540 724
1801550 724
1801560 723
1801570 722
1801580 722
1801590 720
1801600 719
1801610 717
1801620 716
1801630 714
1801640 712
1801650 711
1801660 709
1801670 708
1801680 706
1801690 705
1801700 703
1801710 702
1801720 701
1801730 700
1801740 698
1801750 697
1801760 696
1801770 694
1801780 691
1801790 689
1801800 686
1801810 683
1801820 680
1801830 677
1801840 675
1801850 672
1801860 670
1801870 668
1801880 665
1801890 663
1801900 660
1801910 657
1801920 655
1801930 652
1801940 649
1801950 645
1801960 640
1801970 638
1801980 638
1801990 641
1802000 642
1802010 643
1802020 643
1802030 643
1802040 642
1802050 640
1802060 637
1802070 633
1802080 628
1802090 627
1802100 630
1802110 635
1802120 639
1802130 643
1802140 647
1802150 651
1802160 655
1802170 659
1802180 663
1802190 668
1802200 672
1802210 675
1802220 679
1802230 683
1802240 686
1802250 688
1802260 690
1802270 692
1802280 694
1802290 695
1802300 695
1802310 695
1802320 695
1802330 695
1802340 695
1802350 694
1802360 694
1802370 694
1802380 694
1802390 693
1802400 693
1802410 693
1802420 692
1802430 692
1802440 692
1802450 691
1802460 691
1802470 690
1802480 690
1802490 689
1802500 689
1802510 688
1802520 687
1802530 686
1802540 686
1802550 685
1802560 684
1802570 683
1802580 682
1802590 681
1802600 680
1802610 679
1802620 678
1802630 676
1802640 675
1802650 674
1802660 673
1802670 673
1802680 671
1802690 670
1802700 668
1802710 666
1802720 665
1802730 666
1802740 669
1802750 672
1802760 675
1802770 677
1802780 679
1802790 681
1802800 683
1802810 684
1802820 686
1802830 688
1802840 689
1802850 691
1802860 692
1802870 692
1802880 693
1802890 693
1802900 694
1802910 694
1802920 694
1802930 695
1802940 696
1802950 697
1802960 697
1802970 698
1802980 698
1802990 697
1803000 697
1803010 697
1803020 696
1803030 695
1803040 695
1803050 694
1803060 693
1803070 692
1803080 691
1803090 690
1803100 689
1803110 687
1803120 686
1803130 684
1803140 683
1803150 683
1803160 682
1803170 681
1803180 680
1803190 679
1803200 678
1803210 677
1803220 676
1803230 675
1803240 674
1803250 673
1803260 672
1803270 671
1803280 670
1803290 669
1803300 668
1803310 666
1803320 664
1803330 663
1803340 663
1803350 664
1803360 663
1803370 662
1803380 660
1803390 658
1803400 655
1803410 653
1803420 650
1803430 648
1803440 646
1803450 645
1803460 643
1803470 641
1803480 639
1803490 637
1803500 635
1803510 633
1803520 630
1803530 627
1803540 624
1803550 622
1803560 619
1803570 617
1803580 614
1803590 612
1803600 610
1803610 608
1803620 606
1803630 605
1803640 603
1803650 600
1803660 596
1803670 592
1803680 589
1803690 589
1803700 591
1803710 594
1803720 597
1803730 599
1803740 600
1803750 601
1803760 602
1803770 604
1803780 606
1803790 607
1803800 609
1803810 612
1803820 614
1803830 617
1803840 620
1803850 623
1803860 626
1803870 630
1803880 633
1803890 635
1803900 637
1803910 639
1803920 640
1803930 643
1803940 645
1803950 647
1803960 649
1803970 652
1803980 656
1803990 659
1804000 663
1804010 666
1804020 667
1804030 667
1804040 668
1804050 669
1804060 669
1804070 669
1804080 670
1804090 670
1804100 670
1804110 669
1804120 668
1804130 667
1804140 665
1804150 663
1804160 662
1804170 661
1804180 660
1804190 660
1804200 659
1804210 658
1804220 657
1804230 657
1804240 657
1804250 656
1804260 656
1804270 655
1804280 655
1804290 654
1804300 653
1804310 652
1804320 651
1804330 649
1804340 648
1804350 646
1804360 645
1804370 644
1804380 642
1804390 641
1804400 639
1804410 638
1804420 637
1804430 636
1804440 635
1804450 634
1804460 633
1804470 631
1804480 630
1804490 628
1804500 627
1804510 626
1804520 625
1804530 624
1804540 623
1804550 622
1804560 622
1804570 621
1804580 620
1804590 619
1804600 619
1804610 618
1804620 617
1804630 616
1804640 615
1804650 615
1804660 614
1804670 613
1804680 611
1804690 609
1804700 607
1804710 605
1804720 603
1804730 601
1804740 600
1804750 599
1804760 598
1804770 597
1804780 595
1804790 594
1804800 592
1804810 591
1804820 589
1804830 589
1804840 588
1804850 587
1804860 587
1804870 585
1804880 583
1804890 580
1804900 581
1804910 581
1804920 582
1804930 582
1804940 581
1804950 581
1804960 580
1804970 580
1804980 580
1804990 580
1805000 580
1805010 580
1805020 580
1805030 580
1805040 579
1805050 579
1805060 579
1805070 580
1805080 579
1805090 579
1805100 578
1805110 577
1805120 576
1805130 576
1805140 575
1805150 574
1805160 573
1805170 571
1805180 570
1805190 569
1805200 568
1805210 566
1805220 565
1805230 564
1805240 563
1805250 563
1805260 562
1805270 561
1805280 560
1805290 560
1805300 559
1805310 559
1805320 558
1805330 558
1805340 558
1805350 558
1805360 558
1805370 558
1805380 558
1805390 558
1805400 559
1805410 559
1805420 559
1805430 559
1805440 559
1805450 559
1805460 560
1805470 560
1805480 561
1805490 562
1805500 563
1805510 564
1805520 565
1805530 566
1805540 567
1805550 568
1805560 568
1805570 568
1805580 567
1805590 566
1805600 564
1805610 563
1805620 563
1805630 562
1805640 561
1805650 561
1805660 561
1805670 560
1805680 560
1805690 559
1805700 559
1805710 558
1805720 558
1805730 557
1805740 557
1805750 557
1805760 557
1805770 556
1805780 556
1805790 556
1805800 555
1805810 555
1805820 555
1805830 555
1805840 555
1805850 555
1805860 555
1805870 554
1805880 554
1805890 554
1805900 554
1805910 554
1805920 553
1805930 553
1805940 553
1805950 553
1805960 553
1805970 553
1805980 553
1805990 552
1806000 552
1806010 552
1806020 552
1806030 551
1806040 550
1806050 549
1806060 547
1806070 546
1806080 545
1806090 545
1806100 544
1806110 542
1806120 541
1806130 540
1806140 539
1806150 538
1806160 537
1806170 536
1806180 535
1806190 534
1806200 533
1806210 532
1806220 531
1806230 530
1806240 529
1806250 528
1806260 527
1806270 526
1806280 525
1806290 524
1806300 523
1806310 522
1806320 521
1806330 519
1806340 518
1806350 517
1806360 516
1806370 515
1806380 514
1806390 513
1806400 512
1806410 511
1806420 511
1806430 510
1806440 509
1806450 507
1806460 506
1806470 504
1806480 502
1806490 500
1806500 497
1806510 496
1806520 495
1806530 494
1806540 494
1806550 493
1806560 493
1806570 493
1806580 493
1806590 493
1806600 493
1806610 492
1806620 492
1806630 493
1806640 493
1806650 493
1806660 493
1806670 493
1806680 493
1806690 493
1806700 494
1806710 494
1806720 495
1806730 496
1806740 498
1806750 498
1806760 498
1806770 498
1806780 499
1806790 499
1806800 499
1806810 498
1806820 498
1806830 498
1806840 498
1806850 498
1806860 497
1806870 496
1806880 495
1806890 495
1806900 493
1806910 492
1806920 491
1806930 490
1806940 490
1806950 491
1806960 492
1806970 492
1806980 492
1806990 492
1807000 492
1807010 492
1807020 492
1807030 494
1807040 495
1807050 497
1807060 499
1807070 500
1807080 502
1807090 504
1807100 505
1807110 507
1807120 509
1807130 511
1807140 513
1807150 515
1807160 517
1807170 519
1807180 521
1807190 523
1807200 525
1807210 528
1807220 530
1807230 532
1807240 534
1807250 536
1807260 538
1807270 540
1807280 541
1807290 543
1807300 543
1807310 542
1807320 541
1807330 539
1807340 536
1807350 534
1807360 532
1807370 531
1807380 529
1807390 528
1807400 526
1807410 525
1807420 524
1807430 523
1807440 522
1807450 521
1807460 520
1807470 519
1807480 517
1807490 516
1807500 513
1807510 512
1807520 515
1807530 517
1807540 520
1807550 522
1807560 525
1807570 527
1807580 530
1807590 533
1807600 535
1807610 538
1807620 541
1807630 544
1807640 546
1807650 548
1807660 549
1807670 550
1807680 550
1807690 550
1807700 550
1807710 550
1807720 550
1807730 549
1807740 549
1807750 549
1807760 548
1807770 548
1807780 547
1807790 547
1807800 546
1807810 545
1807820 545
1807830 544
1807840 543
1807850 543
1807860 541
1807870 540
1807880 539
1807890 537
1807900 535
1807910 534
1807920 532
1807930 530
1807940 529
1807950 528
1807960 527
1807970 526
1807980 525
1807990 525
1808000 524
1808010 523
1808020 521
1808030 519
1808040 515
1808050 513
1808060 513
1808070 517
1808080 521
1808090 523
1808100 525
1808110 526
1808120 528
1808130 529
1808140 531
1808150 533
1808160 535
1808170 538
1808180 540
1808190 543
1808200 545
1808210 547
1808220 549
1808230 551
1808240 553
1808250 555
1808260 557
1808270 559
1808280 561
1808290 563
1808300 565
1808310 566
1808320 568
1808330 569
1808340 570
1808350 571
1808360 572
1808370 572
1808380 573
1808390 573
1808400 574
1808410 574
1808420 574
1808430 574
1808440 574
1808450 574
1808460 573
1808470 573
1808480 572
1808490 571
1808500 571
1808510 570
1808520 570
1808530 569
1808540 569
1808550 569
1808560 568
1808570 568
1808580 567
1808590 566
1808600 566
1808610 565
1808620 565
1808630 564
1808640 564
1808650 563
1808660 563
1808670 562
1808680 562
1808690 561
1808700 560
1808710 560
1808720 559
1808730 558
1808740 558
1808750 557
1808760 557
1808770 558
1808780 558
1808790 558
1808800 559
1808810 559
1808820 560
1808830 560
1808840 560
1808850 560
1808860 559
1808870 559
1808880 559
1808890 558
1808900 557
1808910 557
1808920 556
1808930 556
1808940 555
1808950 555
1808960 554
1808970 554
1808980 553
1808990 552
1809000 551
1809010 550
1809020 549
1809030 547
1809040 544
1809050 542
1809060 542
1809070 543
1809080 545
1809090 548
1809100 550
1809110 552
1809120 553
1809130 554
1809140 555
1809150 555
1809160 556
1809170 556
1809180 557
1809190 558
1809200 559
1809210 560
1809220 561
1809230 562
1809240 563
1809250 564
1809260 565
1809270 566
1809280 567
1809290 568
1809300 569
1809310 571
1809320 572
1809330 573
1809340 575
1809350 576
1809360 577
1809370 578
1809380 580
1809390 581
1809400 583
1809410 584
1809420 586
1809430 587
1809440 589
1809450 591
1809460 593
1809470 595
1809480 596
1809490 598
1809500 600
1809510 602
1809520 604
1809530 606
1809540 608
1809550 610
1809560 613
1809570 615
1809580 617
1809590 619
1809600 621
1809610 623
1809620 626
1809630 628
1809640 630
1809650 632
1809660 633
1809670 635
1809680 636
1809690 637
1809700 638
1809710 638
1809720 639
1809730 640
1809740 641
1809750 643
1809760 644
1809770 644
1809780 645
1809790 645
1809800 645
1809810 644
1809820 644
1809830 643
1809840 642
1809850 640
1809860 639
1809870 637
1809880 636
1809890 635
1809900 634
1809910 633
1809920 631
1809930 630
1809940 629
1809950 628
1809960 627
1809970 626
1809980 625
1809990 624
1810000 623
1810010 622
1810020 621
1810030 620
1810040 619
1810050 618
1810060 617
1810070 616
1810080 614
1810090 613
1810100 612
1810110 610
1810120 609
1810130 607
1810140 606
1810150 604
1810160 601
1810170 599
1810180 596
1810190 593
1810200 590
1810210 586
1810220 583
1810230 580
1810240 577
1810250 575
1810260 573
1810270 571
1810280 569
1810290 567
1810300 565
1810310 564
1810320 562
1810330 561
1810340 560
1810350 558
1810360 557
1810370 556
1810380 556
1810390 555
1810400 554
1810410 554
1810420 553
1810430 553
1810440 553
1810450 554
1810460 554
1810470 554
1810480 555
1810490 555
1810500 555
1810510 554
1810520 554
1810530 554
1810540 553
1810550 553
1810560 553
1810570 553
1810580 553
1810590 554
1810600 554
1810610 554
1810620 554
1810630 554
1810640 554
1810650 554
1810660 553
1810670 552
1810680 552
1810690 551
1810700 551
1810710 550
1810720 550
1810730 549
1810740 548
1810750 547
1810760 547
1810770 546
1810780 546
1810790 546
1810800 545
1810810 545
1810820 545
1810830 545
1810840 544
1810850 544
1810860 544
1810870 544
1810880 544
1810890 544
1810900 543
1810910 543
1810920 543
1810930 542
1810940 541
1810950 540
1810960 539
1810970 537
1810980 536
1810990 534
1811000 533
1811010 532
1811020 530
1811030 529
1811040 527
1811050 525
1811060 524
1811070 522
1811080 520
1811090 518
1811100 515
1811110 513
1811120 512
1811130 511
1811140 511
1811150 509
1811160 506
1811170 501
1811180 497
1811190 496
1811200 500
1811210 503
1811220 504
1811230 504
1811240 505
1811250 506
1811260 506
1811270 507
1811280 508
1811290 508
1811300 509
1811310 509
1811320 510
1811330 511
1811340 513
1811350 514
1811360 515
1811370 517
1811380 517
1811390 518
1811400 518
1811410 519
1811420 519
1811430 518
1811440 518
1811450 518
1811460 517
1811470 516
1811480 515
1811490 515
1811500 514
1811510 514
1811520 513
1811530 513
1811540 512
1811550 512
1811560 512
1811570 511
1811580 511
1811590 511
1811600 511
1811610 511
1811620 511
1811630 511
1811640 511
1811650 511
1811660 510
1811670 510
1811680 509
1811690 509
1811700 508
1811710 508
1811720 507
1811730 506
1811740 506
1811750 505
1811760 504
1811770 502
1811780 500
1811790 498
1811800 497
1811810 495
1811820 493
1811830 491
1811840 489
1811850 487
1811860 485
1811870 484
1811880 482
1811890 480
1811900 478
1811910 477
1811920 475
1811930 472
1811940 470
1811950 468
1811960 466
1811970 463
1811980 460
1811990 458
1812000 455
1812010 453
1812020 450
1812030 448
1812040 445
1812050 443
1812060 440
1812070 438
1812080 436
1812090 434
1812100 432
1812110 431
1812120 431
1812130 431
1812140 431
1812150 431
1812160 431
1812170 431
1812180 431
1812190 431
1812200 431
1812210 432
1812220 436
1812230 438
1812240 441
1812250 444
1812260 447
1812270 449
1812280 451
1812290 454
1812300 457
1812310 460
1812320 463
1812330 465
1812340 468
1812350 470
1812360 473
1812370 475
1812380 477
1812390 479
1812400 481
1812410 482
1812420 483
1812430 483
1812440 483
1812450 483
1812460 483
1812470 483
1812480 483
1812490 482
1812500 481
1812510 480
1812520 479
1812530 476
1812540 474
1812550 474
1812560 477
1812570 480
1812580 483
1812590 487
1812600 490
1812610 494
1812620 497
1812630 499
1812640 501
1812650 503
1812660 505
1812670 507
1812680 509
1812690 511
1812700 512
1812710 514
1812720 515
1812730 516
1812740 517
1812750 518
1812760 518
1812770 519
1812780 520
1812790 521
1812800 522
1812810 523
1812820 524
1812830 525
1812840 526
1812850 526
1812860 526
1812870 526
1812880 526
1812890 525
1812900 525
1812910 525
1812920 524
1812930 524
1812940 524
1812950 524
1812960 524
1812970 524
1812980 524
1812990 525
1813000 526
1813010 527
1813020 528
1813030 529
1813040 531
1813050 532
1813060 534
1813070 535
1813080 537
1813090 538
1813100 540
1813110 541
1813120 542
1813130 543
1813140 543
1813150 542
1813160 541
1813170 539
1813180 537
1813190 535
1813200 533
1813210 531
1813220 528
1813230 526
1813240 523
1813250 521
1813260 518
1813270 516
1813280 513
1813290 511
1813300 509
1813310 508
1813320 506
1813330 504
1813340 503
1813350 501
1813360 500
1813370 498
1813380 497
1813390 496
1813400 494
1813410 493
1813420 491
1813430 488
1813440 485
1813450 481
1813460 480
1813470 482
1813480 485
1813490 487
1813500 489
1813510 491
1813520 492
1813530 493
1813540 493
1813550 492
1813560 492
1813570 493
1813580 497
1813590 501
1813600 505
1813610 509
1813620 512
1813630 515
1813640 518
1813650 522
1813660 526
1813670 529
1813680 533
1813690 536
1813700 539
1813710 543
1813720 546
1813730 549
1813740 551
1813750 554
1813760 557
1813770 559
1813780 562
1813790 564
1813800 567
1813810 569
1813820 572
1813830 575
1813840 577
1813850 579
1813860 580
1813870 582
1813880 584
1813890 585
1813900 586
1813910 588
1813920 589
1813930 591
1813940 593
1813950 594
1813960 594
1813970 594
1813980 593
1813990 592
1814000 591
1814010 589
1814020 587
1814030 584
1814040 581
1814050 579
1814060 576
1814070 573
1814080 570
1814090 567
1814100 563
1814110 559
1814120 556
1814130 552
1814140 548
1814150 545
1814160 542
1814170 539
1814180 536
1814190 533
1814200 530
1814210 528
1814220 525
1814230 523
1814240 521
1814250 519
1814260 517
1814270 515
1814280 512
1814290 510
1814300 508
1814310 506
1814320 504
1814330 503
1814340 501
1814350 499
1814360 497
1814370 495
1814380 494
1814390 492
1814400 490
1814410 488
1814420 486
1814430 483
1814440 481
1814450 478
1814460 474
1814470 472
1814480 469
1814490 467
1814500 465
1814510 462
1814520 460
1814530 458
1814540 456
1814550 454
1814560 453
1814570 456
1814580 458
1814590 460
1814600 462
1814610 463
1814620 465
1814630 467
1814640 470
1814650 472
1814660 475
1814670 478
1814680 481
1814690 485
1814700 488
1814710 490
1814720 492
1814730 493
1814740 492
1814750 492
1814760 491
1814770 491
1814780 489
1814790 488
1814800 488
1814810 492
1814820 495
1814830 497
1814840 499
1814850 501
1814860 503
1814870 505
1814880 506
1814890 508
1814900 509
1814910 511
1814920 513
1814930 514
1814940 515
1814950 516
1814960 516
1814970 517
1814980 517
1814990 517
1815000 517
1815010 517
1815020 516
1815030 516
1815040 515
1815050 514
1815060 513
1815070 512
1815080 511
1815090 509
1815100 508
1815110 506
1815120 504
1815130 502
1815140 500
1815150 498
1815160 496
1815170 494
1815180 492
1815190 490
1815200 488
1815210 486
1815220 484
1815230 482
1815240 481
1815250 479
1815260 478
1815270 476
1815280 475
1815290 473
1815300 472
1815310 470
1815320 469
1815330 468
1815340 466
1815350 465
1815360 464
1815370 462
1815380 461
1815390 461
1815400 460
1815410 459
1815420 458
1815430 458
1815440 457
1815450 456
1815460 454
1815470 453
1815480 451
1815490 449
1815500 447
1815510 446
1815520 444
1815530 442
1815540 440
1815550 439
1815560 437
1815570 435
1815580 433
1815590 431
1815600 428
1815610 426
1815620 423
1815630 420
1815640 418
1815650 415
1815660 413
1815670 410
1815680 407
1815690 404
1815700 403
1815710 402
1815720 402
1815730 402
1815740 402
1815750 402
1815760 402
1815770 402
1815780 402
1815790 402
1815800 402
1815810 402
1815820 402
1815830 402
1815840 402
1815850 402
1815860 402
1815870 402
1815880 402
1815890 402
1815900 402
1815910 402
1815920 402
1815930 401
1815940 401
1815950 401
1815960 402
1815970 402
1815980 402
1815990 402
1816000 402
1816010 402
1816020 402
1816030 403
1816040 403
1816050 403
1816060 403
1816070 403
1816080 404
1816090 405
1816100 406
1816110 407
1816120 408
1816130 409
1816140 410
1816150 412
1816160 413
1816170 415
1816180 417
1816190 420
1816200 422
1816210 424
1816220 426
1816230 429
1816240 431
1816250 432
1816260 434
1816270 437
1816280 439
1816290 442
1816300 444
1816310 447
1816320 449
1816330 451
1816340 453
1816350 456
1816360 459
1816370 461
1816380 463
1816390 465
1816400 467
1816410 469
1816420 471
1816430 472
1816440 474
1816450 476
1816460 478
1816470 480
1816480 482
1816490 484
1816500 486
1816510 487
1816520 489
1816530 490
1816540 491
1816550 492
1816560 493
1816570 494
1816580 495
1816590 495
1816600 495
1816610 495
1816620 496
1816630 496
1816640 496
1816650 497
1816660 498
1816670 499
1816680 499
1816690 500
1816700 500
1816710 500
1816720 500
1816730 499
1816740 498
1816750 498
1816760 499
1816770 502
1816780 505
1816790 507
1816800 508
1816810 509
1816820 511
1816830 512
1816840 512
1816850 513
1816860 514
1816870 515
1816880 515
1816890 516
1816900 517
1816910 518
1816920 518
1816930 519
1816940 520
1816950 521
1816960 522
1816970 523
1816980 524
1816990 524
1817000 525
1817010 526
1817020 526
1817030 527
1817040 528
1817050 528
1817060 528
1817070 528
1817080 528
1817090 528
1817100 527
1817110 526
1817120 525
1817130 524
1817140 523
1817150 522
1817160 521
1817170 520
1817180 518
1817190 517
1817200 515
1817210 514
1817220 512
1817230 511
1817240 509
1817250 507
1817260 505
1817270 503
1817280 501
1817290 500
1817300 498
1817310 497
1817320 496
1817330 494
1817340 493
1817350 492
1817360 491
1817370 490
1817380 488
1817390 487
1817400 485
1817410 483
1817420 481
1817430 479
1817440 477
1817450 475
1817460 473
1817470 471
1817480 470
1817490 469
1817500 468
1817510 466
1817520 463
1817530 460
1817540 457
1817550 454
1817560 452
1817570 451
1817580 450
1817590 450
1817600 451
1817610 453
1817620 454
1817630 455
1817640 456
1817650 456
1817660 456
1817670 455
1817680 454
1817690 453
1817700 453
1817710 452
1817720 451
1817730 450
1817740 449
1817750 448
1817760 447
1817770 446
1817780 445
1817790 443
1817800 441
1817810 440
1817820 438
1817830 435
1817840 433
1817850 431
1817860 429
1817870 426
1817880 424
1817890 423
1817900 423
1817910 422
1817920 421
1817930 420
1817940 419
1817950 418
1817960 419
1817970 420
1817980 422
1817990 423
1818000 423
1818010 424
1818020 424
1818030 424
1818040 424
1818050 423
1818060 423
1818070 423
1818080 422
1818090 421
1818100 420
1818110 418
1818120 418
1818130 417
1818140 416
1818150 417
1818160 418
1818170 419
1818180 419
1818190 419
1818200 419
1818210 418
1818220 418
1818230 418
1818240 418
1818250 418
1818260 418
1818270 417
1818280 417
1818290 416
1818300 416
1818310 416
1818320 416
1818330 415
1818340 415
1818350 415
1818360 414
1818370 414
1818380 413
1818390 413
1818400 413
1818410 412
1818420 412
1818430 411
1818440 411
1818450 410
1818460 409
1818470 408
1818480 408
1818490 407
1818500 407
1818510 406
1818520 406
1818530 406
1818540 405
1818550 405
1818560 405
1818570 404
1818580 404
1818590 404
1818600 404
1818610 403
1818620 403
1818630 402
1818640 402
1818650 401
1818660 401
1818670 400
1818680 400
1818690 399
1818700 398
1818710 398
1818720 397
1818730 397
1818740 396
1818750 396
1818760 395
1818770 394
1818780 393
1818790 393
1818800 392
1818810 390
1818820 389
1818830 389
1818840 390
1818850 390
1818860 389
1818870 388
1818880 388
1818890 387
1818900 386
1818910 385
1818920 383
1818930 382
1818940 381
1818950 380
1818960 379
1818970 379
1818980 378
1818990 378
1819000 378
1819010 378
1819020 378
1819030 378
1819040 377
1819050 377
1819060 377
1819070 377
1819080 377
1819090 377
1819100 377
1819110 377
1819120 377
1819130 377
1819140 379
1819150 381
1819160 384
1819170 385
1819180 387
1819190 390
1819200 393
1819210 396
1819220 400
1819230 404
1819240 407
1819250 410
1819260 412
1819270 414
1819280 416
1819290 419
1819300 421
1819310 423
1819320 425
1819330 427
1819340 429
1819350 432
1819360 435
1819370 437
1819380 440
1819390 443
1819400 445
1819410 447
1819420 449
1819430 452
1819440 453
1819450 455
1819460 457
1819470 458
1819480 459
1819490 460
1819500 460
1819510 461
1819520 461
1819530 461
1819540 461
1819550 460
1819560 460
1819570 459
1819580 458
1819590 457
1819600 456
1819610 455
1819620 454
1819630 453
1819640 453
1819650 452
1819660 451
1819670 450
1819680 449
1819690 448
1819700 446
1819710 445
1819720 444
1819730 443
1819740 442
1819750 441
1819760 440
1819770 439
1819780 437
1819790 436
1819800 435
1819810 434
1819820 432
1819830 431
1819840 430
1819850 428
1819860 427
1819870 426
1819880 425
1819890 423
1819900 422
1819910 420
1819920 419
1819930 418
1819940 416
1819950 414
1819960 413
1819970 411
1819980 409
1819990 408
