1800000 802
1800010 802
1800020 803
1800030 804
1800040 805
1800050 806
1800060 807
1800070 808
1800080 808
1800090 809
1800100 809
1800110 809
1800120 809
1800130 809
1800140 808
1800150 808
1800160 807
1800170 806
1800180 805
1800190 804
1800200 803
1800210 802
1800220 801
1800230 800
1800240 800
1800250 799
1800260 799
1800270 799
1800280 799
1800290 798
1800300 798
1800310 798
1800320 799
1800330 799
1800340 799
1800350 799
1800360 799
1800370 799
1800380 800
1800390 800
1800400 800
1800410 800
1800420 801
1800430 801
1800440 801
1800450 802
1800460 803
1800470 804
1800480 805
1800490 806
1800500 807
1800510 808
1800520 809
1800530 810
1800540 810
1800550 811
1800560 811
1800570 811
1800580 812
1800590 812
1800600 812
1800610 813
1800620 813
1800630 813
1800640 814
1800650 814
1800660 815
1800670 815
1800680 816
1800690 816
1800700 816
1800710 816
1800720 815
1800730 814
1800740 813
1800750 811
1800760 809
1800770 807
1800780 805
1800790 803
1800800 802
1800810 800
1800820 799
1800830 796
1800840 793
1800850 790
1800860 786
1800870 783
1800880 780
1800890 777
1800900 774
1800910 772
1800920 769
1800930 766
1800940 763
1800950 761
1800960 758
1800970 756
1800980 753
1800990 750
1801000 748
1801010 746
1801020 744
1801030 742
1801040 740
1801050 739
1801060 737
1801070 736
1801080 734
1801090 733
1801100 731
1801110 730
1801120 729
1801130 728
1801140 727
1801150 726
1801160 725
1801170 724
1801180 724
1801190 723
1801200 722
1801210 722
1801220 721
1801230 720
1801240 718
1801250 717
1801260 715
1801270 712
1801280 709
1801290 706
1801300 704
1801310 700
1801320 696
1801330 693
1801340 689
1801350 685
1801360 682
1801370 678
1801380 674
1801390 669
1801400 665
1801410 663
1801420 666
1801430 668
1801440 671
1801450 672
1801460 674
1801470 676
1801480 677
1801490 678
1801500 678
1801510 679
1801520 680
1801530 681
1801540 682
1801550 684
1801560 685
1801570 687
1801580 688
1801590 689
1801600 689
1801610 688
1801620 687
1801630 686
1801640 686
1801650 685
1801660 685
1801670 685
1801680 684
1801690 684
1801700 683
1801710 682
1801720 682
1801730 681
1801740 680
1801750 679
1801760 678
1801770 678
1801780 678
1801790 678
1801800 677
1801810 677
1801820 676
1801830 675
1801840 674
1801850 672
1801860 670
1801870 669
1801880 667
1801890 666
1801900 665
1801910 663
1801920 663
1801930 662
1801940 660
1801950 658
1801960 656
1801970 653
1801980 650
1801990 647
1802000 644
1802010 641
1802020 637
1802030 634
1802040 630
1802050 626
1802060 623
1802070 618
1802080 614
1802090 609
1802100 607
1802110 609
1802120 613
1802130 617
1802140 621
1802150 624
1802160 627
1802170 630
1802180 633
1802190 637
1802200 640
1802210 644
1802220 647
1802230 651
1802240 654
1802250 656
1802260 657
1802270 657
1802280 657
1802290 655
1802300 653
1802310 650
1802320 647
1802330 644
1802340 641
1802350 639
1802360 637
1802370 636
1802380 637
1802390 638
1802400 640
1802410 642
1802420 645
1802430 648
1802440 650
1802450 653
1802460 656
1802470 658
1802480 659
1802490 661
1802500 661
1802510 662
1802520 661
1802530 661
1802540 660
1802550 660
1802560 659
1802570 657
1802580 656
1802590 655
1802600 653
1802610 651
1802620 648
1802630 646
1802640 643
1802650 641
1802660 637
1802670 632
1802680 628
1802690 630
1802700 632
1802710 635
1802720 639
1802730 642
1802740 644
1802750 647
1802760 650
1802770 653
1802780 656
1802790 659
1802800 661
1802810 663
1802820 665
1802830 666
1802840 667
1802850 668
1802860 668
1802870 668
1802880 668
1802890 668
1802900 669
1802910 669
1802920 670
1802930 671
1802940 672
1802950 673
1802960 674
1802970 676
1802980 678
1802990 679
1803000 681
1803010 682
1803020 684
1803030 685
1803040 686
1803050 687
1803060 687
1803070 688
1803080 688
1803090 687
1803100 687
1803110 686
1803120 686
1803130 685
1803140 684
1803150 682
1803160 681
1803170 680
1803180 679
1803190 678
1803200 677
1803210 675
1803220 674
1803230 673
1803240 673
1803250 672
1803260 671
1803270 671
1803280 669
1803290 668
1803300 667
1803310 666
1803320 665
1803330 663
1803340 662
1803350 660
1803360 658
1803370 655
1803380 653
1803390 650
1803400 648
1803410 645
1803420 642
1803430 640
1803440 637
1803450 634
1803460 631
1803470 628
1803480 625
1803490 622
1803500 620
1803510 618
1803520 616
1803530 613
1803540 611
1803550 609
1803560 607
1803570 605
1803580 603
1803590 602
1803600 600
1803610 597
1803620 595
1803630 593
1803640 592
1803650 590
1803660 588
1803670 587
1803680 583
1803690 580
1803700 579
1803710 582
1803720 585
1803730 588
1803740 590
1803750 592
1803760 593
1803770 595
1803780 596
1803790 598
1803800 600
1803810 602
1803820 603
1803830 605
1803840 607
1803850 609
1803860 611
1803870 614
1803880 618
1803890 622
1803900 626
1803910 629
1803920 633
1803930 635
1803940 638
1803950 639
1803960 640
1803970 641
1803980 642
1803990 643
1804000 645
1804010 647
1804020 649
1804030 652
1804040 655
1804050 656
1804060 656
1804070 657
1804080 658
1804090 659
1804100 660
1804110 661
1804120 661
1804130 661
1804140 662
1804150 662
1804160 662
1804170 662
1804180 661
1804190 660
1804200 660
1804210 659
1804220 658
1804230 657
1804240 656
1804250 656
1804260 655
1804270 654
1804280 654
1804290 653
1804300 652
1804310 652
1804320 651
1804330 650
1804340 649
1804350 648
1804360 648
1804370 647
1804380 646
1804390 645
1804400 644
1804410 643
1804420 643
1804430 642
1804440 641
1804450 640
1804460 639
1804470 638
1804480 638
1804490 636
1804500 635
1804510 633
1804520 630
1804530 628
1804540 627
1804550 626
1804560 626
1804570 626
1804580 626
1804590 626
1804600 625
1804610 626
1804620 626
1804630 626
1804640 625
1804650 625
1804660 624
1804670 623
1804680 622
1804690 621
1804700 620
1804710 619
1804720 618
1804730 616
1804740 615
1804750 614
1804760 613
1804770 612
1804780 611
1804790 609
1804800 608
1804810 606
1804820 605
1804830 603
1804840 602
1804850 601
1804860 599
1804870 598
1804880 597
1804890 595
1804900 594
1804910 593
1804920 592
1804930 590
1804940 589
1804950 587
1804960 586
1804970 585
1804980 584
1804990 583
1805000 582
1805010 581
1805020 579
1805030 578
1805040 577
1805050 576
1805060 575
1805070 574
1805080 573
1805090 572
1805100 571
1805110 570
1805120 570
1805130 568
1805140 567
1805150 565
1805160 564
1805170 562
1805180 560
1805190 557
1805200 555
1805210 552
1805220 550
1805230 548
1805240 545
1805250 541
1805260 536
1805270 529
1805280 523
1805290 522
1805300 523
1805310 526
1805320 527
1805330 527
1805340 528
1805350 528
1805360 530
1805370 531
1805380 532
1805390 533
1805400 534
1805410 535
1805420 535
1805430 535
1805440 536
1805450 536
1805460 537
1805470 537
1805480 537
1805490 537
1805500 537
1805510 537
1805520 537
1805530 537
1805540 537
1805550 537
1805560 537
1805570 537
1805580 536
1805590 536
1805600 536
1805610 536
1805620 536
1805630 536
1805640 536
1805650 536
1805660 536
1805670 536
1805680 536
1805690 537
1805700 537
1805710 537
1805720 538
1805730 538
1805740 537
1805750 537
1805760 536
1805770 535
1805780 535
1805790 534
1805800 534
1805810 534
1805820 534
1805830 534
1805840 534
1805850 535
1805860 535
1805870 535
1805880 535
1805890 535
1805900 535
1805910 535
1805920 535
1805930 535
1805940 535
1805950 536
1805960 536
1805970 536
1805980 536
1805990 536
1806000 537
1806010 537
1806020 538
1806030 539
1806040 540
1806050 541
1806060 541
1806070 541
1806080 541
1806090 541
1806100 540
1806110 540
1806120 539
1806130 539
1806140 539
1806150 538
1806160 538
1806170 538
1806180 538
1806190 537
1806200 537
1806210 537
1806220 537
1806230 537
1806240 536
1806250 536
1806260 536
1806270 535
1806280 535
1806290 535
1806300 534
1806310 534
1806320 533
1806330 533
1806340 532
1806350 532
1806360 531
1806370 531
1806380 531
1806390 530
1806400 529
1806410 529
1806420 528
1806430 527
1806440 527
1806450 526
1806460 525
1806470 524
1806480 523
1806490 522
1806500 521
1806510 520
1806520 519
1806530 519
1806540 518
1806550 518
1806560 517
1806570 517
1806580 516
1806590 516
1806600 515
1806610 515
1806620 514
1806630 514
1806640 513
1806650 513
1806660 512
1806670 511
1806680 510
1806690 508
1806700 507
1806710 506
1806720 506
1806730 505
1806740 505
1806750 505
1806760 504
1806770 502
1806780 500
1806790 499
1806800 499
1806810 498
1806820 497
1806830 497
1806840 496
1806850 496
1806860 495
1806870 494
1806880 492
1806890 491
1806900 490
1806910 489
1806920 489
1806930 488
1806940 487
1806950 485
1806960 484
1806970 483
1806980 482
1806990 482
1807000 481
1807010 481
1807020 481
1807030 481
1807040 481
1807050 481
1807060 481
1807070 481
1807080 481
1807090 481
1807100 482
1807110 483
1807120 484
1807130 485
1807140 487
1807150 489
1807160 492
1807170 493
1807180 495
1807190 496
1807200 499
1807210 501
1807220 503
1807230 505
1807240 507
1807250 510
1807260 512
1807270 515
1807280 517
1807290 520
1807300 522
1807310 524
1807320 525
1807330 525
1807340 525
1807350 525
1807360 525
1807370 525
1807380 523
1807390 522
1807400 520
1807410 518
1807420 516
1807430 514
1807440 512
1807450 511
1807460 509
1807470 508
1807480 506
1807490 503
1807500 499
1807510 498
1807520 499
1807530 503
1807540 505
1807550 506
1807560 507
1807570 508
1807580 509
1807590 511
1807600 513
1807610 515
1807620 516
1807630 518
1807640 520
1807650 521
1807660 522
1807670 523
1807680 524
1807690 524
1807700 524
1807710 524
1807720 523
1807730 523
1807740 522
1807750 522
1807760 521
1807770 520
1807780 520
1807790 519
1807800 519
1807810 518
1807820 518
1807830 517
1807840 516
1807850 516
1807860 515
1807870 514
1807880 513
1807890 512
1807900 511
1807910 511
1807920 510
1807930 509
1807940 509
1807950 508
1807960 507
1807970 503
1807980 501
1807990 500
1808000 505
1808010 508
1808020 510
1808030 512
1808040 513
1808050 515
1808060 517
1808070 519
1808080 520
1808090 522
1808100 522
1808110 523
1808120 524
1808130 524
1808140 525
1808150 526
1808160 526
1808170 526
1808180 527
1808190 527
1808200 528
1808210 528
1808220 528
1808230 529
1808240 529
1808250 530
1808260 530
1808270 530
1808280 531
1808290 531
1808300 531
1808310 532
1808320 532
1808330 532
1808340 532
1808350 532
1808360 531
1808370 531
1808380 531
1808390 531
1808400 530
1808410 530
1808420 530
1808430 531
1808440 531
1808450 532
1808460 533
1808470 532
1808480 531
1808490 529
1808500 530
1808510 531
1808520 531
1808530 533
1808540 533
1808550 532
1808560 531
1808570 530
1808580 530
1808590 528
1808600 528
1808610 528
1808620 529
1808630 530
1808640 532
1808650 534
1808660 536
1808670 538
1808680 540
1808690 542
1808700 544
1808710 546
1808720 547
1808730 548
1808740 549
1808750 550
1808760 551
1808770 551
1808780 552
1808790 553
1808800 553
1808810 554
1808820 554
1808830 554
1808840 554
1808850 553
1808860 553
1808870 552
1808880 552
1808890 551
1808900 551
1808910 550
1808920 549
1808930 549
1808940 548
1808950 547
1808960 546
1808970 545
1808980 544
1808990 542
1809000 541
1809010 539
1809020 536
1809030 534
1809040 531
1809050 529
1809060 529
1809070 530
1809080 530
1809090 531
1809100 532
1809110 533
1809120 535
1809130 537
1809140 539
1809150 540
1809160 541
1809170 542
1809180 543
1809190 544
1809200 545
1809210 546
1809220 547
1809230 548
1809240 549
1809250 551
1809260 552
1809270 553
1809280 555
1809290 556
1809300 557
1809310 559
1809320 560
1809330 561
1809340 563
1809350 565
1809360 566
1809370 567
1809380 569
1809390 570
1809400 571
1809410 572
1809420 574
1809430 575
1809440 577
1809450 578
1809460 579
1809470 581
1809480 582
1809490 584
1809500 585
1809510 586
1809520 587
1809530 588
1809540 589
1809550 590
1809560 591
1809570 591
1809580 591
1809590 591
1809600 591
1809610 591
1809620 591
1809630 591
1809640 591
1809650 592
1809660 592
1809670 592
1809680 593
1809690 593
1809700 594
1809710 594
1809720 595
1809730 596
1809740 596
1809750 597
1809760 598
1809770 599
1809780 599
1809790 600
1809800 602
1809810 603
1809820 604
1809830 604
1809840 605
1809850 605
1809860 605
1809870 604
1809880 602
1809890 601
1809900 599
1809910 597
1809920 595
1809930 593
1809940 590
1809950 587
1809960 585
1809970 582
1809980 580
1809990 578
1810000 576
1810010 574
1810020 573
1810030 572
1810040 571
1810050 570
1810060 569
1810070 568
1810080 568
1810090 567
1810100 566
1810110 565
1810120 564
1810130 563
1810140 563
1810150 562
1810160 562
1810170 563
1810180 563
1810190 563
1810200 564
1810210 564
1810220 565
1810230 565
1810240 565
1810250 565
1810260 565
1810270 563
1810280 562
1810290 559
1810300 557
1810310 553
1810320 550
1810330 547
1810340 543
1810350 540
1810360 536
1810370 532
1810380 529
1810390 525
1810400 522
1810410 519
1810420 516
1810430 513
1810440 508
1810450 506
1810460 506
1810470 509
1810480 510
1810490 511
1810500 511
1810510 513
1810520 514
1810530 515
1810540 516
1810550 517
1810560 519
1810570 521
1810580 522
1810590 523
1810600 524
1810610 525
1810620 526
1810630 527
1810640 527
1810650 527
1810660 527
1810670 527
1810680 526
1810690 525
1810700 523
1810710 522
1810720 520
1810730 517
1810740 514
1810750 511
1810760 509
1810770 507
1810780 504
1810790 501
1810800 497
1810810 494
1810820 492
1810830 491
1810840 490
1810850 491
1810860 493
1810870 494
1810880 494
1810890 494
1810900 496
1810910 497
1810920 498
1810930 499
1810940 501
1810950 502
1810960 504
1810970 505
1810980 506
1810990 506
1811000 507
1811010 507
1811020 507
1811030 506
1811040 505
1811050 504
1811060 503
1811070 502
1811080 501
1811090 499
1811100 497
1811110 495
1811120 491
1811130 488
1811140 484
1811150 481
1811160 478
1811170 475
1811180 473
1811190 471
1811200 469
1811210 467
1811220 466
1811230 464
1811240 463
1811250 462
1811260 461
1811270 460
1811280 460
1811290 460
1811300 462
1811310 464
1811320 465
1811330 467
1811340 469
1811350 471
1811360 473
1811370 475
1811380 477
1811390 479
1811400 480
1811410 481
1811420 482
1811430 483
1811440 484
1811450 484
1811460 484
1811470 484
1811480 484
1811490 484
1811500 484
1811510 483
1811520 483
1811530 482
1811540 481
1811550 479
1811560 478
1811570 477
1811580 475
1811590 473
1811600 472
1811610 470
1811620 469
1811630 469
1811640 470
1811650 469
1811660 469
1811670 469
1811680 468
1811690 467
1811700 466
1811710 465
1811720 465
1811730 464
1811740 463
1811750 462
1811760 462
1811770 461
1811780 461
1811790 460
1811800 460
1811810 459
1811820 459
1811830 459
1811840 458
1811850 458
1811860 458
1811870 458
1811880 458
1811890 458
1811900 458
1811910 457
1811920 457
1811930 457
1811940 457
1811950 456
1811960 456
1811970 456
1811980 456
1811990 455
1812000 455
1812010 455
1812020 455
1812030 456
1812040 456
1812050 455
1812060 454
1812070 452
1812080 450
1812090 447
1812100 445
1812110 442
1812120 440
1812130 438
1812140 436
1812150 433
1812160 431
1812170 430
1812180 429
1812190 429
1812200 429
1812210 429
1812220 429
1812230 429
1812240 429
1812250 429
1812260 429
1812270 429
1812280 430
1812290 431
1812300 432
1812310 434
1812320 435
1812330 437
1812340 438
1812350 440
1812360 440
1812370 440
1812380 440
1812390 442
1812400 443
1812410 446
1812420 448
1812430 451
1812440 454
1812450 457
1812460 460
1812470 464
1812480 466
1812490 467
1812500 468
1812510 469
1812520 470
1812530 471
1812540 473
1812550 474
1812560 475
1812570 475
1812580 476
1812590 476
1812600 476
1812610 476
1812620 476
1812630 477
1812640 477
1812650 477
1812660 477
1812670 477
1812680 477
1812690 477
1812700 477
1812710 477
1812720 477
1812730 477
1812740 477
1812750 476
1812760 476
1812770 476
1812780 475
1812790 475
1812800 474
1812810 473
1812820 473
1812830 471
1812840 469
1812850 468
1812860 467
1812870 466
1812880 469
1812890 472
1812900 475
1812910 477
1812920 479
1812930 482
1812940 484
1812950 487
1812960 489
1812970 491
1812980 493
1812990 495
1813000 496
1813010 497
1813020 498
1813030 499
1813040 500
1813050 501
1813060 502
1813070 503
1813080 504
1813090 506
1813100 507
1813110 509
1813120 510
1813130 512
1813140 515
1813150 517
1813160 519
1813170 520
1813180 522
1813190 524
1813200 525
1813210 526
1813220 527
1813230 527
1813240 528
1813250 528
1813260 527
1813270 526
1813280 525
1813290 523
1813300 522
1813310 520
1813320 519
1813330 518
1813340 517
1813350 516
1813360 515
1813370 513
1813380 511
1813390 508
1813400 505
1813410 502
1813420 499
1813430 497
1813440 494
1813450 491
1813460 488
1813470 486
1813480 483
1813490 481
1813500 480
1813510 477
1813520 474
1813530 468
1813540 465
1813550 465
1813560 470
1813570 475
1813580 479
1813590 482
1813600 485
1813610 488
1813620 491
1813630 495
1813640 498
1813650 502
1813660 505
1813670 508
1813680 510
1813690 513
1813700 515
1813710 517
1813720 520
1813730 522
1813740 525
1813750 526
1813760 527
1813770 528
1813780 531
1813790 534
1813800 538
1813810 541
1813820 544
1813830 546
1813840 549
1813850 551
1813860 554
1813870 556
1813880 559
1813890 562
1813900 565
1813910 568
1813920 570
1813930 572
1813940 574
1813950 576
1813960 577
1813970 578
1813980 579
1813990 580
1814000 580
1814010 580
1814020 580
1814030 580
1814040 579
1814050 578
1814060 577
1814070 576
1814080 574
1814090 573
1814100 571
1814110 570
1814120 568
1814130 566
1814140 565
1814150 563
1814160 561
1814170 559
1814180 557
1814190 555
1814200 554
1814210 552
1814220 550
1814230 549
1814240 548
1814250 546
1814260 545
1814270 543
1814280 541
1814290 539
1814300 537
1814310 535
1814320 533
1814330 532
1814340 530
1814350 528
1814360 526
1814370 524
1814380 521
1814390 519
1814400 516
1814410 513
1814420 510
1814430 506
1814440 503
1814450 500
1814460 498
1814470 495
1814480 493
1814490 490
1814500 488
1814510 486
1814520 484
1814530 482
1814540 480
1814550 478
1814560 476
1814570 474
1814580 472
1814590 469
1814600 468
1814610 465
1814620 463
1814630 460
1814640 457
1814650 454
1814660 451
1814670 449
1814680 447
1814690 445
1814700 443
1814710 441
1814720 440
1814730 440
1814740 445
1814750 449
1814760 453
1814770 456
1814780 459
1814790 462
1814800 464
1814810 466
1814820 468
1814830 470
1814840 472
1814850 474
1814860 477
1814870 479
1814880 480
1814890 481
1814900 482
1814910 484
1814920 485
1814930 487
1814940 488
1814950 489
1814960 489
1814970 489
1814980 489
1814990 489
1815000 490
1815010 490
1815020 490
1815030 489
1815040 489
1815050 488
1815060 486
1815070 485
1815080 482
1815090 480
1815100 478
1815110 476
1815120 475
1815130 473
1815140 471
1815150 470
1815160 468
1815170 467
1815180 465
1815190 463
1815200 462
1815210 460
1815220 458
1815230 456
1815240 454
1815250 452
1815260 450
1815270 448
1815280 446
1815290 444
1815300 443
1815310 442
1815320 441
1815330 440
1815340 439
1815350 438
1815360 436
1815370 435
1815380 432
1815390 432
1815400 432
1815410 433
1815420 432
1815430 430
1815440 429
1815450 428
1815460 426
1815470 424
1815480 422
1815490 420
1815500 418
1815510 415
1815520 414
1815530 412
1815540 411
1815550 409
1815560 408
1815570 407
1815580 406
1815590 405
1815600 404
1815610 403
1815620 403
1815630 403
1815640 403
1815650 403
1815660 403
1815670 403
1815680 403
1815690 403
1815700 403
1815710 403
1815720 403
1815730 403
1815740 403
1815750 403
1815760 403
1815770 403
1815780 403
1815790 403
1815800 403
1815810 403
1815820 403
1815830 402
1815840 401
1815850 402
1815860 402
1815870 402
1815880 402
1815890 402
1815900 402
1815910 403
1815920 404
1815930 404
1815940 404
1815950 405
1815960 407
1815970 409
1815980 411
1815990 412
1816000 414
1816010 416
1816020 418
1816030 420
1816040 422
1816050 424
1816060 426
1816070 428
1816080 430
1816090 433
1816100 435
1816110 438
1816120 440
1816130 443
1816140 445
1816150 448
1816160 450
1816170 453
1816180 455
1816190 457
1816200 459
1816210 461
1816220 462
1816230 463
1816240 463
1816250 463
1816260 463
1816270 463
1816280 464
1816290 464
1816300 465
1816310 466
1816320 467
1816330 467
1816340 468
1816350 469
1816360 470
1816370 472
1816380 473
1816390 475
1816400 476
1816410 477
1816420 478
1816430 478
1816440 480
1816450 481
1816460 483
1816470 483
1816480 482
1816490 481
1816500 482
1816510 483
1816520 484
1816530 487
1816540 489
1816550 491
1816560 494
1816570 497
1816580 498
1816590 500
1816600 501
1816610 503
1816620 505
1816630 506
1816640 508
1816650 510
1816660 512
1816670 513
1816680 514
1816690 515
1816700 517
1816710 518
1816720 519
1816730 521
1816740 522
1816750 523
1816760 524
1816770 525
1816780 525
1816790 526
1816800 526
1816810 526
1816820 526
1816830 527
1816840 527
1816850 527
1816860 528
1816870 528
1816880 529
1816890 529
1816900 529
1816910 529
1816920 529
1816930 529
1816940 529
1816950 529
1816960 529
1816970 529
1816980 529
1816990 529
1817000 529
1817010 528
1817020 528
1817030 528
1817040 527
1817050 527
1817060 526
1817070 525
1817080 525
1817090 524
1817100 523
1817110 522
1817120 522
1817130 521
1817140 520
1817150 519
1817160 518
1817170 518
1817180 517
1817190 516
1817200 515
1817210 514
1817220 513
1817230 512
1817240 511
1817250 510
1817260 509
1817270 508
1817280 507
1817290 506
1817300 505
1817310 503
1817320 502
1817330 501
1817340 500
1817350 499
1817360 498
1817370 497
1817380 496
1817390 495
1817400 494
1817410 493
1817420 492
1817430 491
1817440 489
1817450 488
1817460 487
1817470 486
1817480 484
1817490 483
1817500 482
1817510 480
1817520 479
1817530 478
1817540 476
1817550 475
1817560 474
1817570 473
1817580 471
1817590 470
1817600 469
1817610 468
1817620 467
1817630 466
1817640 465
1817650 464
1817660 464
1817670 463
1817680 462
1817690 461
1817700 460
1817710 459
1817720 459
1817730 458
1817740 456
1817750 454
1817760 453
1817770 452
1817780 451
1817790 451
1817800 452
1817810 452
1817820 452
1817830 451
1817840 451
1817850 450
1817860 450
1817870 449
1817880 448
1817890 447
1817900 447
1817910 446
1817920 445
1817930 445
1817940 444
1817950 443
1817960 443
1817970 442
1817980 442
1817990 441
1818000 440
1818010 440
1818020 439
1818030 438
1818040 438
1818050 437
1818060 436
1818070 436
1818080 435
1818090 435
1818100 434
1818110 434
1818120 433
1818130 433
1818140 432
1818150 432
1818160 431
1818170 431
1818180 430
1818190 430
1818200 429
1818210 429
1818220 428
1818230 428
1818240 427
1818250 426
1818260 426
1818270 425
1818280 425
1818290 424
1818300 423
1818310 423
1818320 422
1818330 422
1818340 421
1818350 420
1818360 419
1818370 419
1818380 418
1818390 418
1818400 417
1818410 416
1818420 416
1818430 415
1818440 414
1818450 414
1818460 413
1818470 412
1818480 411
1818490 410
1818500 410
1818510 409
1818520 409
1818530 408
1818540 407
1818550 407
1818560 406
1818570 405
1818580 405
1818590 404
1818600 403
1818610 402
1818620 402
1818630 401
1818640 400
1818650 400
1818660 399
1818670 398
1818680 398
1818690 397
1818700 396
1818710 395
1818720 394
1818730 393
1818740 392
1818750 391
1818760 391
1818770 390
1818780 389
1818790 388
1818800 388
1818810 387
1818820 387
1818830 387
1818840 386
1818850 385
1818860 384
1818870 382
1818880 382
1818890 382
1818900 381
1818910 382
1818920 382
1818930 382
1818940 382
1818950 382
1818960 381
1818970 381
1818980 381
1818990 381
1819000 380
1819010 380
1819020 380
1819030 380
1819040 382
1819050 386
1819060 391
1819070 395
1819080 398
1819090 400
1819100 402
1819110 404
1819120 406
1819130 409
1819140 411
1819150 413
1819160 415
1819170 417
1819180 419
1819190 421
1819200 424
1819210 427
1819220 430
1819230 433
1819240 436
1819250 439
1819260 442
1819270 444
1819280 445
1819290 446
1819300 447
1819310 448
1819320 450
1819330 451
1819340 454
1819350 456
1819360 458
1819370 461
1819380 463
1819390 465
1819400 465
1819410 466
1819420 467
1819430 467
1819440 467
1819450 468
1819460 467
1819470 467
1819480 466
1819490 466
1819500 465
1819510 464
1819520 463
1819530 462
1819540 461
1819550 461
1819560 460
1819570 459
1819580 458
1819590 457
1819600 456
1819610 455
1819620 454
1819630 453
1819640 452
1819650 451
1819660 450
1819670 449
1819680 448
1819690 447
1819700 446
1819710 445
1819720 445
1819730 444
1819740 443
1819750 442
1819760 441
1819770 440
1819780 439
1819790 438
1819800 437
1819810 436
1819820 434
1819830 433
1819840 432
1819850 431
1819860 430
1819870 429
1819880 427
1819890 426
1819900 425
1819910 424
1819920 423
1819930 421
1819940 419
1819950 418
1819960 416
1819970 414
1819980 413
1819990 411
