1800000 626
1800010 629
1800020 632
1800030 634
1800040 636
1800050 638
1800060 639
1800070 641
1800080 643
1800090 644
1800100 646
1800110 648
1800120 649
1800130 651
1800140 652
1800150 653
1800160 654
1800170 654
1800180 653
1800190 652
1800200 651
1800210 650
1800220 648
1800230 646
1800240 644
1800250 643
1800260 643
1800270 643
1800280 644
1800290 644
1800300 646
1800310 647
1800320 649
1800330 650
1800340 652
1800350 653
1800360 653
1800370 654
1800380 654
1800390 654
1800400 654
1800410 654
1800420 653
1800430 653
1800440 652
1800450 650
1800460 649
1800470 647
1800480 645
1800490 644
1800500 642
1800510 640
1800520 638
1800530 637
1800540 635
1800550 633
1800560 631
1800570 631
1800580 631
1800590 631
1800600 631
1800610 634
1800620 636
1800630 638
1800640 640
1800650 642
1800660 644
1800670 645
1800680 647
1800690 648
1800700 649
1800710 650
1800720 651
1800730 651
1800740 652
1800750 653
1800760 654
1800770 654
1800780 655
1800790 655
1800800 656
1800810 656
1800820 657
1800830 657
1800840 657
1800850 657
1800860 657
1800870 657
1800880 657
1800890 656
1800900 656
1800910 655
1800920 654
1800930 653
1800940 652
1800950 650
1800960 648
1800970 645
1800980 642
1800990 639
1801000 636
1801010 634
1801020 632
1801030 630
1801040 628
1801050 625
1801060 622
1801070 623
1801080 624
1801090 626
1801100 627
1801110 628
1801120 629
1801130 630
1801140 630
1801150 630
1801160 633
1801170 635
1801180 637
1801190 639
1801200 640
1801210 642
1801220 643
1801230 644
1801240 645
1801250 647
1801260 648
1801270 650
1801280 651
1801290 653
1801300 654
1801310 655
1801320 656
1801330 657
1801340 658
1801350 659
1801360 659
1801370 660
1801380 660
1801390 661
1801400 661
1801410 662
1801420 662
1801430 662
1801440 662
1801450 662
1801460 662
1801470 662
1801480 662
1801490 662
1801500 661
1801510 661
1801520 661
1801530 661
1801540 660
1801550 660
1801560 660
1801570 660
1801580 660
1801590 660
1801600 659
1801610 659
1801620 659
1801630 658
1801640 658
1801650 658
1801660 658
1801670 658
1801680 659
1801690 659
1801700 659
1801710 660
1801720 660
1801730 660
1801740 660
1801750 660
1801760 659
1801770 659
1801780 658
1801790 658
1801800 657
1801810 655
1801820 654
1801830 653
1801840 653
1801850 652
1801860 651
1801870 651
1801880 650
1801890 648
1801900 647
1801910 645
1801920 644
1801930 642
1801940 640
1801950 639
1801960 637
1801970 636
1801980 634
1801990 633
1802000 632
1802010 631
1802020 630
1802030 629
1802040 628
1802050 628
1802060 627
1802070 627
1802080 627
1802090 626
1802100 626
1802110 625
1802120 624
1802130 623
1802140 622
1802150 620
1802160 619
1802170 618
1802180 617
1802190 616
1802200 615
1802210 614
1802220 613
1802230 611
1802240 610
1802250 609
1802260 607
1802270 606
1802280 604
1802290 602
1802300 600
1802310 597
1802320 595
1802330 593
1802340 590
1802350 588
1802360 586
1802370 583
1802380 580
1802390 578
1802400 575
1802410 572
1802420 569
1802430 566
1802440 564
1802450 561
1802460 558
1802470 556
1802480 554
1802490 552
1802500 550
1802510 548
1802520 547
1802530 545
1802540 544
1802550 543
1802560 542
1802570 541
1802580 540
1802590 539
1802600 538
1802610 537
1802620 536
1802630 534
1802640 533
1802650 531
1802660 529
1802670 528
1802680 526
1802690 524
1802700 523
1802710 522
1802720 520
1802730 519
1802740 518
1802750 517
1802760 516
1802770 516
1802780 515
1802790 515
1802800 513
1802810 511
1802820 509
1802830 509
1802840 509
1802850 508
1802860 508
1802870 507
1802880 507
1802890 506
1802900 506
1802910 506
1802920 506
1802930 506
1802940 505
1802950 504
1802960 502
1802970 500
1802980 499
1802990 498
1803000 498
1803010 498
1803020 497
1803030 497
1803040 497
1803050 497
1803060 498
1803070 499
1803080 500
1803090 500
1803100 501
1803110 501
1803120 502
1803130 503
1803140 505
1803150 506
1803160 506
1803170 506
1803180 506
1803190 506
1803200 505
1803210 505
1803220 505
1803230 504
1803240 504
1803250 504
1803260 504
1803270 503
1803280 503
1803290 502
1803300 502
1803310 502
1803320 501
1803330 501
1803340 501
1803350 500
1803360 500
1803370 499
1803380 498
1803390 497
1803400 496
1803410 495
1803420 492
1803430 490
1803440 488
1803450 488
1803460 487
1803470 487
1803480 487
1803490 487
1803500 487
1803510 488
1803520 488
1803530 488
1803540 488
1803550 487
1803560 487
1803570 487
1803580 487
1803590 487
1803600 487
1803610 487
1803620 487
1803630 487
1803640 487
1803650 487
1803660 486
1803670 487
1803680 487
1803690 487
1803700 487
1803710 487
1803720 486
1803730 486
1803740 486
1803750 486
1803760 486
1803770 486
1803780 486
1803790 486
1803800 488
1803810 490
1803820 493
1803830 495
1803840 497
1803850 499
1803860 501
1803870 502
1803880 504
1803890 506
1803900 508
1803910 510
1803920 512
1803930 514
1803940 516
1803950 517
1803960 518
1803970 520
1803980 521
1803990 522
1804000 523
1804010 524
1804020 525
1804030 525
1804040 525
1804050 525
1804060 525
1804070 524
1804080 524
1804090 523
1804100 522
1804110 521
1804120 520
1804130 518
1804140 517
1804150 516
1804160 514
1804170 513
1804180 512
1804190 510
1804200 509
1804210 508
1804220 507
1804230 506
1804240 505
1804250 505
1804260 505
1804270 505
1804280 504
1804290 504
1804300 503
1804310 503
1804320 503
1804330 503
1804340 503
1804350 501
1804360 500
1804370 499
1804380 500
1804390 500
1804400 501
1804410 502
1804420 502
1804430 503
1804440 503
1804450 503
1804460 504
1804470 505
1804480 506
1804490 507
1804500 510
1804510 513
1804520 516
1804530 518
1804540 520
1804550 522
1804560 523
1804570 525
1804580 527
1804590 528
1804600 530
1804610 531
1804620 532
1804630 533
1804640 534
1804650 536
1804660 537
1804670 539
1804680 541
1804690 543
1804700 544
1804710 545
1804720 546
1804730 547
1804740 548
1804750 550
1804760 551
1804770 553
1804780 554
1804790 556
1804800 557
1804810 558
1804820 560
1804830 561
1804840 562
1804850 564
1804860 565
1804870 566
1804880 567
1804890 568
1804900 569
1804910 569
1804920 570
1804930 571
1804940 571
1804950 572
1804960 572
1804970 572
1804980 572
1804990 572
1805000 571
1805010 571
1805020 571
1805030 570
1805040 569
1805050 568
1805060 568
1805070 567
1805080 566
1805090 565
1805100 564
1805110 563
1805120 562
1805130 561
1805140 561
1805150 560
1805160 559
1805170 558
1805180 557
1805190 557
1805200 555
1805210 554
1805220 553
1805230 552
1805240 550
1805250 549
1805260 548
1805270 547
1805280 546
1805290 545
1805300 544
1805310 543
1805320 542
1805330 541
1805340 539
1805350 537
1805360 535
1805370 534
1805380 532
1805390 531
1805400 533
1805410 537
1805420 540
1805430 540
1805440 540
1805450 540
1805460 541
1805470 541
1805480 541
1805490 541
1805500 541
1805510 541
1805520 542
1805530 542
1805540 542
1805550 542
1805560 542
1805570 540
1805580 539
1805590 539
1805600 541
1805610 543
1805620 543
1805630 544
1805640 545
1805650 546
1805660 547
1805670 548
1805680 549
1805690 550
1805700 551
1805710 552
1805720 552
1805730 553
1805740 554
1805750 555
1805760 556
1805770 558
1805780 560
1805790 561
1805800 563
1805810 564
1805820 566
1805830 567
1805840 568
1805850 570
1805860 571
1805870 572
1805880 573
1805890 574
1805900 575
1805910 576
1805920 577
1805930 579
1805940 580
1805950 581
1805960 582
1805970 583
1805980 584
1805990 585
1806000 586
1806010 588
1806020 589
1806030 590
1806040 591
1806050 592
1806060 592
1806070 593
1806080 593
1806090 594
1806100 594
1806110 593
1806120 592
1806130 591
1806140 589
1806150 587
1806160 585
1806170 584
1806180 583
1806190 582
1806200 580
1806210 577
1806220 573
1806230 575
1806240 579
1806250 583
1806260 584
1806270 586
1806280 588
1806290 590
1806300 592
1806310 594
1806320 596
1806330 598
1806340 599
1806350 600
1806360 602
1806370 603
1806380 603
1806390 604
1806400 605
1806410 605
1806420 606
1806430 607
1806440 608
1806450 608
1806460 608
1806470 608
1806480 608
1806490 607
1806500 607
1806510 606
1806520 604
1806530 602
1806540 601
1806550 599
1806560 597
1806570 594
1806580 592
1806590 590
1806600 587
1806610 584
1806620 582
1806630 579
1806640 576
1806650 573
1806660 570
1806670 567
1806680 564
1806690 561
1806700 558
1806710 555
1806720 552
1806730 550
1806740 548
1806750 546
1806760 545
1806770 544
1806780 542
1806790 541
1806800 540
1806810 539
1806820 537
1806830 536
1806840 535
1806850 535
1806860 534
1806870 533
1806880 531
1806890 529
1806900 528
1806910 528
1806920 528
1806930 529
1806940 528
1806950 526
1806960 522
1806970 525
1806980 528
1806990 530
1807000 531
1807010 532
1807020 534
1807030 534
1807040 535
1807050 536
1807060 537
1807070 538
1807080 539
1807090 539
1807100 538
1807110 538
1807120 538
1807130 537
1807140 537
1807150 537
1807160 537
1807170 537
1807180 538
1807190 539
1807200 539
1807210 540
1807220 540
1807230 541
1807240 541
1807250 542
1807260 542
1807270 543
1807280 544
1807290 545
1807300 546
1807310 547
1807320 547
1807330 547
1807340 547
1807350 545
1807360 543
1807370 539
1807380 535
1807390 531
1807400 527
1807410 524
1807420 521
1807430 518
1807440 515
1807450 513
1807460 511
1807470 509
1807480 508
1807490 507
1807500 505
1807510 504
1807520 502
1807530 501
1807540 499
1807550 497
1807560 495
1807570 494
1807580 492
1807590 491
1807600 491
1807610 490
1807620 491
1807630 491
1807640 492
1807650 493
1807660 494
1807670 495
1807680 494
1807690 494
1807700 493
1807710 491
1807720 490
1807730 488
1807740 486
1807750 484
1807760 483
1807770 481
1807780 480
1807790 478
1807800 477
1807810 475
1807820 473
1807830 470
1807840 467
1807850 464
1807860 461
1807870 457
1807880 455
1807890 455
1807900 455
1807910 455
1807920 455
1807930 454
1807940 454
1807950 454
1807960 454
1807970 455
1807980 458
1807990 461
1808000 464
1808010 467
1808020 470
1808030 473
1808040 475
1808050 477
1808060 479
1808070 481
1808080 481
1808090 482
1808100 482
1808110 482
1808120 481
1808130 480
1808140 479
1808150 477
1808160 475
1808170 474
1808180 472
1808190 471
1808200 470
1808210 469
1808220 468
1808230 466
1808240 466
1808250 465
1808260 463
1808270 461
1808280 459
1808290 457
1808300 455
1808310 454
1808320 454
1808330 453
1808340 453
1808350 452
1808360 452
1808370 452
1808380 453
1808390 453
1808400 453
1808410 453
1808420 453
1808430 452
1808440 452
1808450 451
1808460 451
1808470 451
1808480 451
1808490 450
1808500 450
1808510 450
1808520 450
1808530 450
1808540 450
1808550 450
1808560 450
1808570 450
1808580 451
1808590 451
1808600 452
1808610 452
1808620 452
1808630 452
1808640 452
1808650 452
1808660 452
1808670 452
1808680 451
1808690 451
1808700 451
1808710 451
1808720 451
1808730 450
1808740 450
1808750 450
1808760 450
1808770 450
1808780 450
1808790 450
1808800 450
1808810 450
1808820 450
1808830 450
1808840 450
1808850 452
1808860 454
1808870 457
1808880 459
1808890 461
1808900 462
1808910 462
1808920 463
1808930 463
1808940 464
1808950 466
1808960 468
1808970 472
1808980 475
1808990 478
1809000 481
1809010 483
1809020 486
1809030 489
1809040 491
1809050 492
1809060 494
1809070 495
1809080 495
1809090 495
1809100 494
1809110 493
1809120 493
1809130 492
1809140 491
1809150 490
1809160 488
1809170 486
1809180 484
1809190 482
1809200 481
1809210 479
1809220 478
1809230 476
1809240 475
1809250 473
1809260 471
1809270 468
1809280 466
1809290 464
1809300 463
1809310 462
1809320 461
1809330 461
1809340 461
1809350 461
1809360 461
1809370 461
1809380 461
1809390 461
1809400 459
1809410 459
1809420 458
1809430 458
1809440 458
1809450 459
1809460 461
1809470 462
1809480 463
1809490 464
1809500 464
1809510 464
1809520 464
1809530 464
1809540 464
1809550 464
1809560 464
1809570 465
1809580 465
1809590 466
1809600 467
1809610 468
1809620 468
1809630 468
1809640 468
1809650 468
1809660 466
1809670 464
1809680 463
1809690 462
1809700 462
1809710 462
1809720 462
1809730 463
1809740 465
1809750 468
1809760 470
1809770 472
1809780 475
1809790 478
1809800 481
1809810 485
1809820 489
1809830 493
1809840 496
1809850 500
1809860 504
1809870 507
1809880 510
1809890 513
1809900 515
1809910 517
1809920 520
1809930 522
1809940 523
1809950 525
1809960 525
1809970 526
1809980 526
1809990 527
1810000 528
1810010 528
1810020 528
1810030 528
1810040 528
1810050 528
1810060 527
1810070 526
1810080 525
1810090 524
1810100 522
1810110 521
1810120 520
1810130 519
1810140 522
1810150 526
1810160 529
1810170 533
1810180 534
1810190 536
1810200 538
1810210 540
1810220 543
1810230 545
1810240 548
1810250 551
1810260 553
1810270 556
1810280 559
1810290 561
1810300 563
1810310 564
1810320 565
1810330 566
1810340 567
1810350 568
1810360 569
1810370 570
1810380 571
1810390 572
1810400 572
1810410 572
1810420 571
1810430 571
1810440 570
1810450 569
1810460 568
1810470 566
1810480 564
1810490 561
1810500 559
1810510 557
1810520 555
1810530 553
1810540 551
1810550 550
1810560 550
1810570 552
1810580 555
1810590 558
1810600 561
1810610 564
1810620 566
1810630 568
1810640 569
1810650 571
1810660 573
1810670 575
1810680 577
1810690 578
1810700 580
1810710 582
1810720 583
1810730 585
1810740 586
1810750 588
1810760 589
1810770 591
1810780 592
1810790 594
1810800 595
1810810 596
1810820 597
1810830 598
1810840 599
1810850 601
1810860 602
1810870 603
1810880 604
1810890 605
1810900 606
1810910 608
1810920 609
1810930 610
1810940 611
1810950 612
1810960 613
1810970 614
1810980 614
1810990 615
1811000 615
1811010 615
1811020 615
1811030 615
1811040 614
1811050 614
1811060 613
1811070 612
1811080 612
1811090 611
1811100 611
1811110 610
1811120 609
1811130 609
1811140 608
1811150 608
1811160 607
1811170 607
1811180 606
1811190 606
1811200 605
1811210 605
1811220 604
1811230 604
1811240 604
1811250 603
1811260 603
1811270 602
1811280 602
1811290 601
1811300 601
1811310 600
1811320 600
1811330 599
1811340 599
1811350 598
1811360 597
1811370 597
1811380 596
1811390 596
1811400 595
1811410 594
1811420 593
1811430 593
1811440 592
1811450 592
1811460 591
1811470 590
1811480 590
1811490 589
1811500 588
1811510 587
1811520 586
1811530 585
1811540 584
1811550 583
1811560 581
1811570 579
1811580 577
1811590 575
1811600 572
1811610 570
1811620 567
1811630 565
1811640 562
1811650 560
1811660 557
1811670 553
1811680 549
1811690 546
1811700 542
1811710 538
1811720 535
1811730 533
1811740 532
1811750 531
1811760 528
1811770 526
1811780 524
1811790 526
1811800 528
1811810 531
1811820 532
1811830 532
1811840 532
1811850 531
1811860 529
1811870 527
1811880 528
1811890 529
1811900 529
1811910 529
1811920 528
1811930 527
1811940 526
1811950 525
1811960 525
1811970 524
1811980 523
1811990 522
1812000 522
1812010 521
1812020 519
1812030 517
1812040 515
1812050 512
1812060 509
1812070 506
1812080 503
1812090 501
1812100 503
1812110 507
1812120 510
1812130 512
1812140 513
1812150 514
1812160 514
1812170 515
1812180 517
1812190 518
1812200 520
1812210 521
1812220 521
1812230 522
1812240 521
1812250 521
1812260 521
1812270 521
1812280 521
1812290 521
1812300 521
1812310 521
1812320 522
1812330 523
1812340 523
1812350 524
1812360 524
1812370 524
1812380 525
1812390 525
1812400 526
1812410 526
1812420 527
1812430 527
1812440 528
1812450 528
1812460 529
1812470 529
1812480 530
1812490 531
1812500 533
1812510 534
1812520 535
1812530 537
1812540 539
1812550 540
1812560 541
1812570 541
1812580 541
1812590 542
1812600 543
1812610 543
1812620 543
1812630 544
1812640 544
1812650 544
1812660 544
1812670 544
1812680 544
1812690 544
1812700 543
1812710 543
1812720 542
1812730 541
1812740 541
1812750 540
1812760 539
1812770 539
1812780 538
1812790 537
1812800 537
1812810 536
1812820 535
1812830 534
1812840 533
1812850 533
1812860 532
1812870 531
1812880 531
1812890 530
1812900 529
1812910 529
1812920 528
1812930 526
1812940 525
1812950 524
1812960 522
1812970 520
1812980 519
1812990 517
1813000 516
1813010 514
1813020 512
1813030 511
1813040 509
1813050 508
1813060 507
1813070 506
1813080 504
1813090 503
1813100 501
1813110 500
1813120 498
1813130 497
1813140 496
1813150 494
1813160 493
1813170 490
1813180 487
1813190 484
1813200 483
1813210 483
1813220 481
1813230 479
1813240 476
1813250 473
1813260 472
1813270 470
1813280 468
1813290 467
1813300 466
1813310 465
1813320 463
1813330 462
1813340 461
1813350 460
1813360 459
1813370 458
1813380 456
1813390 455
1813400 454
1813410 453
1813420 453
1813430 452
1813440 451
1813450 450
1813460 448
1813470 447
1813480 445
1813490 444
1813500 442
1813510 440
1813520 438
1813530 435
1813540 433
1813550 431
1813560 430
1813570 428
1813580 427
1813590 426
1813600 426
1813610 426
1813620 426
1813630 426
1813640 427
1813650 427
1813660 428
1813670 429
1813680 431
1813690 434
1813700 437
1813710 439
1813720 440
1813730 442
1813740 445
1813750 447
1813760 449
1813770 451
1813780 453
1813790 456
1813800 458
1813810 461
1813820 464
1813830 467
1813840 470
1813850 473
1813860 476
1813870 478
1813880 480
1813890 481
1813900 482
1813910 481
1813920 480
1813930 478
1813940 476
1813950 475
1813960 473
1813970 471
1813980 469
1813990 466
1814000 464
1814010 460
1814020 456
1814030 454
1814040 452
1814050 451
1814060 450
1814070 448
1814080 446
1814090 444
1814100 442
1814110 440
1814120 438
1814130 436
1814140 434
1814150 433
1814160 431
1814170 428
1814180 425
1814190 425
1814200 425
1814210 424
1814220 424
1814230 423
1814240 423
1814250 423
1814260 423
1814270 423
1814280 423
1814290 423
1814300 423
1814310 424
1814320 424
1814330 425
1814340 426
1814350 429
1814360 432
1814370 436
1814380 440
1814390 445
1814400 449
1814410 454
1814420 457
1814430 460
1814440 463
1814450 466
1814460 469
1814470 473
1814480 476
1814490 477
1814500 479
1814510 481
1814520 484
1814530 486
1814540 488
1814550 489
1814560 487
1814570 485
1814580 482
1814590 478
1814600 476
1814610 473
1814620 470
1814630 468
1814640 465
1814650 463
1814660 462
1814670 462
1814680 462
1814690 461
1814700 459
1814710 456
1814720 454
1814730 452
1814740 452
1814750 455
1814760 459
1814770 464
1814780 467
1814790 470
1814800 472
1814810 476
1814820 479
1814830 481
1814840 483
1814850 485
1814860 488
1814870 492
1814880 494
1814890 495
1814900 497
1814910 499
1814920 501
1814930 503
1814940 505
1814950 506
1814960 508
1814970 510
1814980 511
1814990 512
1815000 513
1815010 515
1815020 516
1815030 518
1815040 519
1815050 520
1815060 522
1815070 523
1815080 524
1815090 524
1815100 525
1815110 526
1815120 527
1815130 528
1815140 528
1815150 529
1815160 530
1815170 531
1815180 532
1815190 533
1815200 534
1815210 535
1815220 536
1815230 536
1815240 537
1815250 537
1815260 538
1815270 538
1815280 538
1815290 538
1815300 538
1815310 538
1815320 538
1815330 537
1815340 537
1815350 536
1815360 535
1815370 535
1815380 534
1815390 533
1815400 532
1815410 532
1815420 531
1815430 530
1815440 530
1815450 530
1815460 530
1815470 530
1815480 529
1815490 529
1815500 528
1815510 528
1815520 528
1815530 528
1815540 527
1815550 527
1815560 527
1815570 528
1815580 528
1815590 529
1815600 529
1815610 529
1815620 528
1815630 528
1815640 527
1815650 527
1815660 527
1815670 527
1815680 526
1815690 525
1815700 525
1815710 524
1815720 523
1815730 522
1815740 522
1815750 521
1815760 520
1815770 519
1815780 518
1815790 518
1815800 517
1815810 516
1815820 515
1815830 515
1815840 514
1815850 513
1815860 512
1815870 512
1815880 511
1815890 511
1815900 510
1815910 509
1815920 509
1815930 508
1815940 507
1815950 506
1815960 506
1815970 505
1815980 504
1815990 504
1816000 503
1816010 502
1816020 501
1816030 499
1816040 499
1816050 499
1816060 499
1816070 498
1816080 498
1816090 497
1816100 497
1816110 496
1816120 495
1816130 494
1816140 494
1816150 493
1816160 492
1816170 491
1816180 491
1816190 490
1816200 490
1816210 489
1816220 488
1816230 487
1816240 487
1816250 486
1816260 485
1816270 484
1816280 484
1816290 483
1816300 482
1816310 482
1816320 481
1816330 480
1816340 479
1816350 478
1816360 477
1816370 476
1816380 475
1816390 473
1816400 472
1816410 471
1816420 470
1816430 469
1816440 468
1816450 466
1816460 464
1816470 461
1816480 458
1816490 455
1816500 452
1816510 451
1816520 450
1816530 449
1816540 449
1816550 450
1816560 452
1816570 455
1816580 458
1816590 461
1816600 464
1816610 466
1816620 468
1816630 469
1816640 470
1816650 471
1816660 471
1816670 471
1816680 471
1816690 470
1816700 470
1816710 470
1816720 469
1816730 468
1816740 467
1816750 466
1816760 465
1816770 464
1816780 463
1816790 462
1816800 461
1816810 460
1816820 459
1816830 458
1816840 457
1816850 456
1816860 455
1816870 454
1816880 453
1816890 452
1816900 451
1816910 450
1816920 449
1816930 448
1816940 448
1816950 447
1816960 446
1816970 445
1816980 444
1816990 443
1817000 443
1817010 442
1817020 441
1817030 440
1817040 439
1817050 438
1817060 437
1817070 436
1817080 436
1817090 435
1817100 434
1817110 434
1817120 433
1817130 432
1817140 432
1817150 431
1817160 430
1817170 429
1817180 428
1817190 427
1817200 426
1817210 425
1817220 424
1817230 424
1817240 423
1817250 423
1817260 423
1817270 423
1817280 423
1817290 423
1817300 423
1817310 422
1817320 422
1817330 422
1817340 422
1817350 422
1817360 421
1817370 421
1817380 421
1817390 420
1817400 420
1817410 420
1817420 420
1817430 420
1817440 420
1817450 420
1817460 420
1817470 420
1817480 420
1817490 420
1817500 420
1817510 420
1817520 420
1817530 419
1817540 419
1817550 419
1817560 419
1817570 419
1817580 419
1817590 419
1817600 419
1817610 419
1817620 419
1817630 419
1817640 418
1817650 418
1817660 418
1817670 418
1817680 418
1817690 418
1817700 417
1817710 417
1817720 417
1817730 416
1817740 416
1817750 416
1817760 415
1817770 415
1817780 414
1817790 414
1817800 414
1817810 413
1817820 413
1817830 413
1817840 412
1817850 412
1817860 411
1817870 411
1817880 411
1817890 410
1817900 410
1817910 410
1817920 409
1817930 409
1817940 409
1817950 408
1817960 408
1817970 408
1817980 408
1817990 408
1818000 407
1818010 407
1818020 406
1818030 406
1818040 406
1818050 405
1818060 405
1818070 404
1818080 404
1818090 403
1818100 402
1818110 402
1818120 401
1818130 400
1818140 400
1818150 400
1818160 399
1818170 399
1818180 399
1818190 399
1818200 399
1818210 399
1818220 399
1818230 399
1818240 400
1818250 400
1818260 400
1818270 400
1818280 401
1818290 401
1818300 401
1818310 401
1818320 401
1818330 401
1818340 401
1818350 402
1818360 402
1818370 402
1818380 403
1818390 403
1818400 403
1818410 403
1818420 403
1818430 403
1818440 403
1818450 403
1818460 403
1818470 403
1818480 403
1818490 403
1818500 402
1818510 402
1818520 401
1818530 400
1818540 399
1818550 397
1818560 396
1818570 395
1818580 394
1818590 393
1818600 393
1818610 392
1818620 390
1818630 389
1818640 388
1818650 387
1818660 387
1818670 388
1818680 390
1818690 391
1818700 393
1818710 395
1818720 396
1818730 398
1818740 400
1818750 403
1818760 405
1818770 408
1818780 410
1818790 413
1818800 416
1818810 419
1818820 421
1818830 423
1818840 425
1818850 427
1818860 430
1818870 433
1818880 435
1818890 437
1818900 439
1818910 441
1818920 441
1818930 442
1818940 442
1818950 443
1818960 442
1818970 441
1818980 440
1818990 439
1819000 437
1819010 435
1819020 433
1819030 431
1819040 428
1819050 426
1819060 424
1819070 422
1819080 420
1819090 418
1819100 417
1819110 416
1819120 416
1819130 415
1819140 415
1819150 414
1819160 412
1819170 411
1819180 410
1819190 410
1819200 409
1819210 409
1819220 407
1819230 406
1819240 403
1819250 403
1819260 404
1819270 404
1819280 403
1819290 403
1819300 402
1819310 402
1819320 400
1819330 399
1819340 396
1819350 394
1819360 392
1819370 390
1819380 389
1819390 388
1819400 388
1819410 388
1819420 388
1819430 386
1819440 385
1819450 384
1819460 383
1819470 380
1819480 378
1819490 376
1819500 374
1819510 373
1819520 373
1819530 373
1819540 372
1819550 372
1819560 372
1819570 371
1819580 371
1819590 370
1819600 369
1819610 370
1819620 370
1819630 371
1819640 371
1819650 371
1819660 372
1819670 372
1819680 372
1819690 372
1819700 372
1819710 372
1819720 372
1819730 372
1819740 372
1819750 372
1819760 372
1819770 372
1819780 372
1819790 372
1819800 373
1819810 374
1819820 374
1819830 374
1819840 375
1819850 375
1819860 376
1819870 377
1819880 378
1819890 378
1819900 379
1819910 380
1819920 382
1819930 383
1819940 384
1819950 386
1819960 389
1819970 392
1819980 393
1819990 394
