1800000 536
1800010 533
1800020 533
1800030 535
1800040 539
1800050 542
1800060 545
1800070 546
1800080 546
1800090 545
1800100 542
1800110 541
1800120 540
1800130 539
1800140 539
1800150 538
1800160 536
1800170 534
1800180 532
1800190 531
1800200 530
1800210 530
1800220 531
1800230 531
1800240 530
1800250 529
1800260 528
1800270 526
1800280 525
1800290 523
1800300 522
1800310 521
1800320 520
1800330 519
1800340 518
1800350 518
1800360 517
1800370 517
1800380 516
1800390 517
1800400 517
1800410 517
1800420 517
1800430 517
1800440 517
1800450 517
1800460 517
1800470 517
1800480 517
1800490 517
1800500 517
1800510 517
1800520 517
1800530 518
1800540 518
1800550 519
1800560 519
1800570 520
1800580 520
1800590 521
1800600 522
1800610 523
1800620 525
1800630 526
1800640 526
1800650 527
1800660 528
1800670 531
1800680 534
1800690 537
1800700 540
1800710 542
1800720 544
1800730 547
1800740 551
1800750 555
1800760 558
1800770 560
1800780 561
1800790 562
1800800 563
1800810 564
1800820 565
1800830 565
1800840 566
1800850 567
1800860 569
1800870 570
1800880 571
1800890 572
1800900 572
1800910 571
1800920 570
1800930 567
1800940 564
1800950 562
1800960 560
1800970 558
1800980 555
1800990 552
1801000 548
1801010 545
1801020 543
1801030 547
1801040 551
1801050 557
1801060 561
1801070 565
1801080 569
1801090 572
1801100 575
1801110 577
1801120 579
1801130 580
1801140 582
1801150 583
1801160 584
1801170 585
1801180 586
1801190 586
1801200 586
1801210 586
1801220 586
1801230 586
1801240 586
1801250 586
1801260 586
1801270 585
1801280 584
1801290 582
1801300 580
1801310 578
1801320 576
1801330 574
1801340 573
1801350 573
1801360 573
1801370 573
1801380 574
1801390 574
1801400 575
1801410 575
1801420 574
1801430 574
1801440 574
1801450 574
1801460 573
1801470 572
1801480 571
1801490 570
1801500 572
1801510 575
1801520 578
1801530 580
1801540 583
1801550 585
1801560 588
1801570 591
1801580 593
1801590 595
1801600 597
1801610 599
1801620 600
1801630 601
1801640 602
1801650 602
1801660 602
1801670 602
1801680 601
1801690 600
1801700 600
1801710 602
1801720 604
1801730 606
1801740 609
1801750 611
1801760 614
1801770 617
1801780 619
1801790 621
1801800 623
1801810 623
1801820 623
1801830 622
1801840 621
1801850 619
1801860 618
1801870 616
1801880 614
1801890 613
1801900 611
1801910 609
1801920 608
1801930 607
1801940 605
1801950 603
1801960 602
1801970 600
1801980 599
1801990 597
1802000 595
1802010 593
1802020 591
1802030 589
1802040 588
1802050 587
1802060 585
1802070 585
1802080 584
1802090 583
1802100 583
1802110 582
1802120 581
1802130 581
1802140 580
1802150 579
1802160 578
1802170 577
1802180 576
1802190 575
1802200 574
1802210 573
1802220 573
1802230 572
1802240 571
1802250 570
1802260 569
1802270 568
1802280 567
1802290 567
1802300 566
1802310 565
1802320 565
1802330 564
1802340 564
1802350 563
1802360 562
1802370 561
1802380 561
1802390 560
1802400 559
1802410 559
1802420 558
1802430 557
1802440 557
1802450 556
1802460 555
1802470 555
1802480 554
1802490 553
1802500 553
1802510 552
1802520 551
1802530 551
1802540 550
1802550 549
1802560 548
1802570 548
1802580 547
1802590 546
1802600 545
1802610 544
1802620 543
1802630 542
1802640 542
1802650 541
1802660 540
1802670 539
1802680 538
1802690 538
1802700 537
1802710 536
1802720 536
1802730 535
1802740 534
1802750 533
1802760 533
1802770 532
1802780 532
1802790 531
1802800 530
1802810 530
1802820 529
1802830 528
1802840 528
1802850 528
1802860 527
1802870 526
1802880 525
1802890 524
1802900 522
1802910 520
1802920 519
1802930 518
1802940 517
1802950 516
1802960 515
1802970 514
1802980 514
1802990 513
1803000 514
1803010 515
1803020 515
1803030 516
1803040 515
1803050 515
1803060 515
1803070 514
1803080 514
1803090 514
1803100 513
1803110 513
1803120 512
1803130 510
1803140 507
1803150 504
1803160 503
1803170 503
1803180 505
1803190 507
1803200 508
1803210 507
1803220 507
1803230 506
1803240 505
1803250 505
1803260 504
1803270 503
1803280 503
1803290 502
1803300 501
1803310 501
1803320 501
1803330 501
1803340 501
1803350 501
1803360 501
1803370 501
1803380 501
1803390 501
1803400 501
1803410 501
1803420 501
1803430 501
1803440 501
1803450 502
1803460 502
1803470 504
1803480 504
1803490 504
1803500 502
1803510 501
1803520 499
1803530 499
1803540 498
1803550 498
1803560 498
1803570 499
1803580 499
1803590 500
1803600 500
1803610 501
1803620 501
1803630 502
1803640 502
1803650 503
1803660 503
1803670 503
1803680 504
1803690 504
1803700 504
1803710 505
1803720 505
1803730 506
1803740 507
1803750 508
1803760 509
1803770 511
1803780 512
1803790 514
1803800 515
1803810 517
1803820 519
1803830 520
1803840 522
1803850 524
1803860 525
1803870 527
1803880 528
1803890 529
1803900 531
1803910 532
1803920 533
1803930 535
1803940 536
1803950 538
1803960 540
1803970 541
1803980 543
1803990 544
1804000 546
1804010 547
1804020 549
1804030 550
1804040 552
1804050 554
1804060 555
1804070 556
1804080 557
1804090 559
1804100 560
1804110 562
1804120 563
1804130 565
1804140 566
1804150 568
1804160 570
1804170 573
1804180 574
1804190 575
1804200 576
1804210 578
1804220 579
1804230 581
1804240 583
1804250 585
1804260 587
1804270 589
1804280 591
1804290 594
1804300 596
1804310 598
1804320 600
1804330 603
1804340 605
1804350 607
1804360 609
1804370 611
1804380 613
1804390 615
1804400 618
1804410 620
1804420 622
1804430 623
1804440 625
1804450 627
1804460 628
1804470 630
1804480 632
1804490 634
1804500 635
1804510 637
1804520 639
1804530 641
1804540 642
1804550 644
1804560 645
1804570 647
1804580 649
1804590 650
1804600 651
1804610 653
1804620 654
1804630 655
1804640 657
1804650 658
1804660 659
1804670 660
1804680 661
1804690 662
1804700 663
1804710 663
1804720 664
1804730 664
1804740 665
1804750 665
1804760 666
1804770 667
1804780 668
1804790 669
1804800 669
1804810 670
1804820 670
1804830 670
1804840 670
1804850 670
1804860 669
1804870 669
1804880 669
1804890 669
1804900 668
1804910 668
1804920 668
1804930 667
1804940 667
1804950 667
1804960 667
1804970 667
1804980 668
1804990 668
1805000 669
1805010 669
1805020 670
1805030 671
1805040 671
1805050 672
1805060 673
1805070 674
1805080 675
1805090 675
1805100 676
1805110 675
1805120 675
1805130 675
1805140 674
1805150 674
1805160 673
1805170 673
1805180 672
1805190 672
1805200 671
1805210 670
1805220 670
1805230 669
1805240 668
1805250 666
1805260 665
1805270 663
1805280 662
1805290 662
1805300 661
1805310 660
1805320 659
1805330 658
1805340 656
1805350 655
1805360 654
1805370 652
1805380 651
1805390 650
1805400 649
1805410 648
1805420 647
1805430 645
1805440 644
1805450 643
1805460 642
1805470 641
1805480 639
1805490 638
1805500 636
1805510 635
1805520 634
1805530 632
1805540 631
1805550 629
1805560 628
1805570 627
1805580 626
1805590 625
1805600 624
1805610 622
1805620 621
1805630 620
1805640 618
1805650 617
1805660 615
1805670 614
1805680 612
1805690 611
1805700 609
1805710 608
1805720 607
1805730 605
1805740 604
1805750 603
1805760 601
1805770 600
1805780 598
1805790 597
1805800 596
1805810 594
1805820 593
1805830 592
1805840 591
1805850 590
1805860 588
1805870 587
1805880 586
1805890 585
1805900 583
1805910 581
1805920 580
1805930 579
1805940 578
1805950 577
1805960 576
1805970 575
1805980 573
1805990 572
1806000 570
1806010 569
1806020 568
1806030 566
1806040 564
1806050 561
1806060 558
1806070 555
1806080 552
1806090 553
1806100 554
1806110 556
1806120 558
1806130 559
1806140 560
1806150 561
1806160 561
1806170 562
1806180 563
1806190 563
1806200 562
1806210 560
1806220 555
1806230 552
1806240 552
1806250 556
1806260 560
1806270 561
1806280 563
1806290 565
1806300 566
1806310 568
1806320 569
1806330 571
1806340 572
1806350 574
1806360 576
1806370 578
1806380 580
1806390 582
1806400 584
1806410 585
1806420 586
1806430 587
1806440 587
1806450 587
1806460 587
1806470 588
1806480 588
1806490 588
1806500 589
1806510 590
1806520 592
1806530 594
1806540 596
1806550 598
1806560 600
1806570 602
1806580 604
1806590 605
1806600 607
1806610 608
1806620 610
1806630 611
1806640 612
1806650 613
1806660 613
1806670 614
1806680 615
1806690 615
1806700 615
1806710 614
1806720 613
1806730 612
1806740 610
1806750 609
1806760 607
1806770 606
1806780 604
1806790 603
1806800 600
1806810 597
1806820 594
1806830 590
1806840 586
1806850 583
1806860 579
1806870 575
1806880 572
1806890 569
1806900 566
1806910 563
1806920 560
1806930 557
1806940 554
1806950 551
1806960 548
1806970 546
1806980 543
1806990 541
1807000 538
1807010 536
1807020 534
1807030 532
1807040 530
1807050 528
1807060 525
1807070 523
1807080 520
1807090 518
1807100 515
1807110 512
1807120 510
1807130 507
1807140 504
1807150 502
1807160 500
1807170 495
1807180 491
1807190 487
1807200 486
1807210 484
1807220 483
1807230 482
1807240 481
1807250 480
1807260 478
1807270 477
1807280 476
1807290 475
1807300 474
1807310 474
1807320 473
1807330 473
1807340 474
1807350 475
1807360 479
1807370 483
1807380 486
1807390 489
1807400 492
1807410 495
1807420 498
1807430 501
1807440 504
1807450 508
1807460 510
1807470 512
1807480 514
1807490 516
1807500 518
1807510 520
1807520 521
1807530 522
1807540 523
1807550 523
1807560 524
1807570 524
1807580 525
1807590 526
1807600 527
1807610 528
1807620 530
1807630 533
1807640 535
1807650 536
1807660 537
1807670 537
1807680 537
1807690 537
1807700 538
1807710 539
1807720 542
1807730 544
1807740 545
1807750 546
1807760 547
1807770 548
1807780 550
1807790 551
1807800 552
1807810 554
1807820 556
1807830 558
1807840 559
1807850 561
1807860 563
1807870 565
1807880 566
1807890 567
1807900 567
1807910 567
1807920 568
1807930 568
1807940 568
1807950 569
1807960 569
1807970 570
1807980 570
1807990 571
1808000 572
1808010 575
1808020 577
1808030 580
1808040 582
1808050 585
1808060 586
1808070 588
1808080 589
1808090 591
1808100 592
1808110 593
1808120 593
1808130 594
1808140 594
1808150 594
1808160 594
1808170 595
1808180 595
1808190 594
1808200 594
1808210 594
1808220 594
1808230 594
1808240 594
1808250 593
1808260 593
1808270 593
1808280 592
1808290 591
1808300 591
1808310 591
1808320 591
1808330 590
1808340 590
1808350 589
1808360 589
1808370 587
1808380 586
1808390 586
1808400 585
1808410 584
1808420 583
1808430 582
1808440 581
1808450 580
1808460 579
1808470 578
1808480 577
1808490 576
1808500 574
1808510 573
1808520 572
1808530 570
1808540 569
1808550 567
1808560 565
1808570 562
1808580 559
1808590 559
1808600 561
1808610 564
1808620 565
1808630 566
1808640 567
1808650 571
1808660 573
1808670 573
1808680 574
1808690 574
1808700 574
1808710 574
1808720 574
1808730 573
1808740 572
1808750 571
1808760 570
1808770 570
1808780 571
1808790 573
1808800 574
1808810 576
1808820 578
1808830 580
1808840 582
1808850 583
1808860 585
1808870 587
1808880 588
1808890 589
1808900 590
1808910 591
1808920 592
1808930 592
1808940 592
1808950 591
1808960 591
1808970 591
1808980 591
1808990 590
1809000 590
1809010 590
1809020 589
1809030 589
1809040 588
1809050 588
1809060 587
1809070 586
1809080 584
1809090 582
1809100 580
1809110 578
1809120 577
1809130 575
1809140 574
1809150 569
1809160 566
1809170 566
1809180 570
1809190 573
1809200 575
1809210 576
1809220 577
1809230 579
1809240 580
1809250 582
1809260 584
1809270 585
1809280 587
1809290 588
1809300 590
1809310 591
1809320 592
1809330 594
1809340 595
1809350 596
1809360 597
1809370 598
1809380 599
1809390 600
1809400 600
1809410 601
1809420 601
1809430 602
1809440 603
1809450 603
1809460 604
1809470 605
1809480 605
1809490 606
1809500 607
1809510 607
1809520 608
1809530 609
1809540 610
1809550 611
1809560 611
1809570 612
1809580 613
1809590 613
1809600 614
1809610 614
1809620 614
1809630 615
1809640 615
1809650 616
1809660 616
1809670 616
1809680 617
1809690 617
1809700 617
1809710 618
1809720 618
1809730 618
1809740 619
1809750 619
1809760 619
1809770 620
1809780 620
1809790 620
1809800 620
1809810 620
1809820 620
1809830 620
1809840 620
1809850 621
1809860 621
1809870 621
1809880 621
1809890 621
1809900 621
1809910 621
1809920 621
1809930 621
1809940 620
1809950 620
1809960 619
1809970 619
1809980 618
1809990 618
1810000 618
1810010 618
1810020 617
1810030 617
1810040 617
1810050 617
1810060 616
1810070 616
1810080 616
1810090 616
1810100 615
1810110 615
1810120 614
1810130 614
1810140 613
1810150 613
1810160 612
1810170 611
1810180 610
1810190 609
1810200 607
1810210 606
1810220 605
1810230 604
1810240 603
1810250 602
1810260 601
1810270 599
1810280 598
1810290 596
1810300 595
1810310 593
1810320 591
1810330 589
1810340 587
1810350 586
1810360 584
1810370 582
1810380 581
1810390 580
1810400 579
1810410 578
1810420 577
1810430 577
1810440 575
1810450 574
1810460 573
1810470 572
1810480 570
1810490 569
1810500 568
1810510 567
1810520 566
1810530 565
1810540 564
1810550 563
1810560 562
1810570 561
1810580 560
1810590 558
1810600 557
1810610 555
1810620 553
1810630 552
1810640 550
1810650 549
1810660 547
1810670 545
1810680 542
1810690 542
1810700 542
1810710 543
1810720 542
1810730 541
1810740 540
1810750 538
1810760 537
1810770 536
1810780 535
1810790 534
1810800 533
1810810 533
1810820 532
1810830 532
1810840 531
1810850 530
1810860 530
1810870 529
1810880 529
1810890 528
1810900 528
1810910 528
1810920 528
1810930 529
1810940 530
1810950 530
1810960 531
1810970 530
1810980 530
1810990 529
1811000 528
1811010 528
1811020 527
1811030 526
1811040 526
1811050 525
1811060 524
1811070 524
1811080 522
1811090 521
1811100 519
1811110 517
1811120 515
1811130 513
1811140 511
1811150 509
1811160 506
1811170 504
1811180 503
1811190 504
1811200 505
1811210 505
1811220 505
1811230 505
1811240 504
1811250 503
1811260 502
1811270 501
1811280 500
1811290 498
1811300 497
1811310 495
1811320 494
1811330 492
1811340 489
1811350 486
1811360 484
1811370 482
1811380 480
1811390 478
1811400 478
1811410 478
1811420 479
1811430 479
1811440 479
1811450 480
1811460 480
1811470 480
1811480 479
1811490 479
1811500 480
1811510 481
1811520 483
1811530 485
1811540 488
1811550 490
1811560 492
1811570 495
1811580 497
1811590 499
1811600 501
1811610 504
1811620 507
1811630 509
1811640 510
1811650 514
1811660 517
1811670 520
1811680 522
1811690 523
1811700 525
1811710 526
1811720 527
1811730 529
1811740 530
1811750 531
1811760 533
1811770 534
1811780 535
1811790 537
1811800 538
1811810 540
1811820 541
1811830 542
1811840 544
1811850 546
1811860 548
1811870 550
1811880 552
1811890 554
1811900 555
1811910 555
1811920 555
1811930 555
1811940 554
1811950 553
1811960 553
1811970 553
1811980 553
1811990 554
1812000 554
1812010 554
1812020 553
1812030 552
1812040 550
1812050 549
1812060 549
1812070 548
1812080 547
1812090 547
1812100 547
1812110 548
1812120 548
1812130 549
1812140 550
1812150 551
1812160 552
1812170 554
1812180 555
1812190 557
1812200 558
1812210 560
1812220 561
1812230 562
1812240 563
1812250 564
1812260 565
1812270 565
1812280 565
1812290 566
1812300 566
1812310 565
1812320 565
1812330 565
1812340 565
1812350 564
1812360 564
1812370 563
1812380 562
1812390 561
1812400 561
1812410 560
1812420 559
1812430 558
1812440 556
1812450 555
1812460 554
1812470 553
1812480 552
1812490 551
1812500 550
1812510 549
1812520 548
1812530 547
1812540 546
1812550 545
1812560 545
1812570 545
1812580 544
1812590 544
1812600 544
1812610 545
1812620 545
1812630 546
1812640 546
1812650 547
1812660 548
1812670 548
1812680 548
1812690 546
1812700 545
1812710 542
1812720 540
1812730 537
1812740 534
1812750 531
1812760 529
1812770 527
1812780 525
1812790 524
1812800 522
1812810 520
1812820 518
1812830 516
1812840 513
1812850 511
1812860 508
1812870 505
1812880 502
1812890 500
1812900 497
1812910 494
1812920 492
1812930 489
1812940 487
1812950 485
1812960 483
1812970 482
1812980 479
1812990 477
1813000 475
1813010 473
1813020 472
1813030 470
1813040 469
1813050 467
1813060 466
1813070 465
1813080 463
1813090 462
1813100 460
1813110 458
1813120 457
1813130 456
1813140 454
1813150 451
1813160 448
1813170 446
1813180 444
1813190 443
1813200 443
1813210 443
1813220 444
1813230 444
1813240 445
1813250 446
1813260 448
1813270 450
1813280 453
1813290 456
1813300 458
1813310 460
1813320 462
1813330 464
1813340 467
1813350 470
1813360 473
1813370 475
1813380 478
1813390 481
1813400 484
1813410 487
1813420 489
1813430 491
1813440 492
1813450 493
1813460 492
1813470 492
1813480 491
1813490 490
1813500 490
1813510 489
1813520 487
1813530 486
1813540 485
1813550 484
1813560 483
1813570 481
1813580 480
1813590 475
1813600 473
1813610 472
1813620 477
1813630 482
1813640 488
1813650 492
1813660 495
1813670 499
1813680 502
1813690 505
1813700 507
1813710 509
1813720 511
1813730 512
1813740 514
1813750 515
1813760 517
1813770 519
1813780 521
1813790 522
1813800 524
1813810 525
1813820 526
1813830 527
1813840 528
1813850 529
1813860 529
1813870 530
1813880 530
1813890 531
1813900 532
1813910 533
1813920 533
1813930 534
1813940 535
1813950 535
1813960 535
1813970 536
1813980 537
1813990 538
1814000 538
1814010 539
1814020 539
1814030 539
1814040 539
1814050 539
1814060 539
1814070 539
1814080 539
1814090 538
1814100 538
1814110 537
1814120 536
1814130 535
1814140 535
1814150 534
1814160 533
1814170 532
1814180 531
1814190 530
1814200 529
1814210 528
1814220 528
1814230 527
1814240 526
1814250 525
1814260 524
1814270 522
1814280 520
1814290 518
1814300 515
1814310 512
1814320 509
1814330 507
1814340 505
1814350 503
1814360 502
1814370 501
1814380 501
1814390 500
1814400 498
1814410 496
1814420 491
1814430 487
1814440 484
1814450 484
1814460 488
1814470 492
1814480 497
1814490 500
1814500 502
1814510 506
1814520 509
1814530 512
1814540 516
1814550 519
1814560 522
1814570 526
1814580 528
1814590 531
1814600 534
1814610 537
1814620 540
1814630 542
1814640 543
1814650 545
1814660 546
1814670 548
1814680 549
1814690 550
1814700 551
1814710 552
1814720 553
1814730 554
1814740 554
1814750 555
1814760 556
1814770 556
1814780 557
1814790 557
1814800 558
1814810 558
1814820 559
1814830 559
1814840 559
1814850 560
1814860 560
1814870 561
1814880 561
1814890 561
1814900 561
1814910 560
1814920 559
1814930 559
1814940 558
1814950 557
1814960 557
1814970 556
1814980 555
1814990 555
1815000 554
1815010 553
1815020 552
1815030 552
1815040 551
1815050 550
1815060 549
1815070 548
1815080 547
1815090 546
1815100 545
1815110 544
1815120 543
1815130 542
1815140 541
1815150 540
1815160 539
1815170 538
1815180 537
1815190 537
1815200 536
1815210 535
1815220 534
1815230 533
1815240 532
1815250 531
1815260 531
1815270 530
1815280 529
1815290 529
1815300 528
1815310 527
1815320 527
1815330 526
1815340 526
1815350 525
1815360 525
1815370 524
1815380 523
1815390 523
1815400 522
1815410 522
1815420 521
1815430 521
1815440 521
1815450 521
1815460 520
1815470 520
1815480 519
1815490 518
1815500 517
1815510 516
1815520 515
1815530 514
1815540 513
1815550 512
1815560 510
1815570 509
1815580 507
1815590 506
1815600 504
1815610 502
1815620 502
1815630 501
1815640 499
1815650 498
1815660 497
1815670 495
1815680 493
1815690 492
1815700 492
1815710 493
1815720 493
1815730 493
1815740 493
1815750 492
1815760 491
1815770 490
1815780 487
1815790 485
1815800 482
1815810 480
1815820 480
1815830 480
1815840 484
1815850 486
1815860 488
1815870 490
1815880 492
1815890 493
1815900 495
1815910 496
1815920 497
1815930 497
1815940 498
1815950 499
1815960 500
1815970 500
1815980 500
1815990 499
1816000 501
1816010 503
1816020 504
1816030 504
1816040 505
1816050 505
1816060 506
1816070 506
1816080 507
1816090 508
1816100 509
1816110 510
1816120 510
1816130 511
1816140 512
1816150 512
1816160 512
1816170 512
1816180 513
1816190 513
1816200 513
1816210 513
1816220 513
1816230 512
1816240 511
1816250 510
1816260 509
1816270 508
1816280 507
1816290 505
1816300 504
1816310 503
1816320 501
1816330 500
1816340 499
1816350 498
1816360 497
1816370 496
1816380 495
1816390 494
1816400 492
1816410 491
1816420 490
1816430 488
1816440 486
1816450 484
1816460 482
1816470 480
1816480 478
1816490 476
1816500 474
1816510 472
1816520 471
1816530 470
1816540 469
1816550 468
1816560 467
1816570 467
1816580 466
1816590 465
1816600 464
1816610 462
1816620 461
1816630 460
1816640 458
1816650 457
1816660 457
1816670 456
1816680 455
1816690 455
1816700 454
1816710 454
1816720 453
1816730 453
1816740 453
1816750 453
1816760 453
1816770 454
1816780 454
1816790 455
1816800 456
1816810 456
1816820 456
1816830 457
1816840 457
1816850 457
1816860 458
1816870 459
1816880 459
1816890 460
1816900 460
1816910 461
1816920 461
1816930 462
1816940 462
1816950 462
1816960 462
1816970 462
1816980 462
1816990 462
1817000 461
1817010 461
1817020 461
1817030 461
1817040 460
1817050 460
1817060 460
1817070 460
1817080 459
1817090 459
1817100 458
1817110 457
1817120 455
1817130 453
1817140 452
1817150 451
1817160 451
1817170 453
1817180 454
1817190 455
1817200 455
1817210 455
1817220 455
1817230 455
1817240 455
1817250 455
1817260 455
1817270 455
1817280 455
1817290 455
1817300 454
1817310 454
1817320 453
1817330 453
1817340 453
1817350 453
1817360 453
1817370 453
1817380 453
1817390 452
1817400 452
1817410 451
1817420 451
1817430 450
1817440 449
1817450 448
1817460 447
1817470 446
1817480 445
1817490 445
1817500 445
1817510 446
1817520 446
1817530 447
1817540 447
1817550 447
1817560 447
1817570 447
1817580 448
1817590 448
1817600 449
1817610 449
1817620 449
1817630 449
1817640 450
1817650 450
1817660 450
1817670 450
1817680 450
1817690 450
1817700 451
1817710 451
1817720 451
1817730 452
1817740 452
1817750 452
1817760 452
1817770 451
1817780 451
1817790 451
1817800 451
1817810 451
1817820 451
1817830 451
1817840 451
1817850 451
1817860 451
1817870 451
1817880 451
1817890 451
1817900 451
1817910 451
1817920 451
1817930 451
1817940 451
1817950 452
1817960 452
1817970 452
1817980 453
1817990 453
1818000 453
1818010 453
1818020 454
1818030 454
1818040 455
1818050 455
1818060 456
1818070 456
1818080 456
1818090 457
1818100 457
1818110 457
1818120 457
1818130 457
1818140 457
1818150 457
1818160 457
1818170 457
1818180 457
1818190 457
1818200 457
1818210 457
1818220 456
1818230 456
1818240 456
1818250 456
1818260 455
1818270 455
1818280 454
1818290 454
1818300 453
1818310 453
1818320 452
1818330 451
1818340 450
1818350 449
1818360 449
1818370 447
1818380 446
1818390 445
1818400 444
1818410 444
1818420 443
1818430 441
1818440 439
1818450 437
1818460 435
1818470 434
1818480 432
1818490 431
1818500 430
1818510 430
1818520 429
1818530 428
1818540 426
1818550 424
1818560 423
1818570 422
1818580 421
1818590 420
1818600 419
1818610 419
1818620 418
1818630 417
1818640 416
1818650 415
1818660 414
1818670 413
1818680 411
1818690 409
1818700 407
1818710 406
1818720 404
1818730 403
1818740 402
1818750 402
1818760 401
1818770 399
1818780 397
1818790 396
1818800 394
1818810 393
1818820 392
1818830 392
1818840 391
1818850 390
1818860 389
1818870 388
1818880 387
1818890 387
1818900 386
1818910 385
1818920 384
1818930 383
1818940 381
1818950 380
1818960 379
1818970 379
1818980 380
1818990 380
1819000 381
1819010 380
1819020 379
1819030 379
1819040 379
1819050 379
1819060 379
1819070 379
1819080 379
1819090 379
1819100 379
1819110 379
1819120 379
1819130 379
1819140 379
1819150 379
1819160 379
1819170 381
1819180 381
1819190 382
1819200 382
1819210 382
1819220 383
1819230 384
1819240 387
1819250 389
1819260 390
1819270 391
1819280 392
1819290 392
1819300 393
1819310 393
1819320 394
1819330 395
1819340 396
1819350 398
1819360 399
1819370 401
1819380 402
1819390 404
1819400 405
1819410 407
1819420 408
1819430 409
1819440 410
1819450 411
1819460 412
1819470 413
1819480 414
1819490 414
1819500 415
1819510 415
1819520 415
1819530 415
1819540 415
1819550 415
1819560 415
1819570 414
1819580 414
1819590 414
1819600 413
1819610 413
1819620 412
1819630 412
1819640 411
1819650 410
1819660 409
1819670 407
1819680 406
1819690 406
1819700 405
1819710 405
1819720 405
1819730 405
1819740 405
1819750 405
1819760 404
1819770 404
1819780 403
1819790 403
1819800 403
1819810 403
1819820 403
1819830 403
1819840 402
1819850 402
1819860 402
1819870 402
1819880 401
1819890 400
1819900 400
1819910 399
1819920 398
1819930 397
1819940 397
1819950 395
1819960 394
1819970 392
1819980 391
1819990 390
