1800000 522
1800010 522
1800020 522
1800030 522
1800040 522
1800050 522
1800060 522
1800070 522
1800080 521
1800090 521
1800100 522
1800110 522
1800120 522
1800130 522
1800140 522
1800150 522
1800160 522
1800170 523
1800180 523
1800190 524
1800200 526
1800210 527
1800220 529
1800230 530
1800240 530
1800250 531
1800260 531
1800270 530
1800280 530
1800290 531
1800300 532
1800310 533
1800320 533
1800330 534
1800340 535
1800350 535
1800360 535
1800370 535
1800380 535
1800390 535
1800400 535
1800410 536
1800420 537
1800430 538
1800440 539
1800450 541
1800460 542
1800470 543
1800480 545
1800490 547
1800500 549
1800510 551
1800520 554
1800530 556
1800540 559
1800550 562
1800560 564
1800570 567
1800580 569
1800590 570
1800600 572
1800610 574
1800620 576
1800630 578
1800640 580
1800650 581
1800660 583
1800670 584
1800680 585
1800690 586
1800700 586
1800710 585
1800720 583
1800730 581
1800740 579
1800750 581
1800760 584
1800770 589
1800780 593
1800790 596
1800800 598
1800810 599
1800820 600
1800830 601
1800840 602
1800850 604
1800860 606
1800870 608
1800880 610
1800890 612
1800900 613
1800910 614
1800920 615
1800930 616
1800940 617
1800950 617
1800960 618
1800970 617
1800980 617
1800990 616
1801000 615
1801010 613
1801020 611
1801030 608
1801040 605
1801050 602
1801060 598
1801070 595
1801080 590
1801090 589
1801100 591
1801110 596
1801120 600
1801130 603
1801140 607
1801150 611
1801160 614
1801170 616
1801180 618
1801190 620
1801200 623
1801210 625
1801220 627
1801230 630
1801240 631
1801250 633
1801260 634
1801270 636
1801280 636
1801290 637
1801300 637
1801310 637
1801320 637
1801330 637
1801340 637
1801350 637
1801360 637
1801370 637
1801380 637
1801390 637
1801400 637
1801410 637
1801420 637
1801430 637
1801440 637
1801450 637
1801460 637
1801470 636
1801480 635
1801490 634
1801500 633
1801510 631
1801520 631
1801530 630
1801540 630
1801550 630
1801560 631
1801570 631
1801580 632
1801590 632
1801600 633
1801610 633
1801620 632
1801630 631
1801640 630
1801650 629
1801660 627
1801670 626
1801680 624
1801690 622
1801700 621
1801710 620
1801720 618
1801730 616
1801740 615
1801750 613
1801760 611
1801770 608
1801780 606
1801790 604
1801800 601
1801810 599
1801820 597
1801830 594
1801840 592
1801850 590
1801860 588
1801870 586
1801880 584
1801890 582
1801900 580
1801910 579
1801920 577
1801930 576
1801940 575
1801950 574
1801960 573
1801970 573
1801980 572
1801990 571
1802000 570
1802010 570
1802020 569
1802030 568
1802040 567
1802050 567
1802060 566
1802070 565
1802080 565
1802090 565
1802100 564
1802110 564
1802120 563
1802130 563
1802140 562
1802150 562
1802160 561
1802170 561
1802180 560
1802190 559
1802200 559
1802210 558
1802220 558
1802230 557
1802240 557
1802250 556
1802260 556
1802270 555
1802280 554
1802290 554
1802300 553
1802310 553
1802320 552
1802330 552
1802340 551
1802350 551
1802360 551
1802370 550
1802380 549
1802390 549
1802400 548
1802410 548
1802420 547
1802430 546
1802440 545
1802450 545
1802460 544
1802470 543
1802480 542
1802490 542
1802500 541
1802510 540
1802520 540
1802530 539
1802540 539
1802550 538
1802560 537
1802570 537
1802580 536
1802590 536
1802600 535
1802610 534
1802620 534
1802630 533
1802640 532
1802650 532
1802660 531
1802670 530
1802680 530
1802690 529
1802700 528
1802710 528
1802720 527
1802730 527
1802740 526
1802750 526
1802760 525
1802770 524
1802780 524
1802790 523
1802800 522
1802810 521
1802820 521
1802830 520
1802840 520
1802850 519
1802860 519
1802870 518
1802880 518
1802890 517
1802900 517
1802910 516
1802920 515
1802930 515
1802940 514
1802950 514
1802960 514
1802970 513
1802980 512
1802990 509
1803000 507
1803010 504
1803020 503
1803030 503
1803040 504
1803050 505
1803060 506
1803070 507
1803080 508
1803090 508
1803100 508
1803110 507
1803120 507
1803130 506
1803140 505
1803150 504
1803160 503
1803170 503
1803180 503
1803190 502
1803200 502
1803210 502
1803220 501
1803230 501
1803240 501
1803250 501
1803260 501
1803270 501
1803280 501
1803290 501
1803300 501
1803310 501
1803320 501
1803330 501
1803340 501
1803350 501
1803360 501
1803370 501
1803380 501
1803390 501
1803400 501
1803410 501
1803420 501
1803430 501
1803440 501
1803450 501
1803460 501
1803470 501
1803480 502
1803490 503
1803500 504
1803510 505
1803520 505
1803530 505
1803540 505
1803550 505
1803560 505
1803570 505
1803580 505
1803590 505
1803600 505
1803610 505
1803620 505
1803630 506
1803640 506
1803650 507
1803660 508
1803670 509
1803680 509
1803690 510
1803700 510
1803710 511
1803720 511
1803730 511
1803740 512
1803750 512
1803760 513
1803770 513
1803780 514
1803790 515
1803800 515
1803810 516
1803820 516
1803830 517
1803840 517
1803850 517
1803860 517
1803870 518
1803880 518
1803890 518
1803900 519
1803910 519
1803920 520
1803930 521
1803940 522
1803950 524
1803960 526
1803970 528
1803980 530
1803990 532
1804000 534
1804010 536
1804020 537
1804030 539
1804040 541
1804050 542
1804060 543
1804070 544
1804080 544
1804090 545
1804100 546
1804110 548
1804120 549
1804130 550
1804140 551
1804150 553
1804160 554
1804170 556
1804180 558
1804190 560
1804200 563
1804210 566
1804220 569
1804230 572
1804240 575
1804250 577
1804260 580
1804270 582
1804280 584
1804290 586
1804300 587
1804310 590
1804320 592
1804330 594
1804340 596
1804350 599
1804360 601
1804370 604
1804380 606
1804390 608
1804400 610
1804410 612
1804420 614
1804430 617
1804440 619
1804450 621
1804460 623
1804470 626
1804480 628
1804490 630
1804500 632
1804510 635
1804520 637
1804530 639
1804540 642
1804550 644
1804560 646
1804570 647
1804580 649
1804590 650
1804600 652
1804610 653
1804620 654
1804630 654
1804640 655
1804650 656
1804660 656
1804670 657
1804680 657
1804690 657
1804700 657
1804710 657
1804720 656
1804730 656
1804740 655
1804750 654
1804760 653
1804770 653
1804780 652
1804790 650
1804800 649
1804810 648
1804820 647
1804830 646
1804840 645
1804850 644
1804860 643
1804870 643
1804880 642
1804890 642
1804900 642
1804910 642
1804920 642
1804930 642
1804940 642
1804950 642
1804960 643
1804970 643
1804980 644
1804990 644
1805000 645
1805010 645
1805020 645
1805030 645
1805040 646
1805050 646
1805060 646
1805070 645
1805080 645
1805090 645
1805100 645
1805110 644
1805120 644
1805130 643
1805140 642
1805150 641
1805160 640
1805170 639
1805180 638
1805190 637
1805200 637
1805210 636
1805220 635
1805230 635
1805240 634
1805250 633
1805260 633
1805270 632
1805280 632
1805290 632
1805300 632
1805310 632
1805320 631
1805330 631
1805340 631
1805350 630
1805360 630
1805370 629
1805380 629
1805390 629
1805400 628
1805410 628
1805420 628
1805430 628
1805440 627
1805450 627
1805460 626
1805470 626
1805480 625
1805490 624
1805500 624
1805510 623
1805520 622
1805530 621
1805540 620
1805550 619
1805560 617
1805570 616
1805580 615
1805590 613
1805600 612
1805610 610
1805620 609
1805630 607
1805640 606
1805650 604
1805660 602
1805670 601
1805680 600
1805690 598
1805700 597
1805710 596
1805720 594
1805730 593
1805740 592
1805750 592
1805760 593
1805770 594
1805780 595
1805790 595
1805800 596
1805810 596
1805820 596
1805830 596
1805840 596
1805850 596
1805860 596
1805870 596
1805880 596
1805890 595
1805900 594
1805910 592
1805920 591
1805930 589
1805940 588
1805950 586
1805960 585
1805970 583
1805980 581
1805990 580
1806000 579
1806010 580
1806020 581
1806030 582
1806040 583
1806050 584
1806060 585
1806070 586
1806080 587
1806090 588
1806100 589
1806110 590
1806120 591
1806130 592
1806140 592
1806150 593
1806160 593
1806170 592
1806180 591
1806190 590
1806200 588
1806210 585
1806220 581
1806230 575
1806240 573
1806250 573
1806260 578
1806270 582
1806280 585
1806290 589
1806300 592
1806310 596
1806320 599
1806330 600
1806340 602
1806350 604
1806360 605
1806370 607
1806380 608
1806390 609
1806400 610
1806410 611
1806420 612
1806430 613
1806440 615
1806450 616
1806460 617
1806470 618
1806480 620
1806490 621
1806500 622
1806510 623
1806520 624
1806530 625
1806540 626
1806550 627
1806560 627
1806570 627
1806580 628
1806590 628
1806600 627
1806610 627
1806620 627
1806630 627
1806640 626
1806650 626
1806660 625
1806670 624
1806680 623
1806690 622
1806700 620
1806710 618
1806720 617
1806730 614
1806740 611
1806750 607
1806760 603
1806770 600
1806780 596
1806790 592
1806800 588
1806810 584
1806820 580
1806830 576
1806840 572
1806850 569
1806860 566
1806870 564
1806880 562
1806890 559
1806900 557
1806910 554
1806920 550
1806930 547
1806940 543
1806950 539
1806960 536
1806970 535
1806980 538
1806990 540
1807000 542
1807010 543
1807020 544
1807030 544
1807040 545
1807050 544
1807060 543
1807070 543
1807080 543
1807090 544
1807100 543
1807110 542
1807120 541
1807130 539
1807140 537
1807150 535
1807160 533
1807170 531
1807180 529
1807190 527
1807200 525
1807210 523
1807220 520
1807230 518
1807240 515
1807250 512
1807260 509
1807270 506
1807280 503
1807290 501
1807300 499
1807310 499
1807320 497
1807330 494
1807340 492
1807350 489
1807360 487
1807370 486
1807380 484
1807390 482
1807400 480
1807410 478
1807420 477
1807430 477
1807440 476
1807450 476
1807460 476
1807470 476
1807480 476
1807490 476
1807500 477
1807510 476
1807520 476
1807530 476
1807540 476
1807550 477
1807560 477
1807570 477
1807580 477
1807590 478
1807600 479
1807610 481
1807620 485
1807630 488
1807640 490
1807650 492
1807660 494
1807670 496
1807680 499
1807690 502
1807700 504
1807710 505
1807720 506
1807730 507
1807740 509
1807750 511
1807760 513
1807770 515
1807780 517
1807790 520
1807800 522
1807810 525
1807820 527
1807830 529
1807840 531
1807850 533
1807860 535
1807870 536
1807880 538
1807890 540
1807900 541
1807910 542
1807920 542
1807930 543
1807940 544
1807950 546
1807960 547
1807970 549
1807980 551
1807990 554
1808000 556
1808010 558
1808020 560
1808030 563
1808040 565
1808050 568
1808060 570
1808070 572
1808080 573
1808090 575
1808100 576
1808110 577
1808120 578
1808130 580
1808140 583
1808150 586
1808160 588
1808170 591
1808180 592
1808190 594
1808200 595
1808210 595
1808220 596
1808230 597
1808240 598
1808250 598
1808260 599
1808270 600
1808280 601
1808290 601
1808300 602
1808310 602
1808320 602
1808330 602
1808340 602
1808350 602
1808360 601
1808370 601
1808380 601
1808390 600
1808400 600
1808410 600
1808420 599
1808430 599
1808440 598
1808450 598
1808460 597
1808470 596
1808480 595
1808490 594
1808500 592
1808510 590
1808520 588
1808530 586
1808540 584
1808550 581
1808560 579
1808570 578
1808580 573
1808590 570
1808600 569
1808610 572
1808620 574
1808630 576
1808640 578
1808650 580
1808660 582
1808670 584
1808680 585
1808690 587
1808700 588
1808710 589
1808720 589
1808730 590
1808740 591
1808750 591
1808760 592
1808770 592
1808780 592
1808790 592
1808800 592
1808810 592
1808820 592
1808830 591
1808840 591
1808850 590
1808860 589
1808870 588
1808880 589
1808890 591
1808900 592
1808910 594
1808920 595
1808930 595
1808940 596
1808950 596
1808960 597
1808970 598
1808980 599
1808990 599
1809000 600
1809010 601
1809020 601
1809030 601
1809040 601
1809050 602
1809060 602
1809070 602
1809080 601
1809090 601
1809100 601
1809110 601
1809120 601
1809130 600
1809140 600
1809150 600
1809160 599
1809170 598
1809180 597
1809190 596
1809200 595
1809210 594
1809220 591
1809230 590
1809240 590
1809250 594
1809260 595
1809270 596
1809280 597
1809290 598
1809300 600
1809310 601
1809320 602
1809330 603
1809340 604
1809350 605
1809360 605
1809370 606
1809380 606
1809390 606
1809400 607
1809410 607
1809420 608
1809430 608
1809440 609
1809450 610
1809460 610
1809470 611
1809480 612
1809490 612
1809500 613
1809510 614
1809520 615
1809530 615
1809540 616
1809550 617
1809560 618
1809570 618
1809580 619
1809590 619
1809600 620
1809610 620
1809620 621
1809630 622
1809640 622
1809650 623
1809660 623
1809670 624
1809680 625
1809690 625
1809700 626
1809710 626
1809720 626
1809730 626
1809740 625
1809750 625
1809760 624
1809770 623
1809780 622
1809790 621
1809800 619
1809810 618
1809820 616
1809830 614
1809840 612
1809850 610
1809860 607
1809870 605
1809880 603
1809890 601
1809900 600
1809910 598
1809920 596
1809930 594
1809940 593
1809950 592
1809960 591
1809970 591
1809980 590
1809990 590
1810000 590
1810010 590
1810020 590
1810030 590
1810040 590
1810050 590
1810060 589
1810070 589
1810080 589
1810090 589
1810100 589
1810110 589
1810120 589
1810130 589
1810140 588
1810150 588
1810160 588
1810170 587
1810180 587
1810190 586
1810200 586
1810210 585
1810220 585
1810230 584
1810240 584
1810250 583
1810260 582
1810270 580
1810280 578
1810290 576
1810300 574
1810310 572
1810320 570
1810330 568
1810340 566
1810350 564
1810360 562
1810370 561
1810380 559
1810390 558
1810400 557
1810410 555
1810420 553
1810430 551
1810440 549
1810450 547
1810460 544
1810470 541
1810480 537
1810490 533
1810500 531
1810510 530
1810520 530
1810530 530
1810540 529
1810550 529
1810560 529
1810570 529
1810580 530
1810590 530
1810600 530
1810610 528
1810620 526
1810630 524
1810640 523
1810650 525
1810660 526
1810670 527
1810680 527
1810690 527
1810700 527
1810710 527
1810720 527
1810730 527
1810740 527
1810750 526
1810760 526
1810770 526
1810780 525
1810790 525
1810800 524
1810810 522
1810820 519
1810830 518
1810840 518
1810850 519
1810860 517
1810870 516
1810880 515
1810890 515
1810900 514
1810910 513
1810920 512
1810930 510
1810940 508
1810950 506
1810960 503
1810970 500
1810980 498
1810990 497
1811000 497
1811010 496
1811020 496
1811030 495
1811040 494
1811050 494
1811060 493
1811070 493
1811080 493
1811090 493
1811100 493
1811110 493
1811120 493
1811130 493
1811140 494
1811150 495
1811160 496
1811170 497
1811180 497
1811190 497
1811200 496
1811210 494
1811220 493
1811230 491
1811240 489
1811250 487
1811260 485
1811270 485
1811280 484
1811290 483
1811300 484
1811310 484
1811320 486
1811330 488
1811340 492
1811350 495
1811360 498
1811370 500
1811380 503
1811390 504
1811400 503
1811410 500
1811420 498
1811430 496
1811440 494
1811450 491
1811460 490
1811470 490
1811480 492
1811490 494
1811500 497
1811510 500
1811520 503
1811530 506
1811540 508
1811550 511
1811560 513
1811570 516
1811580 519
1811590 521
1811600 524
1811610 528
1811620 532
1811630 536
1811640 538
1811650 539
1811660 539
1811670 540
1811680 541
1811690 542
1811700 543
1811710 543
1811720 544
1811730 545
1811740 546
1811750 546
1811760 547
1811770 548
1811780 548
1811790 549
1811800 549
1811810 550
1811820 551
1811830 551
1811840 552
1811850 553
1811860 554
1811870 554
1811880 555
1811890 556
1811900 556
1811910 557
1811920 557
1811930 557
1811940 558
1811950 558
1811960 558
1811970 559
1811980 559
1811990 559
1812000 560
1812010 560
1812020 560
1812030 561
1812040 561
1812050 561
1812060 562
1812070 562
1812080 562
1812090 563
1812100 564
1812110 564
1812120 565
1812130 565
1812140 565
1812150 566
1812160 566
1812170 566
1812180 567
1812190 567
1812200 568
1812210 568
1812220 568
1812230 569
1812240 569
1812250 569
1812260 569
1812270 570
1812280 570
1812290 570
1812300 569
1812310 569
1812320 569
1812330 568
1812340 568
1812350 567
1812360 567
1812370 566
1812380 566
1812390 565
1812400 564
1812410 564
1812420 563
1812430 563
1812440 562
1812450 561
1812460 559
1812470 558
1812480 556
1812490 555
1812500 553
1812510 551
1812520 550
1812530 548
1812540 545
1812550 543
1812560 541
1812570 539
1812580 536
1812590 534
1812600 531
1812610 528
1812620 526
1812630 523
1812640 520
1812650 518
1812660 516
1812670 514
1812680 512
1812690 511
1812700 509
1812710 508
1812720 507
1812730 506
1812740 505
1812750 504
1812760 502
1812770 501
1812780 499
1812790 497
1812800 494
1812810 492
1812820 491
1812830 489
1812840 488
1812850 486
1812860 485
1812870 483
1812880 481
1812890 480
1812900 478
1812910 475
1812920 473
1812930 470
1812940 468
1812950 466
1812960 464
1812970 462
1812980 461
1812990 459
1813000 457
1813010 456
1813020 454
1813030 452
1813040 451
1813050 449
1813060 448
1813070 447
1813080 446
1813090 447
1813100 447
1813110 447
1813120 448
1813130 448
1813140 450
1813150 452
1813160 454
1813170 456
1813180 457
1813190 459
1813200 462
1813210 465
1813220 468
1813230 471
1813240 473
1813250 476
1813260 479
1813270 482
1813280 486
1813290 490
1813300 494
1813310 498
1813320 502
1813330 506
1813340 509
1813350 512
1813360 514
1813370 516
1813380 518
1813390 519
1813400 521
1813410 523
1813420 525
1813430 527
1813440 529
1813450 530
1813460 532
1813470 532
1813480 532
1813490 532
1813500 531
1813510 531
1813520 531
1813530 530
1813540 530
1813550 529
1813560 528
1813570 527
1813580 526
1813590 525
1813600 525
1813610 524
1813620 524
1813630 522
1813640 521
1813650 519
1813660 518
1813670 517
1813680 515
1813690 513
1813700 510
1813710 507
1813720 503
1813730 503
1813740 506
1813750 510
1813760 514
1813770 516
1813780 517
1813790 519
1813800 520
1813810 522
1813820 524
1813830 525
1813840 527
1813850 529
1813860 530
1813870 532
1813880 533
1813890 535
1813900 536
1813910 537
1813920 539
1813930 540
1813940 541
1813950 542
1813960 543
1813970 544
1813980 545
1813990 547
1814000 549
1814010 551
1814020 552
1814030 553
1814040 553
1814050 553
1814060 553
1814070 552
1814080 551
1814090 550
1814100 550
1814110 550
1814120 549
1814130 548
1814140 547
1814150 546
1814160 545
1814170 543
1814180 542
1814190 540
1814200 538
1814210 536
1814220 535
1814230 534
1814240 532
1814250 531
1814260 529
1814270 528
1814280 526
1814290 524
1814300 522
1814310 519
1814320 517
1814330 514
1814340 512
1814350 510
1814360 508
1814370 507
1814380 507
1814390 508
1814400 508
1814410 509
1814420 509
1814430 508
1814440 506
1814450 504
1814460 501
1814470 497
1814480 495
1814490 494
1814500 497
1814510 499
1814520 502
1814530 505
1814540 507
1814550 509
1814560 513
1814570 517
1814580 520
1814590 524
1814600 526
1814610 529
1814620 531
1814630 533
1814640 536
1814650 538
1814660 540
1814670 542
1814680 544
1814690 545
1814700 547
1814710 549
1814720 550
1814730 551
1814740 552
1814750 553
1814760 554
1814770 555
1814780 556
1814790 556
1814800 557
1814810 558
1814820 559
1814830 560
1814840 559
1814850 559
1814860 558
1814870 557
1814880 557
1814890 556
1814900 556
1814910 556
1814920 555
1814930 554
1814940 554
1814950 553
1814960 552
1814970 551
1814980 550
1814990 549
1815000 548
1815010 547
1815020 546
1815030 545
1815040 544
1815050 543
1815060 542
1815070 541
1815080 540
1815090 539
1815100 538
1815110 537
1815120 536
1815130 535
1815140 534
1815150 533
1815160 532
1815170 531
1815180 530
1815190 529
1815200 528
1815210 527
1815220 526
1815230 525
1815240 524
1815250 524
1815260 523
1815270 522
1815280 521
1815290 521
1815300 520
1815310 519
1815320 519
1815330 518
1815340 517
1815350 517
1815360 516
1815370 515
1815380 515
1815390 514
1815400 514
1815410 513
1815420 512
1815430 512
1815440 511
1815450 509
1815460 509
1815470 509
1815480 509
1815490 509
1815500 508
1815510 508
1815520 507
1815530 507
1815540 506
1815550 506
1815560 505
1815570 503
1815580 502
1815590 500
1815600 499
1815610 500
1815620 500
1815630 500
1815640 499
1815650 499
1815660 498
1815670 497
1815680 496
1815690 496
1815700 495
1815710 494
1815720 493
1815730 491
1815740 491
1815750 490
1815760 489
1815770 486
1815780 484
1815790 484
1815800 486
1815810 487
1815820 488
1815830 489
1815840 490
1815850 492
1815860 494
1815870 495
1815880 496
1815890 498
1815900 499
1815910 500
1815920 501
1815930 501
1815940 502
1815950 503
1815960 504
1815970 505
1815980 505
1815990 506
1816000 506
1816010 506
1816020 507
1816030 507
1816040 507
1816050 508
1816060 508
1816070 509
1816080 509
1816090 509
1816100 509
1816110 509
1816120 509
1816130 509
1816140 510
1816150 510
1816160 510
1816170 509
1816180 509
1816190 508
1816200 508
1816210 508
1816220 508
1816230 508
1816240 508
1816250 508
1816260 508
1816270 508
1816280 507
1816290 506
1816300 505
1816310 505
1816320 504
1816330 502
1816340 501
1816350 500
1816360 499
1816370 498
1816380 497
1816390 496
1816400 495
1816410 494
1816420 492
1816430 491
1816440 490
1816450 489
1816460 488
1816470 486
1816480 485
1816490 484
1816500 483
1816510 482
1816520 480
1816530 477
1816540 474
1816550 473
1816560 475
1816570 476
1816580 478
1816590 481
1816600 481
1816610 481
1816620 481
1816630 480
1816640 478
1816650 477
1816660 475
1816670 474
1816680 474
1816690 476
1816700 477
1816710 478
1816720 479
1816730 480
1816740 481
1816750 481
1816760 481
1816770 482
1816780 482
1816790 481
1816800 481
1816810 480
1816820 479
1816830 478
1816840 477
1816850 477
1816860 477
1816870 477
1816880 477
1816890 477
1816900 477
1816910 477
1816920 478
1816930 478
1816940 478
1816950 477
1816960 477
1816970 477
1816980 476
1816990 476
1817000 475
1817010 474
1817020 474
1817030 473
1817040 472
1817050 471
1817060 468
1817070 466
1817080 464
1817090 462
1817100 461
1817110 461
1817120 466
1817130 468
1817140 470
1817150 471
1817160 471
1817170 471
1817180 472
1817190 472
1817200 472
1817210 472
1817220 472
1817230 471
1817240 471
1817250 471
1817260 470
1817270 470
1817280 470
1817290 470
1817300 469
1817310 469
1817320 468
1817330 468
1817340 467
1817350 466
1817360 465
1817370 465
1817380 464
1817390 463
1817400 462
1817410 460
1817420 457
1817430 454
1817440 453
1817450 455
1817460 458
1817470 460
1817480 460
1817490 461
1817500 461
1817510 461
1817520 461
1817530 461
1817540 461
1817550 461
1817560 460
1817570 460
1817580 460
1817590 460
1817600 460
1817610 460
1817620 461
1817630 461
1817640 461
1817650 462
1817660 462
1817670 462
1817680 462
1817690 461
1817700 461
1817710 460
1817720 460
1817730 460
1817740 460
1817750 460
1817760 460
1817770 460
1817780 461
1817790 461
1817800 461
1817810 461
1817820 461
1817830 461
1817840 461
1817850 461
1817860 461
1817870 461
1817880 461
1817890 461
1817900 462
1817910 462
1817920 463
1817930 463
1817940 463
1817950 464
1817960 464
1817970 465
1817980 465
1817990 466
1818000 467
1818010 467
1818020 467
1818030 467
1818040 468
1818050 468
1818060 468
1818070 468
1818080 468
1818090 468
1818100 468
1818110 468
1818120 468
1818130 467
1818140 467
1818150 467
1818160 466
1818170 466
1818180 466
1818190 465
1818200 465
1818210 464
1818220 463
1818230 463
1818240 463
1818250 462
1818260 461
1818270 460
1818280 459
1818290 459
1818300 457
1818310 456
1818320 455
1818330 455
1818340 454
1818350 454
1818360 453
1818370 451
1818380 449
1818390 448
1818400 446
1818410 445
1818420 444
1818430 443
1818440 443
1818450 442
1818460 442
1818470 442
1818480 441
1818490 439
1818500 437
1818510 436
1818520 435
1818530 435
1818540 436
1818550 437
1818560 437
1818570 437
1818580 436
1818590 434
1818600 432
1818610 431
1818620 429
1818630 428
1818640 426
1818650 424
1818660 422
1818670 420
1818680 418
1818690 417
1818700 414
1818710 412
1818720 410
1818730 407
1818740 404
1818750 401
1818760 398
1818770 396
1818780 393
1818790 390
1818800 388
1818810 385
1818820 385
1818830 384
1818840 384
1818850 384
1818860 384
1818870 383
1818880 383
1818890 382
1818900 382
1818910 382
1818920 381
1818930 381
1818940 381
1818950 381
1818960 381
1818970 381
1818980 380
1818990 380
1819000 381
1819010 382
1819020 383
1819030 383
1819040 383
1819050 383
1819060 383
1819070 383
1819080 384
1819090 385
1819100 388
1819110 390
1819120 393
1819130 395
1819140 397
1819150 399
1819160 401
1819170 402
1819180 404
1819190 406
1819200 408
1819210 410
1819220 411
1819230 412
1819240 413
1819250 414
1819260 415
1819270 416
1819280 417
1819290 417
1819300 418
1819310 420
1819320 421
1819330 423
1819340 424
1819350 425
1819360 425
1819370 426
1819380 427
1819390 427
1819400 428
1819410 428
1819420 429
1819430 429
1819440 429
1819450 429
1819460 430
1819470 430
1819480 429
1819490 429
1819500 429
1819510 429
1819520 428
1819530 428
1819540 427
1819550 426
1819560 426
1819570 425
1819580 425
1819590 424
1819600 424
1819610 423
1819620 422
1819630 422
1819640 421
1819650 421
1819660 420
1819670 419
1819680 419
1819690 418
1819700 418
1819710 417
1819720 417
1819730 416
1819740 415
1819750 414
1819760 414
1819770 413
1819780 412
1819790 412
1819800 411
1819810 410
1819820 409
1819830 409
1819840 408
1819850 407
1819860 406
1819870 405
1819880 404
1819890 404
1819900 403
1819910 402
1819920 402
1819930 402
1819940 401
1819950 401
1819960 400
1819970 400
1819980 400
1819990 400
