1800000 572
1800010 573
1800020 573
1800030 575
1800040 576
1800050 578
1800060 579
1800070 581
1800080 583
1800090 584
1800100 584
1800110 585
1800120 584
1800130 584
1800140 584
1800150 583
1800160 583
1800170 582
1800180 582
1800190 581
1800200 580
1800210 579
1800220 578
1800230 578
1800240 577
1800250 576
1800260 575
1800270 575
1800280 574
1800290 572
1800300 570
1800310 568
1800320 567
1800330 565
1800340 563
1800350 560
1800360 558
1800370 556
1800380 553
1800390 550
1800400 547
1800410 545
1800420 542
1800430 539
1800440 536
1800450 534
1800460 531
1800470 529
1800480 530
1800490 532
1800500 534
1800510 535
1800520 534
1800530 533
1800540 531
1800550 529
1800560 527
1800570 526
1800580 524
1800590 521
1800600 518
1800610 516
1800620 515
1800630 514
1800640 514
1800650 513
1800660 514
1800670 514
1800680 514
1800690 514
1800700 514
1800710 514
1800720 514
1800730 514
1800740 515
1800750 516
1800760 517
1800770 518
1800780 519
1800790 520
1800800 522
1800810 523
1800820 523
1800830 523
1800840 521
1800850 520
1800860 518
1800870 517
1800880 516
1800890 516
1800900 516
1800910 515
1800920 516
1800930 516
1800940 516
1800950 517
1800960 517
1800970 517
1800980 517
1800990 517
1801000 516
1801010 516
1801020 515
1801030 514
1801040 514
1801050 513
1801060 513
1801070 513
1801080 513
1801090 512
1801100 512
1801110 512
1801120 512
1801130 512
1801140 512
1801150 511
1801160 511
1801170 512
1801180 512
1801190 512
1801200 512
1801210 512
1801220 513
1801230 513
1801240 513
1801250 514
1801260 514
1801270 514
1801280 514
1801290 514
1801300 514
1801310 514
1801320 515
1801330 516
1801340 517
1801350 517
1801360 518
1801370 518
1801380 519
1801390 519
1801400 520
1801410 520
1801420 519
1801430 518
1801440 517
1801450 517
1801460 518
1801470 520
1801480 522
1801490 524
1801500 526
1801510 527
1801520 528
1801530 529
1801540 531
1801550 533
1801560 534
1801570 535
1801580 535
1801590 536
1801600 536
1801610 536
1801620 536
1801630 536
1801640 538
1801650 541
1801660 543
1801670 546
1801680 549
1801690 551
1801700 553
1801710 556
1801720 558
1801730 561
1801740 563
1801750 566
1801760 568
1801770 570
1801780 572
1801790 573
1801800 575
1801810 576
1801820 577
1801830 579
1801840 580
1801850 583
1801860 585
1801870 588
1801880 591
1801890 593
1801900 595
1801910 597
1801920 598
1801930 599
1801940 599
1801950 599
1801960 598
1801970 596
1801980 594
1801990 593
1802000 591
1802010 590
1802020 590
1802030 590
1802040 590
1802050 590
1802060 590
1802070 591
1802080 591
1802090 592
1802100 593
1802110 593
1802120 594
1802130 594
1802140 594
1802150 594
1802160 594
1802170 593
1802180 592
1802190 591
1802200 589
1802210 588
1802220 586
1802230 585
1802240 583
1802250 582
1802260 581
1802270 580
1802280 579
1802290 578
1802300 577
1802310 577
1802320 576
1802330 575
1802340 574
1802350 573
1802360 573
1802370 572
1802380 571
1802390 571
1802400 570
1802410 569
1802420 568
1802430 568
1802440 567
1802450 566
1802460 565
1802470 564
1802480 563
1802490 563
1802500 562
1802510 561
1802520 560
1802530 559
1802540 559
1802550 558
1802560 557
1802570 556
1802580 555
1802590 554
1802600 553
1802610 553
1802620 552
1802630 551
1802640 550
1802650 550
1802660 549
1802670 548
1802680 548
1802690 547
1802700 546
1802710 545
1802720 545
1802730 544
1802740 543
1802750 542
1802760 542
1802770 541
1802780 540
1802790 539
1802800 538
1802810 537
1802820 536
1802830 535
1802840 534
1802850 533
1802860 533
1802870 532
1802880 532
1802890 531
1802900 530
1802910 530
1802920 529
1802930 529
1802940 529
1802950 528
1802960 528
1802970 527
1802980 526
1802990 526
1803000 525
1803010 525
1803020 524
1803030 523
1803040 523
1803050 523
1803060 522
1803070 521
1803080 521
1803090 520
1803100 520
1803110 519
1803120 518
1803130 517
1803140 517
1803150 516
1803160 515
1803170 514
1803180 513
1803190 512
1803200 510
1803210 507
1803220 505
1803230 502
1803240 501
1803250 500
1803260 500
1803270 500
1803280 501
1803290 501
1803300 502
1803310 503
1803320 504
1803330 504
1803340 504
1803350 504
1803360 504
1803370 504
1803380 504
1803390 502
1803400 501
1803410 501
1803420 499
1803430 498
1803440 498
1803450 497
1803460 497
1803470 497
1803480 497
1803490 497
1803500 497
1803510 497
1803520 497
1803530 497
1803540 497
1803550 497
1803560 496
1803570 496
1803580 496
1803590 496
1803600 496
1803610 496
1803620 496
1803630 496
1803640 497
1803650 497
1803660 498
1803670 498
1803680 499
1803690 500
1803700 501
1803710 502
1803720 503
1803730 504
1803740 505
1803750 506
1803760 507
1803770 508
1803780 509
1803790 510
1803800 511
1803810 513
1803820 514
1803830 516
1803840 517
1803850 519
1803860 521
1803870 522
1803880 523
1803890 525
1803900 526
1803910 528
1803920 530
1803930 531
1803940 533
1803950 534
1803960 536
1803970 538
1803980 539
1803990 541
1804000 543
1804010 544
1804020 546
1804030 548
1804040 549
1804050 551
1804060 552
1804070 555
1804080 557
1804090 559
1804100 560
1804110 562
1804120 563
1804130 565
1804140 567
1804150 569
1804160 570
1804170 572
1804180 574
1804190 576
1804200 577
1804210 579
1804220 581
1804230 582
1804240 584
1804250 585
1804260 586
1804270 588
1804280 589
1804290 590
1804300 592
1804310 593
1804320 594
1804330 595
1804340 596
1804350 597
1804360 599
1804370 600
1804380 601
1804390 603
1804400 604
1804410 605
1804420 607
1804430 608
1804440 609
1804450 611
1804460 612
1804470 613
1804480 614
1804490 616
1804500 617
1804510 618
1804520 619
1804530 621
1804540 622
1804550 623
1804560 625
1804570 626
1804580 627
1804590 629
1804600 630
1804610 631
1804620 632
1804630 633
1804640 635
1804650 636
1804660 638
1804670 640
1804680 642
1804690 643
1804700 645
1804710 647
1804720 649
1804730 651
1804740 653
1804750 655
1804760 657
1804770 658
1804780 659
1804790 660
1804800 660
1804810 660
1804820 661
1804830 661
1804840 661
1804850 662
1804860 662
1804870 662
1804880 662
1804890 663
1804900 663
1804910 663
1804920 664
1804930 664
1804940 664
1804950 664
1804960 664
1804970 664
1804980 663
1804990 663
1805000 662
1805010 662
1805020 661
1805030 662
1805040 663
1805050 664
1805060 665
1805070 666
1805080 667
1805090 668
1805100 669
1805110 669
1805120 670
1805130 671
1805140 671
1805150 672
1805160 673
1805170 674
1805180 675
1805190 676
1805200 676
1805210 677
1805220 678
1805230 679
1805240 679
1805250 680
1805260 680
1805270 680
1805280 681
1805290 681
1805300 681
1805310 681
1805320 681
1805330 681
1805340 680
1805350 679
1805360 678
1805370 677
1805380 676
1805390 675
1805400 673
1805410 672
1805420 671
1805430 669
1805440 668
1805450 665
1805460 664
1805470 662
1805480 661
1805490 660
1805500 659
1805510 657
1805520 656
1805530 654
1805540 653
1805550 651
1805560 650
1805570 648
1805580 647
1805590 645
1805600 643
1805610 642
1805620 640
1805630 639
1805640 638
1805650 636
1805660 635
1805670 634
1805680 632
1805690 631
1805700 630
1805710 628
1805720 627
1805730 626
1805740 625
1805750 624
1805760 622
1805770 621
1805780 619
1805790 617
1805800 615
1805810 613
1805820 612
1805830 610
1805840 609
1805850 608
1805860 606
1805870 605
1805880 604
1805890 602
1805900 601
1805910 599
1805920 598
1805930 596
1805940 595
1805950 594
1805960 593
1805970 591
1805980 590
1805990 589
1806000 587
1806010 586
1806020 585
1806030 583
1806040 582
1806050 581
1806060 579
1806070 578
1806080 576
1806090 574
1806100 573
1806110 571
1806120 570
1806130 568
1806140 567
1806150 565
1806160 564
1806170 562
1806180 561
1806190 559
1806200 558
1806210 556
1806220 555
1806230 553
1806240 551
1806250 550
1806260 549
1806270 547
1806280 545
1806290 543
1806300 540
1806310 537
1806320 537
1806330 539
1806340 542
1806350 542
1806360 543
1806370 544
1806380 544
1806390 545
1806400 545
1806410 545
1806420 546
1806430 546
1806440 544
1806450 545
1806460 547
1806470 548
1806480 548
1806490 548
1806500 548
1806510 549
1806520 550
1806530 553
1806540 555
1806550 558
1806560 561
1806570 564
1806580 567
1806590 570
1806600 572
1806610 574
1806620 576
1806630 578
1806640 580
1806650 581
1806660 581
1806670 580
1806680 579
1806690 579
1806700 579
1806710 580
1806720 581
1806730 583
1806740 585
1806750 586
1806760 586
1806770 587
1806780 587
1806790 586
1806800 585
1806810 583
1806820 581
1806830 578
1806840 577
1806850 574
1806860 572
1806870 570
1806880 567
1806890 565
1806900 562
1806910 560
1806920 558
1806930 556
1806940 554
1806950 552
1806960 550
1806970 547
1806980 544
1806990 541
1807000 538
1807010 535
1807020 532
1807030 529
1807040 526
1807050 523
1807060 521
1807070 519
1807080 516
1807090 511
1807100 506
1807110 502
1807120 498
1807130 494
1807140 490
1807150 486
1807160 483
1807170 481
1807180 479
1807190 477
1807200 476
1807210 474
1807220 473
1807230 472
1807240 472
1807250 472
1807260 471
1807270 471
1807280 471
1807290 472
1807300 474
1807310 479
1807320 484
1807330 489
1807340 494
1807350 498
1807360 502
1807370 505
1807380 508
1807390 511
1807400 513
1807410 516
1807420 518
1807430 521
1807440 523
1807450 526
1807460 528
1807470 530
1807480 532
1807490 534
1807500 536
1807510 537
1807520 539
1807530 541
1807540 543
1807550 545
1807560 547
1807570 549
1807580 551
1807590 553
1807600 555
1807610 557
1807620 559
1807630 561
1807640 564
1807650 566
1807660 568
1807670 569
1807680 570
1807690 572
1807700 573
1807710 574
1807720 575
1807730 576
1807740 577
1807750 578
1807760 579
1807770 580
1807780 581
1807790 582
1807800 583
1807810 585
1807820 586
1807830 587
1807840 588
1807850 589
1807860 590
1807870 591
1807880 592
1807890 593
1807900 593
1807910 593
1807920 593
1807930 592
1807940 592
1807950 592
1807960 593
1807970 594
1807980 595
1807990 596
1808000 596
1808010 597
1808020 598
1808030 599
1808040 600
1808050 601
1808060 602
1808070 603
1808080 605
1808090 606
1808100 606
1808110 607
1808120 608
1808130 609
1808140 609
1808150 609
1808160 609
1808170 608
1808180 607
1808190 607
1808200 606
1808210 606
1808220 605
1808230 604
1808240 604
1808250 603
1808260 602
1808270 601
1808280 600
1808290 599
1808300 598
1808310 597
1808320 596
1808330 596
1808340 595
1808350 594
1808360 593
1808370 592
1808380 590
1808390 589
1808400 587
1808410 586
1808420 584
1808430 582
1808440 581
1808450 579
1808460 578
1808470 577
1808480 575
1808490 574
1808500 573
1808510 571
1808520 570
1808530 567
1808540 565
1808550 563
1808560 561
1808570 560
1808580 558
1808590 556
1808600 553
1808610 550
1808620 547
1808630 544
1808640 543
1808650 542
1808660 544
1808670 544
1808680 543
1808690 544
1808700 549
1808710 553
1808720 556
1808730 558
1808740 561
1808750 564
1808760 566
1808770 568
1808780 571
1808790 574
1808800 576
1808810 578
1808820 580
1808830 582
1808840 584
1808850 586
1808860 588
1808870 590
1808880 592
1808890 593
1808900 594
1808910 594
1808920 594
1808930 594
1808940 594
1808950 593
1808960 592
1808970 591
1808980 589
1808990 588
1809000 586
1809010 585
1809020 583
1809030 581
1809040 579
1809050 577
1809060 575
1809070 573
1809080 571
1809090 569
1809100 566
1809110 564
1809120 563
1809130 559
1809140 555
1809150 552
1809160 556
1809170 559
1809180 562
1809190 564
1809200 567
1809210 570
1809220 573
1809230 575
1809240 578
1809250 579
1809260 581
1809270 583
1809280 585
1809290 586
1809300 587
1809310 588
1809320 589
1809330 590
1809340 591
1809350 592
1809360 593
1809370 593
1809380 594
1809390 594
1809400 595
1809410 595
1809420 595
1809430 595
1809440 596
1809450 596
1809460 596
1809470 596
1809480 595
1809490 595
1809500 595
1809510 595
1809520 595
1809530 595
1809540 595
1809550 595
1809560 596
1809570 596
1809580 597
1809590 598
1809600 598
1809610 599
1809620 600
1809630 601
1809640 601
1809650 602
1809660 603
1809670 604
1809680 604
1809690 605
1809700 606
1809710 606
1809720 606
1809730 606
1809740 606
1809750 606
1809760 606
1809770 605
1809780 604
1809790 604
1809800 603
1809810 604
1809820 605
1809830 606
1809840 608
1809850 609
1809860 611
1809870 612
1809880 613
1809890 613
1809900 614
1809910 614
1809920 615
1809930 616
1809940 617
1809950 618
1809960 619
1809970 619
1809980 620
1809990 621
1810000 621
1810010 622
1810020 622
1810030 623
1810040 624
1810050 624
1810060 624
1810070 624
1810080 624
1810090 624
1810100 624
1810110 624
1810120 623
1810130 623
1810140 622
1810150 622
1810160 621
1810170 621
1810180 620
1810190 619
1810200 618
1810210 618
1810220 617
1810230 616
1810240 615
1810250 614
1810260 613
1810270 612
1810280 612
1810290 611
1810300 610
1810310 609
1810320 608
1810330 607
1810340 606
1810350 605
1810360 604
1810370 603
1810380 603
1810390 602
1810400 601
1810410 600
1810420 599
1810430 599
1810440 598
1810450 597
1810460 596
1810470 595
1810480 594
1810490 593
1810500 591
1810510 590
1810520 589
1810530 588
1810540 587
1810550 585
1810560 584
1810570 583
1810580 582
1810590 581
1810600 579
1810610 579
1810620 578
1810630 578
1810640 576
1810650 575
1810660 575
1810670 575
1810680 575
1810690 575
1810700 575
1810710 575
1810720 575
1810730 575
1810740 575
1810750 574
1810760 573
1810770 572
1810780 572
1810790 571
1810800 570
1810810 570
1810820 569
1810830 568
1810840 566
1810850 565
1810860 563
1810870 561
1810880 560
1810890 559
1810900 557
1810910 555
1810920 553
1810930 552
1810940 551
1810950 550
1810960 549
1810970 549
1810980 547
1810990 547
1811000 547
1811010 547
1811020 546
1811030 546
1811040 544
1811050 543
1811060 541
1811070 540
1811080 538
1811090 536
1811100 532
1811110 533
1811120 535
1811130 538
1811140 540
1811150 542
1811160 542
1811170 542
1811180 540
1811190 538
1811200 536
1811210 533
1811220 532
1811230 531
1811240 530
1811250 529
1811260 529
1811270 528
1811280 527
1811290 525
1811300 523
1811310 519
1811320 517
1811330 513
1811340 509
1811350 505
1811360 504
1811370 502
1811380 502
1811390 501
1811400 500
1811410 498
1811420 498
1811430 498
1811440 498
1811450 497
1811460 495
1811470 492
1811480 491
1811490 490
1811500 490
1811510 489
1811520 487
1811530 484
1811540 480
1811550 476
1811560 473
1811570 472
1811580 472
1811590 472
1811600 472
1811610 472
1811620 472
1811630 473
1811640 473
1811650 475
1811660 477
1811670 480
1811680 483
1811690 486
1811700 490
1811710 494
1811720 496
1811730 498
1811740 499
1811750 501
1811760 504
1811770 507
1811780 508
1811790 510
1811800 511
1811810 512
1811820 514
1811830 515
1811840 517
1811850 518
1811860 520
1811870 522
1811880 525
1811890 527
1811900 530
1811910 532
1811920 534
1811930 536
1811940 538
1811950 539
1811960 539
1811970 538
1811980 537
1811990 536
1812000 535
1812010 533
1812020 532
1812030 531
1812040 530
1812050 529
1812060 528
1812070 526
1812080 522
1812090 519
1812100 516
1812110 513
1812120 515
1812130 517
1812140 519
1812150 521
1812160 522
1812170 524
1812180 526
1812190 528
1812200 530
1812210 532
1812220 535
1812230 537
1812240 539
1812250 541
1812260 544
1812270 546
1812280 548
1812290 549
1812300 550
1812310 551
1812320 552
1812330 553
1812340 554
1812350 554
1812360 555
1812370 555
1812380 555
1812390 555
1812400 555
1812410 554
1812420 553
1812430 551
1812440 550
1812450 548
1812460 547
1812470 545
1812480 543
1812490 541
1812500 538
1812510 536
1812520 533
1812530 531
1812540 528
1812550 526
1812560 524
1812570 522
1812580 521
1812590 521
1812600 522
1812610 523
1812620 525
1812630 526
1812640 528
1812650 530
1812660 532
1812670 534
1812680 535
1812690 537
1812700 539
1812710 540
1812720 541
1812730 542
1812740 542
1812750 542
1812760 541
1812770 541
1812780 540
1812790 539
1812800 538
1812810 537
1812820 535
1812830 534
1812840 532
1812850 530
1812860 527
1812870 525
1812880 522
1812890 519
1812900 517
1812910 514
1812920 512
1812930 509
1812940 507
1812950 506
1812960 504
1812970 502
1812980 500
1812990 498
1813000 496
1813010 494
1813020 492
1813030 491
1813040 489
1813050 488
1813060 487
1813070 485
1813080 484
1813090 481
1813100 479
1813110 477
1813120 475
1813130 474
1813140 472
1813150 470
1813160 469
1813170 467
1813180 465
1813190 464
1813200 462
1813210 461
1813220 459
1813230 458
1813240 457
1813250 455
1813260 453
1813270 450
1813280 446
1813290 445
1813300 443
1813310 442
1813320 441
1813330 440
1813340 441
1813350 441
1813360 441
1813370 441
1813380 441
1813390 441
1813400 442
1813410 443
1813420 445
1813430 449
1813440 452
1813450 455
1813460 457
1813470 459
1813480 459
1813490 459
1813500 460
1813510 460
1813520 460
1813530 460
1813540 460
1813550 460
1813560 460
1813570 458
1813580 455
1813590 453
1813600 455
1813610 459
1813620 463
1813630 469
1813640 473
1813650 476
1813660 479
1813670 482
1813680 485
1813690 489
1813700 491
1813710 494
1813720 496
1813730 498
1813740 499
1813750 501
1813760 502
1813770 504
1813780 506
1813790 507
1813800 508
1813810 509
1813820 510
1813830 511
1813840 512
1813850 514
1813860 515
1813870 516
1813880 517
1813890 518
1813900 520
1813910 521
1813920 522
1813930 524
1813940 525
1813950 526
1813960 526
1813970 527
1813980 528
1813990 530
1814000 531
1814010 532
1814020 534
1814030 535
1814040 535
1814050 535
1814060 535
1814070 534
1814080 533
1814090 532
1814100 531
1814110 530
1814120 529
1814130 528
1814140 526
1814150 525
1814160 524
1814170 522
1814180 520
1814190 518
1814200 515
1814210 512
1814220 509
1814230 505
1814240 500
1814250 497
1814260 496
1814270 497
1814280 496
1814290 495
1814300 494
1814310 493
1814320 491
1814330 488
1814340 486
1814350 483
1814360 480
1814370 476
1814380 475
1814390 475
1814400 476
1814410 479
1814420 484
1814430 489
1814440 493
1814450 496
1814460 498
1814470 500
1814480 502
1814490 504
1814500 506
1814510 508
1814520 510
1814530 512
1814540 514
1814550 516
1814560 519
1814570 523
1814580 527
1814590 531
1814600 534
1814610 538
1814620 541
1814630 544
1814640 546
1814650 546
1814660 547
1814670 548
1814680 548
1814690 549
1814700 550
1814710 550
1814720 551
1814730 551
1814740 552
1814750 552
1814760 552
1814770 552
1814780 552
1814790 552
1814800 553
1814810 553
1814820 554
1814830 555
1814840 557
1814850 559
1814860 560
1814870 561
1814880 562
1814890 562
1814900 563
1814910 563
1814920 563
1814930 563
1814940 563
1814950 563
1814960 563
1814970 562
1814980 561
1814990 560
1815000 560
1815010 559
1815020 558
1815030 558
1815040 557
1815050 556
1815060 555
1815070 555
1815080 554
1815090 553
1815100 552
1815110 552
1815120 551
1815130 550
1815140 549
1815150 548
1815160 547
1815170 546
1815180 545
1815190 544
1815200 543
1815210 542
1815220 541
1815230 541
1815240 540
1815250 539
1815260 538
1815270 537
1815280 536
1815290 534
1815300 533
1815310 532
1815320 531
1815330 530
1815340 528
1815350 527
1815360 525
1815370 523
1815380 523
1815390 524
1815400 525
1815410 527
1815420 526
1815430 526
1815440 525
1815450 525
1815460 524
1815470 523
1815480 523
1815490 522
1815500 522
1815510 522
1815520 522
1815530 521
1815540 520
1815550 520
1815560 519
1815570 518
1815580 518
1815590 517
1815600 516
1815610 515
1815620 514
1815630 513
1815640 512
1815650 511
1815660 510
1815670 508
1815680 507
1815690 506
1815700 505
1815710 503
1815720 502
1815730 500
1815740 499
1815750 497
1815760 496
1815770 494
1815780 493
1815790 492
1815800 489
1815810 486
1815820 481
1815830 479
1815840 477
1815850 476
1815860 476
1815870 477
1815880 478
1815890 480
1815900 483
1815910 484
1815920 486
1815930 488
1815940 489
1815950 491
1815960 492
1815970 493
1815980 495
1815990 496
1816000 497
1816010 498
1816020 499
1816030 500
1816040 501
1816050 501
1816060 502
1816070 502
1816080 502
1816090 503
1816100 504
1816110 504
1816120 505
1816130 505
1816140 506
1816150 507
1816160 507
1816170 508
1816180 508
1816190 507
1816200 506
1816210 505
1816220 504
1816230 503
1816240 502
1816250 501
1816260 500
1816270 498
1816280 495
1816290 493
1816300 491
1816310 489
1816320 487
1816330 485
1816340 483
1816350 481
1816360 480
1816370 478
1816380 476
1816390 474
1816400 473
1816410 472
1816420 471
1816430 471
1816440 470
1816450 470
1816460 469
1816470 468
1816480 467
1816490 466
1816500 465
1816510 464
1816520 463
1816530 461
1816540 460
1816550 461
1816560 461
1816570 462
1816580 462
1816590 461
1816600 461
1816610 460
1816620 460
1816630 459
1816640 458
1816650 458
1816660 457
1816670 456
1816680 455
1816690 454
1816700 453
1816710 453
1816720 452
1816730 451
1816740 450
1816750 448
1816760 447
1816770 446
1816780 446
1816790 445
1816800 444
1816810 444
1816820 443
1816830 443
1816840 443
1816850 443
1816860 444
1816870 444
1816880 445
1816890 446
1816900 447
1816910 447
1816920 448
1816930 448
1816940 448
1816950 448
1816960 448
1816970 448
1816980 448
1816990 448
1817000 448
1817010 448
1817020 448
1817030 448
1817040 448
1817050 448
1817060 448
1817070 448
1817080 448
1817090 447
1817100 447
1817110 447
1817120 447
1817130 447
1817140 447
1817150 447
1817160 446
1817170 446
1817180 446
1817190 445
1817200 444
1817210 444
1817220 443
1817230 442
1817240 441
1817250 441
1817260 441
1817270 441
1817280 441
1817290 442
1817300 442
1817310 442
1817320 443
1817330 443
1817340 442
1817350 442
1817360 441
1817370 441
1817380 441
1817390 441
1817400 441
1817410 441
1817420 441
1817430 440
1817440 440
1817450 439
1817460 439
1817470 438
1817480 438
1817490 437
1817500 437
1817510 436
1817520 436
1817530 436
1817540 436
1817550 437
1817560 437
1817570 438
1817580 438
1817590 439
1817600 439
1817610 439
1817620 439
1817630 439
1817640 439
1817650 439
1817660 439
1817670 440
1817680 440
1817690 440
1817700 440
1817710 440
1817720 440
1817730 440
1817740 440
1817750 440
1817760 440
1817770 440
1817780 440
1817790 440
1817800 440
1817810 440
1817820 440
1817830 439
1817840 439
1817850 439
1817860 439
1817870 439
1817880 439
1817890 439
1817900 439
1817910 439
1817920 439
1817930 440
1817940 440
1817950 440
1817960 440
1817970 440
1817980 440
1817990 440
1818000 440
1818010 440
1818020 441
1818030 442
1818040 442
1818050 442
1818060 443
1818070 443
1818080 444
1818090 444
1818100 445
1818110 445
1818120 446
1818130 447
1818140 447
1818150 448
1818160 449
1818170 449
1818180 450
1818190 451
1818200 451
1818210 452
1818220 453
1818230 453
1818240 454
1818250 454
1818260 455
1818270 455
1818280 455
1818290 455
1818300 455
1818310 455
1818320 454
1818330 454
1818340 453
1818350 452
1818360 451
1818370 450
1818380 449
1818390 448
1818400 447
1818410 446
1818420 444
1818430 443
1818440 442
1818450 442
1818460 441
1818470 440
1818480 440
1818490 439
1818500 438
1818510 436
1818520 435
1818530 434
1818540 433
1818550 432
1818560 431
1818570 430
1818580 430
1818590 429
1818600 428
1818610 427
1818620 426
1818630 425
1818640 424
1818650 423
1818660 422
1818670 421
1818680 420
1818690 420
1818700 419
1818710 418
1818720 417
1818730 416
1818740 415
1818750 414
1818760 413
1818770 412
1818780 410
1818790 409
1818800 408
1818810 406
1818820 405
1818830 404
1818840 403
1818850 402
1818860 401
1818870 400
1818880 398
1818890 396
1818900 395
1818910 393
1818920 391
1818930 390
1818940 388
1818950 387
1818960 386
1818970 385
1818980 384
1818990 383
1819000 382
1819010 381
1819020 380
1819030 379
1819040 379
1819050 378
1819060 378
1819070 378
1819080 378
1819090 378
1819100 378
1819110 378
1819120 378
1819130 378
1819140 378
1819150 378
1819160 378
1819170 378
1819180 378
1819190 378
1819200 378
1819210 378
1819220 378
1819230 378
1819240 378
1819250 379
1819260 379
1819270 380
1819280 380
1819290 380
1819300 380
1819310 380
1819320 380
1819330 380
1819340 380
1819350 380
1819360 380
1819370 381
1819380 382
1819390 383
1819400 383
1819410 384
1819420 386
1819430 389
1819440 391
1819450 393
1819460 394
1819470 396
1819480 397
1819490 398
1819500 398
1819510 398
1819520 398
1819530 398
1819540 397
1819550 396
1819560 395
1819570 394
1819580 394
1819590 393
1819600 392
1819610 390
1819620 389
1819630 389
1819640 388
1819650 387
1819660 386
1819670 385
1819680 385
1819690 385
1819700 385
1819710 385
1819720 385
1819730 386
1819740 386
1819750 387
1819760 388
1819770 389
1819780 391
1819790 393
1819800 394
1819810 395
1819820 395
1819830 396
1819840 396
1819850 397
1819860 398
1819870 398
1819880 398
1819890 398
1819900 398
1819910 398
1819920 398
1819930 398
1819940 398
1819950 398
1819960 398
1819970 398
1819980 398
1819990 398
