1800000 587
1800010 590
1800020 593
1800030 596
1800040 599
1800050 600
1800060 600
1800070 599
1800080 598
1800090 596
1800100 594
1800110 592
1800120 590
1800130 588
1800140 587
1800150 588
1800160 591
1800170 590
1800180 589
1800190 589
1800200 590
1800210 591
1800220 593
1800230 592
1800240 591
1800250 588
1800260 587
1800270 590
1800280 593
1800290 595
1800300 595
1800310 594
1800320 593
1800330 594
1800340 596
1800350 600
1800360 603
1800370 605
1800380 607
1800390 609
1800400 611
1800410 612
1800420 613
1800430 614
1800440 615
1800450 616
1800460 617
1800470 618
1800480 619
1800490 619
1800500 620
1800510 621
1800520 621
1800530 620
1800540 619
1800550 619
1800560 618
1800570 617
1800580 617
1800590 616
1800600 615
1800610 614
1800620 613
1800630 611
1800640 610
1800650 609
1800660 608
1800670 607
1800680 605
1800690 604
1800700 603
1800710 602
1800720 601
1800730 600
1800740 599
1800750 598
1800760 597
1800770 596
1800780 595
1800790 593
1800800 592
1800810 591
1800820 589
1800830 588
1800840 587
1800850 586
1800860 586
1800870 585
1800880 585
1800890 585
1800900 584
1800910 582
1800920 579
1800930 575
1800940 572
1800950 572
1800960 573
1800970 577
1800980 579
1800990 582
1801000 582
1801010 583
1801020 584
1801030 586
1801040 587
1801050 589
1801060 590
1801070 591
1801080 592
1801090 593
1801100 594
1801110 595
1801120 595
1801130 596
1801140 597
1801150 597
1801160 598
1801170 597
1801180 597
1801190 597
1801200 596
1801210 596
1801220 596
1801230 595
1801240 595
1801250 595
1801260 595
1801270 595
1801280 594
1801290 594
1801300 594
1801310 593
1801320 592
1801330 591
1801340 590
1801350 589
1801360 587
1801370 586
1801380 585
1801390 584
1801400 582
1801410 581
1801420 580
1801430 579
1801440 578
1801450 577
1801460 575
1801470 574
1801480 573
1801490 572
1801500 571
1801510 569
1801520 568
1801530 567
1801540 566
1801550 565
1801560 563
1801570 562
1801580 561
1801590 560
1801600 559
1801610 558
1801620 557
1801630 556
1801640 555
1801650 554
1801660 553
1801670 552
1801680 551
1801690 550
1801700 549
1801710 548
1801720 547
1801730 545
1801740 544
1801750 543
1801760 542
1801770 541
1801780 540
1801790 539
1801800 538
1801810 538
1801820 537
1801830 537
1801840 537
1801850 536
1801860 536
1801870 536
1801880 535
1801890 535
1801900 534
1801910 534
1801920 534
1801930 533
1801940 533
1801950 532
1801960 531
1801970 531
1801980 530
1801990 529
1802000 529
1802010 528
1802020 527
1802030 526
1802040 525
1802050 524
1802060 523
1802070 522
1802080 522
1802090 521
1802100 521
1802110 521
1802120 521
1802130 521
1802140 521
1802150 521
1802160 520
1802170 520
1802180 520
1802190 521
1802200 521
1802210 521
1802220 520
1802230 520
1802240 520
1802250 520
1802260 519
1802270 519
1802280 519
1802290 519
1802300 519
1802310 520
1802320 520
1802330 520
1802340 520
1802350 520
1802360 521
1802370 523
1802380 525
1802390 526
1802400 527
1802410 527
1802420 528
1802430 529
1802440 530
1802450 531
1802460 532
1802470 532
1802480 532
1802490 532
1802500 531
1802510 530
1802520 530
1802530 530
1802540 530
1802550 530
1802560 530
1802570 531
1802580 530
1802590 530
1802600 530
1802610 530
1802620 530
1802630 529
1802640 529
1802650 528
1802660 528
1802670 527
1802680 526
1802690 525
1802700 525
1802710 524
1802720 524
1802730 523
1802740 523
1802750 522
1802760 522
1802770 522
1802780 522
1802790 522
1802800 522
1802810 522
1802820 522
1802830 522
1802840 522
1802850 522
1802860 522
1802870 523
1802880 525
1802890 528
1802900 531
1802910 535
1802920 537
1802930 539
1802940 540
1802950 541
1802960 542
1802970 543
1802980 544
1802990 545
1803000 547
1803010 548
1803020 550
1803030 551
1803040 553
1803050 554
1803060 556
1803070 557
1803080 559
1803090 560
1803100 562
1803110 564
1803120 565
1803130 567
1803140 568
1803150 570
1803160 571
1803170 572
1803180 573
1803190 574
1803200 574
1803210 574
1803220 574
1803230 574
1803240 573
1803250 572
1803260 571
1803270 570
1803280 569
1803290 568
1803300 567
1803310 566
1803320 566
1803330 565
1803340 565
1803350 564
1803360 564
1803370 564
1803380 564
1803390 564
1803400 565
1803410 565
1803420 566
1803430 566
1803440 567
1803450 568
1803460 569
1803470 570
1803480 571
1803490 572
1803500 573
1803510 574
1803520 576
1803530 577
1803540 579
1803550 580
1803560 581
1803570 583
1803580 585
1803590 586
1803600 587
1803610 588
1803620 589
1803630 590
1803640 591
1803650 591
1803660 591
1803670 592
1803680 592
1803690 592
1803700 592
1803710 591
1803720 591
1803730 590
1803740 590
1803750 588
1803760 587
1803770 586
1803780 584
1803790 583
1803800 582
1803810 581
1803820 579
1803830 578
1803840 577
1803850 576
1803860 575
1803870 574
1803880 573
1803890 572
1803900 571
1803910 570
1803920 569
1803930 567
1803940 566
1803950 564
1803960 563
1803970 562
1803980 561
1803990 560
1804000 559
1804010 558
1804020 558
1804030 556
1804040 555
1804050 555
1804060 554
1804070 554
1804080 555
1804090 555
1804100 555
1804110 555
1804120 554
1804130 554
1804140 554
1804150 553
1804160 553
1804170 552
1804180 552
1804190 552
1804200 551
1804210 551
1804220 551
1804230 551
1804240 550
1804250 549
1804260 548
1804270 548
1804280 547
1804290 546
1804300 546
1804310 545
1804320 543
1804330 542
1804340 540
1804350 539
1804360 538
1804370 539
1804380 541
1804390 544
1804400 546
1804410 548
1804420 550
1804430 551
1804440 551
1804450 551
1804460 550
1804470 550
1804480 550
1804490 550
1804500 550
1804510 550
1804520 549
1804530 549
1804540 549
1804550 548
1804560 547
1804570 545
1804580 545
1804590 544
1804600 544
1804610 543
1804620 542
1804630 541
1804640 539
1804650 537
1804660 535
1804670 535
1804680 535
1804690 535
1804700 535
1804710 535
1804720 535
1804730 535
1804740 534
1804750 533
1804760 532
1804770 531
1804780 530
1804790 529
1804800 528
1804810 527
1804820 526
1804830 525
1804840 525
1804850 524
1804860 524
1804870 523
1804880 523
1804890 523
1804900 522
1804910 522
1804920 522
1804930 522
1804940 521
1804950 521
1804960 521
1804970 521
1804980 520
1804990 520
1805000 520
1805010 520
1805020 520
1805030 520
1805040 520
1805050 519
1805060 519
1805070 519
1805080 519
1805090 519
1805100 518
1805110 518
1805120 518
1805130 518
1805140 518
1805150 518
1805160 518
1805170 518
1805180 518
1805190 517
1805200 517
1805210 517
1805220 517
1805230 516
1805240 516
1805250 516
1805260 516
1805270 516
1805280 516
1805290 516
1805300 517
1805310 518
1805320 519
1805330 520
1805340 521
1805350 523
1805360 523
1805370 523
1805380 524
1805390 526
1805400 528
1805410 530
1805420 531
1805430 533
1805440 534
1805450 535
1805460 537
1805470 538
1805480 539
1805490 540
1805500 541
1805510 541
1805520 542
1805530 543
1805540 543
1805550 544
1805560 545
1805570 547
1805580 548
1805590 549
1805600 550
1805610 551
1805620 551
1805630 552
1805640 553
1805650 554
1805660 555
1805670 556
1805680 556
1805690 557
1805700 558
1805710 558
1805720 559
1805730 559
1805740 559
1805750 559
1805760 557
1805770 556
1805780 553
1805790 550
1805800 547
1805810 544
1805820 542
1805830 541
1805840 541
1805850 542
1805860 541
1805870 540
1805880 538
1805890 537
1805900 536
1805910 534
1805920 533
1805930 531
1805940 529
1805950 528
1805960 526
1805970 524
1805980 522
1805990 520
1806000 517
1806010 515
1806020 514
1806030 513
1806040 513
1806050 513
1806060 513
1806070 512
1806080 512
1806090 512
1806100 511
1806110 510
1806120 509
1806130 509
1806140 508
1806150 507
1806160 507
1806170 506
1806180 506
1806190 506
1806200 505
1806210 505
1806220 505
1806230 504
1806240 505
1806250 505
1806260 505
1806270 506
1806280 506
1806290 506
1806300 506
1806310 506
1806320 506
1806330 506
1806340 505
1806350 505
1806360 504
1806370 504
1806380 504
1806390 504
1806400 504
1806410 504
1806420 503
1806430 503
1806440 502
1806450 502
1806460 502
1806470 501
1806480 501
1806490 501
1806500 501
1806510 502
1806520 502
1806530 503
1806540 503
1806550 504
1806560 504
1806570 504
1806580 505
1806590 505
1806600 506
1806610 507
1806620 507
1806630 508
1806640 509
1806650 510
1806660 511
1806670 513
1806680 514
1806690 515
1806700 517
1806710 518
1806720 519
1806730 521
1806740 521
1806750 521
1806760 521
1806770 519
1806780 518
1806790 515
1806800 513
1806810 511
1806820 509
1806830 507
1806840 504
1806850 503
1806860 503
1806870 503
1806880 503
1806890 503
1806900 503
1806910 504
1806920 504
1806930 504
1806940 505
1806950 507
1806960 510
1806970 513
1806980 516
1806990 520
1807000 523
1807010 525
1807020 528
1807030 531
1807040 534
1807050 536
1807060 539
1807070 542
1807080 544
1807090 547
1807100 549
1807110 551
1807120 554
1807130 556
1807140 557
1807150 559
1807160 561
1807170 562
1807180 563
1807190 565
1807200 566
1807210 567
1807220 568
1807230 569
1807240 570
1807250 571
1807260 572
1807270 573
1807280 573
1807290 573
1807300 572
1807310 572
1807320 571
1807330 571
1807340 572
1807350 572
1807360 573
1807370 574
1807380 575
1807390 577
1807400 578
1807410 579
1807420 580
1807430 580
1807440 581
1807450 581
1807460 581
1807470 581
1807480 581
1807490 581
1807500 581
1807510 581
1807520 581
1807530 580
1807540 580
1807550 579
1807560 578
1807570 578
1807580 576
1807590 574
1807600 572
1807610 572
1807620 573
1807630 573
1807640 572
1807650 571
1807660 570
1807670 569
1807680 568
1807690 568
1807700 568
1807710 567
1807720 567
1807730 565
1807740 563
1807750 562
1807760 561
1807770 559
1807780 558
1807790 555
1807800 552
1807810 549
1807820 547
1807830 545
1807840 543
1807850 545
1807860 547
1807870 550
1807880 552
1807890 553
1807900 554
1807910 558
1807920 563
1807930 568
1807940 570
1807950 572
1807960 575
1807970 577
1807980 580
1807990 583
1808000 585
1808010 587
1808020 589
1808030 591
1808040 593
1808050 595
1808060 597
1808070 599
1808080 600
1808090 601
1808100 602
1808110 601
1808120 601
1808130 602
1808140 603
1808150 605
1808160 606
1808170 607
1808180 608
1808190 610
1808200 612
1808210 614
1808220 618
1808230 622
1808240 626
1808250 628
1808260 630
1808270 632
1808280 634
1808290 636
1808300 639
1808310 641
1808320 644
1808330 646
1808340 649
1808350 651
1808360 653
1808370 655
1808380 657
1808390 659
1808400 660
1808410 662
1808420 663
1808430 664
1808440 666
1808450 667
1808460 668
1808470 669
1808480 670
1808490 671
1808500 672
1808510 673
1808520 673
1808530 674
1808540 675
1808550 675
1808560 676
1808570 676
1808580 676
1808590 675
1808600 675
1808610 674
1808620 674
1808630 673
1808640 672
1808650 671
1808660 670
1808670 669
1808680 668
1808690 667
1808700 666
1808710 665
1808720 663
1808730 662
1808740 661
1808750 660
1808760 659
1808770 657
1808780 656
1808790 655
1808800 654
1808810 653
1808820 651
1808830 650
1808840 649
1808850 648
1808860 648
1808870 647
1808880 646
1808890 646
1808900 645
1808910 645
1808920 645
1808930 645
1808940 645
1808950 646
1808960 646
1808970 647
1808980 648
1808990 648
1809000 649
1809010 650
1809020 651
1809030 651
1809040 652
1809050 652
1809060 653
1809070 653
1809080 654
1809090 654
1809100 655
1809110 655
1809120 656
1809130 656
1809140 657
1809150 657
1809160 657
1809170 657
1809180 658
1809190 658
1809200 658
1809210 658
1809220 657
1809230 657
1809240 657
1809250 656
1809260 656
1809270 655
1809280 655
1809290 654
1809300 653
1809310 653
1809320 652
1809330 652
1809340 651
1809350 651
1809360 651
1809370 650
1809380 650
1809390 650
1809400 650
1809410 650
1809420 650
1809430 650
1809440 651
1809450 651
1809460 651
1809470 651
1809480 650
1809490 649
1809500 648
1809510 647
1809520 646
1809530 645
1809540 643
1809550 642
1809560 640
1809570 638
1809580 636
1809590 634
1809600 633
1809610 631
1809620 629
1809630 627
1809640 625
1809650 623
1809660 621
1809670 618
1809680 616
1809690 614
1809700 612
1809710 610
1809720 609
1809730 607
1809740 605
1809750 604
1809760 602
1809770 601
1809780 600
1809790 598
1809800 597
1809810 596
1809820 595
1809830 594
1809840 594
1809850 593
1809860 592
1809870 591
1809880 590
1809890 589
1809900 588
1809910 586
1809920 584
1809930 583
1809940 581
1809950 579
1809960 577
1809970 575
1809980 573
1809990 571
1810000 569
1810010 567
1810020 565
1810030 562
1810040 559
1810050 557
1810060 554
1810070 552
1810080 549
1810090 545
1810100 542
1810110 540
1810120 539
1810130 539
1810140 539
1810150 540
1810160 541
1810170 544
1810180 547
1810190 550
1810200 553
1810210 556
1810220 558
1810230 561
1810240 563
1810250 565
1810260 565
1810270 564
1810280 562
1810290 561
1810300 558
1810310 555
1810320 553
1810330 553
1810340 554
1810350 558
1810360 561
1810370 563
1810380 566
1810390 568
1810400 570
1810410 573
1810420 575
1810430 577
1810440 580
1810450 582
1810460 583
1810470 585
1810480 586
1810490 587
1810500 588
1810510 588
1810520 589
1810530 589
1810540 589
1810550 589
1810560 589
1810570 590
1810580 590
1810590 591
1810600 591
1810610 591
1810620 592
1810630 592
1810640 592
1810650 592
1810660 592
1810670 592
1810680 592
1810690 593
1810700 592
1810710 592
1810720 592
1810730 592
1810740 591
1810750 591
1810760 591
1810770 590
1810780 589
1810790 588
1810800 587
1810810 586
1810820 585
1810830 584
1810840 583
1810850 582
1810860 582
1810870 581
1810880 580
1810890 579
1810900 578
1810910 577
1810920 576
1810930 575
1810940 575
1810950 574
1810960 573
1810970 573
1810980 573
1810990 573
1811000 573
1811010 573
1811020 573
1811030 574
1811040 575
1811050 576
1811060 577
1811070 577
1811080 578
1811090 579
1811100 579
1811110 579
1811120 578
1811130 578
1811140 577
1811150 577
1811160 576
1811170 575
1811180 574
1811190 573
1811200 572
1811210 571
1811220 569
1811230 568
1811240 566
1811250 565
1811260 563
1811270 561
1811280 559
1811290 556
1811300 555
1811310 553
1811320 551
1811330 548
1811340 546
1811350 544
1811360 543
1811370 542
1811380 542
1811390 541
1811400 540
1811410 540
1811420 539
1811430 539
1811440 539
1811450 539
1811460 539
1811470 539
1811480 540
1811490 541
1811500 543
1811510 544
1811520 545
1811530 547
1811540 548
1811550 549
1811560 550
1811570 551
1811580 551
1811590 552
1811600 552
1811610 551
1811620 551
1811630 550
1811640 549
1811650 548
1811660 546
1811670 545
1811680 543
1811690 541
1811700 539
1811710 536
1811720 533
1811730 530
1811740 527
1811750 524
1811760 521
1811770 518
1811780 515
1811790 513
1811800 510
1811810 508
1811820 505
1811830 502
1811840 499
1811850 496
1811860 492
1811870 489
1811880 487
1811890 485
1811900 483
1811910 481
1811920 479
1811930 478
1811940 477
1811950 478
1811960 478
1811970 478
1811980 478
1811990 478
1812000 479
1812010 480
1812020 481
1812030 482
1812040 483
1812050 483
1812060 483
1812070 481
1812080 480
1812090 479
1812100 479
1812110 480
1812120 482
1812130 485
1812140 487
1812150 489
1812160 490
1812170 492
1812180 493
1812190 494
1812200 495
1812210 496
1812220 496
1812230 497
1812240 498
1812250 498
1812260 498
1812270 499
1812280 499
1812290 499
1812300 499
1812310 499
1812320 499
1812330 500
1812340 502
1812350 503
1812360 504
1812370 505
1812380 505
1812390 506
1812400 506
1812410 507
1812420 507
1812430 507
1812440 507
1812450 507
1812460 508
1812470 508
1812480 508
1812490 508
1812500 508
1812510 508
1812520 508
1812530 508
1812540 509
1812550 509
1812560 509
1812570 510
1812580 510
1812590 509
1812600 509
1812610 508
1812620 506
1812630 506
1812640 506
1812650 506
1812660 506
1812670 504
1812680 503
1812690 502
1812700 500
1812710 499
1812720 497
1812730 496
1812740 496
1812750 497
1812760 499
1812770 502
1812780 505
1812790 508
1812800 510
1812810 512
1812820 514
1812830 516
1812840 518
1812850 521
1812860 523
1812870 525
1812880 528
1812890 529
1812900 531
1812910 532
1812920 533
1812930 535
1812940 536
1812950 537
1812960 537
1812970 539
1812980 540
1812990 542
1813000 544
1813010 546
1813020 548
1813030 550
1813040 552
1813050 553
1813060 555
1813070 557
1813080 558
1813090 559
1813100 560
1813110 561
1813120 562
1813130 563
1813140 563
1813150 564
1813160 564
1813170 565
1813180 565
1813190 565
1813200 566
1813210 566
1813220 566
1813230 566
1813240 566
1813250 566
1813260 566
1813270 566
1813280 566
1813290 566
1813300 566
1813310 566
1813320 565
1813330 565
1813340 565
1813350 565
1813360 565
1813370 565
1813380 566
1813390 566
1813400 566
1813410 567
1813420 567
1813430 567
1813440 568
1813450 568
1813460 568
1813470 568
1813480 568
1813490 568
1813500 568
1813510 568
1813520 568
1813530 568
1813540 568
1813550 568
1813560 568
1813570 569
1813580 571
1813590 572
1813600 574
1813610 575
1813620 576
1813630 577
1813640 577
1813650 576
1813660 576
1813670 576
1813680 576
1813690 576
1813700 577
1813710 577
1813720 578
1813730 578
1813740 579
1813750 580
1813760 580
1813770 581
1813780 581
1813790 581
1813800 582
1813810 582
1813820 582
1813830 583
1813840 583
1813850 584
1813860 584
1813870 584
1813880 584
1813890 584
1813900 585
1813910 585
1813920 585
1813930 586
1813940 586
1813950 587
1813960 587
1813970 587
1813980 587
1813990 587
1814000 587
1814010 587
1814020 587
1814030 587
1814040 586
1814050 586
1814060 587
1814070 587
1814080 587
1814090 587
1814100 587
1814110 586
1814120 585
1814130 585
1814140 584
1814150 583
1814160 583
1814170 582
1814180 581
1814190 580
1814200 579
1814210 578
1814220 577
1814230 576
1814240 575
1814250 575
1814260 574
1814270 573
1814280 572
1814290 572
1814300 571
1814310 571
1814320 570
1814330 570
1814340 569
1814350 569
1814360 569
1814370 568
1814380 568
1814390 567
1814400 566
1814410 565
1814420 565
1814430 564
1814440 564
1814450 563
1814460 563
1814470 562
1814480 562
1814490 561
1814500 560
1814510 559
1814520 558
1814530 556
1814540 554
1814550 552
1814560 551
1814570 553
1814580 554
1814590 555
1814600 555
1814610 554
1814620 553
1814630 552
1814640 552
1814650 552
1814660 551
1814670 551
1814680 551
1814690 551
1814700 552
1814710 552
1814720 551
1814730 551
1814740 550
1814750 549
1814760 547
1814770 546
1814780 544
1814790 543
1814800 540
1814810 537
1814820 534
1814830 534
1814840 536
1814850 537
1814860 538
1814870 540
1814880 542
1814890 544
1814900 545
1814910 546
1814920 547
1814930 548
1814940 548
1814950 548
1814960 547
1814970 547
1814980 546
1814990 545
1815000 544
1815010 543
1815020 542
1815030 542
1815040 541
1815050 540
1815060 540
1815070 539
1815080 539
1815090 538
1815100 539
1815110 539
1815120 540
1815130 541
1815140 543
1815150 544
1815160 545
1815170 547
1815180 548
1815190 550
1815200 551
1815210 552
1815220 554
1815230 555
1815240 556
1815250 557
1815260 558
1815270 559
1815280 560
1815290 561
1815300 562
1815310 563
1815320 564
1815330 565
1815340 566
1815350 567
1815360 568
1815370 568
1815380 569
1815390 569
1815400 569
1815410 569
1815420 569
1815430 569
1815440 568
1815450 568
1815460 568
1815470 567
1815480 566
1815490 566
1815500 565
1815510 564
1815520 564
1815530 564
1815540 563
1815550 562
1815560 561
1815570 560
1815580 559
1815590 558
1815600 557
1815610 556
1815620 555
1815630 554
1815640 553
1815650 551
1815660 550
1815670 549
1815680 548
1815690 547
1815700 546
1815710 545
1815720 545
1815730 544
1815740 544
1815750 544
1815760 543
1815770 543
1815780 544
1815790 544
1815800 544
1815810 544
1815820 543
1815830 543
1815840 543
1815850 542
1815860 541
1815870 540
1815880 540
1815890 539
1815900 538
1815910 537
1815920 536
1815930 535
1815940 534
1815950 533
1815960 532
1815970 531
1815980 531
1815990 530
1816000 529
1816010 528
1816020 527
1816030 526
1816040 525
1816050 525
1816060 524
1816070 523
1816080 522
1816090 522
1816100 521
1816110 520
1816120 519
1816130 519
1816140 518
1816150 517
1816160 516
1816170 515
1816180 514
1816190 513
1816200 512
1816210 511
1816220 509
1816230 508
1816240 506
1816250 505
1816260 504
1816270 502
1816280 500
1816290 497
1816300 496
1816310 496
1816320 495
1816330 495
1816340 494
1816350 494
1816360 495
1816370 497
1816380 498
1816390 499
1816400 499
1816410 499
1816420 500
1816430 500
1816440 500
1816450 500
1816460 501
1816470 501
1816480 501
1816490 501
1816500 501
1816510 501
1816520 500
1816530 500
1816540 499
1816550 498
1816560 497
1816570 495
1816580 493
1816590 490
1816600 486
1816610 485
1816620 486
1816630 487
1816640 488
1816650 489
1816660 489
1816670 489
1816680 488
1816690 488
1816700 486
1816710 485
1816720 483
1816730 481
1816740 479
1816750 477
1816760 476
1816770 474
1816780 473
1816790 471
1816800 467
1816810 464
1816820 461
1816830 461
1816840 461
1816850 460
1816860 460
1816870 459
1816880 459
1816890 459
1816900 460
1816910 460
1816920 459
1816930 458
1816940 458
1816950 458
1816960 458
1816970 460
1816980 462
1816990 464
1817000 467
1817010 470
1817020 473
1817030 475
1817040 477
1817050 478
1817060 479
1817070 481
1817080 482
1817090 484
1817100 486
1817110 487
1817120 488
1817130 489
1817140 490
1817150 490
1817160 491
1817170 491
1817180 491
1817190 491
1817200 490
1817210 488
1817220 487
1817230 486
1817240 485
1817250 485
1817260 483
1817270 480
1817280 476
1817290 472
1817300 473
1817310 476
1817320 479
1817330 481
1817340 482
1817350 483
1817360 484
1817370 485
1817380 486
1817390 487
1817400 488
1817410 488
1817420 489
1817430 490
1817440 490
1817450 491
1817460 492
1817470 492
1817480 493
1817490 494
1817500 495
1817510 497
1817520 499
1817530 500
1817540 502
1817550 504
1817560 505
1817570 506
1817580 506
1817590 506
1817600 507
1817610 507
1817620 507
1817630 508
1817640 508
1817650 509
1817660 509
1817670 510
1817680 511
1817690 511
1817700 512
1817710 513
1817720 513
1817730 513
1817740 514
1817750 514
1817760 513
1817770 513
1817780 513
1817790 512
1817800 512
1817810 512
1817820 512
1817830 512
1817840 512
1817850 512
1817860 512
1817870 512
1817880 512
1817890 511
1817900 511
1817910 510
1817920 510
1817930 509
1817940 507
1817950 506
1817960 505
1817970 504
1817980 503
1817990 502
1818000 501
1818010 500
1818020 499
1818030 499
1818040 498
1818050 498
1818060 497
1818070 497
1818080 497
1818090 496
1818100 495
1818110 494
1818120 492
1818130 491
1818140 490
1818150 490
1818160 489
1818170 488
1818180 487
1818190 485
1818200 483
1818210 482
1818220 480
1818230 478
1818240 477
1818250 475
1818260 473
1818270 472
1818280 470
1818290 468
1818300 467
1818310 466
1818320 466
1818330 465
1818340 464
1818350 463
1818360 462
1818370 462
1818380 461
1818390 460
1818400 460
1818410 459
1818420 458
1818430 458
1818440 456
1818450 455
1818460 453
1818470 451
1818480 449
1818490 446
1818500 443
1818510 439
1818520 435
1818530 432
1818540 428
1818550 424
1818560 421
1818570 418
1818580 416
1818590 413
1818600 411
1818610 409
1818620 407
1818630 406
1818640 405
1818650 402
1818660 399
1818670 394
1818680 392
1818690 392
1818700 391
1818710 391
1818720 391
1818730 391
1818740 391
1818750 391
1818760 391
1818770 391
1818780 391
1818790 391
1818800 390
1818810 391
1818820 392
1818830 392
1818840 392
1818850 392
1818860 395
1818870 399
1818880 404
1818890 408
1818900 412
1818910 417
1818920 421
1818930 425
1818940 429
1818950 433
1818960 437
1818970 440
1818980 444
1818990 447
1819000 450
1819010 453
1819020 457
1819030 459
1819040 462
1819050 464
1819060 465
1819070 467
1819080 469
1819090 471
1819100 472
1819110 474
1819120 475
1819130 477
1819140 478
1819150 480
1819160 480
1819170 481
1819180 482
1819190 483
1819200 484
1819210 485
1819220 486
1819230 487
1819240 488
1819250 489
1819260 489
1819270 488
1819280 486
1819290 485
1819300 485
1819310 484
1819320 483
1819330 483
1819340 483
1819350 483
1819360 482
1819370 482
1819380 482
1819390 482
1819400 482
1819410 482
1819420 482
1819430 482
1819440 481
1819450 481
1819460 480
1819470 480
1819480 479
1819490 478
1819500 477
1819510 476
1819520 475
1819530 474
1819540 473
1819550 473
1819560 472
1819570 471
1819580 471
1819590 470
1819600 469
1819610 468
1819620 467
1819630 466
1819640 464
1819650 463
1819660 463
1819670 462
1819680 462
1819690 461
1819700 461
1819710 460
1819720 459
1819730 459
1819740 458
1819750 458
1819760 458
1819770 457
1819780 457
1819790 457
1819800 457
1819810 456
1819820 456
1819830 456
1819840 455
1819850 455
1819860 454
1819870 454
1819880 454
1819890 454
1819900 453
1819910 453
1819920 453
1819930 453
1819940 453
1819950 453
1819960 452
1819970 452
1819980 452
1819990 451
