1800000 603
1800010 605
1800020 607
1800030 608
1800040 610
1800050 612
1800060 615
1800070 616
1800080 618
1800090 619
1800100 621
1800110 623
1800120 625
1800130 626
1800140 628
1800150 630
1800160 631
1800170 632
1800180 633
1800190 635
1800200 636
1800210 636
1800220 637
1800230 638
1800240 639
1800250 639
1800260 640
1800270 641
1800280 642
1800290 642
1800300 643
1800310 644
1800320 644
1800330 645
1800340 645
1800350 645
1800360 646
1800370 646
1800380 647
1800390 647
1800400 648
1800410 648
1800420 649
1800430 649
1800440 649
1800450 650
1800460 650
1800470 651
1800480 651
1800490 651
1800500 651
1800510 651
1800520 652
1800530 652
1800540 652
1800550 652
1800560 652
1800570 653
1800580 653
1800590 653
1800600 653
1800610 653
1800620 653
1800630 653
1800640 653
1800650 653
1800660 653
1800670 653
1800680 653
1800690 652
1800700 652
1800710 652
1800720 651
1800730 651
1800740 650
1800750 649
1800760 649
1800770 648
1800780 647
1800790 645
1800800 645
1800810 644
1800820 643
1800830 642
1800840 640
1800850 639
1800860 637
1800870 636
1800880 635
1800890 633
1800900 632
1800910 631
1800920 630
1800930 627
1800940 625
1800950 623
1800960 620
1800970 621
1800980 625
1800990 628
1801000 630
1801010 632
1801020 633
1801030 634
1801040 636
1801050 637
1801060 638
1801070 640
1801080 641
1801090 642
1801100 643
1801110 645
1801120 646
1801130 648
1801140 649
1801150 651
1801160 652
1801170 653
1801180 655
1801190 656
1801200 658
1801210 659
1801220 660
1801230 661
1801240 663
1801250 664
1801260 665
1801270 666
1801280 667
1801290 668
1801300 669
1801310 670
1801320 671
1801330 672
1801340 673
1801350 674
1801360 675
1801370 676
1801380 677
1801390 678
1801400 679
1801410 679
1801420 680
1801430 681
1801440 682
1801450 682
1801460 683
1801470 684
1801480 684
1801490 685
1801500 686
1801510 686
1801520 687
1801530 687
1801540 688
1801550 688
1801560 689
1801570 689
1801580 688
1801590 688
1801600 687
1801610 686
1801620 685
1801630 685
1801640 684
1801650 684
1801660 683
1801670 682
1801680 682
1801690 681
1801700 680
1801710 679
1801720 678
1801730 677
1801740 675
1801750 674
1801760 673
1801770 671
1801780 670
1801790 669
1801800 668
1801810 666
1801820 665
1801830 664
1801840 662
1801850 661
1801860 660
1801870 658
1801880 657
1801890 656
1801900 654
1801910 653
1801920 652
1801930 650
1801940 649
1801950 647
1801960 646
1801970 644
1801980 643
1801990 642
1802000 640
1802010 637
1802020 634
1802030 630
1802040 627
1802050 628
1802060 630
1802070 633
1802080 636
1802090 638
1802100 640
1802110 642
1802120 644
1802130 645
1802140 647
1802150 650
1802160 652
1802170 654
1802180 656
1802190 658
1802200 660
1802210 662
1802220 664
1802230 665
1802240 667
1802250 669
1802260 671
1802270 672
1802280 674
1802290 676
1802300 678
1802310 680
1802320 682
1802330 684
1802340 686
1802350 688
1802360 689
1802370 691
1802380 692
1802390 694
1802400 695
1802410 696
1802420 697
1802430 699
1802440 700
1802450 701
1802460 702
1802470 704
1802480 705
1802490 707
1802500 708
1802510 709
1802520 709
1802530 710
1802540 710
1802550 710
1802560 710
1802570 710
1802580 710
1802590 710
1802600 709
1802610 709
1802620 709
1802630 708
1802640 708
1802650 708
1802660 707
1802670 707
1802680 707
1802690 706
1802700 706
1802710 706
1802720 706
1802730 705
1802740 705
1802750 705
1802760 705
1802770 705
1802780 704
1802790 704
1802800 704
1802810 704
1802820 704
1802830 704
1802840 704
1802850 704
1802860 704
1802870 704
1802880 704
1802890 704
1802900 703
1802910 703
1802920 703
1802930 703
1802940 703
1802950 702
1802960 702
1802970 701
1802980 701
1802990 700
1803000 699
1803010 698
1803020 697
1803030 696
1803040 695
1803050 694
1803060 692
1803070 691
1803080 690
1803090 688
1803100 687
1803110 686
1803120 685
1803130 683
1803140 681
1803150 680
1803160 679
1803170 677
1803180 676
1803190 674
1803200 673
1803210 671
1803220 670
1803230 668
1803240 667
1803250 665
1803260 664
1803270 662
1803280 661
1803290 659
1803300 658
1803310 657
1803320 655
1803330 654
1803340 652
1803350 650
1803360 649
1803370 648
1803380 646
1803390 645
1803400 643
1803410 642
1803420 641
1803430 640
1803440 639
1803450 638
1803460 637
1803470 636
1803480 634
1803490 633
1803500 632
1803510 631
1803520 630
1803530 629
1803540 628
1803550 627
1803560 626
1803570 625
1803580 625
1803590 624
1803600 623
1803610 622
1803620 621
1803630 620
1803640 619
1803650 618
1803660 617
1803670 616
1803680 615
1803690 614
1803700 613
1803710 612
1803720 612
1803730 611
1803740 610
1803750 609
1803760 608
1803770 607
1803780 606
1803790 605
1803800 604
1803810 604
1803820 603
1803830 601
1803840 600
1803850 599
1803860 599
1803870 598
1803880 597
1803890 596
1803900 595
1803910 594
1803920 593
1803930 591
1803940 589
1803950 589
1803960 589
1803970 588
1803980 587
1803990 586
1804000 585
1804010 584
1804020 583
1804030 581
1804040 580
1804050 578
1804060 576
1804070 575
1804080 575
1804090 574
1804100 574
1804110 573
1804120 572
1804130 571
1804140 569
1804150 568
1804160 567
1804170 566
1804180 565
1804190 565
1804200 564
1804210 564
1804220 564
1804230 564
1804240 564
1804250 564
1804260 563
1804270 563
1804280 563
1804290 563
1804300 564
1804310 564
1804320 565
1804330 566
1804340 567
1804350 568
1804360 569
1804370 571
1804380 572
1804390 573
1804400 574
1804410 576
1804420 578
1804430 580
1804440 581
1804450 583
1804460 584
1804470 586
1804480 588
1804490 590
1804500 592
1804510 595
1804520 597
1804530 599
1804540 601
1804550 604
1804560 606
1804570 608
1804580 609
1804590 611
1804600 614
1804610 616
1804620 618
1804630 619
1804640 621
1804650 623
1804660 625
1804670 627
1804680 629
1804690 631
1804700 633
1804710 635
1804720 636
1804730 636
1804740 636
1804750 635
1804760 634
1804770 633
1804780 631
1804790 629
1804800 628
1804810 627
1804820 626
1804830 625
1804840 625
1804850 626
1804860 626
1804870 627
1804880 627
1804890 627
1804900 627
1804910 624
1804920 620
1804930 617
1804940 614
1804950 611
1804960 609
1804970 607
1804980 605
1804990 602
1805000 600
1805010 596
1805020 593
1805030 590
1805040 586
1805050 581
1805060 577
1805070 575
1805080 573
1805090 573
1805100 573
1805110 573
1805120 573
1805130 575
1805140 578
1805150 583
1805160 585
1805170 586
1805180 588
1805190 590
1805200 591
1805210 593
1805220 595
1805230 596
1805240 598
1805250 599
1805260 600
1805270 601
1805280 602
1805290 603
1805300 604
1805310 606
1805320 607
1805330 609
1805340 611
1805350 612
1805360 614
1805370 616
1805380 618
1805390 620
1805400 621
1805410 623
1805420 625
1805430 627
1805440 629
1805450 632
1805460 633
1805470 635
1805480 637
1805490 639
1805500 640
1805510 642
1805520 644
1805530 645
1805540 646
1805550 648
1805560 649
1805570 650
1805580 651
1805590 652
1805600 652
1805610 652
1805620 653
1805630 652
1805640 652
1805650 651
1805660 650
1805670 649
1805680 648
1805690 647
1805700 645
1805710 644
1805720 642
1805730 641
1805740 639
1805750 637
1805760 636
1805770 634
1805780 632
1805790 630
1805800 627
1805810 623
1805820 619
1805830 614
1805840 611
1805850 608
1805860 609
1805870 613
1805880 618
1805890 623
1805900 626
1805910 630
1805920 634
1805930 638
1805940 642
1805950 646
1805960 647
1805970 649
1805980 651
1805990 653
1806000 655
1806010 658
1806020 660
1806030 662
1806040 665
1806050 667
1806060 669
1806070 671
1806080 672
1806090 673
1806100 675
1806110 676
1806120 677
1806130 678
1806140 679
1806150 680
1806160 681
1806170 682
1806180 682
1806190 683
1806200 684
1806210 685
1806220 685
1806230 686
1806240 687
1806250 688
1806260 689
1806270 690
1806280 691
1806290 692
1806300 693
1806310 694
1806320 695
1806330 696
1806340 696
1806350 697
1806360 698
1806370 699
1806380 700
1806390 700
1806400 701
1806410 702
1806420 704
1806430 705
1806440 705
1806450 707
1806460 708
1806470 709
1806480 710
1806490 712
1806500 713
1806510 714
1806520 715
1806530 716
1806540 717
1806550 717
1806560 718
1806570 718
1806580 719
1806590 720
1806600 721
1806610 722
1806620 723
1806630 724
1806640 725
1806650 726
1806660 727
1806670 728
1806680 729
1806690 731
1806700 731
1806710 732
1806720 732
1806730 732
1806740 732
1806750 731
1806760 729
1806770 728
1806780 727
1806790 726
1806800 724
1806810 723
1806820 723
1806830 722
1806840 721
1806850 721
1806860 720
1806870 718
1806880 715
1806890 712
1806900 710
1806910 707
1806920 704
1806930 701
1806940 698
1806950 695
1806960 692
1806970 689
1806980 687
1806990 683
1807000 678
1807010 674
1807020 672
1807030 671
1807040 672
1807050 673
1807060 675
1807070 677
1807080 678
1807090 679
1807100 680
1807110 681
1807120 682
1807130 683
1807140 684
1807150 685
1807160 686
1807170 688
1807180 690
1807190 691
1807200 693
1807210 694
1807220 696
1807230 697
1807240 698
1807250 698
1807260 698
1807270 698
1807280 698
1807290 698
1807300 697
1807310 696
1807320 695
1807330 694
1807340 694
1807350 693
1807360 693
1807370 693
1807380 692
1807390 691
1807400 688
1807410 685
1807420 684
1807430 684
1807440 684
1807450 686
1807460 689
1807470 694
1807480 697
1807490 700
1807500 701
1807510 702
1807520 703
1807530 705
1807540 706
1807550 707
1807560 709
1807570 710
1807580 711
1807590 712
1807600 713
1807610 715
1807620 716
1807630 717
1807640 718
1807650 719
1807660 719
1807670 720
1807680 721
1807690 721
1807700 721
1807710 721
1807720 721
1807730 721
1807740 721
1807750 722
1807760 722
1807770 722
1807780 723
1807790 723
1807800 723
1807810 724
1807820 724
1807830 724
1807840 724
1807850 724
1807860 724
1807870 724
1807880 723
1807890 723
1807900 723
1807910 722
1807920 722
1807930 721
1807940 721
1807950 720
1807960 720
1807970 719
1807980 719
1807990 718
1808000 717
1808010 717
1808020 716
1808030 715
1808040 714
1808050 714
1808060 713
1808070 713
1808080 712
1808090 711
1808100 710
1808110 709
1808120 709
1808130 708
1808140 708
1808150 707
1808160 707
1808170 706
1808180 706
1808190 705
1808200 705
1808210 705
1808220 705
1808230 705
1808240 705
1808250 705
1808260 705
1808270 705
1808280 705
1808290 706
1808300 706
1808310 707
1808320 707
1808330 707
1808340 707
1808350 707
1808360 707
1808370 707
1808380 706
1808390 706
1808400 705
1808410 705
1808420 704
1808430 703
1808440 702
1808450 701
1808460 701
1808470 700
1808480 699
1808490 699
1808500 698
1808510 698
1808520 698
1808530 697
1808540 697
1808550 696
1808560 695
1808570 694
1808580 694
1808590 693
1808600 692
1808610 691
1808620 690
1808630 689
1808640 688
1808650 687
1808660 686
1808670 685
1808680 684
1808690 683
1808700 682
1808710 681
1808720 681
1808730 681
1808740 680
1808750 679
1808760 678
1808770 677
1808780 676
1808790 675
1808800 674
1808810 674
1808820 673
1808830 672
1808840 671
1808850 671
1808860 670
1808870 669
1808880 668
1808890 668
1808900 667
1808910 666
1808920 665
1808930 664
1808940 663
1808950 662
1808960 661
1808970 660
1808980 659
1808990 658
1809000 657
1809010 655
1809020 654
1809030 653
1809040 651
1809050 649
1809060 648
1809070 649
1809080 649
1809090 649
1809100 648
1809110 647
1809120 647
1809130 646
1809140 645
1809150 644
1809160 643
1809170 644
1809180 646
1809190 647
1809200 647
1809210 647
1809220 647
1809230 647
1809240 647
1809250 647
1809260 647
1809270 647
1809280 647
1809290 647
1809300 647
1809310 648
1809320 647
1809330 647
1809340 647
1809350 647
1809360 647
1809370 646
1809380 646
1809390 646
1809400 645
1809410 645
1809420 644
1809430 643
1809440 643
1809450 642
1809460 641
1809470 641
1809480 641
1809490 640
1809500 640
1809510 639
1809520 639
1809530 638
1809540 637
1809550 636
1809560 635
1809570 634
1809580 632
1809590 630
1809600 628
1809610 627
1809620 625
1809630 624
1809640 622
1809650 619
1809660 616
1809670 613
1809680 611
1809690 608
1809700 606
1809710 604
1809720 602
1809730 601
1809740 599
1809750 598
1809760 596
1809770 594
1809780 591
1809790 589
1809800 588
1809810 587
1809820 587
1809830 587
1809840 589
1809850 590
1809860 591
1809870 591
1809880 591
1809890 592
1809900 592
1809910 591
1809920 591
1809930 589
1809940 588
1809950 586
1809960 586
1809970 586
1809980 585
1809990 585
1810000 585
1810010 585
1810020 585
1810030 584
1810040 584
1810050 583
1810060 583
1810070 582
1810080 581
1810090 581
1810100 580
1810110 580
1810120 579
1810130 578
1810140 577
1810150 576
1810160 575
1810170 574
1810180 573
1810190 572
1810200 571
1810210 569
1810220 567
1810230 565
1810240 563
1810250 562
1810260 561
1810270 561
1810280 560
1810290 559
1810300 559
1810310 559
1810320 559
1810330 560
1810340 561
1810350 563
1810360 564
1810370 565
1810380 566
1810390 565
1810400 565
1810410 564
1810420 563
1810430 561
1810440 560
1810450 559
1810460 559
1810470 561
1810480 564
1810490 566
1810500 568
1810510 570
1810520 572
1810530 574
1810540 576
1810550 577
1810560 580
1810570 584
1810580 586
1810590 588
1810600 591
1810610 593
1810620 596
1810630 599
1810640 601
1810650 604
1810660 606
1810670 608
1810680 610
1810690 612
1810700 613
1810710 615
1810720 617
1810730 618
1810740 620
1810750 621
1810760 622
1810770 623
1810780 624
1810790 625
1810800 625
1810810 626
1810820 626
1810830 626
1810840 625
1810850 625
1810860 625
1810870 624
1810880 624
1810890 623
1810900 622
1810910 622
1810920 621
1810930 620
1810940 618
1810950 617
1810960 616
1810970 615
1810980 614
1810990 613
1811000 612
1811010 611
1811020 610
1811030 609
1811040 608
1811050 607
1811060 606
1811070 605
1811080 604
1811090 603
1811100 603
1811110 602
1811120 601
1811130 600
1811140 599
1811150 598
1811160 597
1811170 597
1811180 598
1811190 601
1811200 602
1811210 604
1811220 606
1811230 608
1811240 610
1811250 612
1811260 614
1811270 616
1811280 619
1811290 621
1811300 623
1811310 625
1811320 627
1811330 628
1811340 630
1811350 631
1811360 633
1811370 634
1811380 634
1811390 635
1811400 635
1811410 634
1811420 633
1811430 633
1811440 631
1811450 630
1811460 629
1811470 628
1811480 626
1811490 625
1811500 624
1811510 622
1811520 621
1811530 620
1811540 619
1811550 618
1811560 617
1811570 615
1811580 614
1811590 612
1811600 611
1811610 610
1811620 609
1811630 608
1811640 607
1811650 607
1811660 605
1811670 603
1811680 601
1811690 600
1811700 599
1811710 598
1811720 598
1811730 597
1811740 597
1811750 596
1811760 596
1811770 596
1811780 594
1811790 593
1811800 592
1811810 591
1811820 588
1811830 586
1811840 583
1811850 583
1811860 582
1811870 582
1811880 583
1811890 584
1811900 585
1811910 586
1811920 587
1811930 588
1811940 588
1811950 590
1811960 591
1811970 592
1811980 594
1811990 594
1812000 595
1812010 596
1812020 597
1812030 598
1812040 599
1812050 599
1812060 600
1812070 601
1812080 602
1812090 603
1812100 604
1812110 604
1812120 605
1812130 606
1812140 607
1812150 608
1812160 609
1812170 610
1812180 611
1812190 612
1812200 613
1812210 614
1812220 615
1812230 616
1812240 617
1812250 617
1812260 618
1812270 619
1812280 620
1812290 621
1812300 622
1812310 623
1812320 623
1812330 623
1812340 623
1812350 623
1812360 623
1812370 624
1812380 624
1812390 624
1812400 623
1812410 623
1812420 623
1812430 623
1812440 622
1812450 622
1812460 622
1812470 621
1812480 620
1812490 619
1812500 618
1812510 617
1812520 616
1812530 615
1812540 613
1812550 612
1812560 610
1812570 609
1812580 607
1812590 606
1812600 605
1812610 604
1812620 603
1812630 602
1812640 601
1812650 601
1812660 601
1812670 600
1812680 600
1812690 600
1812700 600
1812710 600
1812720 600
1812730 599
1812740 597
1812750 594
1812760 591
1812770 589
1812780 587
1812790 585
1812800 586
1812810 588
1812820 590
1812830 592
1812840 594
1812850 596
1812860 598
1812870 599
1812880 601
1812890 602
1812900 604
1812910 605
1812920 606
1812930 606
1812940 607
1812950 607
1812960 608
1812970 608
1812980 608
1812990 608
1813000 608
1813010 608
1813020 608
1813030 608
1813040 607
1813050 607
1813060 607
1813070 606
1813080 606
1813090 606
1813100 605
1813110 605
1813120 604
1813130 604
1813140 604
1813150 604
1813160 604
1813170 605
1813180 605
1813190 605
1813200 606
1813210 606
1813220 606
1813230 607
1813240 607
1813250 607
1813260 608
1813270 608
1813280 608
1813290 608
1813300 608
1813310 608
1813320 609
1813330 609
1813340 609
1813350 609
1813360 608
1813370 608
1813380 607
1813390 607
1813400 606
1813410 606
1813420 606
1813430 607
1813440 608
1813450 609
1813460 610
1813470 611
1813480 612
1813490 613
1813500 614
1813510 615
1813520 615
1813530 616
1813540 617
1813550 617
1813560 617
1813570 618
1813580 618
1813590 618
1813600 619
1813610 620
1813620 620
1813630 621
1813640 622
1813650 622
1813660 623
1813670 623
1813680 624
1813690 625
1813700 625
1813710 625
1813720 626
1813730 626
1813740 626
1813750 626
1813760 627
1813770 627
1813780 627
1813790 628
1813800 628
1813810 629
1813820 629
1813830 629
1813840 630
1813850 629
1813860 629
1813870 629
1813880 628
1813890 628
1813900 627
1813910 627
1813920 626
1813930 625
1813940 625
1813950 624
1813960 623
1813970 622
1813980 621
1813990 620
1814000 619
1814010 618
1814020 617
1814030 616
1814040 615
1814050 614
1814060 613
1814070 612
1814080 611
1814090 610
1814100 609
1814110 608
1814120 606
1814130 603
1814140 601
1814150 601
1814160 600
1814170 600
1814180 599
1814190 599
1814200 599
1814210 598
1814220 598
1814230 597
1814240 597
1814250 597
1814260 597
1814270 596
1814280 596
1814290 596
1814300 595
1814310 595
1814320 595
1814330 595
1814340 595
1814350 595
1814360 595
1814370 595
1814380 595
1814390 596
1814400 597
1814410 597
1814420 598
1814430 598
1814440 599
1814450 599
1814460 599
1814470 599
1814480 598
1814490 598
1814500 597
1814510 596
1814520 595
1814530 594
1814540 593
1814550 592
1814560 591
1814570 589
1814580 588
1814590 587
1814600 586
1814610 585
1814620 584
1814630 583
1814640 582
1814650 581
1814660 580
1814670 579
1814680 578
1814690 577
1814700 576
1814710 575
1814720 574
1814730 573
1814740 572
1814750 571
1814760 571
1814770 570
1814780 569
1814790 569
1814800 568
1814810 568
1814820 568
1814830 568
1814840 568
1814850 568
1814860 568
1814870 568
1814880 567
1814890 567
1814900 566
1814910 566
1814920 565
1814930 564
1814940 563
1814950 562
1814960 561
1814970 560
1814980 558
1814990 557
1815000 555
1815010 554
1815020 553
1815030 552
1815040 550
1815050 548
1815060 546
1815070 544
1815080 542
1815090 540
1815100 538
1815110 536
1815120 534
1815130 532
1815140 530
1815150 527
1815160 524
1815170 521
1815180 518
1815190 515
1815200 511
1815210 509
1815220 506
1815230 504
1815240 502
1815250 500
1815260 498
1815270 495
1815280 493
1815290 490
1815300 488
1815310 486
1815320 485
1815330 483
1815340 482
1815350 481
1815360 479
1815370 478
1815380 476
1815390 473
1815400 471
1815410 467
1815420 464
1815430 461
1815440 458
1815450 456
1815460 455
1815470 453
1815480 453
1815490 452
1815500 451
1815510 450
1815520 449
1815530 448
1815540 447
1815550 447
1815560 446
1815570 445
1815580 444
1815590 443
1815600 442
1815610 441
1815620 440
1815630 439
1815640 439
1815650 439
1815660 439
1815670 441
1815680 444
1815690 447
1815700 450
1815710 453
1815720 456
1815730 458
1815740 461
1815750 463
1815760 464
1815770 466
1815780 466
1815790 467
1815800 468
1815810 469
1815820 470
1815830 472
1815840 473
1815850 476
1815860 478
1815870 481
1815880 483
1815890 484
1815900 485
1815910 484
1815920 484
1815930 483
1815940 482
1815950 482
1815960 481
1815970 480
1815980 478
1815990 476
1816000 473
1816010 471
1816020 469
1816030 468
1816040 467
1816050 466
1816060 465
1816070 464
1816080 462
1816090 461
1816100 460
1816110 459
1816120 458
1816130 457
1816140 456
1816150 455
1816160 454
1816170 453
1816180 452
1816190 451
1816200 451
1816210 450
1816220 450
1816230 449
1816240 448
1816250 446
1816260 445
1816270 443
1816280 442
1816290 440
1816300 438
1816310 436
1816320 435
1816330 433
1816340 431
1816350 430
1816360 428
1816370 426
1816380 425
1816390 423
1816400 422
1816410 420
1816420 418
1816430 414
1816440 412
1816450 411
1816460 410
1816470 410
1816480 410
1816490 410
1816500 410
1816510 410
1816520 410
1816530 410
1816540 409
1816550 409
1816560 410
1816570 410
1816580 410
1816590 410
1816600 409
1816610 409
1816620 409
1816630 409
1816640 409
1816650 410
1816660 410
1816670 410
1816680 410
1816690 410
1816700 410
1816710 410
1816720 410
1816730 410
1816740 410
1816750 410
1816760 410
1816770 410
1816780 410
1816790 410
1816800 410
1816810 410
1816820 410
1816830 410
1816840 410
1816850 411
1816860 411
1816870 412
1816880 412
1816890 412
1816900 413
1816910 413
1816920 413
1816930 413
1816940 414
1816950 415
1816960 416
1816970 418
1816980 420
1816990 422
1817000 423
1817010 425
1817020 426
1817030 427
1817040 428
1817050 430
1817060 431
1817070 433
1817080 434
1817090 436
1817100 438
1817110 441
1817120 443
1817130 446
1817140 449
1817150 451
1817160 453
1817170 455
1817180 457
1817190 460
1817200 462
1817210 464
1817220 466
1817230 468
1817240 470
1817250 471
1817260 472
1817270 474
1817280 476
1817290 478
1817300 479
1817310 481
1817320 483
1817330 485
1817340 487
1817350 489
1817360 492
1817370 493
1817380 494
1817390 493
1817400 493
1817410 493
1817420 492
1817430 491
1817440 490
1817450 489
1817460 488
1817470 486
1817480 485
1817490 482
1817500 479
1817510 475
1817520 472
1817530 469
1817540 467
1817550 464
1817560 462
1817570 460
1817580 459
1817590 458
1817600 456
1817610 456
1817620 455
1817630 454
1817640 451
1817650 448
1817660 446
1817670 447
1817680 447
1817690 448
1817700 451
1817710 454
1817720 456
1817730 460
1817740 462
1817750 465
1817760 467
1817770 470
1817780 472
1817790 474
1817800 477
1817810 479
1817820 482
1817830 484
1817840 486
1817850 488
1817860 490
1817870 492
1817880 494
1817890 494
1817900 495
1817910 496
1817920 498
1817930 500
1817940 502
1817950 504
1817960 505
1817970 507
1817980 509
1817990 510
1818000 512
1818010 513
1818020 515
1818030 516
1818040 517
1818050 518
1818060 518
1818070 519
1818080 519
1818090 520
1818100 521
1818110 522
1818120 523
1818130 524
1818140 526
1818150 528
1818160 529
1818170 531
1818180 532
1818190 533
1818200 534
1818210 535
1818220 536
1818230 538
1818240 539
1818250 540
1818260 541
1818270 541
1818280 541
1818290 542
1818300 542
1818310 542
1818320 543
1818330 544
1818340 544
1818350 545
1818360 546
1818370 547
1818380 548
1818390 549
1818400 550
1818410 550
1818420 551
1818430 552
1818440 553
1818450 554
1818460 555
1818470 555
1818480 556
1818490 556
1818500 556
1818510 556
1818520 557
1818530 557
1818540 557
1818550 558
1818560 558
1818570 558
1818580 558
1818590 558
1818600 559
1818610 559
1818620 559
1818630 559
1818640 559
1818650 560
1818660 560
1818670 560
1818680 560
1818690 560
1818700 560
1818710 560
1818720 559
1818730 559
1818740 559
1818750 559
1818760 559
1818770 559
1818780 559
1818790 559
1818800 559
1818810 559
1818820 559
1818830 559
1818840 559
1818850 559
1818860 559
1818870 559
1818880 559
1818890 558
1818900 557
1818910 557
1818920 556
1818930 556
1818940 555
1818950 555
1818960 554
1818970 553
1818980 552
1818990 552
1819000 551
1819010 551
1819020 550
1819030 550
1819040 549
1819050 549
1819060 548
1819070 548
1819080 547
1819090 546
1819100 546
1819110 545
1819120 544
1819130 543
1819140 543
1819150 542
1819160 541
1819170 540
1819180 539
1819190 539
1819200 538
1819210 537
1819220 536
1819230 536
1819240 535
1819250 533
1819260 532
1819270 531
1819280 531
1819290 530
1819300 530
1819310 529
1819320 527
1819330 526
1819340 524
1819350 522
1819360 521
1819370 519
1819380 518
1819390 517
1819400 516
1819410 514
1819420 513
1819430 511
1819440 510
1819450 508
1819460 507
1819470 505
1819480 503
1819490 502
1819500 501
1819510 501
1819520 502
1819530 502
1819540 503
1819550 503
1819560 504
1819570 505
1819580 507
1819590 508
1819600 508
1819610 509
1819620 510
1819630 510
1819640 511
1819650 512
1819660 513
1819670 514
1819680 515
1819690 516
1819700 518
1819710 519
1819720 520
1819730 521
1819740 522
1819750 523
1819760 524
1819770 525
1819780 526
1819790 527
1819800 528
1819810 529
1819820 530
1819830 530
1819840 531
1819850 531
1819860 531
1819870 531
1819880 532
1819890 531
1819900 531
1819910 531
1819920 531
1819930 531
1819940 531
1819950 531
1819960 531
1819970 531
1819980 530
1819990 530
