1800000 600
1800010 602
1800020 604
1800030 607
1800040 609
1800050 611
1800060 613
1800070 614
1800080 616
1800090 618
1800100 620
1800110 622
1800120 623
1800130 624
1800140 625
1800150 627
1800160 628
1800170 629
1800180 630
1800190 631
1800200 631
1800210 632
1800220 633
1800230 634
1800240 634
1800250 635
1800260 636
1800270 637
1800280 637
1800290 638
1800300 638
1800310 639
1800320 639
1800330 640
1800340 640
1800350 641
1800360 641
1800370 642
1800380 642
1800390 643
1800400 643
1800410 644
1800420 644
1800430 644
1800440 644
1800450 645
1800460 645
1800470 646
1800480 646
1800490 647
1800500 647
1800510 647
1800520 647
1800530 648
1800540 648
1800550 648
1800560 648
1800570 649
1800580 649
1800590 649
1800600 649
1800610 649
1800620 650
1800630 650
1800640 650
1800650 650
1800660 650
1800670 650
1800680 650
1800690 650
1800700 649
1800710 649
1800720 649
1800730 649
1800740 648
1800750 647
1800760 646
1800770 646
1800780 645
1800790 644
1800800 643
1800810 642
1800820 641
1800830 639
1800840 638
1800850 637
1800860 635
1800870 634
1800880 633
1800890 631
1800900 630
1800910 629
1800920 628
1800930 626
1800940 623
1800950 620
1800960 619
1800970 618
1800980 619
1800990 622
1801000 624
1801010 625
1801020 627
1801030 629
1801040 631
1801050 632
1801060 634
1801070 635
1801080 636
1801090 638
1801100 639
1801110 640
1801120 642
1801130 644
1801140 645
1801150 646
1801160 648
1801170 649
1801180 651
1801190 652
1801200 654
1801210 655
1801220 656
1801230 657
1801240 659
1801250 660
1801260 661
1801270 662
1801280 664
1801290 665
1801300 666
1801310 667
1801320 668
1801330 669
1801340 670
1801350 671
1801360 672
1801370 673
1801380 674
1801390 675
1801400 676
1801410 677
1801420 677
1801430 678
1801440 679
1801450 680
1801460 680
1801470 681
1801480 682
1801490 682
1801500 683
1801510 683
1801520 684
1801530 684
1801540 685
1801550 685
1801560 685
1801570 685
1801580 685
1801590 685
1801600 684
1801610 684
1801620 683
1801630 682
1801640 682
1801650 682
1801660 681
1801670 680
1801680 679
1801690 679
1801700 678
1801710 677
1801720 676
1801730 675
1801740 674
1801750 672
1801760 671
1801770 670
1801780 669
1801790 668
1801800 667
1801810 665
1801820 664
1801830 662
1801840 661
1801850 659
1801860 658
1801870 656
1801880 655
1801890 653
1801900 652
1801910 651
1801920 649
1801930 648
1801940 647
1801950 645
1801960 644
1801970 642
1801980 641
1801990 640
1802000 639
1802010 637
1802020 635
1802030 631
1802040 627
1802050 625
1802060 625
1802070 627
1802080 629
1802090 631
1802100 634
1802110 638
1802120 641
1802130 643
1802140 645
1802150 647
1802160 649
1802170 651
1802180 653
1802190 655
1802200 657
1802210 658
1802220 660
1802230 662
1802240 664
1802250 666
1802260 667
1802270 669
1802280 671
1802290 673
1802300 675
1802310 677
1802320 679
1802330 681
1802340 684
1802350 685
1802360 687
1802370 689
1802380 690
1802390 692
1802400 693
1802410 695
1802420 696
1802430 697
1802440 698
1802450 700
1802460 701
1802470 702
1802480 703
1802490 704
1802500 705
1802510 705
1802520 706
1802530 706
1802540 707
1802550 707
1802560 707
1802570 707
1802580 707
1802590 707
1802600 706
1802610 706
1802620 706
1802630 705
1802640 705
1802650 704
1802660 704
1802670 704
1802680 703
1802690 703
1802700 703
1802710 702
1802720 702
1802730 702
1802740 702
1802750 702
1802760 702
1802770 702
1802780 701
1802790 701
1802800 701
1802810 700
1802820 700
1802830 700
1802840 700
1802850 700
1802860 699
1802870 699
1802880 699
1802890 699
1802900 699
1802910 699
1802920 699
1802930 699
1802940 699
1802950 699
1802960 700
1802970 700
1802980 699
1802990 699
1803000 698
1803010 698
1803020 697
1803030 696
1803040 695
1803050 694
1803060 693
1803070 692
1803080 691
1803090 690
1803100 689
1803110 688
1803120 686
1803130 685
1803140 684
1803150 683
1803160 681
1803170 680
1803180 678
1803190 677
1803200 675
1803210 673
1803220 672
1803230 670
1803240 669
1803250 667
1803260 666
1803270 665
1803280 664
1803290 662
1803300 661
1803310 660
1803320 658
1803330 657
1803340 655
1803350 654
1803360 652
1803370 651
1803380 650
1803390 648
1803400 647
1803410 646
1803420 645
1803430 644
1803440 643
1803450 641
1803460 640
1803470 639
1803480 638
1803490 637
1803500 636
1803510 635
1803520 634
1803530 633
1803540 632
1803550 631
1803560 630
1803570 629
1803580 628
1803590 627
1803600 626
1803610 625
1803620 624
1803630 623
1803640 622
1803650 621
1803660 620
1803670 619
1803680 618
1803690 617
1803700 616
1803710 615
1803720 614
1803730 613
1803740 612
1803750 611
1803760 610
1803770 610
1803780 609
1803790 608
1803800 607
1803810 606
1803820 605
1803830 605
1803840 604
1803850 603
1803860 601
1803870 600
1803880 599
1803890 598
1803900 597
1803910 596
1803920 595
1803930 595
1803940 594
1803950 594
1803960 593
1803970 591
1803980 590
1803990 589
1804000 587
1804010 585
1804020 584
1804030 583
1804040 583
1804050 582
1804060 581
1804070 580
1804080 579
1804090 578
1804100 577
1804110 575
1804120 574
1804130 573
1804140 573
1804150 572
1804160 571
1804170 570
1804180 569
1804190 568
1804200 567
1804210 566
1804220 565
1804230 564
1804240 563
1804250 563
1804260 563
1804270 563
1804280 562
1804290 562
1804300 562
1804310 562
1804320 562
1804330 563
1804340 564
1804350 565
1804360 566
1804370 567
1804380 569
1804390 570
1804400 572
1804410 573
1804420 575
1804430 577
1804440 578
1804450 579
1804460 581
1804470 582
1804480 584
1804490 586
1804500 588
1804510 591
1804520 593
1804530 596
1804540 598
1804550 601
1804560 603
1804570 605
1804580 607
1804590 608
1804600 610
1804610 611
1804620 613
1804630 614
1804640 615
1804650 617
1804660 618
1804670 619
1804680 620
1804690 622
1804700 624
1804710 626
1804720 628
1804730 630
1804740 631
1804750 631
1804760 631
1804770 630
1804780 629
1804790 627
1804800 626
1804810 624
1804820 621
1804830 620
1804840 618
1804850 617
1804860 616
1804870 615
1804880 614
1804890 613
1804900 612
1804910 611
1804920 610
1804930 609
1804940 608
1804950 607
1804960 606
1804970 604
1804980 602
1804990 599
1805000 596
1805010 593
1805020 590
1805030 587
1805040 584
1805050 582
1805060 580
1805070 578
1805080 575
1805090 573
1805100 572
1805110 571
1805120 571
1805130 571
1805140 572
1805150 574
1805160 577
1805170 579
1805180 581
1805190 583
1805200 584
1805210 585
1805220 587
1805230 588
1805240 589
1805250 590
1805260 591
1805270 591
1805280 592
1805290 593
1805300 594
1805310 596
1805320 598
1805330 600
1805340 603
1805350 605
1805360 608
1805370 612
1805380 614
1805390 617
1805400 619
1805410 621
1805420 624
1805430 626
1805440 629
1805450 631
1805460 633
1805470 635
1805480 637
1805490 638
1805500 640
1805510 642
1805520 643
1805530 645
1805540 646
1805550 647
1805560 648
1805570 648
1805580 649
1805590 649
1805600 649
1805610 650
1805620 650
1805630 650
1805640 650
1805650 649
1805660 648
1805670 647
1805680 646
1805690 645
1805700 644
1805710 642
1805720 641
1805730 639
1805740 638
1805750 636
1805760 634
1805770 632
1805780 629
1805790 626
1805800 621
1805810 615
1805820 610
1805830 606
1805840 606
1805850 608
1805860 611
1805870 615
1805880 619
1805890 622
1805900 626
1805910 630
1805920 635
1805930 639
1805940 643
1805950 647
1805960 650
1805970 652
1805980 654
1805990 656
1806000 658
1806010 660
1806020 662
1806030 664
1806040 666
1806050 668
1806060 670
1806070 672
1806080 674
1806090 676
1806100 677
1806110 679
1806120 680
1806130 681
1806140 682
1806150 683
1806160 684
1806170 685
1806180 685
1806190 686
1806200 687
1806210 687
1806220 688
1806230 688
1806240 689
1806250 690
1806260 690
1806270 691
1806280 692
1806290 693
1806300 694
1806310 694
1806320 695
1806330 696
1806340 696
1806350 697
1806360 698
1806370 698
1806380 699
1806390 700
1806400 701
1806410 702
1806420 702
1806430 703
1806440 704
1806450 705
1806460 706
1806470 707
1806480 708
1806490 709
1806500 711
1806510 712
1806520 713
1806530 714
1806540 714
1806550 715
1806560 716
1806570 717
1806580 718
1806590 719
1806600 720
1806610 721
1806620 722
1806630 723
1806640 725
1806650 726
1806660 727
1806670 729
1806680 729
1806690 730
1806700 730
1806710 730
1806720 729
1806730 728
1806740 727
1806750 726
1806760 725
1806770 723
1806780 722
1806790 721
1806800 719
1806810 718
1806820 717
1806830 716
1806840 716
1806850 715
1806860 714
1806870 713
1806880 711
1806890 709
1806900 707
1806910 704
1806920 702
1806930 699
1806940 697
1806950 694
1806960 692
1806970 689
1806980 687
1806990 684
1807000 682
1807010 679
1807020 675
1807030 670
1807040 665
1807050 662
1807060 661
1807070 664
1807080 667
1807090 671
1807100 672
1807110 672
1807120 673
1807130 674
1807140 675
1807150 677
1807160 678
1807170 680
1807180 682
1807190 684
1807200 686
1807210 688
1807220 690
1807230 691
1807240 692
1807250 693
1807260 693
1807270 693
1807280 692
1807290 691
1807300 691
1807310 690
1807320 688
1807330 687
1807340 686
1807350 685
1807360 685
1807370 684
1807380 683
1807390 681
1807400 678
1807410 677
1807420 678
1807430 681
1807440 684
1807450 688
1807460 691
1807470 693
1807480 696
1807490 698
1807500 700
1807510 701
1807520 702
1807530 704
1807540 705
1807550 706
1807560 707
1807570 709
1807580 710
1807590 711
1807600 712
1807610 713
1807620 714
1807630 714
1807640 715
1807650 716
1807660 716
1807670 717
1807680 717
1807690 717
1807700 718
1807710 718
1807720 718
1807730 718
1807740 718
1807750 718
1807760 719
1807770 719
1807780 719
1807790 720
1807800 720
1807810 721
1807820 722
1807830 722
1807840 723
1807850 723
1807860 723
1807870 723
1807880 723
1807890 723
1807900 723
1807910 723
1807920 722
1807930 722
1807940 722
1807950 721
1807960 720
1807970 720
1807980 719
1807990 718
1808000 718
1808010 717
1808020 716
1808030 715
1808040 715
1808050 714
1808060 713
1808070 713
1808080 712
1808090 711
1808100 710
1808110 709
1808120 708
1808130 707
1808140 707
1808150 706
1808160 706
1808170 705
1808180 704
1808190 704
1808200 703
1808210 703
1808220 703
1808230 703
1808240 703
1808250 703
1808260 704
1808270 704
1808280 704
1808290 704
1808300 704
1808310 704
1808320 704
1808330 704
1808340 705
1808350 705
1808360 705
1808370 704
1808380 704
1808390 703
1808400 703
1808410 702
1808420 701
1808430 701
1808440 700
1808450 699
1808460 698
1808470 698
1808480 697
1808490 697
1808500 697
1808510 696
1808520 696
1808530 695
1808540 695
1808550 695
1808560 694
1808570 694
1808580 693
1808590 692
1808600 691
1808610 690
1808620 689
1808630 688
1808640 687
1808650 686
1808660 685
1808670 684
1808680 683
1808690 682
1808700 681
1808710 681
1808720 681
1808730 681
1808740 680
1808750 679
1808760 678
1808770 677
1808780 676
1808790 675
1808800 674
1808810 673
1808820 673
1808830 672
1808840 671
1808850 670
1808860 670
1808870 669
1808880 668
1808890 667
1808900 667
1808910 666
1808920 665
1808930 664
1808940 663
1808950 662
1808960 660
1808970 659
1808980 658
1808990 657
1809000 656
1809010 655
1809020 654
1809030 652
1809040 651
1809050 649
1809060 647
1809070 645
1809080 643
1809090 642
1809100 642
1809110 642
1809120 642
1809130 641
1809140 640
1809150 640
1809160 642
1809170 643
1809180 644
1809190 644
1809200 644
1809210 645
1809220 645
1809230 645
1809240 644
1809250 644
1809260 644
1809270 644
1809280 644
1809290 644
1809300 644
1809310 644
1809320 644
1809330 644
1809340 644
1809350 643
1809360 643
1809370 643
1809380 642
1809390 641
1809400 641
1809410 640
1809420 638
1809430 637
1809440 635
1809450 634
1809460 632
1809470 632
1809480 632
1809490 631
1809500 631
1809510 631
1809520 632
1809530 632
1809540 631
1809550 630
1809560 629
1809570 627
1809580 625
1809590 622
1809600 620
1809610 618
1809620 616
1809630 614
1809640 611
1809650 609
1809660 607
1809670 605
1809680 603
1809690 600
1809700 598
1809710 597
1809720 596
1809730 595
1809740 594
1809750 592
1809760 591
1809770 591
1809780 592
1809790 594
1809800 596
1809810 598
1809820 599
1809830 601
1809840 602
1809850 603
1809860 604
1809870 604
1809880 603
1809890 603
1809900 602
1809910 601
1809920 600
1809930 599
1809940 598
1809950 597
1809960 597
1809970 597
1809980 597
1809990 597
1810000 597
1810010 597
1810020 596
1810030 596
1810040 596
1810050 596
1810060 596
1810070 595
1810080 595
1810090 594
1810100 593
1810110 592
1810120 591
1810130 589
1810140 588
1810150 586
1810160 585
1810170 584
1810180 584
1810190 582
1810200 581
1810210 580
1810220 578
1810230 577
1810240 575
1810250 574
1810260 572
1810270 571
1810280 569
1810290 566
1810300 563
1810310 560
1810320 558
1810330 557
1810340 557
1810350 557
1810360 557
1810370 557
1810380 557
1810390 558
1810400 557
1810410 556
1810420 556
1810430 556
1810440 557
1810450 558
1810460 562
1810470 565
1810480 567
1810490 570
1810500 573
1810510 576
1810520 578
1810530 581
1810540 583
1810550 584
1810560 586
1810570 588
1810580 589
1810590 590
1810600 592
1810610 594
1810620 597
1810630 600
1810640 601
1810650 603
1810660 606
1810670 608
1810680 609
1810690 611
1810700 613
1810710 614
1810720 616
1810730 618
1810740 619
1810750 620
1810760 622
1810770 623
1810780 623
1810790 624
1810800 624
1810810 625
1810820 625
1810830 625
1810840 625
1810850 624
1810860 624
1810870 624
1810880 623
1810890 623
1810900 622
1810910 621
1810920 620
1810930 619
1810940 618
1810950 617
1810960 616
1810970 615
1810980 614
1810990 613
1811000 612
1811010 611
1811020 610
1811030 609
1811040 608
1811050 607
1811060 606
1811070 605
1811080 604
1811090 603
1811100 602
1811110 600
1811120 599
1811130 598
1811140 597
1811150 596
1811160 595
1811170 596
1811180 597
1811190 600
1811200 601
1811210 603
1811220 605
1811230 606
1811240 608
1811250 610
1811260 612
1811270 614
1811280 616
1811290 618
1811300 620
1811310 622
1811320 624
1811330 625
1811340 627
1811350 629
1811360 630
1811370 631
1811380 632
1811390 633
1811400 633
1811410 634
1811420 633
1811430 633
1811440 632
1811450 631
1811460 630
1811470 628
1811480 627
1811490 626
1811500 624
1811510 623
1811520 622
1811530 620
1811540 619
1811550 618
1811560 616
1811570 615
1811580 614
1811590 613
1811600 612
1811610 610
1811620 609
1811630 608
1811640 607
1811650 606
1811660 604
1811670 603
1811680 602
1811690 600
1811700 599
1811710 597
1811720 595
1811730 594
1811740 593
1811750 592
1811760 592
1811770 592
1811780 592
1811790 590
1811800 588
1811810 587
1811820 584
1811830 581
1811840 580
1811850 581
1811860 582
1811870 583
1811880 584
1811890 585
1811900 586
1811910 588
1811920 589
1811930 590
1811940 592
1811950 593
1811960 594
1811970 596
1811980 597
1811990 598
1812000 599
1812010 600
1812020 601
1812030 602
1812040 603
1812050 604
1812060 604
1812070 605
1812080 606
1812090 606
1812100 607
1812110 608
1812120 609
1812130 609
1812140 610
1812150 611
1812160 612
1812170 613
1812180 614
1812190 615
1812200 616
1812210 617
1812220 618
1812230 619
1812240 620
1812250 621
1812260 622
1812270 623
1812280 624
1812290 624
1812300 625
1812310 625
1812320 625
1812330 625
1812340 625
1812350 625
1812360 626
1812370 625
1812380 625
1812390 625
1812400 625
1812410 625
1812420 624
1812430 624
1812440 624
1812450 624
1812460 623
1812470 622
1812480 621
1812490 621
1812500 620
1812510 619
1812520 618
1812530 617
1812540 616
1812550 615
1812560 613
1812570 612
1812580 610
1812590 608
1812600 607
1812610 605
1812620 604
1812630 603
1812640 601
1812650 600
1812660 599
1812670 597
1812680 596
1812690 595
1812700 594
1812710 593
1812720 593
1812730 593
1812740 592
1812750 590
1812760 588
1812770 586
1812780 584
1812790 583
1812800 585
1812810 587
1812820 589
1812830 591
1812840 593
1812850 595
1812860 597
1812870 599
1812880 600
1812890 602
1812900 603
1812910 604
1812920 605
1812930 606
1812940 607
1812950 607
1812960 608
1812970 608
1812980 608
1812990 608
1813000 608
1813010 608
1813020 608
1813030 608
1813040 608
1813050 608
1813060 607
1813070 607
1813080 606
1813090 606
1813100 605
1813110 604
1813120 604
1813130 603
1813140 603
1813150 603
1813160 603
1813170 603
1813180 603
1813190 603
1813200 603
1813210 604
1813220 604
1813230 604
1813240 605
1813250 605
1813260 605
1813270 606
1813280 606
1813290 606
1813300 606
1813310 606
1813320 606
1813330 606
1813340 606
1813350 606
1813360 606
1813370 606
1813380 605
1813390 604
1813400 604
1813410 604
1813420 604
1813430 605
1813440 605
1813450 606
1813460 608
1813470 609
1813480 610
1813490 611
1813500 612
1813510 613
1813520 614
1813530 614
1813540 615
1813550 615
1813560 615
1813570 616
1813580 616
1813590 617
1813600 618
1813610 618
1813620 619
1813630 619
1813640 620
1813650 620
1813660 621
1813670 622
1813680 622
1813690 623
1813700 624
1813710 624
1813720 625
1813730 626
1813740 626
1813750 627
1813760 628
1813770 629
1813780 630
1813790 630
1813800 631
1813810 632
1813820 632
1813830 633
1813840 633
1813850 632
1813860 632
1813870 632
1813880 631
1813890 631
1813900 630
1813910 630
1813920 629
1813930 628
1813940 627
1813950 626
1813960 625
1813970 624
1813980 623
1813990 622
1814000 621
1814010 620
1814020 619
1814030 618
1814040 617
1814050 616
1814060 615
1814070 614
1814080 613
1814090 612
1814100 611
1814110 609
1814120 607
1814130 604
1814140 603
1814150 602
1814160 602
1814170 601
1814180 600
1814190 599
1814200 597
1814210 596
1814220 595
1814230 595
1814240 594
1814250 593
1814260 593
1814270 592
1814280 592
1814290 592
1814300 592
1814310 592
1814320 592
1814330 592
1814340 592
1814350 593
1814360 593
1814370 594
1814380 594
1814390 594
1814400 594
1814410 595
1814420 595
1814430 595
1814440 596
1814450 596
1814460 596
1814470 597
1814480 596
1814490 596
1814500 596
1814510 596
1814520 595
1814530 594
1814540 593
1814550 592
1814560 591
1814570 590
1814580 589
1814590 588
1814600 586
1814610 585
1814620 584
1814630 583
1814640 582
1814650 581
1814660 580
1814670 580
1814680 579
1814690 578
1814700 578
1814710 577
1814720 576
1814730 575
1814740 574
1814750 573
1814760 572
1814770 571
1814780 570
1814790 569
1814800 569
1814810 568
1814820 567
1814830 567
1814840 566
1814850 566
1814860 565
1814870 564
1814880 564
1814890 563
1814900 563
1814910 562
1814920 562
1814930 561
1814940 560
1814950 559
1814960 557
1814970 556
1814980 554
1814990 552
1815000 550
1815010 548
1815020 546
1815030 545
1815040 543
1815050 541
1815060 539
1815070 537
1815080 535
1815090 533
1815100 530
1815110 528
1815120 525
1815130 523
1815140 521
1815150 518
1815160 514
1815170 511
1815180 508
1815190 506
1815200 504
1815210 501
1815220 498
1815230 495
1815240 493
1815250 492
1815260 490
1815270 489
1815280 487
1815290 485
1815300 482
1815310 480
1815320 477
1815330 475
1815340 472
1815350 470
1815360 468
1815370 467
1815380 465
1815390 463
1815400 461
1815410 459
1815420 458
1815430 459
1815440 460
1815450 460
1815460 461
1815470 461
1815480 461
1815490 460
1815500 459
1815510 456
1815520 453
1815530 449
1815540 447
1815550 446
1815560 445
1815570 444
1815580 443
1815590 442
1815600 441
1815610 440
1815620 440
1815630 441
1815640 443
1815650 445
1815660 448
1815670 452
1815680 455
1815690 457
1815700 460
1815710 463
1815720 466
1815730 468
1815740 470
1815750 472
1815760 473
1815770 474
1815780 474
1815790 475
1815800 475
1815810 476
1815820 477
1815830 478
1815840 481
1815850 483
1815860 486
1815870 488
1815880 490
1815890 491
1815900 492
1815910 492
1815920 492
1815930 491
1815940 490
1815950 489
1815960 487
1815970 486
1815980 484
1815990 482
1816000 480
1816010 479
1816020 478
1816030 477
1816040 476
1816050 475
1816060 474
1816070 473
1816080 472
1816090 471
1816100 470
1816110 469
1816120 468
1816130 467
1816140 466
1816150 465
1816160 464
1816170 463
1816180 463
1816190 462
1816200 461
1816210 461
1816220 460
1816230 459
1816240 458
1816250 457
1816260 456
1816270 454
1816280 453
1816290 451
1816300 449
1816310 448
1816320 446
1816330 444
1816340 442
1816350 440
1816360 437
1816370 435
1816380 432
1816390 430
1816400 429
1816410 427
1816420 425
1816430 424
1816440 420
1816450 416
1816460 413
1816470 411
1816480 410
1816490 410
1816500 410
1816510 410
1816520 410
1816530 410
1816540 410
1816550 410
1816560 409
1816570 409
1816580 409
1816590 409
1816600 409
1816610 409
1816620 409
1816630 409
1816640 409
1816650 409
1816660 409
1816670 409
1816680 409
1816690 409
1816700 409
1816710 409
1816720 409
1816730 409
1816740 409
1816750 409
1816760 410
1816770 410
1816780 409
1816790 409
1816800 409
1816810 409
1816820 409
1816830 409
1816840 409
1816850 409
1816860 409
1816870 409
1816880 409
1816890 410
1816900 410
1816910 409
1816920 409
1816930 409
1816940 409
1816950 409
1816960 410
1816970 411
1816980 412
1816990 413
1817000 415
1817010 417
1817020 418
1817030 420
1817040 422
1817050 424
1817060 426
1817070 427
1817080 428
1817090 430
1817100 432
1817110 434
1817120 436
1817130 438
1817140 441
1817150 443
1817160 445
1817170 448
1817180 450
1817190 452
1817200 455
1817210 458
1817220 460
1817230 463
1817240 466
1817250 467
1817260 469
1817270 471
1817280 472
1817290 473
1817300 474
1817310 476
1817320 477
1817330 479
1817340 481
1817350 483
1817360 484
1817370 486
1817380 487
1817390 488
1817400 488
1817410 487
1817420 487
1817430 485
1817440 483
1817450 482
1817460 480
1817470 478
1817480 476
1817490 473
1817500 470
1817510 465
1817520 462
1817530 459
1817540 457
1817550 455
1817560 454
1817570 452
1817580 451
1817590 450
1817600 449
1817610 448
1817620 447
1817630 446
1817640 444
1817650 445
1817660 446
1817670 448
1817680 450
1817690 452
1817700 455
1817710 458
1817720 462
1817730 466
1817740 470
1817750 473
1817760 476
1817770 479
1817780 481
1817790 484
1817800 487
1817810 489
1817820 491
1817830 493
1817840 494
1817850 495
1817860 496
1817870 497
1817880 497
1817890 499
1817900 500
1817910 501
1817920 502
1817930 503
1817940 504
1817950 505
1817960 506
1817970 507
1817980 508
1817990 509
1818000 509
1818010 510
1818020 511
1818030 511
1818040 511
1818050 512
1818060 512
1818070 513
1818080 513
1818090 514
1818100 515
1818110 516
1818120 516
1818130 517
1818140 518
1818150 519
1818160 521
1818170 522
1818180 523
1818190 524
1818200 525
1818210 526
1818220 527
1818230 528
1818240 529
1818250 530
1818260 531
1818270 532
1818280 533
1818290 534
1818300 535
1818310 536
1818320 537
1818330 538
1818340 539
1818350 540
1818360 541
1818370 542
1818380 543
1818390 544
1818400 546
1818410 547
1818420 547
1818430 548
1818440 549
1818450 549
1818460 550
1818470 551
1818480 552
1818490 553
1818500 553
1818510 554
1818520 554
1818530 554
1818540 555
1818550 555
1818560 555
1818570 555
1818580 556
1818590 556
1818600 556
1818610 557
1818620 557
1818630 557
1818640 558
1818650 558
1818660 558
1818670 558
1818680 559
1818690 559
1818700 560
1818710 560
1818720 561
1818730 560
1818740 560
1818750 560
1818760 560
1818770 559
1818780 559
1818790 559
1818800 559
1818810 559
1818820 560
1818830 560
1818840 560
1818850 560
1818860 559
1818870 559
1818880 559
1818890 558
1818900 558
1818910 557
1818920 556
1818930 555
1818940 555
1818950 554
1818960 553
1818970 553
1818980 552
1818990 551
1819000 551
1819010 550
1819020 549
1819030 549
1819040 548
1819050 548
1819060 547
1819070 547
1819080 546
1819090 546
1819100 545
1819110 544
1819120 543
1819130 543
1819140 542
1819150 541
1819160 540
1819170 540
1819180 539
1819190 538
1819200 538
1819210 537
1819220 536
1819230 536
1819240 535
1819250 535
1819260 535
1819270 535
1819280 534
1819290 534
1819300 533
1819310 532
1819320 531
1819330 530
1819340 528
1819350 526
1819360 525
1819370 523
1819380 522
1819390 520
1819400 519
1819410 518
1819420 516
1819430 515
1819440 514
1819450 512
1819460 511
1819470 509
1819480 508
1819490 506
1819500 504
1819510 503
1819520 502
1819530 501
1819540 499
1819550 498
1819560 498
1819570 499
1819580 501
1819590 503
1819600 504
1819610 505
1819620 506
1819630 508
1819640 509
1819650 510
1819660 511
1819670 512
1819680 513
1819690 514
1819700 515
1819710 516
1819720 518
1819730 519
1819740 520
1819750 522
1819760 523
1819770 524
1819780 525
1819790 525
1819800 526
1819810 527
1819820 528
1819830 528
1819840 529
1819850 529
1819860 529
1819870 530
1819880 530
1819890 530
1819900 530
1819910 530
1819920 529
1819930 529
1819940 529
1819950 529
1819960 529
1819970 528
1819980 528
1819990 528
