1800000 575
1800010 576
1800020 577
1800030 579
1800040 581
1800050 582
1800060 583
1800070 584
1800080 585
1800090 585
1800100 586
1800110 586
1800120 587
1800130 588
1800140 588
1800150 589
1800160 589
1800170 589
1800180 590
1800190 590
1800200 591
1800210 591
1800220 591
1800230 592
1800240 592
1800250 592
1800260 592
1800270 592
1800280 592
1800290 593
1800300 593
1800310 593
1800320 593
1800330 593
1800340 593
1800350 593
1800360 593
1800370 592
1800380 592
1800390 591
1800400 590
1800410 590
1800420 590
1800430 590
1800440 590
1800450 587
1800460 586
1800470 588
1800480 588
1800490 588
1800500 589
1800510 591
1800520 593
1800530 594
1800540 596
1800550 598
1800560 599
1800570 600
1800580 602
1800590 603
1800600 604
1800610 605
1800620 606
1800630 607
1800640 608
1800650 610
1800660 611
1800670 612
1800680 613
1800690 614
1800700 615
1800710 616
1800720 617
1800730 617
1800740 618
1800750 618
1800760 618
1800770 618
1800780 618
1800790 618
1800800 618
1800810 617
1800820 616
1800830 616
1800840 615
1800850 614
1800860 614
1800870 613
1800880 612
1800890 612
1800900 611
1800910 610
1800920 609
1800930 608
1800940 608
1800950 607
1800960 606
1800970 605
1800980 604
1800990 603
1801000 601
1801010 599
1801020 597
1801030 594
1801040 591
1801050 588
1801060 585
1801070 585
1801080 587
1801090 591
1801100 594
1801110 597
1801120 599
1801130 600
1801140 601
1801150 602
1801160 604
1801170 605
1801180 607
1801190 609
1801200 610
1801210 612
1801220 613
1801230 614
1801240 615
1801250 617
1801260 618
1801270 619
1801280 621
1801290 623
1801300 625
1801310 626
1801320 627
1801330 628
1801340 629
1801350 631
1801360 632
1801370 634
1801380 635
1801390 636
1801400 637
1801410 638
1801420 639
1801430 640
1801440 641
1801450 642
1801460 643
1801470 644
1801480 645
1801490 646
1801500 647
1801510 647
1801520 648
1801530 649
1801540 650
1801550 651
1801560 652
1801570 652
1801580 653
1801590 654
1801600 654
1801610 654
1801620 654
1801630 654
1801640 654
1801650 653
1801660 653
1801670 652
1801680 651
1801690 650
1801700 650
1801710 649
1801720 649
1801730 649
1801740 647
1801750 647
1801760 646
1801770 645
1801780 644
1801790 643
1801800 643
1801810 642
1801820 641
1801830 639
1801840 638
1801850 636
1801860 635
1801870 633
1801880 631
1801890 629
1801900 627
1801910 624
1801920 622
1801930 621
1801940 620
1801950 619
1801960 617
1801970 616
1801980 614
1801990 613
1802000 611
1802010 610
1802020 607
1802030 605
1802040 603
1802050 602
1802060 601
1802070 600
1802080 600
1802090 601
1802100 602
1802110 604
1802120 607
1802130 610
1802140 613
1802150 615
1802160 617
1802170 619
1802180 621
1802190 623
1802200 625
1802210 626
1802220 628
1802230 630
1802240 631
1802250 633
1802260 635
1802270 636
1802280 638
1802290 640
1802300 642
1802310 643
1802320 645
1802330 647
1802340 648
1802350 650
1802360 652
1802370 653
1802380 655
1802390 657
1802400 658
1802410 660
1802420 662
1802430 664
1802440 665
1802450 667
1802460 669
1802470 670
1802480 672
1802490 673
1802500 675
1802510 677
1802520 678
1802530 680
1802540 682
1802550 683
1802560 684
1802570 685
1802580 685
1802590 685
1802600 684
1802610 684
1802620 683
1802630 682
1802640 681
1802650 680
1802660 679
1802670 678
1802680 677
1802690 676
1802700 675
1802710 673
1802720 672
1802730 671
1802740 670
1802750 669
1802760 668
1802770 666
1802780 665
1802790 664
1802800 662
1802810 661
1802820 659
1802830 658
1802840 656
1802850 655
1802860 653
1802870 651
1802880 649
1802890 645
1802900 642
1802910 644
1802920 646
1802930 648
1802940 648
1802950 649
1802960 649
1802970 650
1802980 650
1802990 651
1803000 652
1803010 653
1803020 654
1803030 655
1803040 657
1803050 658
1803060 660
1803070 661
1803080 663
1803090 664
1803100 665
1803110 667
1803120 668
1803130 669
1803140 671
1803150 672
1803160 673
1803170 674
1803180 675
1803190 676
1803200 677
1803210 678
1803220 679
1803230 680
1803240 681
1803250 682
1803260 683
1803270 683
1803280 684
1803290 685
1803300 686
1803310 686
1803320 687
1803330 688
1803340 688
1803350 688
1803360 688
1803370 688
1803380 687
1803390 686
1803400 685
1803410 684
1803420 683
1803430 682
1803440 681
1803450 679
1803460 678
1803470 677
1803480 675
1803490 674
1803500 672
1803510 671
1803520 669
1803530 668
1803540 666
1803550 665
1803560 663
1803570 662
1803580 661
1803590 660
1803600 658
1803610 657
1803620 656
1803630 655
1803640 653
1803650 652
1803660 651
1803670 650
1803680 648
1803690 647
1803700 646
1803710 645
1803720 644
1803730 643
1803740 641
1803750 640
1803760 639
1803770 638
1803780 637
1803790 635
1803800 634
1803810 633
1803820 631
1803830 630
1803840 629
1803850 627
1803860 626
1803870 625
1803880 624
1803890 622
1803900 621
1803910 620
1803920 619
1803930 618
1803940 617
1803950 616
1803960 615
1803970 614
1803980 613
1803990 612
1804000 611
1804010 610
1804020 609
1804030 607
1804040 605
1804050 604
1804060 603
1804070 601
1804080 599
1804090 597
1804100 596
1804110 594
1804120 593
1804130 592
1804140 591
1804150 590
1804160 589
1804170 589
1804180 588
1804190 586
1804200 585
1804210 584
1804220 583
1804230 582
1804240 580
1804250 578
1804260 577
1804270 575
1804280 574
1804290 573
1804300 571
1804310 569
1804320 568
1804330 568
1804340 568
1804350 568
1804360 567
1804370 566
1804380 566
1804390 564
1804400 563
1804410 562
1804420 562
1804430 561
1804440 561
1804450 560
1804460 559
1804470 559
1804480 559
1804490 558
1804500 557
1804510 557
1804520 556
1804530 555
1804540 554
1804550 553
1804560 552
1804570 552
1804580 551
1804590 551
1804600 551
1804610 550
1804620 550
1804630 550
1804640 550
1804650 550
1804660 550
1804670 550
1804680 550
1804690 550
1804700 550
1804710 550
1804720 550
1804730 551
1804740 552
1804750 553
1804760 554
1804770 556
1804780 557
1804790 559
1804800 560
1804810 561
1804820 562
1804830 564
1804840 565
1804850 566
1804860 566
1804870 565
1804880 564
1804890 564
1804900 563
1804910 562
1804920 561
1804930 560
1804940 559
1804950 558
1804960 557
1804970 556
1804980 555
1804990 555
1805000 555
1805010 555
1805020 555
1805030 555
1805040 556
1805050 558
1805060 559
1805070 561
1805080 563
1805090 565
1805100 567
1805110 571
1805120 574
1805130 577
1805140 580
1805150 582
1805160 584
1805170 585
1805180 586
1805190 588
1805200 590
1805210 591
1805220 593
1805230 594
1805240 595
1805250 596
1805260 596
1805270 596
1805280 596
1805290 596
1805300 597
1805310 598
1805320 599
1805330 600
1805340 601
1805350 603
1805360 604
1805370 606
1805380 607
1805390 609
1805400 610
1805410 611
1805420 613
1805430 615
1805440 616
1805450 618
1805460 620
1805470 622
1805480 624
1805490 625
1805500 627
1805510 628
1805520 630
1805530 632
1805540 634
1805550 636
1805560 637
1805570 638
1805580 638
1805590 638
1805600 638
1805610 638
1805620 637
1805630 636
1805640 635
1805650 633
1805660 632
1805670 630
1805680 629
1805690 627
1805700 626
1805710 624
1805720 623
1805730 622
1805740 621
1805750 619
1805760 617
1805770 616
1805780 614
1805790 612
1805800 610
1805810 608
1805820 606
1805830 604
1805840 602
1805850 600
1805860 598
1805870 596
1805880 593
1805890 589
1805900 585
1805910 584
1805920 584
1805930 589
1805940 593
1805950 596
1805960 599
1805970 602
1805980 605
1805990 608
1806000 611
1806010 613
1806020 616
1806030 618
1806040 619
1806050 620
1806060 619
1806070 618
1806080 614
1806090 612
1806100 610
1806110 610
1806120 613
1806130 616
1806140 619
1806150 623
1806160 627
1806170 631
1806180 633
1806190 636
1806200 638
1806210 640
1806220 642
1806230 644
1806240 646
1806250 648
1806260 650
1806270 653
1806280 656
1806290 658
1806300 661
1806310 663
1806320 665
1806330 667
1806340 668
1806350 670
1806360 672
1806370 673
1806380 674
1806390 675
1806400 676
1806410 677
1806420 678
1806430 678
1806440 678
1806450 678
1806460 677
1806470 676
1806480 675
1806490 675
1806500 674
1806510 673
1806520 672
1806530 670
1806540 669
1806550 668
1806560 666
1806570 664
1806580 662
1806590 660
1806600 658
1806610 655
1806620 653
1806630 650
1806640 648
1806650 645
1806660 642
1806670 639
1806680 636
1806690 634
1806700 631
1806710 629
1806720 627
1806730 623
1806740 618
1806750 613
1806760 607
1806770 604
1806780 603
1806790 607
1806800 609
1806810 611
1806820 614
1806830 615
1806840 617
1806850 617
1806860 616
1806870 614
1806880 612
1806890 610
1806900 609
1806910 608
1806920 607
1806930 606
1806940 605
1806950 605
1806960 604
1806970 604
1806980 604
1806990 603
1807000 603
1807010 601
1807020 598
1807030 594
1807040 595
1807050 596
1807060 598
1807070 600
1807080 602
1807090 605
1807100 608
1807110 610
1807120 612
1807130 613
1807140 614
1807150 616
1807160 619
1807170 622
1807180 624
1807190 626
1807200 628
1807210 630
1807220 632
1807230 634
1807240 635
1807250 636
1807260 638
1807270 639
1807280 640
1807290 642
1807300 643
1807310 644
1807320 645
1807330 646
1807340 647
1807350 649
1807360 651
1807370 653
1807380 654
1807390 656
1807400 658
1807410 659
1807420 661
1807430 662
1807440 663
1807450 665
1807460 666
1807470 668
1807480 669
1807490 671
1807500 672
1807510 674
1807520 675
1807530 677
1807540 679
1807550 681
1807560 682
1807570 684
1807580 686
1807590 687
1807600 688
1807610 690
1807620 691
1807630 693
1807640 694
1807650 695
1807660 697
1807670 698
1807680 700
1807690 701
1807700 702
1807710 704
1807720 705
1807730 706
1807740 708
1807750 709
1807760 710
1807770 711
1807780 712
1807790 714
1807800 715
1807810 717
1807820 718
1807830 719
1807840 720
1807850 720
1807860 720
1807870 720
1807880 720
1807890 720
1807900 720
1807910 720
1807920 720
1807930 720
1807940 719
1807950 719
1807960 718
1807970 717
1807980 717
1807990 716
1808000 715
1808010 715
1808020 714
1808030 714
1808040 714
1808050 714
1808060 714
1808070 714
1808080 713
1808090 713
1808100 713
1808110 713
1808120 713
1808130 714
1808140 714
1808150 714
1808160 715
1808170 715
1808180 716
1808190 716
1808200 717
1808210 718
1808220 719
1808230 720
1808240 720
1808250 721
1808260 722
1808270 722
1808280 722
1808290 723
1808300 723
1808310 723
1808320 724
1808330 724
1808340 724
1808350 724
1808360 724
1808370 724
1808380 723
1808390 722
1808400 721
1808410 720
1808420 719
1808430 718
1808440 716
1808450 715
1808460 713
1808470 712
1808480 710
1808490 708
1808500 707
1808510 705
1808520 703
1808530 702
1808540 700
1808550 699
1808560 698
1808570 697
1808580 696
1808590 694
1808600 693
1808610 692
1808620 691
1808630 689
1808640 687
1808650 685
1808660 684
1808670 683
1808680 682
1808690 680
1808700 679
1808710 678
1808720 677
1808730 676
1808740 675
1808750 674
1808760 673
1808770 671
1808780 670
1808790 670
1808800 669
1808810 668
1808820 667
1808830 666
1808840 666
1808850 665
1808860 665
1808870 664
1808880 663
1808890 663
1808900 662
1808910 661
1808920 660
1808930 660
1808940 659
1808950 659
1808960 659
1808970 659
1808980 659
1808990 659
1809000 659
1809010 660
1809020 660
1809030 660
1809040 660
1809050 660
1809060 660
1809070 660
1809080 660
1809090 660
1809100 660
1809110 660
1809120 659
1809130 659
1809140 659
1809150 659
1809160 659
1809170 659
1809180 658
1809190 658
1809200 658
1809210 658
1809220 657
1809230 657
1809240 656
1809250 655
1809260 655
1809270 654
1809280 654
1809290 653
1809300 653
1809310 653
1809320 652
1809330 651
1809340 651
1809350 650
1809360 649
1809370 648
1809380 647
1809390 646
1809400 645
1809410 645
1809420 645
1809430 645
1809440 646
1809450 646
1809460 646
1809470 646
1809480 647
1809490 647
1809500 647
1809510 647
1809520 647
1809530 647
1809540 647
1809550 647
1809560 647
1809570 647
1809580 647
1809590 647
1809600 646
1809610 646
1809620 645
1809630 645
1809640 644
1809650 643
1809660 642
1809670 641
1809680 641
1809690 640
1809700 639
1809710 638
1809720 637
1809730 635
1809740 634
1809750 633
1809760 632
1809770 631
1809780 630
1809790 629
1809800 628
1809810 627
1809820 625
1809830 624
1809840 622
1809850 621
1809860 620
1809870 619
1809880 619
1809890 618
1809900 618
1809910 618
1809920 618
1809930 618
1809940 618
1809950 617
1809960 617
1809970 616
1809980 615
1809990 614
1810000 613
1810010 612
1810020 611
1810030 610
1810040 610
1810050 610
1810060 610
1810070 609
1810080 609
1810090 609
1810100 609
1810110 609
1810120 608
1810130 608
1810140 608
1810150 608
1810160 608
1810170 607
1810180 607
1810190 607
1810200 607
1810210 606
1810220 604
1810230 603
1810240 601
1810250 599
1810260 596
1810270 593
1810280 591
1810290 588
1810300 585
1810310 583
1810320 581
1810330 579
1810340 577
1810350 575
1810360 574
1810370 572
1810380 570
1810390 567
1810400 564
1810410 561
1810420 558
1810430 556
1810440 553
1810450 550
1810460 547
1810470 544
1810480 542
1810490 541
1810500 541
1810510 541
1810520 542
1810530 544
1810540 548
1810550 552
1810560 555
1810570 557
1810580 560
1810590 563
1810600 565
1810610 566
1810620 567
1810630 569
1810640 570
1810650 572
1810660 574
1810670 576
1810680 578
1810690 580
1810700 582
1810710 585
1810720 587
1810730 590
1810740 592
1810750 595
1810760 597
1810770 599
1810780 601
1810790 603
1810800 604
1810810 606
1810820 608
1810830 610
1810840 611
1810850 611
1810860 612
1810870 612
1810880 612
1810890 612
1810900 611
1810910 610
1810920 609
1810930 608
1810940 607
1810950 606
1810960 605
1810970 604
1810980 603
1810990 602
1811000 601
1811010 600
1811020 600
1811030 599
1811040 598
1811050 597
1811060 596
1811070 595
1811080 593
1811090 594
1811100 595
1811110 596
1811120 596
1811130 596
1811140 597
1811150 597
1811160 598
1811170 598
1811180 598
1811190 598
1811200 598
1811210 598
1811220 598
1811230 598
1811240 598
1811250 599
1811260 599
1811270 599
1811280 598
1811290 598
1811300 598
1811310 597
1811320 597
1811330 596
1811340 595
1811350 594
1811360 592
1811370 591
1811380 589
1811390 587
1811400 585
1811410 584
1811420 582
1811430 580
1811440 579
1811450 577
1811460 575
1811470 573
1811480 572
1811490 573
1811500 574
1811510 577
1811520 578
1811530 580
1811540 581
1811550 582
1811560 583
1811570 584
1811580 585
1811590 586
1811600 586
1811610 587
1811620 587
1811630 588
1811640 587
1811650 587
1811660 587
1811670 586
1811680 586
1811690 585
1811700 584
1811710 583
1811720 582
1811730 581
1811740 579
1811750 578
1811760 577
1811770 575
1811780 573
1811790 570
1811800 568
1811810 568
1811820 570
1811830 572
1811840 575
1811850 576
1811860 578
1811870 580
1811880 581
1811890 583
1811900 585
1811910 586
1811920 589
1811930 591
1811940 593
1811950 595
1811960 597
1811970 599
1811980 601
1811990 603
1812000 606
1812010 608
1812020 609
1812030 611
1812040 612
1812050 614
1812060 615
1812070 616
1812080 617
1812090 617
1812100 617
1812110 618
1812120 618
1812130 618
1812140 618
1812150 618
1812160 618
1812170 618
1812180 618
1812190 618
1812200 618
1812210 618
1812220 618
1812230 618
1812240 618
1812250 619
1812260 619
1812270 619
1812280 619
1812290 619
1812300 619
1812310 619
1812320 619
1812330 619
1812340 618
1812350 618
1812360 617
1812370 616
1812380 616
1812390 615
1812400 613
1812410 612
1812420 611
1812430 610
1812440 609
1812450 607
1812460 605
1812470 604
1812480 602
1812490 600
1812500 599
1812510 598
1812520 597
1812530 597
1812540 597
1812550 597
1812560 597
1812570 598
1812580 598
1812590 598
1812600 596
1812610 594
1812620 592
1812630 589
1812640 586
1812650 583
1812660 579
1812670 576
1812680 574
1812690 572
1812700 571
1812710 570
1812720 568
1812730 565
1812740 563
1812750 566
1812760 569
1812770 572
1812780 574
1812790 577
1812800 579
1812810 582
1812820 584
1812830 586
1812840 589
1812850 591
1812860 592
1812870 594
1812880 595
1812890 597
1812900 598
1812910 599
1812920 600
1812930 600
1812940 601
1812950 601
1812960 601
1812970 602
1812980 602
1812990 602
1813000 602
1813010 602
1813020 603
1813030 603
1813040 603
1813050 603
1813060 603
1813070 603
1813080 602
1813090 602
1813100 600
1813110 599
1813120 597
1813130 596
1813140 594
1813150 593
1813160 593
1813170 593
1813180 592
1813190 592
1813200 592
1813210 592
1813220 591
1813230 591
1813240 590
1813250 590
1813260 589
1813270 589
1813280 588
1813290 588
1813300 587
1813310 587
1813320 586
1813330 586
1813340 585
1813350 584
1813360 582
1813370 582
1813380 583
1813390 585
1813400 586
1813410 587
1813420 587
1813430 588
1813440 589
1813450 589
1813460 590
1813470 591
1813480 591
1813490 592
1813500 592
1813510 592
1813520 592
1813530 593
1813540 593
1813550 594
1813560 595
1813570 596
1813580 597
1813590 598
1813600 599
1813610 600
1813620 600
1813630 601
1813640 602
1813650 603
1813660 604
1813670 604
1813680 605
1813690 606
1813700 606
1813710 606
1813720 607
1813730 607
1813740 608
1813750 608
1813760 608
1813770 609
1813780 609
1813790 610
1813800 611
1813810 611
1813820 612
1813830 612
1813840 612
1813850 613
1813860 613
1813870 614
1813880 614
1813890 614
1813900 614
1813910 614
1813920 614
1813930 614
1813940 613
1813950 613
1813960 612
1813970 612
1813980 611
1813990 611
1814000 610
1814010 610
1814020 609
1814030 608
1814040 608
1814050 607
1814060 606
1814070 605
1814080 603
1814090 602
1814100 601
1814110 600
1814120 599
1814130 597
1814140 596
1814150 595
1814160 594
1814170 593
1814180 592
1814190 592
1814200 591
1814210 590
1814220 589
1814230 588
1814240 587
1814250 586
1814260 585
1814270 584
1814280 583
1814290 582
1814300 581
1814310 580
1814320 579
1814330 577
1814340 576
1814350 574
1814360 572
1814370 571
1814380 571
1814390 570
1814400 570
1814410 568
1814420 568
1814430 569
1814440 571
1814450 572
1814460 573
1814470 574
1814480 573
1814490 572
1814500 571
1814510 569
1814520 567
1814530 564
1814540 562
1814550 560
1814560 557
1814570 554
1814580 550
1814590 546
1814600 544
1814610 542
1814620 541
1814630 542
1814640 543
1814650 543
1814660 544
1814670 544
1814680 544
1814690 545
1814700 546
1814710 546
1814720 546
1814730 547
1814740 549
1814750 550
1814760 552
1814770 553
1814780 555
1814790 556
1814800 557
1814810 558
1814820 559
1814830 560
1814840 561
1814850 562
1814860 563
1814870 564
1814880 564
1814890 564
1814900 564
1814910 563
1814920 563
1814930 562
1814940 562
1814950 561
1814960 561
1814970 562
1814980 562
1814990 563
1815000 564
1815010 565
1815020 565
1815030 566
1815040 566
1815050 567
1815060 567
1815070 567
1815080 566
1815090 565
1815100 564
1815110 563
1815120 561
1815130 560
1815140 558
1815150 556
1815160 553
1815170 551
1815180 549
1815190 547
1815200 546
1815210 544
1815220 543
1815230 541
1815240 540
1815250 538
1815260 537
1815270 536
1815280 535
1815290 534
1815300 533
1815310 533
1815320 533
1815330 532
1815340 532
1815350 531
1815360 530
1815370 529
1815380 527
1815390 526
1815400 524
1815410 523
1815420 521
1815430 520
1815440 519
1815450 518
1815460 517
1815470 516
1815480 514
1815490 513
1815500 511
1815510 510
1815520 507
1815530 505
1815540 503
1815550 500
1815560 497
1815570 494
1815580 490
1815590 487
1815600 484
1815610 481
1815620 478
1815630 475
1815640 472
1815650 470
1815660 467
1815670 464
1815680 461
1815690 460
1815700 459
1815710 460
1815720 463
1815730 467
1815740 470
1815750 472
1815760 475
1815770 477
1815780 479
1815790 480
1815800 481
1815810 483
1815820 485
1815830 487
1815840 490
1815850 493
1815860 496
1815870 499
1815880 501
1815890 503
1815900 505
1815910 507
1815920 508
1815930 510
1815940 511
1815950 513
1815960 515
1815970 517
1815980 519
1815990 521
1816000 523
1816010 526
1816020 528
1816030 530
1816040 532
1816050 534
1816060 536
1816070 538
1816080 540
1816090 542
1816100 544
1816110 546
1816120 549
1816130 551
1816140 553
1816150 555
1816160 556
1816170 558
1816180 560
1816190 561
1816200 562
1816210 563
1816220 563
1816230 563
1816240 563
1816250 563
1816260 562
1816270 562
1816280 561
1816290 560
1816300 560
1816310 559
1816320 559
1816330 559
1816340 559
1816350 559
1816360 559
1816370 560
1816380 560
1816390 559
1816400 559
1816410 559
1816420 558
1816430 556
1816440 555
1816450 553
1816460 551
1816470 549
1816480 546
1816490 544
1816500 542
1816510 540
1816520 538
1816530 536
1816540 534
1816550 532
1816560 530
1816570 528
1816580 526
1816590 524
1816600 522
1816610 520
1816620 518
1816630 515
1816640 513
1816650 510
1816660 507
1816670 505
1816680 502
1816690 499
1816700 497
1816710 494
1816720 491
1816730 488
1816740 486
1816750 483
1816760 481
1816770 480
1816780 477
1816790 475
1816800 473
1816810 470
1816820 467
1816830 463
1816840 460
1816850 456
1816860 453
1816870 450
1816880 446
1816890 443
1816900 442
1816910 446
1816920 448
1816930 450
1816940 450
1816950 449
1816960 447
1816970 444
1816980 442
1816990 439
1817000 436
1817010 433
1817020 430
1817030 427
1817040 423
1817050 420
1817060 416
1817070 413
1817080 409
1817090 406
1817100 405
1817110 405
1817120 405
1817130 405
1817140 405
1817150 405
1817160 405
1817170 405
1817180 405
1817190 405
1817200 405
1817210 405
1817220 405
1817230 405
1817240 405
1817250 405
1817260 405
1817270 405
1817280 405
1817290 405
1817300 405
1817310 405
1817320 406
1817330 406
1817340 407
1817350 408
1817360 409
1817370 410
1817380 411
1817390 412
1817400 413
1817410 415
1817420 417
1817430 418
1817440 417
1817450 416
1817460 415
1817470 415
1817480 414
1817490 414
1817500 415
1817510 415
1817520 415
1817530 417
1817540 419
1817550 423
1817560 425
1817570 427
1817580 431
1817590 435
1817600 438
1817610 442
1817620 445
1817630 448
1817640 451
1817650 453
1817660 455
1817670 458
1817680 460
1817690 462
1817700 464
1817710 466
1817720 468
1817730 469
1817740 471
1817750 473
1817760 475
1817770 477
1817780 479
1817790 481
1817800 484
1817810 486
1817820 488
1817830 490
1817840 492
1817850 495
1817860 497
1817870 499
1817880 501
1817890 503
1817900 504
1817910 506
1817920 508
1817930 509
1817940 511
1817950 512
1817960 514
1817970 515
1817980 516
1817990 517
1818000 519
1818010 520
1818020 521
1818030 522
1818040 523
1818050 524
1818060 524
1818070 524
1818080 524
1818090 524
1818100 524
1818110 523
1818120 523
1818130 522
1818140 522
1818150 522
1818160 522
1818170 522
1818180 522
1818190 522
1818200 522
1818210 523
1818220 523
1818230 523
1818240 524
1818250 524
1818260 524
1818270 524
1818280 525
1818290 525
1818300 525
1818310 525
1818320 525
1818330 525
1818340 526
1818350 526
1818360 526
1818370 526
1818380 526
1818390 527
1818400 527
1818410 527
1818420 527
1818430 527
1818440 527
1818450 527
1818460 528
1818470 528
1818480 528
1818490 528
1818500 529
1818510 529
1818520 529
1818530 529
1818540 530
1818550 530
1818560 530
1818570 531
1818580 532
1818590 532
1818600 533
1818610 533
1818620 533
1818630 534
1818640 534
1818650 534
1818660 534
1818670 534
1818680 535
1818690 535
1818700 535
1818710 535
1818720 536
1818730 536
1818740 537
1818750 537
1818760 537
1818770 537
1818780 538
1818790 538
1818800 538
1818810 538
1818820 538
1818830 538
1818840 538
1818850 538
1818860 538
1818870 538
1818880 538
1818890 538
1818900 538
1818910 537
1818920 537
1818930 536
1818940 535
1818950 535
1818960 534
1818970 533
1818980 532
1818990 532
1819000 531
1819010 530
1819020 529
1819030 529
1819040 530
1819050 531
1819060 532
1819070 533
1819080 533
1819090 534
1819100 534
1819110 535
1819120 535
1819130 535
1819140 535
1819150 536
1819160 536
1819170 535
1819180 535
1819190 534
1819200 533
1819210 533
1819220 532
1819230 532
1819240 531
1819250 530
1819260 530
1819270 529
1819280 528
1819290 528
1819300 527
1819310 527
1819320 526
1819330 526
1819340 525
1819350 525
1819360 524
1819370 523
1819380 522
1819390 521
1819400 519
1819410 518
1819420 517
1819430 516
1819440 515
1819450 514
1819460 513
1819470 512
1819480 511
1819490 510
1819500 508
1819510 506
1819520 504
1819530 502
1819540 501
1819550 500
1819560 499
1819570 497
1819580 496
1819590 494
1819600 493
1819610 491
1819620 490
1819630 488
1819640 487
1819650 485
1819660 482
1819670 479
1819680 477
1819690 477
1819700 478
1819710 479
1819720 480
1819730 481
1819740 481
1819750 482
1819760 483
1819770 483
1819780 483
1819790 484
1819800 485
1819810 485
1819820 486
1819830 486
1819840 487
1819850 488
1819860 490
1819870 491
1819880 492
1819890 493
1819900 493
1819910 494
1819920 494
1819930 494
1819940 494
1819950 495
1819960 495
1819970 495
1819980 495
1819990 495
