1800000 629
1800010 629
1800020 632
1800030 635
1800040 638
1800050 640
1800060 642
1800070 643
1800080 645
1800090 646
1800100 648
1800110 650
1800120 652
1800130 653
1800140 655
1800150 657
1800160 659
1800170 661
1800180 663
1800190 665
1800200 667
1800210 668
1800220 670
1800230 672
1800240 674
1800250 676
1800260 678
1800270 680
1800280 681
1800290 683
1800300 685
1800310 686
1800320 688
1800330 690
1800340 691
1800350 693
1800360 694
1800370 695
1800380 696
1800390 698
1800400 699
1800410 700
1800420 701
1800430 702
1800440 703
1800450 704
1800460 705
1800470 707
1800480 708
1800490 709
1800500 710
1800510 710
1800520 711
1800530 711
1800540 711
1800550 711
1800560 710
1800570 709
1800580 709
1800590 708
1800600 707
1800610 707
1800620 706
1800630 705
1800640 705
1800650 704
1800660 703
1800670 702
1800680 702
1800690 701
1800700 700
1800710 699
1800720 698
1800730 697
1800740 695
1800750 693
1800760 691
1800770 689
1800780 689
1800790 690
1800800 692
1800810 692
1800820 691
1800830 691
1800840 693
1800850 695
1800860 695
1800870 694
1800880 696
1800890 697
1800900 698
1800910 698
1800920 699
1800930 699
1800940 699
1800950 699
1800960 697
1800970 699
1800980 701
1800990 703
1801000 704
1801010 705
1801020 706
1801030 706
1801040 707
1801050 708
1801060 710
1801070 711
1801080 712
1801090 713
1801100 714
1801110 715
1801120 716
1801130 717
1801140 718
1801150 719
1801160 720
1801170 721
1801180 721
1801190 722
1801200 723
1801210 724
1801220 725
1801230 726
1801240 727
1801250 727
1801260 728
1801270 729
1801280 730
1801290 730
1801300 731
1801310 732
1801320 732
1801330 733
1801340 733
1801350 734
1801360 734
1801370 735
1801380 735
1801390 736
1801400 736
1801410 737
1801420 737
1801430 737
1801440 737
1801450 737
1801460 736
1801470 736
1801480 735
1801490 735
1801500 734
1801510 734
1801520 733
1801530 732
1801540 731
1801550 730
1801560 729
1801570 728
1801580 728
1801590 727
1801600 726
1801610 725
1801620 723
1801630 722
1801640 721
1801650 720
1801660 719
1801670 718
1801680 717
1801690 716
1801700 715
1801710 714
1801720 712
1801730 710
1801740 709
1801750 708
1801760 707
1801770 705
1801780 704
1801790 703
1801800 702
1801810 700
1801820 699
1801830 698
1801840 697
1801850 696
1801860 695
1801870 695
1801880 694
1801890 692
1801900 691
1801910 690
1801920 688
1801930 686
1801940 683
1801950 680
1801960 680
1801970 680
1801980 681
1801990 683
1802000 685
1802010 686
1802020 687
1802030 689
1802040 691
1802050 692
1802060 693
1802070 694
1802080 696
1802090 697
1802100 699
1802110 700
1802120 702
1802130 703
1802140 705
1802150 707
1802160 709
1802170 711
1802180 713
1802190 715
1802200 717
1802210 719
1802220 721
1802230 723
1802240 725
1802250 728
1802260 730
1802270 732
1802280 734
1802290 735
1802300 737
1802310 737
1802320 738
1802330 738
1802340 738
1802350 738
1802360 737
1802370 736
1802380 736
1802390 735
1802400 734
1802410 733
1802420 732
1802430 731
1802440 731
1802450 730
1802460 729
1802470 728
1802480 727
1802490 727
1802500 726
1802510 725
1802520 724
1802530 723
1802540 721
1802550 720
1802560 719
1802570 718
1802580 717
1802590 715
1802600 714
1802610 713
1802620 711
1802630 710
1802640 709
1802650 707
1802660 706
1802670 704
1802680 702
1802690 701
1802700 700
1802710 698
1802720 697
1802730 695
1802740 694
1802750 692
1802760 690
1802770 688
1802780 687
1802790 685
1802800 684
1802810 682
1802820 681
1802830 680
1802840 678
1802850 677
1802860 675
1802870 674
1802880 672
1802890 671
1802900 670
1802910 669
1802920 667
1802930 666
1802940 665
1802950 663
1802960 662
1802970 660
1802980 659
1802990 657
1803000 656
1803010 655
1803020 654
1803030 653
1803040 652
1803050 650
1803060 649
1803070 648
1803080 647
1803090 646
1803100 645
1803110 643
1803120 642
1803130 641
1803140 640
1803150 639
1803160 637
1803170 636
1803180 634
1803190 633
1803200 632
1803210 631
1803220 630
1803230 629
1803240 629
1803250 627
1803260 626
1803270 624
1803280 623
1803290 622
1803300 621
1803310 620
1803320 618
1803330 617
1803340 615
1803350 614
1803360 613
1803370 612
1803380 611
1803390 609
1803400 608
1803410 607
1803420 605
1803430 603
1803440 602
1803450 601
1803460 600
1803470 598
1803480 597
1803490 597
1803500 596
1803510 595
1803520 594
1803530 594
1803540 593
1803550 592
1803560 591
1803570 591
1803580 590
1803590 589
1803600 588
1803610 588
1803620 587
1803630 586
1803640 586
1803650 586
1803660 587
1803670 588
1803680 590
1803690 593
1803700 595
1803710 597
1803720 599
1803730 602
1803740 605
1803750 607
1803760 609
1803770 610
1803780 611
1803790 612
1803800 612
1803810 613
1803820 612
1803830 611
1803840 613
1803850 615
1803860 617
1803870 618
1803880 620
1803890 621
1803900 622
1803910 623
1803920 624
1803930 625
1803940 625
1803950 626
1803960 626
1803970 627
1803980 627
1803990 627
1804000 626
1804010 625
1804020 622
1804030 620
1804040 618
1804050 620
1804060 620
1804070 620
1804080 617
1804090 618
1804100 621
1804110 625
1804120 629
1804130 632
1804140 635
1804150 637
1804160 640
1804170 641
1804180 643
1804190 644
1804200 646
1804210 648
1804220 651
1804230 653
1804240 655
1804250 657
1804260 658
1804270 660
1804280 662
1804290 664
1804300 666
1804310 668
1804320 669
1804330 670
1804340 671
1804350 672
1804360 673
1804370 675
1804380 676
1804390 677
1804400 678
1804410 679
1804420 679
1804430 679
1804440 679
1804450 679
1804460 678
1804470 677
1804480 676
1804490 675
1804500 673
1804510 671
1804520 669
1804530 667
1804540 666
1804550 664
1804560 663
1804570 661
1804580 659
1804590 658
1804600 656
1804610 654
1804620 653
1804630 652
1804640 650
1804650 649
1804660 648
1804670 646
1804680 644
1804690 642
1804700 640
1804710 638
1804720 637
1804730 635
1804740 634
1804750 632
1804760 629
1804770 627
1804780 625
1804790 623
1804800 621
1804810 619
1804820 617
1804830 615
1804840 612
1804850 609
1804860 607
1804870 607
1804880 608
1804890 608
1804900 608
1804910 608
1804920 608
1804930 608
1804940 609
1804950 610
1804960 611
1804970 611
1804980 612
1804990 612
1805000 613
1805010 613
1805020 614
1805030 615
1805040 615
1805050 616
1805060 617
1805070 617
1805080 616
1805090 614
1805100 611
1805110 608
1805120 605
1805130 603
1805140 601
1805150 601
1805160 604
1805170 609
1805180 614
1805190 617
1805200 620
1805210 624
1805220 627
1805230 629
1805240 632
1805250 634
1805260 637
1805270 639
1805280 641
1805290 643
1805300 645
1805310 646
1805320 648
1805330 649
1805340 650
1805350 652
1805360 653
1805370 654
1805380 655
1805390 656
1805400 657
1805410 658
1805420 660
1805430 661
1805440 663
1805450 665
1805460 666
1805470 667
1805480 668
1805490 669
1805500 670
1805510 671
1805520 673
1805530 675
1805540 676
1805550 678
1805560 680
1805570 682
1805580 684
1805590 685
1805600 687
1805610 688
1805620 690
1805630 692
1805640 693
1805650 695
1805660 696
1805670 696
1805680 697
1805690 697
1805700 697
1805710 697
1805720 696
1805730 696
1805740 696
1805750 695
1805760 695
1805770 694
1805780 694
1805790 693
1805800 693
1805810 692
1805820 691
1805830 690
1805840 689
1805850 688
1805860 687
1805870 686
1805880 685
1805890 684
1805900 683
1805910 681
1805920 679
1805930 678
1805940 676
1805950 675
1805960 674
1805970 673
1805980 672
1805990 672
1806000 670
1806010 669
1806020 669
1806030 672
1806040 676
1806050 679
1806060 681
1806070 684
1806080 686
1806090 688
1806100 690
1806110 692
1806120 694
1806130 696
1806140 697
1806150 699
1806160 700
1806170 702
1806180 704
1806190 706
1806200 707
1806210 709
1806220 710
1806230 712
1806240 713
1806250 715
1806260 716
1806270 717
1806280 718
1806290 719
1806300 720
1806310 721
1806320 722
1806330 723
1806340 724
1806350 725
1806360 726
1806370 728
1806380 729
1806390 730
1806400 731
1806410 732
1806420 733
1806430 734
1806440 734
1806450 735
1806460 736
1806470 737
1806480 737
1806490 738
1806500 738
1806510 738
1806520 737
1806530 737
1806540 736
1806550 736
1806560 735
1806570 733
1806580 732
1806590 731
1806600 730
1806610 729
1806620 727
1806630 726
1806640 725
1806650 724
1806660 722
1806670 721
1806680 720
1806690 719
1806700 717
1806710 716
1806720 715
1806730 714
1806740 713
1806750 712
1806760 711
1806770 710
1806780 709
1806790 708
1806800 706
1806810 704
1806820 702
1806830 699
1806840 697
1806850 694
1806860 692
1806870 691
1806880 689
1806890 688
1806900 686
1806910 684
1806920 682
1806930 680
1806940 677
1806950 675
1806960 672
1806970 670
1806980 667
1806990 667
1807000 667
1807010 670
1807020 672
1807030 673
1807040 674
1807050 675
1807060 677
1807070 679
1807080 680
1807090 681
1807100 681
1807110 681
1807120 680
1807130 679
1807140 677
1807150 675
1807160 673
1807170 671
1807180 670
1807190 669
1807200 668
1807210 666
1807220 664
1807230 662
1807240 660
1807250 658
1807260 656
1807270 654
1807280 652
1807290 650
1807300 648
1807310 646
1807320 643
1807330 641
1807340 638
1807350 638
1807360 639
1807370 641
1807380 641
1807390 641
1807400 641
1807410 641
1807420 641
1807430 641
1807440 641
1807450 641
1807460 642
1807470 643
1807480 644
1807490 644
1807500 646
1807510 647
1807520 649
1807530 650
1807540 651
1807550 652
1807560 653
1807570 653
1807580 653
1807590 653
1807600 652
1807610 651
1807620 650
1807630 648
1807640 646
1807650 644
1807660 643
1807670 642
1807680 640
1807690 639
1807700 639
1807710 638
1807720 637
1807730 636
1807740 635
1807750 634
1807760 633
1807770 632
1807780 630
1807790 628
1807800 627
1807810 625
1807820 623
1807830 620
1807840 618
1807850 618
1807860 619
1807870 619
1807880 620
1807890 621
1807900 623
1807910 624
1807920 625
1807930 626
1807940 627
1807950 628
1807960 629
1807970 631
1807980 632
1807990 634
1808000 636
1808010 638
1808020 641
1808030 643
1808040 645
1808050 646
1808060 647
1808070 647
1808080 647
1808090 645
1808100 645
1808110 647
1808120 651
1808130 654
1808140 656
1808150 658
1808160 659
1808170 661
1808180 663
1808190 664
1808200 665
1808210 667
1808220 668
1808230 669
1808240 670
1808250 671
1808260 673
1808270 674
1808280 675
1808290 677
1808300 678
1808310 679
1808320 680
1808330 681
1808340 682
1808350 683
1808360 684
1808370 685
1808380 685
1808390 686
1808400 686
1808410 686
1808420 687
1808430 687
1808440 687
1808450 687
1808460 687
1808470 686
1808480 686
1808490 685
1808500 684
1808510 683
1808520 682
1808530 681
1808540 680
1808550 679
1808560 678
1808570 677
1808580 676
1808590 674
1808600 672
1808610 671
1808620 671
1808630 670
1808640 670
1808650 668
1808660 666
1808670 663
1808680 662
1808690 661
1808700 659
1808710 656
1808720 653
1808730 652
1808740 654
1808750 655
1808760 656
1808770 659
1808780 661
1808790 663
1808800 665
1808810 666
1808820 668
1808830 669
1808840 671
1808850 672
1808860 673
1808870 675
1808880 677
1808890 678
1808900 680
1808910 682
1808920 683
1808930 685
1808940 686
1808950 687
1808960 689
1808970 690
1808980 692
1808990 693
1809000 695
1809010 696
1809020 698
1809030 700
1809040 702
1809050 704
1809060 705
1809070 706
1809080 706
1809090 706
1809100 707
1809110 707
1809120 707
1809130 706
1809140 706
1809150 705
1809160 704
1809170 704
1809180 703
1809190 702
1809200 702
1809210 701
1809220 700
1809230 700
1809240 699
1809250 699
1809260 699
1809270 699
1809280 698
1809290 698
1809300 697
1809310 697
1809320 696
1809330 695
1809340 695
1809350 695
1809360 694
1809370 694
1809380 693
1809390 693
1809400 693
1809410 693
1809420 693
1809430 692
1809440 692
1809450 692
1809460 691
1809470 691
1809480 691
1809490 690
1809500 690
1809510 690
1809520 689
1809530 689
1809540 688
1809550 688
1809560 687
1809570 687
1809580 686
1809590 686
1809600 685
1809610 684
1809620 684
1809630 683
1809640 682
1809650 682
1809660 681
1809670 680
1809680 679
1809690 679
1809700 678
1809710 676
1809720 675
1809730 674
1809740 673
1809750 672
1809760 671
1809770 669
1809780 668
1809790 667
1809800 666
1809810 664
1809820 663
1809830 662
1809840 660
1809850 659
1809860 658
1809870 657
1809880 655
1809890 654
1809900 652
1809910 650
1809920 647
1809930 643
1809940 640
1809950 640
1809960 642
1809970 645
1809980 648
1809990 650
1810000 651
1810010 652
1810020 653
1810030 654
1810040 656
1810050 657
1810060 658
1810070 658
1810080 659
1810090 660
1810100 660
1810110 660
1810120 659
1810130 658
1810140 658
1810150 657
1810160 656
1810170 654
1810180 653
1810190 651
1810200 650
1810210 648
1810220 646
1810230 645
1810240 643
1810250 642
1810260 641
1810270 640
1810280 639
1810290 638
1810300 637
1810310 636
1810320 635
1810330 634
1810340 632
1810350 630
1810360 628
1810370 626
1810380 624
1810390 622
1810400 619
1810410 616
1810420 613
1810430 610
1810440 608
1810450 605
1810460 600
1810470 597
1810480 595
1810490 598
1810500 602
1810510 605
1810520 606
1810530 608
1810540 611
1810550 614
1810560 616
1810570 619
1810580 621
1810590 623
1810600 625
1810610 627
1810620 629
1810630 631
1810640 632
1810650 634
1810660 635
1810670 636
1810680 638
1810690 639
1810700 641
1810710 642
1810720 643
1810730 644
1810740 645
1810750 646
1810760 647
1810770 648
1810780 648
1810790 648
1810800 648
1810810 648
1810820 648
1810830 647
1810840 647
1810850 646
1810860 645
1810870 644
1810880 643
1810890 643
1810900 642
1810910 641
1810920 641
1810930 640
1810940 640
1810950 639
1810960 638
1810970 637
1810980 636
1810990 635
1811000 635
1811010 633
1811020 632
1811030 631
1811040 631
1811050 630
1811060 629
1811070 629
1811080 629
1811090 629
1811100 629
1811110 629
1811120 629
1811130 629
1811140 629
1811150 629
1811160 629
1811170 629
1811180 629
1811190 630
1811200 630
1811210 631
1811220 632
1811230 633
1811240 634
1811250 634
1811260 635
1811270 636
1811280 636
1811290 637
1811300 637
1811310 637
1811320 637
1811330 637
1811340 636
1811350 636
1811360 635
1811370 634
1811380 633
1811390 632
1811400 631
1811410 630
1811420 629
1811430 628
1811440 627
1811450 626
1811460 626
1811470 625
1811480 624
1811490 623
1811500 622
1811510 621
1811520 620
1811530 619
1811540 618
1811550 617
1811560 616
1811570 615
1811580 614
1811590 613
1811600 612
1811610 611
1811620 610
1811630 609
1811640 608
1811650 607
1811660 606
1811670 605
1811680 604
1811690 602
1811700 602
1811710 601
1811720 602
1811730 603
1811740 603
1811750 604
1811760 604
1811770 604
1811780 604
1811790 604
1811800 604
1811810 604
1811820 605
1811830 607
1811840 608
1811850 609
1811860 610
1811870 611
1811880 612
1811890 614
1811900 615
1811910 617
1811920 618
1811930 620
1811940 622
1811950 623
1811960 624
1811970 626
1811980 627
1811990 628
1812000 629
1812010 630
1812020 631
1812030 632
1812040 634
1812050 635
1812060 636
1812070 637
1812080 638
1812090 638
1812100 639
1812110 641
1812120 642
1812130 644
1812140 645
1812150 647
1812160 648
1812170 650
1812180 651
1812190 652
1812200 653
1812210 654
1812220 654
1812230 655
1812240 656
1812250 656
1812260 656
1812270 657
1812280 657
1812290 658
1812300 658
1812310 658
1812320 659
1812330 659
1812340 659
1812350 658
1812360 658
1812370 657
1812380 656
1812390 655
1812400 654
1812410 653
1812420 652
1812430 651
1812440 650
1812450 649
1812460 648
1812470 647
1812480 646
1812490 645
1812500 644
1812510 643
1812520 642
1812530 641
1812540 640
1812550 639
1812560 639
1812570 638
1812580 637
1812590 636
1812600 636
1812610 635
1812620 635
1812630 635
1812640 634
1812650 633
1812660 633
1812670 632
1812680 631
1812690 631
1812700 630
1812710 630
1812720 629
1812730 629
1812740 628
1812750 627
1812760 626
1812770 625
1812780 624
1812790 623
1812800 623
1812810 622
1812820 620
1812830 618
1812840 618
1812850 618
1812860 619
1812870 620
1812880 621
1812890 622
1812900 623
1812910 624
1812920 625
1812930 626
1812940 627
1812950 628
1812960 629
1812970 631
1812980 632
1812990 633
1813000 634
1813010 635
1813020 636
1813030 638
1813040 639
1813050 640
1813060 641
1813070 643
1813080 644
1813090 645
1813100 647
1813110 648
1813120 649
1813130 650
1813140 651
1813150 652
1813160 652
1813170 653
1813180 654
1813190 654
1813200 654
1813210 654
1813220 654
1813230 654
1813240 653
1813250 652
1813260 652
1813270 651
1813280 650
1813290 649
1813300 647
1813310 646
1813320 644
1813330 643
1813340 641
1813350 640
1813360 638
1813370 636
1813380 635
1813390 633
1813400 631
1813410 630
1813420 628
1813430 626
1813440 625
1813450 623
1813460 621
1813470 620
1813480 618
1813490 616
1813500 615
1813510 613
1813520 611
1813530 609
1813540 608
1813550 606
1813560 605
1813570 603
1813580 601
1813590 599
1813600 596
1813610 594
1813620 592
1813630 590
1813640 588
1813650 587
1813660 585
1813670 583
1813680 581
1813690 580
1813700 578
1813710 577
1813720 576
1813730 574
1813740 572
1813750 570
1813760 567
1813770 565
1813780 563
1813790 562
1813800 560
1813810 558
1813820 556
1813830 554
1813840 552
1813850 550
1813860 547
1813870 545
1813880 543
1813890 541
1813900 538
1813910 535
1813920 532
1813930 528
1813940 523
1813950 521
1813960 521
1813970 524
1813980 526
1813990 527
1814000 528
1814010 529
1814020 531
1814030 533
1814040 535
1814050 538
1814060 540
1814070 542
1814080 545
1814090 548
1814100 550
1814110 552
1814120 554
1814130 554
1814140 554
1814150 553
1814160 552
1814170 551
1814180 549
1814190 547
1814200 545
1814210 543
1814220 540
1814230 538
1814240 536
1814250 534
1814260 532
1814270 530
1814280 528
1814290 526
1814300 524
1814310 522
1814320 520
1814330 518
1814340 516
1814350 514
1814360 512
1814370 510
1814380 509
1814390 508
1814400 506
1814410 506
1814420 505
1814430 505
1814440 504
1814450 504
1814460 504
1814470 503
1814480 503
1814490 502
1814500 501
1814510 500
1814520 499
1814530 497
1814540 496
1814550 495
1814560 494
1814570 492
1814580 490
1814590 486
1814600 482
1814610 478
1814620 479
1814630 482
1814640 484
1814650 482
1814660 483
1814670 484
1814680 484
1814690 484
1814700 483
1814710 482
1814720 481
1814730 480
1814740 479
1814750 479
1814760 478
1814770 477
1814780 476
1814790 475
1814800 474
1814810 473
1814820 472
1814830 470
1814840 469
1814850 468
1814860 467
1814870 465
1814880 463
1814890 461
1814900 459
1814910 458
1814920 458
1814930 457
1814940 456
1814950 455
1814960 454
1814970 454
1814980 454
1814990 455
1815000 455
1815010 456
1815020 456
1815030 456
1815040 456
1815050 455
1815060 454
1815070 454
1815080 455
1815090 455
1815100 454
1815110 453
1815120 452
1815130 452
1815140 451
1815150 449
1815160 448
1815170 447
1815180 445
1815190 444
1815200 442
1815210 441
1815220 439
1815230 438
1815240 436
1815250 435
1815260 434
1815270 433
1815280 432
1815290 432
1815300 431
1815310 430
1815320 430
1815330 429
1815340 428
1815350 427
1815360 426
1815370 426
1815380 425
1815390 424
1815400 423
1815410 423
1815420 422
1815430 422
1815440 422
1815450 422
1815460 421
1815470 421
1815480 421
1815490 421
1815500 421
1815510 421
1815520 421
1815530 421
1815540 421
1815550 420
1815560 420
1815570 419
1815580 419
1815590 418
1815600 417
1815610 418
1815620 418
1815630 418
1815640 418
1815650 418
1815660 418
1815670 418
1815680 418
1815690 418
1815700 418
1815710 418
1815720 418
1815730 418
1815740 418
1815750 418
1815760 418
1815770 418
1815780 419
1815790 419
1815800 419
1815810 419
1815820 418
1815830 419
1815840 419
1815850 419
1815860 421
1815870 423
1815880 425
1815890 426
1815900 428
1815910 429
1815920 431
1815930 433
1815940 435
1815950 437
1815960 439
1815970 441
1815980 442
1815990 443
1816000 444
1816010 446
1816020 447
1816030 449
1816040 450
1816050 452
1816060 453
1816070 455
1816080 457
1816090 459
1816100 461
1816110 462
1816120 463
1816130 464
1816140 465
1816150 465
1816160 466
1816170 467
1816180 468
1816190 470
1816200 471
1816210 472
1816220 473
1816230 474
1816240 475
1816250 476
1816260 477
1816270 478
1816280 479
1816290 481
1816300 482
1816310 483
1816320 484
1816330 484
1816340 484
1816350 485
1816360 485
1816370 485
1816380 486
1816390 486
1816400 487
1816410 488
1816420 488
1816430 489
1816440 489
1816450 489
1816460 489
1816470 489
1816480 489
1816490 488
1816500 487
1816510 487
1816520 486
1816530 486
1816540 485
1816550 484
1816560 484
1816570 482
1816580 481
1816590 480
1816600 484
1816610 487
1816620 489
1816630 490
1816640 491
1816650 492
1816660 494
1816670 495
1816680 496
1816690 497
1816700 497
1816710 498
1816720 500
1816730 501
1816740 503
1816750 506
1816760 509
1816770 511
1816780 513
1816790 515
1816800 516
1816810 518
1816820 519
1816830 521
1816840 523
1816850 524
1816860 526
1816870 528
1816880 530
1816890 531
1816900 533
1816910 534
1816920 535
1816930 536
1816940 537
1816950 538
1816960 539
1816970 539
1816980 540
1816990 540
1817000 541
1817010 542
1817020 542
1817030 543
1817040 543
1817050 543
1817060 543
1817070 544
1817080 544
1817090 544
1817100 544
1817110 544
1817120 545
1817130 545
1817140 545
1817150 546
1817160 546
1817170 547
1817180 547
1817190 548
1817200 548
1817210 548
1817220 549
1817230 549
1817240 550
1817250 551
1817260 551
1817270 552
1817280 553
1817290 554
1817300 555
1817310 556
1817320 557
1817330 558
1817340 559
1817350 560
1817360 560
1817370 561
1817380 561
1817390 562
1817400 562
1817410 563
1817420 563
1817430 564
1817440 564
1817450 564
1817460 565
1817470 565
1817480 566
1817490 566
1817500 566
1817510 566
1817520 566
1817530 565
1817540 565
1817550 564
1817560 564
1817570 563
1817580 561
1817590 560
1817600 558
1817610 555
1817620 552
1817630 550
1817640 547
1817650 544
1817660 542
1817670 540
1817680 538
1817690 536
1817700 533
1817710 531
1817720 529
1817730 526
1817740 525
1817750 523
1817760 521
1817770 519
1817780 518
1817790 516
1817800 515
1817810 514
1817820 512
1817830 509
1817840 507
1817850 505
1817860 508
1817870 511
1817880 514
1817890 516
1817900 517
1817910 519
1817920 521
1817930 523
1817940 525
1817950 527
1817960 528
1817970 529
1817980 530
1817990 531
1818000 533
1818010 534
1818020 536
1818030 537
1818040 539
1818050 541
1818060 543
1818070 544
1818080 546
1818090 548
1818100 550
1818110 552
1818120 554
1818130 555
1818140 557
1818150 558
1818160 560
1818170 561
1818180 562
1818190 564
1818200 566
1818210 567
1818220 569
1818230 571
1818240 572
1818250 574
1818260 575
1818270 577
1818280 578
1818290 579
1818300 581
1818310 582
1818320 583
1818330 584
1818340 585
1818350 586
1818360 587
1818370 587
1818380 588
1818390 588
1818400 588
1818410 588
1818420 588
1818430 587
1818440 587
1818450 587
1818460 586
1818470 586
1818480 585
1818490 584
1818500 583
1818510 582
1818520 581
1818530 580
1818540 580
1818550 579
1818560 578
1818570 578
1818580 577
1818590 576
1818600 575
1818610 575
1818620 574
1818630 574
1818640 574
1818650 573
1818660 573
1818670 572
1818680 571
1818690 571
1818700 570
1818710 569
1818720 568
1818730 567
1818740 565
1818750 564
1818760 563
1818770 562
1818780 560
1818790 559
1818800 557
1818810 556
1818820 555
1818830 554
1818840 553
1818850 552
1818860 551
1818870 551
1818880 550
1818890 550
1818900 551
1818910 553
1818920 555
1818930 557
1818940 558
1818950 560
1818960 561
1818970 562
1818980 562
1818990 563
1819000 563
1819010 563
1819020 563
1819030 563
1819040 563
1819050 563
1819060 562
1819070 562
1819080 562
1819090 562
1819100 562
1819110 562
1819120 561
1819130 561
1819140 561
1819150 560
1819160 560
1819170 560
1819180 560
1819190 560
1819200 560
1819210 560
1819220 560
1819230 560
1819240 560
1819250 560
1819260 560
1819270 560
1819280 559
1819290 559
1819300 559
1819310 559
1819320 560
1819330 560
1819340 560
1819350 560
1819360 560
1819370 561
1819380 561
1819390 562
1819400 562
1819410 563
1819420 563
1819430 564
1819440 564
1819450 565
1819460 565
1819470 565
1819480 565
1819490 565
1819500 565
1819510 565
1819520 565
1819530 565
1819540 565
1819550 565
1819560 564
1819570 564
1819580 563
1819590 563
1819600 563
1819610 562
1819620 562
1819630 561
1819640 560
1819650 560
1819660 559
1819670 558
1819680 558
1819690 557
1819700 557
1819710 557
1819720 556
1819730 556
1819740 555
1819750 555
1819760 554
1819770 553
1819780 553
1819790 552
1819800 551
1819810 551
1819820 550
1819830 550
1819840 549
1819850 549
1819860 548
1819870 547
1819880 547
1819890 547
1819900 546
1819910 546
1819920 545
1819930 544
1819940 544
1819950 543
1819960 542
1819970 542
1819980 542
1819990 542
