1800000 802
1800010 804
1800020 805
1800030 806
1800040 807
1800050 809
1800060 810
1800070 811
1800080 812
1800090 813
1800100 814
1800110 815
1800120 816
1800130 817
1800140 819
1800150 820
1800160 822
1800170 823
1800180 824
1800190 825
1800200 826
1800210 826
1800220 827
1800230 827
1800240 827
1800250 827
1800260 826
1800270 826
1800280 825
1800290 824
1800300 823
1800310 821
1800320 819
1800330 817
1800340 814
1800350 812
1800360 811
1800370 810
1800380 809
1800390 809
1800400 808
1800410 807
1800420 807
1800430 806
1800440 806
1800450 805
1800460 804
1800470 804
1800480 803
1800490 802
1800500 802
1800510 801
1800520 801
1800530 800
1800540 800
1800550 798
1800560 796
1800570 794
1800580 794
1800590 795
1800600 793
1800610 794
1800620 795
1800630 797
1800640 798
1800650 799
1800660 800
1800670 801
1800680 802
1800690 804
1800700 805
1800710 807
1800720 809
1800730 810
1800740 812
1800750 814
1800760 816
1800770 818
1800780 819
1800790 821
1800800 823
1800810 824
1800820 825
1800830 827
1800840 828
1800850 830
1800860 831
1800870 832
1800880 833
1800890 834
1800900 835
1800910 836
1800920 837
1800930 838
1800940 839
1800950 839
1800960 839
1800970 839
1800980 839
1800990 838
1801000 838
1801010 838
1801020 838
1801030 838
1801040 837
1801050 837
1801060 837
1801070 837
1801080 837
1801090 837
1801100 837
1801110 837
1801120 837
1801130 837
1801140 837
1801150 837
1801160 837
1801170 837
1801180 837
1801190 837
1801200 836
1801210 836
1801220 836
1801230 836
1801240 836
1801250 836
1801260 836
1801270 836
1801280 836
1801290 837
1801300 837
1801310 837
1801320 837
1801330 837
1801340 837
1801350 837
1801360 837
1801370 837
1801380 837
1801390 837
1801400 837
1801410 837
1801420 837
1801430 837
1801440 837
1801450 837
1801460 837
1801470 837
1801480 836
1801490 836
1801500 835
1801510 834
1801520 833
1801530 832
1801540 831
1801550 830
1801560 828
1801570 826
1801580 825
1801590 823
1801600 821
1801610 819
1801620 816
1801630 814
1801640 812
1801650 810
1801660 808
1801670 806
1801680 804
1801690 802
1801700 801
1801710 800
1801720 798
1801730 797
1801740 795
1801750 793
1801760 792
1801770 790
1801780 789
1801790 787
1801800 785
1801810 784
1801820 782
1801830 780
1801840 779
1801850 777
1801860 776
1801870 774
1801880 773
1801890 771
1801900 769
1801910 768
1801920 766
1801930 764
1801940 762
1801950 760
1801960 757
1801970 755
1801980 752
1801990 750
1802000 748
1802010 745
1802020 743
1802030 740
1802040 738
1802050 736
1802060 734
1802070 731
1802080 729
1802090 726
1802100 724
1802110 721
1802120 719
1802130 716
1802140 713
1802150 711
1802160 708
1802170 705
1802180 702
1802190 700
1802200 697
1802210 695
1802220 694
1802230 694
1802240 693
1802250 692
1802260 691
1802270 689
1802280 688
1802290 687
1802300 685
1802310 683
1802320 681
1802330 678
1802340 676
1802350 674
1802360 672
1802370 669
1802380 667
1802390 664
1802400 662
1802410 661
1802420 659
1802430 660
1802440 661
1802450 661
1802460 661
1802470 662
1802480 663
1802490 663
1802500 663
1802510 664
1802520 666
1802530 668
1802540 671
1802550 673
1802560 676
1802570 679
1802580 681
1802590 684
1802600 686
1802610 689
1802620 691
1802630 693
1802640 695
1802650 697
1802660 699
1802670 701
1802680 702
1802690 703
1802700 705
1802710 706
1802720 708
1802730 710
1802740 712
1802750 714
1802760 716
1802770 718
1802780 720
1802790 722
1802800 724
1802810 726
1802820 728
1802830 730
1802840 732
1802850 734
1802860 736
1802870 738
1802880 739
1802890 742
1802900 744
1802910 746
1802920 748
1802930 749
1802940 751
1802950 752
1802960 754
1802970 755
1802980 756
1802990 757
1803000 758
1803010 760
1803020 761
1803030 763
1803040 765
1803050 766
1803060 768
1803070 769
1803080 770
1803090 771
1803100 772
1803110 773
1803120 774
1803130 774
1803140 774
1803150 775
1803160 775
1803170 776
1803180 776
1803190 776
1803200 776
1803210 777
1803220 777
1803230 777
1803240 777
1803250 777
1803260 777
1803270 777
1803280 776
1803290 776
1803300 776
1803310 775
1803320 775
1803330 775
1803340 775
1803350 775
1803360 775
1803370 775
1803380 775
1803390 775
1803400 775
1803410 775
1803420 775
1803430 775
1803440 776
1803450 776
1803460 776
1803470 777
1803480 777
1803490 778
1803500 779
1803510 779
1803520 780
1803530 780
1803540 781
1803550 782
1803560 782
1803570 783
1803580 784
1803590 785
1803600 785
1803610 786
1803620 786
1803630 786
1803640 786
1803650 786
1803660 786
1803670 785
1803680 784
1803690 783
1803700 782
1803710 780
1803720 779
1803730 777
1803740 774
1803750 772
1803760 770
1803770 768
1803780 766
1803790 763
1803800 761
1803810 759
1803820 757
1803830 755
1803840 753
1803850 750
1803860 748
1803870 747
1803880 745
1803890 744
1803900 743
1803910 741
1803920 739
1803930 738
1803940 736
1803950 735
1803960 735
1803970 734
1803980 734
1803990 733
1804000 733
1804010 733
1804020 732
1804030 733
1804040 733
1804050 734
1804060 734
1804070 735
1804080 736
1804090 738
1804100 739
1804110 740
1804120 741
1804130 743
1804140 745
1804150 747
1804160 749
1804170 751
1804180 752
1804190 753
1804200 754
1804210 755
1804220 756
1804230 758
1804240 759
1804250 760
1804260 762
1804270 764
1804280 765
1804290 767
1804300 769
1804310 770
1804320 772
1804330 773
1804340 775
1804350 776
1804360 776
1804370 776
1804380 776
1804390 775
1804400 774
1804410 773
1804420 773
1804430 772
1804440 770
1804450 769
1804460 768
1804470 767
1804480 766
1804490 765
1804500 765
1804510 764
1804520 763
1804530 762
1804540 761
1804550 761
1804560 760
1804570 759
1804580 759
1804590 759
1804600 758
1804610 758
1804620 758
1804630 757
1804640 757
1804650 757
1804660 757
1804670 757
1804680 757
1804690 757
1804700 757
1804710 757
1804720 758
1804730 758
1804740 758
1804750 758
1804760 759
1804770 759
1804780 760
1804790 760
1804800 761
1804810 761
1804820 761
1804830 761
1804840 761
1804850 761
1804860 760
1804870 760
1804880 760
1804890 760
1804900 760
1804910 760
1804920 760
1804930 761
1804940 761
1804950 761
1804960 762
1804970 763
1804980 763
1804990 764
1805000 764
1805010 764
1805020 763
1805030 762
1805040 761
1805050 759
1805060 758
1805070 756
1805080 755
1805090 754
1805100 752
1805110 751
1805120 749
1805130 748
1805140 746
1805150 745
1805160 745
1805170 744
1805180 744
1805190 744
1805200 744
1805210 744
1805220 744
1805230 745
1805240 746
1805250 746
1805260 747
1805270 748
1805280 749
1805290 750
1805300 751
1805310 752
1805320 753
1805330 753
1805340 754
1805350 755
1805360 755
1805370 755
1805380 756
1805390 756
1805400 756
1805410 756
1805420 756
1805430 756
1805440 756
1805450 757
1805460 757
1805470 757
1805480 757
1805490 758
1805500 758
1805510 758
1805520 759
1805530 759
1805540 759
1805550 760
1805560 760
1805570 761
1805580 761
1805590 761
1805600 762
1805610 762
1805620 762
1805630 762
1805640 762
1805650 762
1805660 762
1805670 762
1805680 762
1805690 762
1805700 763
1805710 763
1805720 763
1805730 764
1805740 764
1805750 764
1805760 764
1805770 765
1805780 765
1805790 765
1805800 766
1805810 766
1805820 767
1805830 767
1805840 767
1805850 768
1805860 768
1805870 768
1805880 768
1805890 768
1805900 768
1805910 768
1805920 768
1805930 767
1805940 767
1805950 766
1805960 766
1805970 765
1805980 765
1805990 764
1806000 763
1806010 762
1806020 762
1806030 761
1806040 759
1806050 758
1806060 757
1806070 756
1806080 754
1806090 754
1806100 753
1806110 752
1806120 752
1806130 752
1806140 752
1806150 751
1806160 751
1806170 751
1806180 751
1806190 751
1806200 751
1806210 751
1806220 751
1806230 751
1806240 750
1806250 750
1806260 749
1806270 748
1806280 748
1806290 747
1806300 747
1806310 747
1806320 747
1806330 747
1806340 747
1806350 747
1806360 747
1806370 746
1806380 745
1806390 744
1806400 743
1806410 742
1806420 741
1806430 741
1806440 740
1806450 739
1806460 739
1806470 738
1806480 737
1806490 736
1806500 736
1806510 735
1806520 735
1806530 735
1806540 735
1806550 734
1806560 734
1806570 734
1806580 733
1806590 732
1806600 731
1806610 730
1806620 729
1806630 728
1806640 727
1806650 726
1806660 725
1806670 724
1806680 723
1806690 722
1806700 721
1806710 721
1806720 720
1806730 720
1806740 720
1806750 719
1806760 717
1806770 714
1806780 713
1806790 713
1806800 715
1806810 715
1806820 715
1806830 713
1806840 711
1806850 709
1806860 706
1806870 704
1806880 701
1806890 699
1806900 696
1806910 692
1806920 689
1806930 686
1806940 683
1806950 679
1806960 676
1806970 673
1806980 669
1806990 666
1807000 663
1807010 660
1807020 657
1807030 653
1807040 650
1807050 646
1807060 642
1807070 638
1807080 635
1807090 632
1807100 631
1807110 634
1807120 637
1807130 638
1807140 640
1807150 641
1807160 643
1807170 646
1807180 648
1807190 650
1807200 652
1807210 653
1807220 654
1807230 654
1807240 653
1807250 652
1807260 651
1807270 649
1807280 646
1807290 644
1807300 643
1807310 641
1807320 640
1807330 639
1807340 639
1807350 639
1807360 640
1807370 640
1807380 641
1807390 641
1807400 641
1807410 640
1807420 640
1807430 639
1807440 637
1807450 636
1807460 635
1807470 633
1807480 632
1807490 630
1807500 628
1807510 626
1807520 624
1807530 622
1807540 620
1807550 618
1807560 616
1807570 615
1807580 613
1807590 611
1807600 609
1807610 607
1807620 606
1807630 604
1807640 602
1807650 601
1807660 599
1807670 596
1807680 593
1807690 591
1807700 588
1807710 585
1807720 583
1807730 583
1807740 584
1807750 586
1807760 587
1807770 588
1807780 590
1807790 591
1807800 592
1807810 592
1807820 592
1807830 592
1807840 591
1807850 591
1807860 590
1807870 588
1807880 587
1807890 586
1807900 585
1807910 584
1807920 583
1807930 582
1807940 581
1807950 581
1807960 579
1807970 578
1807980 577
1807990 576
1808000 574
1808010 573
1808020 572
1808030 571
1808040 570
1808050 569
1808060 568
1808070 567
1808080 566
1808090 565
1808100 565
1808110 564
1808120 564
1808130 563
1808140 562
1808150 562
1808160 561
1808170 561
1808180 560
1808190 560
1808200 559
1808210 559
1808220 559
1808230 558
1808240 558
1808250 559
1808260 561
1808270 566
1808280 569
1808290 572
1808300 576
1808310 580
1808320 584
1808330 587
1808340 591
1808350 594
1808360 597
1808370 599
1808380 602
1808390 605
1808400 608
1808410 611
1808420 615
1808430 617
1808440 619
1808450 621
1808460 623
1808470 625
1808480 626
1808490 628
1808500 630
1808510 632
1808520 634
1808530 636
1808540 639
1808550 641
1808560 643
1808570 644
1808580 645
1808590 646
1808600 647
1808610 647
1808620 647
1808630 647
1808640 647
1808650 646
1808660 646
1808670 646
1808680 645
1808690 645
1808700 645
1808710 645
1808720 646
1808730 646
1808740 645
1808750 645
1808760 644
1808770 643
1808780 643
1808790 642
1808800 642
1808810 642
1808820 642
1808830 642
1808840 642
1808850 642
1808860 642
1808870 642
1808880 643
1808890 644
1808900 645
1808910 646
1808920 648
1808930 650
1808940 652
1808950 653
1808960 654
1808970 656
1808980 657
1808990 659
1809000 660
1809010 662
1809020 664
1809030 665
1809040 667
1809050 669
1809060 671
1809070 673
1809080 675
1809090 677
1809100 679
1809110 681
1809120 682
1809130 684
1809140 685
1809150 687
1809160 688
1809170 690
1809180 691
1809190 692
1809200 693
1809210 695
1809220 696
1809230 697
1809240 698
1809250 699
1809260 700
1809270 701
1809280 702
1809290 703
1809300 704
1809310 705
1809320 706
1809330 707
1809340 708
1809350 709
1809360 710
1809370 710
1809380 711
1809390 712
1809400 712
1809410 713
1809420 714
1809430 715
1809440 715
1809450 716
1809460 717
1809470 718
1809480 719
1809490 720
1809500 721
1809510 722
1809520 723
1809530 723
1809540 723
1809550 723
1809560 722
1809570 721
1809580 720
1809590 719
1809600 718
1809610 716
1809620 715
1809630 713
1809640 712
1809650 711
1809660 710
1809670 710
1809680 709
1809690 708
1809700 708
1809710 707
1809720 706
1809730 705
1809740 705
1809750 705
1809760 705
1809770 705
1809780 705
1809790 704
1809800 704
1809810 704
1809820 704
1809830 703
1809840 702
1809850 700
1809860 699
1809870 698
1809880 696
1809890 695
1809900 693
1809910 691
1809920 690
1809930 688
1809940 687
1809950 686
1809960 685
1809970 684
1809980 683
1809990 681
1810000 680
1810010 679
1810020 678
1810030 677
1810040 676
1810050 676
1810060 675
1810070 674
1810080 674
1810090 674
1810100 676
1810110 678
1810120 679
1810130 681
1810140 682
1810150 684
1810160 686
1810170 687
1810180 689
1810190 691
1810200 692
1810210 694
1810220 696
1810230 698
1810240 699
1810250 701
1810260 702
1810270 703
1810280 704
1810290 705
1810300 706
1810310 706
1810320 706
1810330 705
1810340 705
1810350 704
1810360 703
1810370 703
1810380 702
1810390 701
1810400 701
1810410 700
1810420 699
1810430 699
1810440 698
1810450 697
1810460 696
1810470 695
1810480 693
1810490 692
1810500 691
1810510 690
1810520 689
1810530 688
1810540 686
1810550 685
1810560 684
1810570 683
1810580 681
1810590 680
1810600 679
1810610 677
1810620 676
1810630 675
1810640 674
1810650 673
1810660 673
1810670 672
1810680 672
1810690 672
1810700 672
1810710 672
1810720 671
1810730 671
1810740 669
1810750 668
1810760 666
1810770 663
1810780 661
1810790 658
1810800 656
1810810 653
1810820 651
1810830 649
1810840 647
1810850 645
1810860 643
1810870 640
1810880 640
1810890 642
1810900 643
1810910 644
1810920 645
1810930 645
1810940 645
1810950 645
1810960 645
1810970 644
1810980 643
1810990 643
1811000 643
1811010 643
1811020 643
1811030 643
1811040 643
1811050 644
1811060 644
1811070 645
1811080 645
1811090 646
1811100 647
1811110 647
1811120 647
1811130 647
1811140 646
1811150 645
1811160 643
1811170 640
1811180 637
1811190 634
1811200 631
1811210 628
1811220 626
1811230 623
1811240 620
1811250 617
1811260 616
1811270 617
1811280 619
1811290 620
1811300 622
1811310 624
1811320 626
1811330 628
1811340 631
1811350 633
1811360 635
1811370 638
1811380 640
1811390 642
1811400 644
1811410 645
1811420 645
1811430 646
1811440 646
1811450 646
1811460 646
1811470 646
1811480 646
1811490 646
1811500 646
1811510 646
1811520 646
1811530 646
1811540 646
1811550 645
1811560 645
1811570 644
1811580 643
1811590 643
1811600 642
1811610 641
1811620 640
1811630 640
1811640 639
1811650 638
1811660 637
1811670 636
1811680 636
1811690 635
1811700 634
1811710 634
1811720 633
1811730 633
1811740 632
1811750 632
1811760 631
1811770 631
1811780 630
1811790 629
1811800 629
1811810 628
1811820 627
1811830 627
1811840 626
1811850 626
1811860 625
1811870 625
1811880 625
1811890 624
1811900 624
1811910 624
1811920 624
1811930 624
1811940 625
1811950 625
1811960 625
1811970 625
1811980 625
1811990 625
1812000 626
1812010 627
1812020 627
1812030 628
1812040 627
1812050 625
1812060 624
1812070 622
1812080 620
1812090 617
1812100 615
1812110 613
1812120 611
1812130 609
1812140 606
1812150 604
1812160 602
1812170 600
1812180 598
1812190 596
1812200 593
1812210 591
1812220 589
1812230 586
1812240 584
1812250 583
1812260 581
1812270 580
1812280 577
1812290 574
1812300 572
1812310 569
1812320 566
1812330 563
1812340 560
1812350 557
1812360 553
1812370 551
1812380 548
1812390 546
1812400 544
1812410 542
1812420 539
1812430 537
1812440 534
1812450 531
1812460 530
1812470 527
1812480 525
1812490 522
1812500 520
1812510 517
1812520 515
1812530 512
1812540 510
1812550 507
1812560 504
1812570 501
1812580 499
1812590 496
1812600 494
1812610 491
1812620 488
1812630 485
1812640 481
1812650 478
1812660 475
1812670 472
1812680 470
1812690 468
1812700 467
1812710 466
1812720 466
1812730 465
1812740 465
1812750 464
1812760 464
1812770 463
1812780 462
1812790 461
1812800 460
1812810 460
1812820 459
1812830 458
1812840 457
1812850 457
1812860 456
1812870 456
1812880 456
1812890 456
1812900 455
1812910 455
1812920 456
1812930 455
1812940 455
1812950 455
1812960 455
1812970 455
1812980 455
1812990 455
1813000 455
1813010 455
1813020 455
1813030 456
1813040 456
1813050 457
1813060 458
1813070 459
1813080 460
1813090 461
1813100 462
1813110 464
1813120 465
1813130 466
1813140 467
1813150 468
1813160 468
1813170 469
1813180 469
1813190 469
1813200 469
1813210 469
1813220 469
1813230 469
1813240 469
1813250 468
1813260 468
1813270 467
1813280 467
1813290 467
1813300 467
1813310 467
1813320 466
1813330 466
1813340 466
1813350 466
1813360 466
1813370 465
1813380 465
1813390 465
1813400 465
1813410 465
1813420 464
1813430 464
1813440 464
1813450 466
1813460 468
1813470 470
1813480 472
1813490 474
1813500 476
1813510 479
1813520 482
1813530 485
1813540 488
1813550 490
1813560 492
1813570 494
1813580 496
1813590 498
1813600 499
1813610 500
1813620 502
1813630 503
1813640 504
1813650 506
1813660 508
1813670 510
1813680 512
1813690 514
1813700 516
1813710 518
1813720 519
1813730 521
1813740 523
1813750 525
1813760 527
1813770 529
1813780 531
1813790 534
1813800 536
1813810 539
1813820 541
1813830 543
1813840 545
1813850 548
1813860 549
1813870 550
1813880 551
1813890 552
1813900 552
1813910 553
1813920 553
1813930 553
1813940 553
1813950 553
1813960 553
1813970 553
1813980 552
1813990 551
1814000 550
1814010 549
1814020 548
1814030 547
1814040 546
1814050 545
1814060 545
1814070 545
1814080 544
1814090 543
1814100 542
1814110 540
1814120 539
1814130 538
1814140 536
1814150 535
1814160 533
1814170 531
1814180 529
1814190 527
1814200 525
1814210 523
1814220 522
1814230 521
1814240 520
1814250 520
1814260 517
1814270 515
1814280 512
1814290 509
1814300 507
1814310 505
1814320 509
1814330 513
1814340 517
1814350 521
1814360 524
1814370 527
1814380 530
1814390 532
1814400 534
1814410 536
1814420 538
1814430 540
1814440 542
1814450 544
1814460 546
1814470 548
1814480 549
1814490 550
1814500 552
1814510 553
1814520 554
1814530 555
1814540 556
1814550 557
1814560 558
1814570 559
1814580 559
1814590 560
1814600 560
1814610 560
1814620 561
1814630 561
1814640 561
1814650 561
1814660 560
1814670 560
1814680 559
1814690 559
1814700 558
1814710 557
1814720 557
1814730 556
1814740 555
1814750 555
1814760 554
1814770 554
1814780 554
1814790 553
1814800 553
1814810 553
1814820 552
1814830 552
1814840 552
1814850 552
1814860 552
1814870 552
1814880 552
1814890 552
1814900 552
1814910 552
1814920 552
1814930 552
1814940 552
1814950 553
1814960 553
1814970 552
1814980 552
1814990 553
1815000 553
1815010 553
1815020 553
1815030 553
1815040 553
1815050 553
1815060 553
1815070 553
1815080 553
1815090 552
1815100 552
1815110 551
1815120 551
1815130 550
1815140 549
1815150 548
1815160 547
1815170 545
1815180 544
1815190 543
1815200 542
1815210 541
1815220 540
1815230 539
1815240 538
1815250 537
1815260 536
1815270 534
1815280 533
1815290 531
1815300 529
1815310 527
1815320 524
1815330 522
1815340 519
1815350 516
1815360 514
1815370 511
1815380 509
1815390 506
1815400 503
1815410 500
1815420 497
1815430 494
1815440 491
1815450 488
1815460 485
1815470 482
1815480 479
1815490 476
1815500 474
1815510 472
1815520 470
1815530 467
1815540 465
1815550 462
1815560 459
1815570 456
1815580 453
1815590 451
1815600 450
1815610 449
1815620 449
1815630 448
1815640 447
1815650 446
1815660 444
1815670 443
1815680 442
1815690 440
1815700 438
1815710 437
1815720 435
1815730 434
1815740 433
1815750 433
1815760 432
1815770 432
1815780 431
1815790 432
1815800 431
1815810 431
1815820 431
1815830 431
1815840 431
1815850 433
1815860 437
1815870 441
1815880 443
1815890 445
1815900 447
1815910 448
1815920 450
1815930 451
1815940 453
1815950 455
1815960 458
1815970 461
1815980 465
1815990 470
1816000 473
1816010 476
1816020 478
1816030 480
1816040 482
1816050 484
1816060 485
1816070 486
1816080 488
1816090 489
1816100 491
1816110 492
1816120 493
1816130 495
1816140 497
1816150 498
1816160 500
1816170 502
1816180 504
1816190 506
1816200 508
1816210 510
1816220 512
1816230 513
1816240 514
1816250 515
1816260 517
1816270 518
1816280 520
1816290 521
1816300 523
1816310 525
1816320 527
1816330 529
1816340 531
1816350 533
1816360 534
1816370 536
1816380 538
1816390 540
1816400 542
1816410 544
1816420 546
1816430 548
1816440 550
1816450 552
1816460 553
1816470 555
1816480 556
1816490 558
1816500 559
1816510 561
1816520 562
1816530 563
1816540 564
1816550 566
1816560 567
1816570 568
1816580 569
1816590 570
1816600 572
1816610 574
1816620 575
1816630 576
1816640 577
1816650 579
1816660 580
1816670 581
1816680 583
1816690 585
1816700 586
1816710 587
1816720 588
1816730 589
1816740 590
1816750 593
1816760 594
1816770 596
1816780 598
1816790 599
1816800 600
1816810 601
1816820 603
1816830 604
1816840 605
1816850 607
1816860 608
1816870 609
1816880 610
1816890 611
1816900 612
1816910 612
1816920 613
1816930 614
1816940 614
1816950 615
1816960 615
1816970 615
1816980 615
1816990 615
1817000 615
1817010 615
1817020 615
1817030 614
1817040 614
1817050 613
1817060 613
1817070 612
1817080 612
1817090 612
1817100 612
1817110 611
1817120 612
1817130 612
1817140 613
1817150 613
1817160 614
1817170 615
1817180 616
1817190 616
1817200 617
1817210 618
1817220 618
1817230 619
1817240 620
1817250 620
1817260 621
1817270 622
1817280 622
1817290 623
1817300 623
1817310 624
1817320 624
1817330 625
1817340 626
1817350 626
1817360 627
1817370 627
1817380 628
1817390 629
1817400 629
1817410 630
1817420 630
1817430 631
1817440 631
1817450 631
1817460 631
1817470 631
1817480 631
1817490 631
1817500 631
1817510 630
1817520 630
1817530 630
1817540 630
1817550 630
1817560 630
1817570 629
1817580 629
1817590 629
1817600 629
1817610 629
1817620 629
1817630 628
1817640 628
1817650 628
1817660 627
1817670 627
1817680 627
1817690 627
1817700 626
1817710 626
1817720 626
1817730 626
1817740 625
1817750 625
1817760 625
1817770 624
1817780 624
1817790 624
1817800 623
1817810 623
1817820 623
1817830 622
1817840 622
1817850 621
1817860 621
1817870 621
1817880 620
1817890 620
1817900 620
1817910 620
1817920 619
1817930 619
1817940 619
1817950 618
1817960 618
1817970 618
1817980 617
1817990 617
1818000 617
1818010 616
1818020 616
1818030 616
1818040 616
1818050 616
1818060 615
1818070 615
1818080 615
1818090 614
1818100 614
1818110 614
1818120 614
1818130 614
1818140 613
1818150 613
1818160 613
1818170 613
1818180 612
1818190 612
1818200 612
1818210 612
1818220 611
1818230 611
1818240 611
1818250 611
1818260 610
1818270 610
1818280 610
1818290 609
1818300 609
1818310 609
1818320 609
1818330 609
1818340 609
1818350 608
1818360 608
1818370 608
1818380 609
1818390 609
1818400 609
1818410 609
1818420 609
1818430 609
1818440 609
1818450 610
1818460 610
1818470 610
1818480 610
1818490 610
1818500 610
1818510 610
1818520 611
1818530 610
1818540 610
1818550 610
1818560 610
1818570 610
1818580 610
1818590 609
1818600 609
1818610 609
1818620 608
1818630 608
1818640 607
1818650 607
1818660 606
1818670 606
1818680 605
1818690 605
1818700 605
1818710 604
1818720 603
1818730 603
1818740 602
1818750 602
1818760 601
1818770 601
1818780 600
1818790 599
1818800 598
1818810 598
1818820 597
1818830 596
1818840 596
1818850 595
1818860 595
1818870 594
1818880 593
1818890 592
1818900 591
1818910 590
1818920 589
1818930 589
1818940 589
1818950 588
1818960 588
1818970 587
1818980 587
1818990 586
1819000 585
1819010 584
1819020 583
1819030 582
1819040 581
1819050 580
1819060 580
1819070 578
1819080 577
1819090 576
1819100 574
1819110 573
1819120 572
1819130 571
1819140 569
1819150 568
1819160 567
1819170 565
1819180 563
1819190 561
1819200 559
1819210 557
1819220 556
1819230 554
1819240 552
1819250 551
1819260 551
1819270 552
1819280 553
1819290 555
1819300 556
1819310 557
1819320 557
1819330 558
1819340 559
1819350 560
1819360 561
1819370 561
1819380 562
1819390 563
1819400 564
1819410 564
1819420 564
1819430 564
1819440 564
1819450 564
1819460 563
1819470 562
1819480 561
1819490 560
1819500 559
1819510 559
1819520 559
1819530 559
1819540 559
1819550 559
1819560 559
1819570 559
1819580 560
1819590 560
1819600 561
1819610 561
1819620 561
1819630 562
1819640 562
1819650 562
1819660 563
1819670 563
1819680 563
1819690 563
1819700 563
1819710 563
1819720 563
1819730 563
1819740 563
1819750 563
1819760 563
1819770 563
1819780 563
1819790 562
1819800 562
1819810 561
1819820 560
1819830 560
1819840 559
1819850 557
1819860 556
1819870 556
1819880 555
1819890 556
1819900 557
1819910 558
1819920 559
1819930 560
1819940 561
1819950 562
1819960 562
1819970 563
1819980 563
1819990 564
