1800000 639
1800010 641
1800020 642
1800030 643
1800040 645
1800050 646
1800060 647
1800070 648
1800080 648
1800090 648
1800100 648
1800110 647
1800120 646
1800130 645
1800140 644
1800150 644
1800160 645
1800170 646
1800180 647
1800190 648
1800200 650
1800210 651
1800220 651
1800230 650
1800240 650
1800250 651
1800260 652
1800270 653
1800280 653
1800290 654
1800300 655
1800310 656
1800320 658
1800330 658
1800340 659
1800350 660
1800360 661
1800370 662
1800380 663
1800390 664
1800400 665
1800410 666
1800420 667
1800430 668
1800440 670
1800450 671
1800460 673
1800470 674
1800480 675
1800490 675
1800500 676
1800510 675
1800520 675
1800530 675
1800540 676
1800550 677
1800560 678
1800570 679
1800580 680
1800590 681
1800600 682
1800610 684
1800620 687
1800630 690
1800640 692
1800650 694
1800660 696
1800670 697
1800680 699
1800690 700
1800700 702
1800710 704
1800720 705
1800730 706
1800740 706
1800750 706
1800760 708
1800770 710
1800780 714
1800790 716
1800800 718
1800810 719
1800820 721
1800830 722
1800840 724
1800850 725
1800860 727
1800870 728
1800880 730
1800890 731
1800900 732
1800910 734
1800920 735
1800930 736
1800940 738
1800950 739
1800960 741
1800970 742
1800980 744
1800990 745
1801000 747
1801010 748
1801020 749
1801030 750
1801040 751
1801050 753
1801060 754
1801070 755
1801080 756
1801090 757
1801100 757
1801110 758
1801120 760
1801130 761
1801140 762
1801150 762
1801160 763
1801170 763
1801180 764
1801190 764
1801200 765
1801210 765
1801220 765
1801230 765
1801240 765
1801250 765
1801260 764
1801270 764
1801280 763
1801290 761
1801300 760
1801310 759
1801320 758
1801330 757
1801340 755
1801350 754
1801360 753
1801370 751
1801380 750
1801390 748
1801400 746
1801410 745
1801420 743
1801430 741
1801440 739
1801450 737
1801460 736
1801470 734
1801480 732
1801490 730
1801500 728
1801510 727
1801520 725
1801530 724
1801540 722
1801550 720
1801560 719
1801570 718
1801580 716
1801590 715
1801600 714
1801610 712
1801620 711
1801630 710
1801640 708
1801650 706
1801660 704
1801670 701
1801680 697
1801690 695
1801700 694
1801710 695
1801720 696
1801730 697
1801740 697
1801750 698
1801760 698
1801770 699
1801780 700
1801790 700
1801800 701
1801810 701
1801820 702
1801830 703
1801840 703
1801850 704
1801860 705
1801870 705
1801880 706
1801890 707
1801900 707
1801910 708
1801920 708
1801930 709
1801940 709
1801950 709
1801960 710
1801970 710
1801980 711
1801990 712
1802000 712
1802010 713
1802020 713
1802030 714
1802040 714
1802050 714
1802060 714
1802070 714
1802080 714
1802090 714
1802100 714
1802110 715
1802120 715
1802130 715
1802140 715
1802150 715
1802160 715
1802170 714
1802180 714
1802190 714
1802200 713
1802210 712
1802220 711
1802230 710
1802240 709
1802250 708
1802260 706
1802270 705
1802280 704
1802290 703
1802300 701
1802310 699
1802320 698
1802330 696
1802340 695
1802350 693
1802360 692
1802370 692
1802380 691
1802390 690
1802400 689
1802410 688
1802420 687
1802430 687
1802440 687
1802450 686
1802460 686
1802470 686
1802480 687
1802490 687
1802500 687
1802510 687
1802520 687
1802530 688
1802540 688
1802550 687
1802560 686
1802570 684
1802580 681
1802590 679
1802600 676
1802610 674
1802620 671
1802630 667
1802640 664
1802650 661
1802660 657
1802670 654
1802680 651
1802690 647
1802700 643
1802710 640
1802720 637
1802730 637
1802740 637
1802750 637
1802760 638
1802770 640
1802780 643
1802790 645
1802800 647
1802810 648
1802820 650
1802830 652
1802840 654
1802850 656
1802860 657
1802870 659
1802880 661
1802890 662
1802900 664
1802910 665
1802920 667
1802930 669
1802940 670
1802950 672
1802960 673
1802970 674
1802980 677
1802990 679
1803000 681
1803010 682
1803020 684
1803030 686
1803040 688
1803050 690
1803060 692
1803070 694
1803080 696
1803090 698
1803100 700
1803110 702
1803120 703
1803130 705
1803140 706
1803150 708
1803160 709
1803170 710
1803180 711
1803190 711
1803200 712
1803210 713
1803220 713
1803230 714
1803240 714
1803250 715
1803260 715
1803270 715
1803280 714
1803290 714
1803300 713
1803310 712
1803320 711
1803330 710
1803340 708
1803350 707
1803360 705
1803370 703
1803380 701
1803390 698
1803400 695
1803410 693
1803420 690
1803430 687
1803440 685
1803450 683
1803460 681
1803470 676
1803480 672
1803490 672
1803500 675
1803510 678
1803520 679
1803530 680
1803540 682
1803550 683
1803560 684
1803570 686
1803580 687
1803590 688
1803600 690
1803610 691
1803620 693
1803630 694
1803640 696
1803650 698
1803660 699
1803670 701
1803680 702
1803690 704
1803700 705
1803710 706
1803720 707
1803730 707
1803740 708
1803750 708
1803760 708
1803770 708
1803780 708
1803790 708
1803800 708
1803810 708
1803820 708
1803830 707
1803840 706
1803850 706
1803860 705
1803870 703
1803880 702
1803890 700
1803900 699
1803910 697
1803920 695
1803930 693
1803940 692
1803950 690
1803960 688
1803970 686
1803980 684
1803990 682
1804000 680
1804010 678
1804020 676
1804030 674
1804040 672
1804050 671
1804060 669
1804070 667
1804080 666
1804090 664
1804100 663
1804110 661
1804120 658
1804130 656
1804140 655
1804150 653
1804160 651
1804170 649
1804180 647
1804190 645
1804200 644
1804210 642
1804220 641
1804230 639
1804240 637
1804250 635
1804260 632
1804270 630
1804280 627
1804290 626
1804300 626
1804310 626
1804320 627
1804330 628
1804340 629
1804350 633
1804360 637
1804370 641
1804380 644
1804390 647
1804400 651
1804410 654
1804420 657
1804430 659
1804440 661
1804450 663
1804460 666
1804470 668
1804480 670
1804490 672
1804500 673
1804510 675
1804520 677
1804530 678
1804540 680
1804550 682
1804560 683
1804570 685
1804580 687
1804590 688
1804600 690
1804610 692
1804620 694
1804630 695
1804640 697
1804650 699
1804660 701
1804670 702
1804680 704
1804690 706
1804700 708
1804710 709
1804720 711
1804730 713
1804740 715
1804750 717
1804760 719
1804770 721
1804780 723
1804790 725
1804800 727
1804810 729
1804820 730
1804830 732
1804840 734
1804850 735
1804860 736
1804870 738
1804880 739
1804890 740
1804900 741
1804910 742
1804920 743
1804930 744
1804940 744
1804950 745
1804960 745
1804970 746
1804980 746
1804990 747
1805000 747
1805010 747
1805020 748
1805030 748
1805040 749
1805050 750
1805060 750
1805070 751
1805080 751
1805090 752
1805100 752
1805110 752
1805120 752
1805130 752
1805140 752
1805150 752
1805160 752
1805170 753
1805180 753
1805190 753
1805200 753
1805210 754
1805220 754
1805230 754
1805240 755
1805250 755
1805260 755
1805270 755
1805280 754
1805290 754
1805300 754
1805310 754
1805320 755
1805330 755
1805340 755
1805350 755
1805360 754
1805370 754
1805380 754
1805390 753
1805400 752
1805410 752
1805420 751
1805430 751
1805440 752
1805450 752
1805460 752
1805470 752
1805480 753
1805490 754
1805500 754
1805510 755
1805520 756
1805530 757
1805540 757
1805550 757
1805560 758
1805570 758
1805580 758
1805590 758
1805600 758
1805610 758
1805620 758
1805630 758
1805640 758
1805650 758
1805660 758
1805670 758
1805680 757
1805690 757
1805700 757
1805710 757
1805720 757
1805730 757
1805740 757
1805750 757
1805760 757
1805770 757
1805780 757
1805790 757
1805800 757
1805810 758
1805820 758
1805830 758
1805840 759
1805850 759
1805860 760
1805870 760
1805880 760
1805890 761
1805900 761
1805910 761
1805920 761
1805930 760
1805940 760
1805950 759
1805960 758
1805970 757
1805980 756
1805990 754
1806000 752
1806010 750
1806020 747
1806030 744
1806040 741
1806050 739
1806060 737
1806070 735
1806080 734
1806090 733
1806100 732
1806110 731
1806120 729
1806130 727
1806140 725
1806150 721
1806160 718
1806170 720
1806180 721
1806190 723
1806200 724
1806210 725
1806220 726
1806230 727
1806240 728
1806250 728
1806260 729
1806270 729
1806280 729
1806290 729
1806300 728
1806310 728
1806320 728
1806330 728
1806340 727
1806350 727
1806360 726
1806370 726
1806380 725
1806390 724
1806400 723
1806410 722
1806420 721
1806430 719
1806440 718
1806450 717
1806460 715
1806470 713
1806480 712
1806490 711
1806500 710
1806510 709
1806520 708
1806530 707
1806540 706
1806550 706
1806560 705
1806570 703
1806580 702
1806590 700
1806600 697
1806610 694
1806620 691
1806630 689
1806640 686
1806650 683
1806660 680
1806670 677
1806680 674
1806690 670
1806700 667
1806710 664
1806720 661
1806730 658
1806740 655
1806750 653
1806760 650
1806770 648
1806780 645
1806790 642
1806800 639
1806810 637
1806820 638
1806830 639
1806840 640
1806850 640
1806860 641
1806870 642
1806880 643
1806890 645
1806900 646
1806910 647
1806920 649
1806930 651
1806940 654
1806950 657
1806960 660
1806970 663
1806980 666
1806990 669
1807000 672
1807010 674
1807020 676
1807030 677
1807040 678
1807050 679
1807060 681
1807070 682
1807080 684
1807090 685
1807100 686
1807110 688
1807120 689
1807130 691
1807140 693
1807150 694
1807160 696
1807170 697
1807180 699
1807190 700
1807200 702
1807210 704
1807220 705
1807230 706
1807240 707
1807250 708
1807260 709
1807270 710
1807280 711
1807290 712
1807300 713
1807310 714
1807320 715
1807330 715
1807340 716
1807350 716
1807360 717
1807370 718
1807380 719
1807390 720
1807400 722
1807410 723
1807420 725
1807430 726
1807440 727
1807450 729
1807460 730
1807470 731
1807480 731
1807490 732
1807500 733
1807510 733
1807520 734
1807530 734
1807540 734
1807550 734
1807560 734
1807570 734
1807580 734
1807590 734
1807600 734
1807610 733
1807620 732
1807630 732
1807640 731
1807650 731
1807660 731
1807670 731
1807680 731
1807690 731
1807700 731
1807710 731
1807720 731
1807730 731
1807740 731
1807750 731
1807760 731
1807770 732
1807780 733
1807790 734
1807800 735
1807810 735
1807820 735
1807830 735
1807840 735
1807850 734
1807860 733
1807870 731
1807880 729
1807890 728
1807900 728
1807910 727
1807920 727
1807930 727
1807940 727
1807950 726
1807960 726
1807970 726
1807980 726
1807990 726
1808000 727
1808010 727
1808020 727
1808030 727
1808040 728
1808050 728
1808060 728
1808070 728
1808080 729
1808090 728
1808100 728
1808110 728
1808120 728
1808130 729
1808140 729
1808150 729
1808160 730
1808170 730
1808180 730
1808190 731
1808200 731
1808210 732
1808220 732
1808230 732
1808240 732
1808250 732
1808260 732
1808270 732
1808280 732
1808290 732
1808300 731
1808310 731
1808320 731
1808330 731
1808340 731
1808350 731
1808360 731
1808370 731
1808380 731
1808390 731
1808400 731
1808410 731
1808420 732
1808430 732
1808440 732
1808450 732
1808460 733
1808470 733
1808480 733
1808490 733
1808500 734
1808510 734
1808520 734
1808530 734
1808540 734
1808550 734
1808560 735
1808570 735
1808580 735
1808590 735
1808600 735
1808610 734
1808620 734
1808630 734
1808640 734
1808650 734
1808660 734
1808670 733
1808680 733
1808690 733
1808700 732
1808710 732
1808720 731
1808730 731
1808740 730
1808750 730
1808760 730
1808770 729
1808780 729
1808790 729
1808800 729
1808810 729
1808820 729
1808830 729
1808840 729
1808850 729
1808860 729
1808870 729
1808880 728
1808890 728
1808900 727
1808910 726
1808920 725
1808930 725
1808940 724
1808950 723
1808960 723
1808970 722
1808980 722
1808990 721
1809000 721
1809010 720
1809020 720
1809030 720
1809040 719
1809050 719
1809060 718
1809070 718
1809080 717
1809090 717
1809100 717
1809110 716
1809120 716
1809130 716
1809140 716
1809150 715
1809160 715
1809170 715
1809180 714
1809190 714
1809200 714
1809210 714
1809220 713
1809230 713
1809240 713
1809250 713
1809260 712
1809270 712
1809280 712
1809290 711
1809300 711
1809310 710
1809320 710
1809330 709
1809340 708
1809350 707
1809360 706
1809370 705
1809380 704
1809390 703
1809400 702
1809410 700
1809420 699
1809430 698
1809440 696
1809450 695
1809460 693
1809470 692
1809480 691
1809490 690
1809500 690
1809510 689
1809520 689
1809530 688
1809540 688
1809550 688
1809560 688
1809570 687
1809580 687
1809590 687
1809600 686
1809610 686
1809620 686
1809630 686
1809640 685
1809650 685
1809660 685
1809670 685
1809680 685
1809690 684
1809700 684
1809710 684
1809720 684
1809730 684
1809740 684
1809750 684
1809760 684
1809770 685
1809780 685
1809790 685
1809800 685
1809810 685
1809820 685
1809830 685
1809840 685
1809850 685
1809860 685
1809870 686
1809880 688
1809890 688
1809900 689
1809910 689
1809920 689
1809930 689
1809940 689
1809950 689
1809960 690
1809970 691
1809980 691
1809990 692
1810000 694
1810010 695
1810020 697
1810030 699
1810040 700
1810050 702
1810060 703
1810070 705
1810080 707
1810090 709
1810100 710
1810110 711
1810120 713
1810130 714
1810140 715
1810150 716
1810160 717
1810170 717
1810180 718
1810190 719
1810200 719
1810210 720
1810220 720
1810230 720
1810240 720
1810250 720
1810260 720
1810270 720
1810280 720
1810290 721
1810300 721
1810310 720
1810320 720
1810330 720
1810340 719
1810350 718
1810360 717
1810370 716
1810380 715
1810390 714
1810400 713
1810410 712
1810420 711
1810430 711
1810440 709
1810450 708
1810460 707
1810470 705
1810480 704
1810490 703
1810500 702
1810510 701
1810520 700
1810530 699
1810540 699
1810550 698
1810560 697
1810570 696
1810580 695
1810590 695
1810600 694
1810610 693
1810620 693
1810630 692
1810640 691
1810650 691
1810660 690
1810670 689
1810680 689
1810690 688
1810700 687
1810710 687
1810720 686
1810730 686
1810740 685
1810750 684
1810760 683
1810770 683
1810780 682
1810790 681
1810800 680
1810810 679
1810820 678
1810830 677
1810840 676
1810850 676
1810860 675
1810870 674
1810880 673
1810890 672
1810900 671
1810910 670
1810920 669
1810930 668
1810940 666
1810950 665
1810960 664
1810970 663
1810980 661
1810990 660
1811000 658
1811010 657
1811020 655
1811030 654
1811040 653
1811050 653
1811060 652
1811070 652
1811080 651
1811090 651
1811100 651
1811110 650
1811120 650
1811130 650
1811140 650
1811150 650
1811160 650
1811170 650
1811180 649
1811190 649
1811200 649
1811210 649
1811220 649
1811230 648
1811240 647
1811250 647
1811260 646
1811270 646
1811280 645
1811290 644
1811300 644
1811310 643
1811320 643
1811330 643
1811340 642
1811350 642
1811360 642
1811370 642
1811380 641
1811390 640
1811400 639
1811410 638
1811420 638
1811430 637
1811440 636
1811450 636
1811460 635
1811470 634
1811480 634
1811490 633
1811500 632
1811510 631
1811520 630
1811530 629
1811540 628
1811550 626
1811560 625
1811570 624
1811580 623
1811590 622
1811600 621
1811610 619
1811620 618
1811630 616
1811640 615
1811650 612
1811660 610
1811670 608
1811680 606
1811690 605
1811700 604
1811710 605
1811720 606
1811730 606
1811740 607
1811750 608
1811760 608
1811770 609
1811780 609
1811790 609
1811800 608
1811810 607
1811820 606
1811830 605
1811840 602
1811850 600
1811860 600
1811870 601
1811880 604
1811890 606
1811900 609
1811910 611
1811920 613
1811930 615
1811940 617
1811950 618
1811960 619
1811970 620
1811980 621
1811990 622
1812000 623
1812010 624
1812020 625
1812030 626
1812040 627
1812050 627
1812060 628
1812070 628
1812080 628
1812090 628
1812100 629
1812110 629
1812120 629
1812130 629
1812140 629
1812150 629
1812160 629
1812170 629
1812180 629
1812190 629
1812200 629
1812210 629
1812220 628
1812230 628
1812240 628
1812250 628
1812260 628
1812270 627
1812280 627
1812290 627
1812300 626
1812310 626
1812320 625
1812330 625
1812340 624
1812350 624
1812360 624
1812370 623
1812380 623
1812390 622
1812400 622
1812410 621
1812420 621
1812430 620
1812440 620
1812450 619
1812460 619
1812470 618
1812480 617
1812490 616
1812500 615
1812510 614
1812520 613
1812530 612
1812540 612
1812550 611
1812560 611
1812570 612
1812580 612
1812590 613
1812600 614
1812610 615
1812620 616
1812630 617
1812640 617
1812650 618
1812660 619
1812670 619
1812680 620
1812690 620
1812700 621
1812710 621
1812720 621
1812730 622
1812740 622
1812750 623
1812760 623
1812770 624
1812780 624
1812790 625
1812800 625
1812810 626
1812820 626
1812830 627
1812840 627
1812850 627
1812860 628
1812870 628
1812880 628
1812890 628
1812900 627
1812910 626
1812920 625
1812930 623
1812940 620
1812950 618
1812960 616
1812970 614
1812980 612
1812990 610
1813000 610
1813010 612
1813020 615
1813030 616
1813040 618
1813050 619
1813060 621
1813070 623
1813080 625
1813090 627
1813100 628
1813110 630
1813120 633
1813130 634
1813140 636
1813150 638
1813160 639
1813170 641
1813180 643
1813190 645
1813200 647
1813210 649
1813220 650
1813230 652
1813240 653
1813250 654
1813260 655
1813270 655
1813280 655
1813290 655
1813300 654
1813310 654
1813320 654
1813330 654
1813340 654
1813350 654
1813360 654
1813370 655
1813380 656
1813390 658
1813400 659
1813410 661
1813420 662
1813430 664
1813440 666
1813450 667
1813460 668
1813470 668
1813480 669
1813490 669
1813500 670
1813510 671
1813520 671
1813530 672
1813540 672
1813550 673
1813560 674
1813570 674
1813580 675
1813590 676
1813600 676
1813610 677
1813620 677
1813630 678
1813640 678
1813650 678
1813660 679
1813670 679
1813680 680
1813690 680
1813700 680
1813710 680
1813720 681
1813730 681
1813740 681
1813750 681
1813760 681
1813770 681
1813780 681
1813790 681
1813800 680
1813810 680
1813820 680
1813830 680
1813840 679
1813850 679
1813860 678
1813870 677
1813880 677
1813890 677
1813900 677
1813910 677
1813920 676
1813930 675
1813940 674
1813950 673
1813960 672
1813970 671
1813980 670
1813990 669
1814000 668
1814010 667
1814020 666
1814030 666
1814040 665
1814050 664
1814060 664
1814070 663
1814080 662
1814090 661
1814100 661
1814110 660
1814120 659
1814130 658
1814140 657
1814150 657
1814160 656
1814170 655
1814180 654
1814190 653
1814200 652
1814210 652
1814220 651
1814230 649
1814240 648
1814250 647
1814260 645
1814270 644
1814280 642
1814290 641
1814300 638
1814310 636
1814320 634
1814330 632
1814340 630
1814350 627
1814360 625
1814370 622
1814380 620
1814390 618
1814400 615
1814410 613
1814420 610
1814430 607
1814440 605
1814450 602
1814460 599
1814470 596
1814480 594
1814490 591
1814500 589
1814510 587
1814520 586
1814530 585
1814540 584
1814550 584
1814560 584
1814570 587
1814580 591
1814590 595
1814600 598
1814610 602
1814620 605
1814630 608
1814640 611
1814650 613
1814660 615
1814670 617
1814680 618
1814690 620
1814700 622
1814710 624
1814720 625
1814730 627
1814740 629
1814750 631
1814760 633
1814770 635
1814780 636
1814790 638
1814800 640
1814810 642
1814820 643
1814830 644
1814840 645
1814850 647
1814860 648
1814870 649
1814880 650
1814890 651
1814900 652
1814910 653
1814920 654
1814930 654
1814940 655
1814950 656
1814960 657
1814970 657
1814980 658
1814990 658
1815000 659
1815010 659
1815020 660
1815030 660
1815040 660
1815050 661
1815060 661
1815070 661
1815080 662
1815090 662
1815100 662
1815110 663
1815120 663
1815130 663
1815140 663
1815150 664
1815160 664
1815170 665
1815180 665
1815190 665
1815200 666
1815210 666
1815220 666
1815230 666
1815240 666
1815250 666
1815260 666
1815270 666
1815280 666
1815290 666
1815300 666
1815310 666
1815320 666
1815330 666
1815340 666
1815350 666
1815360 666
1815370 665
1815380 665
1815390 665
1815400 664
1815410 664
1815420 663
1815430 663
1815440 663
1815450 662
1815460 662
1815470 661
1815480 661
1815490 661
1815500 660
1815510 660
1815520 660
1815530 660
1815540 659
1815550 659
1815560 659
1815570 658
1815580 658
1815590 657
1815600 657
1815610 656
1815620 656
1815630 656
1815640 655
1815650 655
1815660 655
1815670 654
1815680 653
1815690 653
1815700 652
1815710 652
1815720 652
1815730 652
1815740 651
1815750 651
1815760 651
1815770 650
1815780 650
1815790 650
1815800 650
1815810 650
1815820 649
1815830 649
1815840 648
1815850 648
1815860 647
1815870 646
1815880 646
1815890 645
1815900 644
1815910 644
1815920 643
1815930 642
1815940 642
1815950 641
1815960 641
1815970 640
1815980 639
1815990 639
1816000 638
1816010 637
1816020 637
1816030 636
1816040 635
1816050 635
1816060 634
1816070 634
1816080 634
1816090 634
1816100 634
1816110 634
1816120 634
1816130 634
1816140 634
1816150 634
1816160 635
1816170 635
1816180 635
1816190 636
1816200 636
1816210 636
1816220 637
1816230 637
1816240 638
1816250 638
1816260 639
1816270 640
1816280 640
1816290 642
1816300 643
1816310 644
1816320 645
1816330 646
1816340 647
1816350 647
1816360 647
1816370 646
1816380 645
1816390 644
1816400 643
1816410 642
1816420 641
1816430 640
1816440 640
1816450 639
1816460 638
1816470 637
1816480 636
1816490 634
1816500 632
1816510 631
1816520 629
1816530 628
1816540 626
1816550 623
1816560 621
1816570 619
1816580 617
1816590 614
1816600 612
1816610 610
1816620 608
1816630 606
1816640 604
1816650 602
1816660 600
1816670 598
1816680 595
1816690 592
1816700 588
1816710 584
1816720 580
1816730 577
1816740 573
1816750 569
1816760 567
1816770 566
1816780 568
1816790 566
1816800 564
1816810 567
1816820 570
1816830 572
1816840 575
1816850 577
1816860 580
1816870 583
1816880 585
1816890 588
1816900 590
1816910 593
1816920 595
1816930 597
1816940 599
1816950 601
1816960 602
1816970 603
1816980 604
1816990 605
1817000 607
1817010 609
1817020 610
1817030 612
1817040 614
1817050 616
1817060 618
1817070 620
1817080 622
1817090 623
1817100 625
1817110 626
1817120 627
1817130 628
1817140 629
1817150 629
1817160 629
1817170 629
1817180 629
1817190 628
1817200 628
1817210 627
1817220 627
1817230 627
1817240 626
1817250 626
1817260 626
1817270 626
1817280 625
1817290 625
1817300 625
1817310 624
1817320 624
1817330 623
1817340 623
1817350 623
1817360 622
1817370 621
1817380 621
1817390 620
1817400 619
1817410 619
1817420 618
1817430 617
1817440 616
1817450 615
1817460 614
1817470 613
1817480 612
1817490 610
1817500 608
1817510 606
1817520 604
1817530 602
1817540 600
1817550 598
1817560 597
1817570 595
1817580 593
1817590 590
1817600 588
1817610 586
1817620 584
1817630 581
1817640 579
1817650 577
1817660 575
1817670 573
1817680 571
1817690 569
1817700 567
1817710 566
1817720 564
1817730 562
1817740 561
1817750 560
1817760 559
1817770 557
1817780 556
1817790 555
1817800 553
1817810 551
1817820 547
1817830 547
1817840 548
1817850 550
1817860 552
1817870 555
1817880 557
1817890 559
1817900 562
1817910 566
1817920 568
1817930 571
1817940 574
1817950 576
1817960 578
1817970 580
1817980 582
1817990 584
1818000 586
1818010 588
1818020 590
1818030 592
1818040 594
1818050 596
1818060 597
1818070 599
1818080 601
1818090 603
1818100 605
1818110 606
1818120 608
1818130 609
1818140 611
1818150 612
1818160 613
1818170 615
1818180 616
1818190 617
1818200 618
1818210 619
1818220 620
1818230 620
1818240 621
1818250 621
1818260 622
1818270 622
1818280 622
1818290 622
1818300 621
1818310 621
1818320 620
1818330 620
1818340 619
1818350 618
1818360 617
1818370 615
1818380 614
1818390 612
1818400 611
1818410 610
1818420 608
1818430 607
1818440 606
1818450 605
1818460 604
1818470 603
1818480 601
1818490 600
1818500 599
1818510 598
1818520 597
1818530 595
1818540 594
1818550 593
1818560 591
1818570 590
1818580 589
1818590 588
1818600 587
1818610 585
1818620 584
1818630 582
1818640 581
1818650 579
1818660 578
1818670 577
1818680 576
1818690 575
1818700 574
1818710 573
1818720 573
1818730 573
1818740 573
1818750 573
1818760 573
1818770 574
1818780 574
1818790 575
1818800 576
1818810 576
1818820 577
1818830 577
1818840 577
1818850 578
1818860 578
1818870 578
1818880 578
1818890 579
1818900 579
1818910 579
1818920 579
1818930 578
1818940 578
1818950 578
1818960 578
1818970 578
1818980 578
1818990 577
1819000 577
1819010 577
1819020 576
1819030 576
1819040 575
1819050 575
1819060 574
1819070 574
1819080 573
1819090 573
1819100 572
1819110 572
1819120 571
1819130 571
1819140 570
1819150 570
1819160 569
1819170 569
1819180 568
1819190 568
1819200 567
1819210 567
1819220 566
1819230 566
1819240 566
1819250 565
1819260 564
1819270 562
1819280 560
1819290 557
1819300 554
1819310 553
1819320 551
1819330 550
1819340 549
1819350 548
1819360 548
1819370 547
1819380 547
1819390 546
1819400 545
1819410 544
1819420 542
1819430 543
1819440 544
1819450 545
1819460 545
1819470 546
1819480 547
1819490 548
1819500 550
1819510 552
1819520 553
1819530 554
1819540 554
1819550 555
1819560 556
1819570 557
1819580 558
1819590 559
1819600 560
1819610 560
1819620 561
1819630 562
1819640 563
1819650 564
1819660 565
1819670 565
1819680 566
1819690 566
1819700 565
1819710 565
1819720 565
1819730 564
1819740 564
1819750 563
1819760 563
1819770 563
1819780 562
1819790 562
1819800 561
1819810 561
1819820 561
1819830 561
1819840 560
1819850 560
1819860 560
1819870 559
1819880 559
1819890 558
1819900 557
1819910 557
1819920 556
1819930 555
1819940 555
1819950 554
1819960 553
1819970 552
1819980 551
1819990 550
