1800000 765
1800010 765
1800020 766
1800030 766
1800040 766
1800050 767
1800060 767
1800070 768
1800080 768
1800090 768
1800100 769
1800110 769
1800120 769
1800130 769
1800140 769
1800150 769
1800160 770
1800170 770
1800180 770
1800190 770
1800200 770
1800210 770
1800220 770
1800230 770
1800240 770
1800250 770
1800260 770
1800270 769
1800280 769
1800290 768
1800300 768
1800310 767
1800320 766
1800330 765
1800340 764
1800350 763
1800360 762
1800370 761
1800380 760
1800390 759
1800400 758
1800410 756
1800420 755
1800430 754
1800440 752
1800450 751
1800460 749
1800470 748
1800480 746
1800490 745
1800500 743
1800510 742
1800520 741
1800530 740
1800540 738
1800550 737
1800560 736
1800570 735
1800580 733
1800590 732
1800600 730
1800610 729
1800620 727
1800630 726
1800640 725
1800650 724
1800660 724
1800670 723
1800680 722
1800690 721
1800700 720
1800710 719
1800720 718
1800730 718
1800740 717
1800750 717
1800760 718
1800770 720
1800780 721
1800790 722
1800800 724
1800810 725
1800820 726
1800830 727
1800840 728
1800850 729
1800860 731
1800870 733
1800880 735
1800890 737
1800900 738
1800910 740
1800920 742
1800930 743
1800940 745
1800950 746
1800960 748
1800970 750
1800980 752
1800990 754
1801000 755
1801010 757
1801020 758
1801030 759
1801040 761
1801050 762
1801060 763
1801070 764
1801080 765
1801090 766
1801100 767
1801110 767
1801120 767
1801130 767
1801140 766
1801150 766
1801160 766
1801170 765
1801180 764
1801190 763
1801200 762
1801210 761
1801220 760
1801230 759
1801240 758
1801250 757
1801260 755
1801270 754
1801280 753
1801290 751
1801300 750
1801310 748
1801320 746
1801330 745
1801340 743
1801350 742
1801360 740
1801370 738
1801380 736
1801390 734
1801400 732
1801410 729
1801420 727
1801430 724
1801440 721
1801450 718
1801460 715
1801470 713
1801480 711
1801490 708
1801500 706
1801510 705
1801520 703
1801530 701
1801540 700
1801550 699
1801560 700
1801570 701
1801580 703
1801590 704
1801600 705
1801610 706
1801620 707
1801630 707
1801640 708
1801650 709
1801660 709
1801670 709
1801680 709
1801690 708
1801700 708
1801710 709
1801720 710
1801730 712
1801740 713
1801750 715
1801760 717
1801770 719
1801780 721
1801790 723
1801800 725
1801810 727
1801820 729
1801830 731
1801840 733
1801850 734
1801860 736
1801870 738
1801880 740
1801890 742
1801900 744
1801910 745
1801920 746
1801930 748
1801940 750
1801950 751
1801960 753
1801970 754
1801980 756
1801990 757
1802000 758
1802010 759
1802020 760
1802030 762
1802040 763
1802050 764
1802060 765
1802070 766
1802080 767
1802090 767
1802100 768
1802110 769
1802120 769
1802130 770
1802140 770
1802150 771
1802160 771
1802170 772
1802180 772
1802190 772
1802200 772
1802210 772
1802220 772
1802230 773
1802240 773
1802250 773
1802260 773
1802270 773
1802280 773
1802290 773
1802300 772
1802310 772
1802320 772
1802330 772
1802340 772
1802350 772
1802360 772
1802370 772
1802380 772
1802390 772
1802400 772
1802410 772
1802420 772
1802430 772
1802440 773
1802450 773
1802460 773
1802470 773
1802480 773
1802490 774
1802500 774
1802510 774
1802520 774
1802530 774
1802540 774
1802550 774
1802560 774
1802570 774
1802580 774
1802590 775
1802600 775
1802610 775
1802620 775
1802630 776
1802640 776
1802650 776
1802660 776
1802670 776
1802680 776
1802690 776
1802700 776
1802710 776
1802720 776
1802730 776
1802740 776
1802750 776
1802760 775
1802770 775
1802780 774
1802790 773
1802800 773
1802810 772
1802820 771
1802830 771
1802840 770
1802850 770
1802860 769
1802870 768
1802880 767
1802890 765
1802900 764
1802910 763
1802920 761
1802930 760
1802940 758
1802950 757
1802960 755
1802970 754
1802980 752
1802990 751
1803000 750
1803010 748
1803020 746
1803030 744
1803040 743
1803050 741
1803060 738
1803070 736
1803080 734
1803090 731
1803100 728
1803110 726
1803120 723
1803130 721
1803140 718
1803150 715
1803160 713
1803170 710
1803180 708
1803190 706
1803200 705
1803210 704
1803220 704
1803230 705
1803240 705
1803250 706
1803260 706
1803270 706
1803280 706
1803290 706
1803300 706
1803310 706
1803320 706
1803330 706
1803340 706
1803350 706
1803360 705
1803370 705
1803380 705
1803390 705
1803400 705
1803410 705
1803420 705
1803430 705
1803440 705
1803450 704
1803460 702
1803470 702
1803480 701
1803490 700
1803500 700
1803510 700
1803520 700
1803530 699
1803540 698
1803550 697
1803560 698
1803570 700
1803580 702
1803590 703
1803600 704
1803610 705
1803620 708
1803630 710
1803640 713
1803650 716
1803660 718
1803670 719
1803680 721
1803690 722
1803700 723
1803710 724
1803720 725
1803730 725
1803740 724
1803750 723
1803760 722
1803770 720
1803780 719
1803790 717
1803800 716
1803810 714
1803820 713
1803830 711
1803840 709
1803850 706
1803860 704
1803870 702
1803880 699
1803890 696
1803900 696
1803910 696
1803920 698
1803930 700
1803940 703
1803950 707
1803960 710
1803970 712
1803980 715
1803990 718
1804000 720
1804010 722
1804020 725
1804030 727
1804040 730
1804050 732
1804060 734
1804070 736
1804080 737
1804090 739
1804100 740
1804110 743
1804120 745
1804130 748
1804140 750
1804150 752
1804160 754
1804170 756
1804180 757
1804190 759
1804200 760
1804210 762
1804220 763
1804230 764
1804240 765
1804250 766
1804260 767
1804270 768
1804280 768
1804290 769
1804300 769
1804310 769
1804320 770
1804330 770
1804340 770
1804350 770
1804360 770
1804370 770
1804380 770
1804390 771
1804400 771
1804410 771
1804420 771
1804430 771
1804440 772
1804450 772
1804460 772
1804470 773
1804480 773
1804490 773
1804500 772
1804510 772
1804520 771
1804530 770
1804540 770
1804550 769
1804560 768
1804570 768
1804580 768
1804590 767
1804600 767
1804610 767
1804620 766
1804630 766
1804640 766
1804650 765
1804660 765
1804670 764
1804680 763
1804690 763
1804700 761
1804710 760
1804720 758
1804730 757
1804740 756
1804750 755
1804760 753
1804770 752
1804780 750
1804790 749
1804800 749
1804810 749
1804820 750
1804830 751
1804840 752
1804850 753
1804860 753
1804870 754
1804880 755
1804890 755
1804900 756
1804910 757
1804920 758
1804930 758
1804940 759
1804950 759
1804960 759
1804970 760
1804980 760
1804990 760
1805000 760
1805010 760
1805020 760
1805030 760
1805040 760
1805050 760
1805060 760
1805070 759
1805080 759
1805090 758
1805100 757
1805110 756
1805120 755
1805130 753
1805140 752
1805150 750
1805160 749
1805170 747
1805180 745
1805190 742
1805200 740
1805210 738
1805220 735
1805230 733
1805240 730
1805250 727
1805260 725
1805270 723
1805280 722
1805290 720
1805300 718
1805310 716
1805320 717
1805330 720
1805340 724
1805350 727
1805360 730
1805370 732
1805380 735
1805390 737
1805400 739
1805410 740
1805420 742
1805430 743
1805440 745
1805450 746
1805460 747
1805470 748
1805480 750
1805490 751
1805500 752
1805510 753
1805520 754
1805530 755
1805540 756
1805550 757
1805560 758
1805570 759
1805580 760
1805590 761
1805600 761
1805610 762
1805620 762
1805630 762
1805640 763
1805650 763
1805660 764
1805670 764
1805680 765
1805690 766
1805700 767
1805710 768
1805720 769
1805730 770
1805740 771
1805750 772
1805760 773
1805770 774
1805780 776
1805790 777
1805800 778
1805810 779
1805820 780
1805830 781
1805840 781
1805850 782
1805860 783
1805870 784
1805880 784
1805890 785
1805900 785
1805910 786
1805920 787
1805930 788
1805940 788
1805950 789
1805960 790
1805970 790
1805980 791
1805990 792
1806000 792
1806010 793
1806020 794
1806030 794
1806040 795
1806050 795
1806060 796
1806070 796
1806080 797
1806090 798
1806100 799
1806110 802
1806120 804
1806130 807
1806140 809
1806150 812
1806160 813
1806170 815
1806180 816
1806190 817
1806200 818
1806210 819
1806220 820
1806230 821
1806240 822
1806250 822
1806260 822
1806270 822
1806280 822
1806290 821
1806300 821
1806310 821
1806320 821
1806330 821
1806340 821
1806350 821
1806360 821
1806370 821
1806380 821
1806390 822
1806400 821
1806410 821
1806420 820
1806430 819
1806440 819
1806450 817
1806460 816
1806470 815
1806480 814
1806490 813
1806500 813
1806510 812
1806520 812
1806530 812
1806540 812
1806550 812
1806560 812
1806570 812
1806580 812
1806590 813
1806600 813
1806610 813
1806620 814
1806630 814
1806640 814
1806650 814
1806660 814
1806670 814
1806680 814
1806690 814
1806700 815
1806710 815
1806720 815
1806730 815
1806740 815
1806750 815
1806760 815
1806770 815
1806780 815
1806790 815
1806800 815
1806810 815
1806820 816
1806830 817
1806840 818
1806850 818
1806860 819
1806870 820
1806880 821
1806890 822
1806900 823
1806910 824
1806920 824
1806930 825
1806940 827
1806950 828
1806960 829
1806970 831
1806980 832
1806990 833
1807000 834
1807010 835
1807020 837
1807030 838
1807040 839
1807050 840
1807060 841
1807070 842
1807080 844
1807090 845
1807100 845
1807110 846
1807120 846
1807130 846
1807140 846
1807150 845
1807160 844
1807170 843
1807180 842
1807190 841
1807200 839
1807210 837
1807220 836
1807230 834
1807240 832
1807250 829
1807260 827
1807270 825
1807280 823
1807290 821
1807300 820
1807310 818
1807320 816
1807330 815
1807340 814
1807350 812
1807360 810
1807370 809
1807380 807
1807390 805
1807400 803
1807410 801
1807420 799
1807430 798
1807440 796
1807450 795
1807460 794
1807470 793
1807480 792
1807490 792
1807500 791
1807510 790
1807520 788
1807530 788
1807540 788
1807550 789
1807560 790
1807570 790
1807580 791
1807590 792
1807600 793
1807610 794
1807620 795
1807630 795
1807640 796
1807650 796
1807660 795
1807670 794
1807680 793
1807690 792
1807700 790
1807710 789
1807720 788
1807730 787
1807740 786
1807750 785
1807760 784
1807770 783
1807780 782
1807790 780
1807800 779
1807810 778
1807820 776
1807830 775
1807840 773
1807850 771
1807860 768
1807870 766
1807880 764
1807890 760
1807900 757
1807910 754
1807920 751
1807930 747
1807940 744
1807950 741
1807960 738
1807970 735
1807980 732
1807990 729
1808000 727
1808010 724
1808020 721
1808030 718
1808040 715
1808050 712
1808060 709
1808070 705
1808080 702
1808090 700
1808100 698
1808110 697
1808120 697
1808130 696
1808140 696
1808150 695
1808160 694
1808170 692
1808180 692
1808190 691
1808200 690
1808210 689
1808220 688
1808230 688
1808240 687
1808250 686
1808260 685
1808270 685
1808280 684
1808290 683
1808300 683
1808310 682
1808320 682
1808330 681
1808340 680
1808350 679
1808360 678
1808370 676
1808380 675
1808390 674
1808400 673
1808410 673
1808420 672
1808430 672
1808440 671
1808450 670
1808460 670
1808470 669
1808480 669
1808490 668
1808500 667
1808510 667
1808520 666
1808530 665
1808540 665
1808550 664
1808560 664
1808570 663
1808580 663
1808590 663
1808600 662
1808610 662
1808620 662
1808630 662
1808640 662
1808650 662
1808660 661
1808670 661
1808680 661
1808690 660
1808700 660
1808710 659
1808720 659
1808730 658
1808740 658
1808750 657
1808760 657
1808770 656
1808780 656
1808790 655
1808800 654
1808810 653
1808820 652
1808830 651
1808840 650
1808850 649
1808860 647
1808870 645
1808880 644
1808890 642
1808900 641
1808910 640
1808920 640
1808930 639
1808940 639
1808950 639
1808960 638
1808970 638
1808980 638
1808990 638
1809000 638
1809010 637
1809020 637
1809030 636
1809040 635
1809050 634
1809060 633
1809070 632
1809080 630
1809090 629
1809100 628
1809110 626
1809120 625
1809130 624
1809140 623
1809150 622
1809160 620
1809170 619
1809180 618
1809190 616
1809200 615
1809210 614
1809220 612
1809230 610
1809240 608
1809250 605
1809260 603
1809270 601
1809280 598
1809290 596
1809300 593
1809310 591
1809320 589
1809330 587
1809340 586
1809350 585
1809360 584
1809370 583
1809380 582
1809390 581
1809400 580
1809410 578
1809420 577
1809430 575
1809440 573
1809450 572
1809460 570
1809470 569
1809480 569
1809490 568
1809500 568
1809510 568
1809520 567
1809530 567
1809540 567
1809550 567
1809560 569
1809570 571
1809580 574
1809590 576
1809600 578
1809610 579
1809620 581
1809630 582
1809640 584
1809650 585
1809660 586
1809670 588
1809680 589
1809690 591
1809700 592
1809710 594
1809720 595
1809730 596
1809740 598
1809750 599
1809760 600
1809770 601
1809780 602
1809790 603
1809800 605
1809810 606
1809820 607
1809830 608
1809840 609
1809850 611
1809860 611
1809870 612
1809880 613
1809890 614
1809900 615
1809910 616
1809920 617
1809930 617
1809940 618
1809950 619
1809960 620
1809970 620
1809980 621
1809990 621
1810000 622
1810010 622
1810020 623
1810030 623
1810040 623
1810050 624
1810060 624
1810070 624
1810080 624
1810090 624
1810100 624
1810110 624
1810120 623
1810130 623
1810140 623
1810150 623
1810160 623
1810170 623
1810180 622
1810190 621
1810200 620
1810210 618
1810220 617
1810230 617
1810240 617
1810250 617
1810260 616
1810270 617
1810280 617
1810290 618
1810300 620
1810310 622
1810320 623
1810330 624
1810340 625
1810350 625
1810360 626
1810370 626
1810380 627
1810390 628
1810400 629
1810410 630
1810420 631
1810430 632
1810440 633
1810450 635
1810460 636
1810470 638
1810480 639
1810490 640
1810500 641
1810510 642
1810520 643
1810530 644
1810540 644
1810550 645
1810560 646
1810570 647
1810580 648
1810590 649
1810600 650
1810610 651
1810620 651
1810630 652
1810640 653
1810650 653
1810660 654
1810670 654
1810680 655
1810690 655
1810700 656
1810710 656
1810720 656
1810730 657
1810740 657
1810750 657
1810760 657
1810770 658
1810780 658
1810790 657
1810800 657
1810810 658
1810820 658
1810830 658
1810840 659
1810850 659
1810860 659
1810870 659
1810880 660
1810890 660
1810900 660
1810910 659
1810920 659
1810930 659
1810940 658
1810950 658
1810960 657
1810970 658
1810980 659
1810990 660
1811000 661
1811010 662
1811020 663
1811030 664
1811040 665
1811050 666
1811060 667
1811070 667
1811080 668
1811090 668
1811100 668
1811110 669
1811120 669
1811130 670
1811140 670
1811150 671
1811160 672
1811170 673
1811180 674
1811190 674
1811200 674
1811210 675
1811220 675
1811230 676
1811240 676
1811250 677
1811260 677
1811270 678
1811280 678
1811290 679
1811300 679
1811310 679
1811320 680
1811330 680
1811340 680
1811350 681
1811360 681
1811370 681
1811380 681
1811390 681
1811400 682
1811410 682
1811420 682
1811430 682
1811440 682
1811450 683
1811460 683
1811470 683
1811480 684
1811490 684
1811500 684
1811510 685
1811520 685
1811530 686
1811540 687
1811550 687
1811560 688
1811570 688
1811580 689
1811590 689
1811600 690
1811610 691
1811620 691
1811630 692
1811640 692
1811650 693
1811660 693
1811670 694
1811680 694
1811690 695
1811700 696
1811710 696
1811720 697
1811730 697
1811740 698
1811750 699
1811760 699
1811770 700
1811780 700
1811790 701
1811800 701
1811810 702
1811820 703
1811830 703
1811840 704
1811850 704
1811860 705
1811870 705
1811880 706
1811890 706
1811900 707
1811910 708
1811920 708
1811930 708
1811940 708
1811950 708
1811960 707
1811970 707
1811980 706
1811990 705
1812000 705
1812010 703
1812020 702
1812030 701
1812040 700
1812050 699
1812060 698
1812070 697
1812080 696
1812090 695
1812100 693
1812110 692
1812120 690
1812130 689
1812140 688
1812150 686
1812160 685
1812170 684
1812180 683
1812190 682
1812200 680
1812210 679
1812220 678
1812230 677
1812240 676
1812250 675
1812260 675
1812270 674
1812280 673
1812290 673
1812300 672
1812310 670
1812320 669
1812330 669
1812340 669
1812350 670
1812360 672
1812370 673
1812380 675
1812390 676
1812400 677
1812410 678
1812420 679
1812430 680
1812440 680
1812450 681
1812460 682
1812470 682
1812480 683
1812490 683
1812500 683
1812510 683
1812520 684
1812530 684
1812540 685
1812550 685
1812560 686
1812570 686
1812580 687
1812590 687
1812600 688
1812610 688
1812620 689
1812630 690
1812640 691
1812650 691
1812660 692
1812670 693
1812680 694
1812690 694
1812700 695
1812710 696
1812720 696
1812730 697
1812740 698
1812750 698
1812760 699
1812770 700
1812780 700
1812790 700
1812800 701
1812810 702
1812820 702
1812830 703
1812840 704
1812850 704
1812860 705
1812870 705
1812880 706
1812890 706
1812900 707
1812910 707
1812920 707
1812930 708
1812940 708
1812950 708
1812960 709
1812970 709
1812980 709
1812990 709
1813000 709
1813010 709
1813020 710
1813030 710
1813040 710
1813050 710
1813060 710
1813070 710
1813080 710
1813090 710
1813100 710
1813110 709
1813120 709
1813130 709
1813140 709
1813150 709
1813160 709
1813170 708
1813180 708
1813190 707
1813200 706
1813210 706
1813220 705
1813230 705
1813240 704
1813250 703
1813260 703
1813270 702
1813280 701
1813290 701
1813300 700
1813310 699
1813320 699
1813330 698
1813340 697
1813350 696
1813360 695
1813370 693
1813380 692
1813390 691
1813400 690
1813410 689
1813420 688
1813430 688
1813440 687
1813450 686
1813460 685
1813470 684
1813480 683
1813490 682
1813500 681
1813510 681
1813520 681
1813530 681
1813540 681
1813550 681
1813560 681
1813570 681
1813580 681
1813590 682
1813600 682
1813610 682
1813620 683
1813630 683
1813640 684
1813650 685
1813660 686
1813670 687
1813680 688
1813690 689
1813700 689
1813710 690
1813720 690
1813730 690
1813740 690
1813750 690
1813760 690
1813770 691
1813780 691
1813790 691
1813800 691
1813810 691
1813820 691
1813830 691
1813840 691
1813850 691
1813860 692
1813870 693
1813880 694
1813890 695
1813900 696
1813910 697
1813920 697
1813930 698
1813940 699
1813950 699
1813960 700
1813970 700
1813980 701
1813990 701
1814000 701
1814010 701
1814020 701
1814030 701
1814040 701
1814050 701
1814060 701
1814070 701
1814080 701
1814090 701
1814100 702
1814110 702
1814120 702
1814130 702
1814140 702
1814150 702
1814160 702
1814170 702
1814180 702
1814190 702
1814200 702
1814210 702
1814220 702
1814230 702
1814240 702
1814250 702
1814260 701
1814270 701
1814280 701
1814290 701
1814300 701
1814310 701
1814320 701
1814330 701
1814340 701
1814350 700
1814360 700
1814370 700
1814380 700
1814390 699
1814400 699
1814410 699
1814420 699
1814430 698
1814440 698
1814450 698
1814460 698
1814470 698
1814480 697
1814490 697
1814500 696
1814510 696
1814520 696
1814530 695
1814540 694
1814550 693
1814560 692
1814570 691
1814580 690
1814590 688
1814600 687
1814610 685
1814620 682
1814630 680
1814640 679
1814650 679
1814660 679
1814670 680
1814680 680
1814690 680
1814700 681
1814710 681
1814720 682
1814730 683
1814740 683
1814750 684
1814760 685
1814770 687
1814780 688
1814790 689
1814800 689
1814810 690
1814820 691
1814830 691
1814840 693
1814850 694
1814860 694
1814870 694
1814880 695
1814890 696
1814900 697
1814910 698
1814920 698
1814930 698
1814940 700
1814950 701
1814960 702
1814970 703
1814980 705
1814990 707
1815000 708
1815010 710
1815020 712
1815030 714
1815040 715
1815050 717
1815060 720
1815070 721
1815080 723
1815090 724
1815100 726
1815110 727
1815120 728
1815130 729
1815140 730
1815150 730
1815160 731
1815170 731
1815180 732
1815190 732
1815200 732
1815210 732
1815220 731
1815230 731
1815240 730
1815250 729
1815260 728
1815270 727
1815280 725
1815290 724
1815300 722
1815310 721
1815320 719
1815330 717
1815340 716
1815350 715
1815360 713
1815370 712
1815380 711
1815390 710
1815400 710
1815410 709
1815420 708
1815430 707
1815440 706
1815450 705
1815460 704
1815470 702
1815480 700
1815490 698
1815500 696
1815510 693
1815520 691
1815530 689
1815540 687
1815550 685
1815560 684
1815570 682
1815580 681
1815590 679
1815600 678
1815610 676
1815620 674
1815630 671
1815640 669
1815650 667
1815660 665
1815670 663
1815680 661
1815690 659
1815700 657
1815710 655
1815720 653
1815730 652
1815740 650
1815750 648
1815760 646
1815770 643
1815780 641
1815790 638
1815800 637
1815810 637
1815820 638
1815830 640
1815840 641
1815850 642
1815860 643
1815870 644
1815880 645
1815890 645
1815900 646
1815910 647
1815920 647
1815930 647
1815940 648
1815950 648
1815960 648
1815970 648
1815980 648
1815990 648
1816000 648
1816010 648
1816020 649
1816030 649
1816040 650
1816050 650
1816060 650
1816070 650
1816080 649
1816090 648
1816100 647
1816110 646
1816120 644
1816130 643
1816140 641
1816150 639
1816160 637
1816170 633
1816180 629
1816190 625
1816200 622
1816210 618
1816220 616
1816230 613
1816240 612
1816250 610
1816260 608
1816270 605
1816280 603
1816290 601
1816300 600
1816310 598
1816320 598
1816330 597
1816340 596
1816350 596
1816360 597
1816370 597
1816380 598
1816390 599
1816400 599
1816410 599
1816420 598
1816430 597
1816440 595
1816450 593
1816460 591
1816470 589
1816480 586
1816490 584
1816500 581
1816510 578
1816520 575
1816530 573
1816540 570
1816550 568
1816560 566
1816570 563
1816580 561
1816590 560
1816600 557
1816610 556
1816620 554
1816630 556
1816640 558
1816650 560
1816660 563
1816670 565
1816680 568
1816690 570
1816700 573
1816710 576
1816720 579
1816730 582
1816740 584
1816750 587
1816760 589
1816770 591
1816780 593
1816790 595
1816800 597
1816810 599
1816820 600
1816830 601
1816840 602
1816850 603
1816860 604
1816870 604
1816880 605
1816890 605
1816900 605
1816910 605
1816920 605
1816930 605
1816940 604
1816950 603
1816960 602
1816970 601
1816980 600
1816990 600
1817000 599
1817010 599
1817020 598
1817030 598
1817040 597
1817050 597
1817060 597
1817070 596
1817080 596
1817090 597
1817100 597
1817110 597
1817120 597
1817130 597
1817140 597
1817150 596
1817160 596
1817170 595
1817180 594
1817190 593
1817200 591
1817210 590
1817220 589
1817230 587
1817240 586
1817250 584
1817260 582
1817270 580
1817280 577
1817290 575
1817300 572
1817310 570
1817320 568
1817330 567
1817340 565
1817350 564
1817360 563
1817370 562
1817380 561
1817390 559
1817400 558
1817410 557
1817420 556
1817430 555
1817440 554
1817450 553
1817460 553
1817470 552
1817480 552
1817490 552
1817500 551
1817510 551
1817520 551
1817530 551
1817540 550
1817550 550
1817560 549
1817570 547
1817580 543
1817590 540
1817600 537
1817610 536
1817620 535
1817630 534
1817640 533
1817650 531
1817660 530
1817670 529
1817680 527
1817690 526
1817700 525
1817710 524
1817720 523
1817730 523
1817740 522
1817750 521
1817760 521
1817770 520
1817780 520
1817790 520
1817800 519
1817810 517
1817820 515
1817830 513
1817840 512
1817850 511
1817860 510
1817870 510
1817880 509
1817890 508
1817900 507
1817910 506
1817920 505
1817930 502
1817940 499
1817950 496
1817960 491
1817970 487
1817980 482
1817990 478
1818000 476
1818010 478
1818020 480
1818030 482
1818040 485
1818050 488
1818060 491
1818070 494
1818080 497
1818090 500
1818100 503
1818110 505
1818120 507
1818130 509
1818140 510
1818150 511
1818160 512
1818170 513
1818180 514
1818190 515
1818200 513
1818210 511
1818220 509
1818230 507
1818240 504
1818250 502
1818260 499
1818270 496
1818280 492
1818290 488
1818300 484
1818310 480
1818320 479
1818330 480
1818340 483
1818350 486
1818360 489
1818370 491
1818380 493
1818390 494
1818400 495
1818410 495
1818420 494
1818430 493
1818440 491
1818450 490
1818460 488
1818470 487
1818480 485
1818490 484
1818500 482
1818510 481
1818520 480
1818530 478
1818540 478
1818550 477
1818560 476
1818570 475
1818580 474
1818590 473
1818600 473
1818610 472
1818620 472
1818630 472
1818640 472
1818650 472
1818660 471
1818670 470
1818680 469
1818690 468
1818700 467
1818710 466
1818720 464
1818730 462
1818740 460
1818750 458
1818760 455
1818770 453
1818780 451
1818790 449
1818800 448
1818810 446
1818820 446
1818830 445
1818840 445
1818850 445
1818860 445
1818870 446
1818880 448
1818890 450
1818900 451
1818910 454
1818920 456
1818930 458
1818940 460
1818950 462
1818960 464
1818970 465
1818980 466
1818990 467
1819000 466
1819010 465
1819020 464
1819030 463
1819040 462
1819050 461
1819060 459
1819070 458
1819080 457
1819090 456
1819100 456
1819110 455
1819120 455
1819130 454
1819140 452
1819150 451
1819160 449
1819170 447
1819180 445
1819190 443
1819200 442
1819210 440
1819220 439
1819230 438
1819240 437
1819250 436
1819260 436
1819270 436
1819280 435
1819290 435
1819300 435
1819310 435
1819320 435
1819330 435
1819340 434
1819350 434
1819360 434
1819370 433
1819380 433
1819390 432
1819400 432
1819410 433
1819420 433
1819430 433
1819440 432
1819450 432
1819460 432
1819470 431
1819480 431
1819490 430
1819500 430
1819510 430
1819520 430
1819530 430
1819540 430
1819550 430
1819560 430
1819570 431
1819580 433
1819590 438
1819600 443
1819610 445
1819620 447
1819630 449
1819640 450
1819650 452
1819660 453
1819670 455
1819680 456
1819690 457
1819700 459
1819710 460
1819720 461
1819730 462
1819740 463
1819750 464
1819760 465
1819770 466
1819780 467
1819790 468
1819800 469
1819810 470
1819820 471
1819830 472
1819840 472
1819850 473
1819860 474
1819870 474
1819880 475
1819890 475
1819900 476
1819910 476
1819920 477
1819930 477
1819940 477
1819950 477
1819960 476
1819970 476
1819980 476
1819990 476
