1800000 816
1800010 818
1800020 820
1800030 822
1800040 824
1800050 826
1800060 827
1800070 829
1800080 829
1800090 830
1800100 831
1800110 831
1800120 831
1800130 831
1800140 831
1800150 831
1800160 831
1800170 830
1800180 830
1800190 829
1800200 828
1800210 828
1800220 827
1800230 826
1800240 826
1800250 825
1800260 824
1800270 824
1800280 823
1800290 822
1800300 821
1800310 820
1800320 820
1800330 819
1800340 818
1800350 817
1800360 817
1800370 816
1800380 815
1800390 814
1800400 814
1800410 813
1800420 812
1800430 812
1800440 811
1800450 810
1800460 809
1800470 809
1800480 808
1800490 807
1800500 806
1800510 805
1800520 804
1800530 803
1800540 802
1800550 801
1800560 799
1800570 798
1800580 797
1800590 796
1800600 795
1800610 793
1800620 792
1800630 791
1800640 789
1800650 787
1800660 785
1800670 783
1800680 781
1800690 780
1800700 780
1800710 781
1800720 783
1800730 785
1800740 788
1800750 790
1800760 793
1800770 795
1800780 796
1800790 797
1800800 799
1800810 800
1800820 801
1800830 802
1800840 804
1800850 805
1800860 807
1800870 808
1800880 810
1800890 812
1800900 814
1800910 816
1800920 817
1800930 819
1800940 820
1800950 822
1800960 822
1800970 823
1800980 824
1800990 825
1801000 825
1801010 826
1801020 827
1801030 828
1801040 828
1801050 828
1801060 829
1801070 828
1801080 828
1801090 828
1801100 827
1801110 827
1801120 826
1801130 826
1801140 825
1801150 824
1801160 824
1801170 823
1801180 823
1801190 822
1801200 821
1801210 821
1801220 820
1801230 819
1801240 818
1801250 817
1801260 816
1801270 815
1801280 814
1801290 813
1801300 812
1801310 812
1801320 811
1801330 810
1801340 809
1801350 808
1801360 807
1801370 806
1801380 806
1801390 805
1801400 805
1801410 804
1801420 803
1801430 803
1801440 803
1801450 802
1801460 801
1801470 801
1801480 800
1801490 799
1801500 798
1801510 797
1801520 796
1801530 795
1801540 793
1801550 792
1801560 790
1801570 789
1801580 787
1801590 785
1801600 784
1801610 782
1801620 781
1801630 780
1801640 781
1801650 782
1801660 783
1801670 784
1801680 785
1801690 785
1801700 785
1801710 785
1801720 784
1801730 783
1801740 781
1801750 779
1801760 776
1801770 775
1801780 775
1801790 778
1801800 779
1801810 781
1801820 783
1801830 785
1801840 788
1801850 790
1801860 792
1801870 795
1801880 797
1801890 800
1801900 802
1801910 803
1801920 805
1801930 805
1801940 806
1801950 807
1801960 808
1801970 809
1801980 809
1801990 810
1802000 811
1802010 812
1802020 813
1802030 813
1802040 814
1802050 815
1802060 815
1802070 816
1802080 816
1802090 817
1802100 817
1802110 817
1802120 818
1802130 818
1802140 818
1802150 818
1802160 818
1802170 818
1802180 818
1802190 817
1802200 817
1802210 817
1802220 816
1802230 815
1802240 814
1802250 813
1802260 813
1802270 812
1802280 811
1802290 811
1802300 810
1802310 810
1802320 809
1802330 808
1802340 807
1802350 807
1802360 806
1802370 805
1802380 804
1802390 804
1802400 803
1802410 802
1802420 802
1802430 801
1802440 800
1802450 800
1802460 799
1802470 799
1802480 798
1802490 797
1802500 797
1802510 796
1802520 795
1802530 794
1802540 793
1802550 792
1802560 791
1802570 790
1802580 789
1802590 789
1802600 789
1802610 789
1802620 789
1802630 790
1802640 790
1802650 789
1802660 789
1802670 788
1802680 787
1802690 786
1802700 785
1802710 784
1802720 783
1802730 781
1802740 780
1802750 779
1802760 779
1802770 780
1802780 780
1802790 781
1802800 782
1802810 783
1802820 784
1802830 786
1802840 788
1802850 790
1802860 791
1802870 792
1802880 793
1802890 793
1802900 793
1802910 793
1802920 794
1802930 794
1802940 795
1802950 795
1802960 796
1802970 797
1802980 797
1802990 798
1803000 799
1803010 799
1803020 800
1803030 801
1803040 801
1803050 802
1803060 802
1803070 803
1803080 803
1803090 803
1803100 804
1803110 804
1803120 804
1803130 805
1803140 806
1803150 806
1803160 806
1803170 806
1803180 806
1803190 807
1803200 807
1803210 808
1803220 808
1803230 809
1803240 809
1803250 809
1803260 810
1803270 810
1803280 810
1803290 810
1803300 810
1803310 810
1803320 809
1803330 809
1803340 809
1803350 808
1803360 808
1803370 808
1803380 807
1803390 807
1803400 806
1803410 806
1803420 805
1803430 805
1803440 804
1803450 804
1803460 803
1803470 802
1803480 801
1803490 800
1803500 799
1803510 798
1803520 798
1803530 797
1803540 796
1803550 795
1803560 794
1803570 794
1803580 793
1803590 792
1803600 791
1803610 789
1803620 788
1803630 787
1803640 786
1803650 785
1803660 785
1803670 784
1803680 783
1803690 782
1803700 782
1803710 782
1803720 782
1803730 782
1803740 782
1803750 782
1803760 782
1803770 782
1803780 782
1803790 781
1803800 780
1803810 780
1803820 779
1803830 779
1803840 778
1803850 777
1803860 776
1803870 775
1803880 775
1803890 775
1803900 775
1803910 775
1803920 776
1803930 776
1803940 777
1803950 777
1803960 777
1803970 777
1803980 776
1803990 776
1804000 776
1804010 776
1804020 775
1804030 775
1804040 774
1804050 773
1804060 772
1804070 771
1804080 770
1804090 770
1804100 770
1804110 770
1804120 770
1804130 769
1804140 769
1804150 769
1804160 770
1804170 770
1804180 770
1804190 771
1804200 771
1804210 772
1804220 772
1804230 772
1804240 773
1804250 773
1804260 773
1804270 774
1804280 774
1804290 775
1804300 775
1804310 776
1804320 776
1804330 776
1804340 776
1804350 775
1804360 774
1804370 773
1804380 773
1804390 772
1804400 771
1804410 771
1804420 770
1804430 770
1804440 769
1804450 768
1804460 768
1804470 767
1804480 766
1804490 766
1804500 765
1804510 764
1804520 764
1804530 763
1804540 762
1804550 762
1804560 761
1804570 760
1804580 760
1804590 758
1804600 757
1804610 756
1804620 755
1804630 754
1804640 753
1804650 751
1804660 749
1804670 747
1804680 744
1804690 741
1804700 738
1804710 736
1804720 736
1804730 737
1804740 738
1804750 739
1804760 740
1804770 741
1804780 742
1804790 744
1804800 745
1804810 747
1804820 748
1804830 750
1804840 751
1804850 753
1804860 754
1804870 757
1804880 759
1804890 761
1804900 763
1804910 765
1804920 767
1804930 769
1804940 771
1804950 773
1804960 775
1804970 777
1804980 779
1804990 781
1805000 782
1805010 784
1805020 785
1805030 787
1805040 788
1805050 790
1805060 791
1805070 793
1805080 794
1805090 796
1805100 797
1805110 798
1805120 799
1805130 800
1805140 801
1805150 801
1805160 801
1805170 801
1805180 801
1805190 800
1805200 800
1805210 800
1805220 799
1805230 799
1805240 799
1805250 798
1805260 798
1805270 798
1805280 798
1805290 797
1805300 797
1805310 796
1805320 796
1805330 795
1805340 795
1805350 794
1805360 793
1805370 792
1805380 791
1805390 790
1805400 789
1805410 788
1805420 787
1805430 786
1805440 785
1805450 784
1805460 783
1805470 782
1805480 780
1805490 779
1805500 777
1805510 776
1805520 774
1805530 773
1805540 771
1805550 770
1805560 768
1805570 767
1805580 765
1805590 763
1805600 762
1805610 760
1805620 759
1805630 757
1805640 756
1805650 755
1805660 754
1805670 753
1805680 753
1805690 752
1805700 751
1805710 750
1805720 749
1805730 747
1805740 746
1805750 744
1805760 742
1805770 740
1805780 739
1805790 736
1805800 734
1805810 731
1805820 729
1805830 727
1805840 725
1805850 723
1805860 721
1805870 720
1805880 718
1805890 716
1805900 714
1805910 712
1805920 709
1805930 707
1805940 705
1805950 704
1805960 703
1805970 702
1805980 700
1805990 699
1806000 697
1806010 695
1806020 694
1806030 692
1806040 688
1806050 685
1806060 681
1806070 678
1806080 674
1806090 671
1806100 668
1806110 666
1806120 663
1806130 660
1806140 657
1806150 655
1806160 655
1806170 654
1806180 652
1806190 651
1806200 650
1806210 650
1806220 649
1806230 649
1806240 649
1806250 649
1806260 648
1806270 648
1806280 647
1806290 647
1806300 647
1806310 646
1806320 645
1806330 644
1806340 642
1806350 644
1806360 647
1806370 649
1806380 650
1806390 650
1806400 651
1806410 652
1806420 654
1806430 657
1806440 658
1806450 660
1806460 662
1806470 663
1806480 664
1806490 665
1806500 667
1806510 669
1806520 672
1806530 675
1806540 678
1806550 681
1806560 684
1806570 686
1806580 689
1806590 690
1806600 692
1806610 694
1806620 696
1806630 698
1806640 699
1806650 700
1806660 701
1806670 701
1806680 701
1806690 702
1806700 702
1806710 703
1806720 703
1806730 703
1806740 702
1806750 701
1806760 700
1806770 699
1806780 698
1806790 697
1806800 696
1806810 696
1806820 695
1806830 695
1806840 694
1806850 693
1806860 692
1806870 691
1806880 690
1806890 689
1806900 687
1806910 686
1806920 684
1806930 683
1806940 681
1806950 679
1806960 678
1806970 676
1806980 674
1806990 672
1807000 670
1807010 668
1807020 666
1807030 665
1807040 663
1807050 662
1807060 661
1807070 660
1807080 659
1807090 658
1807100 657
1807110 656
1807120 654
1807130 653
1807140 652
1807150 651
1807160 650
1807170 649
1807180 647
1807190 646
1807200 645
1807210 645
1807220 644
1807230 642
1807240 641
1807250 640
1807260 640
1807270 639
1807280 638
1807290 636
1807300 637
1807310 637
1807320 637
1807330 636
1807340 636
1807350 635
1807360 635
1807370 635
1807380 635
1807390 635
1807400 635
1807410 634
1807420 634
1807430 633
1807440 633
1807450 632
1807460 631
1807470 631
1807480 630
1807490 629
1807500 628
1807510 627
1807520 626
1807530 624
1807540 624
1807550 623
1807560 622
1807570 622
1807580 622
1807590 622
1807600 621
1807610 620
1807620 620
1807630 619
1807640 619
1807650 618
1807660 617
1807670 616
1807680 615
1807690 614
1807700 613
1807710 612
1807720 611
1807730 610
1807740 609
1807750 607
1807760 605
1807770 603
1807780 601
1807790 600
1807800 599
1807810 599
1807820 598
1807830 597
1807840 596
1807850 597
1807860 598
1807870 598
1807880 598
1807890 598
1807900 598
1807910 599
1807920 600
1807930 601
1807940 602
1807950 604
1807960 606
1807970 608
1807980 609
1807990 611
1808000 612
1808010 614
1808020 615
1808030 617
1808040 618
1808050 619
1808060 621
1808070 621
1808080 622
1808090 621
1808100 622
1808110 622
1808120 622
1808130 621
1808140 619
1808150 617
1808160 615
1808170 613
1808180 611
1808190 609
1808200 606
1808210 603
1808220 601
1808230 601
1808240 600
1808250 600
1808260 599
1808270 599
1808280 599
1808290 598
1808300 598
1808310 598
1808320 598
1808330 598
1808340 598
1808350 598
1808360 598
1808370 598
1808380 598
1808390 597
1808400 594
1808410 593
1808420 591
1808430 590
1808440 588
1808450 586
1808460 585
1808470 583
1808480 582
1808490 581
1808500 580
1808510 580
1808520 579
1808530 578
1808540 578
1808550 578
1808560 578
1808570 578
1808580 578
1808590 579
1808600 579
1808610 579
1808620 579
1808630 579
1808640 579
1808650 579
1808660 579
1808670 579
1808680 579
1808690 579
1808700 577
1808710 575
1808720 573
1808730 571
1808740 570
1808750 569
1808760 569
1808770 568
1808780 567
1808790 567
1808800 566
1808810 565
1808820 564
1808830 563
1808840 562
1808850 561
1808860 560
1808870 560
1808880 559
1808890 558
1808900 556
1808910 554
1808920 552
1808930 550
1808940 548
1808950 546
1808960 544
1808970 542
1808980 541
1808990 539
1809000 538
1809010 537
1809020 536
1809030 535
1809040 534
1809050 534
1809060 533
1809070 533
1809080 533
1809090 533
1809100 532
1809110 532
1809120 532
1809130 532
1809140 533
1809150 537
1809160 540
1809170 544
1809180 546
1809190 549
1809200 551
1809210 553
1809220 555
1809230 556
1809240 558
1809250 559
1809260 561
1809270 562
1809280 564
1809290 565
1809300 567
1809310 568
1809320 570
1809330 571
1809340 573
1809350 575
1809360 577
1809370 580
1809380 582
1809390 585
1809400 588
1809410 591
1809420 593
1809430 596
1809440 598
1809450 600
1809460 602
1809470 604
1809480 607
1809490 609
1809500 610
1809510 612
1809520 614
1809530 615
1809540 617
1809550 618
1809560 619
1809570 620
1809580 621
1809590 622
1809600 622
1809610 623
1809620 623
1809630 624
1809640 625
1809650 626
1809660 626
1809670 628
1809680 629
1809690 630
1809700 631
1809710 632
1809720 633
1809730 634
1809740 634
1809750 635
1809760 636
1809770 637
1809780 638
1809790 639
1809800 641
1809810 642
1809820 644
1809830 646
1809840 649
1809850 651
1809860 653
1809870 655
1809880 657
1809890 659
1809900 661
1809910 663
1809920 665
1809930 666
1809940 669
1809950 671
1809960 673
1809970 674
1809980 675
1809990 677
1810000 678
1810010 679
1810020 681
1810030 682
1810040 683
1810050 683
1810060 684
1810070 685
1810080 687
1810090 688
1810100 690
1810110 692
1810120 694
1810130 696
1810140 698
1810150 699
1810160 700
1810170 701
1810180 701
1810190 701
1810200 700
1810210 700
1810220 700
1810230 699
1810240 699
1810250 699
1810260 699
1810270 700
1810280 700
1810290 699
1810300 699
1810310 699
1810320 698
1810330 698
1810340 698
1810350 698
1810360 699
1810370 699
1810380 699
1810390 698
1810400 697
1810410 695
1810420 693
1810430 690
1810440 688
1810450 686
1810460 683
1810470 682
1810480 680
1810490 679
1810500 678
1810510 677
1810520 677
1810530 676
1810540 675
1810550 674
1810560 674
1810570 673
1810580 673
1810590 672
1810600 671
1810610 670
1810620 670
1810630 669
1810640 668
1810650 668
1810660 667
1810670 666
1810680 665
1810690 665
1810700 664
1810710 663
1810720 663
1810730 662
1810740 661
1810750 660
1810760 660
1810770 659
1810780 658
1810790 657
1810800 656
1810810 656
1810820 655
1810830 654
1810840 653
1810850 652
1810860 651
1810870 650
1810880 649
1810890 647
1810900 646
1810910 645
1810920 643
1810930 643
1810940 642
1810950 641
1810960 640
1810970 639
1810980 638
1810990 638
1811000 638
1811010 636
1811020 634
1811030 632
1811040 630
1811050 628
1811060 627
1811070 626
1811080 626
1811090 625
1811100 625
1811110 624
1811120 623
1811130 622
1811140 620
1811150 619
1811160 617
1811170 616
1811180 615
1811190 614
1811200 612
1811210 610
1811220 607
1811230 606
1811240 607
1811250 609
1811260 613
1811270 616
1811280 618
1811290 620
1811300 622
1811310 624
1811320 626
1811330 628
1811340 630
1811350 632
1811360 634
1811370 636
1811380 638
1811390 640
1811400 642
1811410 644
1811420 646
1811430 648
1811440 649
1811450 651
1811460 653
1811470 655
1811480 657
1811490 659
1811500 661
1811510 662
1811520 664
1811530 665
1811540 666
1811550 667
1811560 669
1811570 670
1811580 671
1811590 673
1811600 674
1811610 675
1811620 676
1811630 677
1811640 678
1811650 679
1811660 680
1811670 681
1811680 682
1811690 683
1811700 683
1811710 684
1811720 685
1811730 686
1811740 687
1811750 688
1811760 689
1811770 689
1811780 690
1811790 691
1811800 692
1811810 693
1811820 693
1811830 694
1811840 695
1811850 695
1811860 696
1811870 696
1811880 697
1811890 697
1811900 698
1811910 698
1811920 698
1811930 699
1811940 699
1811950 699
1811960 699
1811970 699
1811980 699
1811990 699
1812000 699
1812010 699
1812020 699
1812030 698
1812040 698
1812050 698
1812060 697
1812070 697
1812080 696
1812090 696
1812100 695
1812110 695
1812120 694
1812130 694
1812140 693
1812150 693
1812160 692
1812170 692
1812180 691
1812190 691
1812200 690
1812210 689
1812220 688
1812230 688
1812240 687
1812250 686
1812260 685
1812270 684
1812280 683
1812290 682
1812300 681
1812310 680
1812320 679
1812330 678
1812340 677
1812350 676
1812360 675
1812370 675
1812380 674
1812390 674
1812400 674
1812410 674
1812420 674
1812430 674
1812440 673
1812450 673
1812460 673
1812470 673
1812480 673
1812490 673
1812500 673
1812510 674
1812520 674
1812530 675
1812540 675
1812550 675
1812560 675
1812570 675
1812580 674
1812590 674
1812600 673
1812610 672
1812620 672
1812630 670
1812640 668
1812650 670
1812660 672
1812670 676
1812680 677
1812690 679
1812700 680
1812710 682
1812720 683
1812730 684
1812740 685
1812750 686
1812760 687
1812770 688
1812780 689
1812790 690
1812800 691
1812810 691
1812820 692
1812830 693
1812840 694
1812850 695
1812860 695
1812870 696
1812880 696
1812890 696
1812900 697
1812910 697
1812920 697
1812930 698
1812940 699
1812950 699
1812960 700
1812970 700
1812980 701
1812990 701
1813000 702
1813010 702
1813020 703
1813030 703
1813040 704
1813050 705
1813060 705
1813070 706
1813080 707
1813090 708
1813100 708
1813110 709
1813120 709
1813130 710
1813140 710
1813150 711
1813160 711
1813170 711
1813180 712
1813190 712
1813200 712
1813210 713
1813220 713
1813230 713
1813240 713
1813250 714
1813260 714
1813270 714
1813280 714
1813290 714
1813300 715
1813310 715
1813320 716
1813330 717
1813340 717
1813350 717
1813360 718
1813370 718
1813380 718
1813390 719
1813400 719
1813410 719
1813420 720
1813430 720
1813440 721
1813450 722
1813460 722
1813470 722
1813480 723
1813490 723
1813500 723
1813510 724
1813520 724
1813530 725
1813540 725
1813550 726
1813560 726
1813570 727
1813580 728
1813590 728
1813600 729
1813610 729
1813620 730
1813630 730
1813640 731
1813650 731
1813660 731
1813670 731
1813680 731
1813690 731
1813700 732
1813710 732
1813720 731
1813730 731
1813740 731
1813750 730
1813760 730
1813770 730
1813780 729
1813790 729
1813800 728
1813810 728
1813820 727
1813830 727
1813840 726
1813850 726
1813860 725
1813870 724
1813880 724
1813890 723
1813900 722
1813910 722
1813920 721
1813930 721
1813940 720
1813950 720
1813960 719
1813970 719
1813980 719
1813990 718
1814000 718
1814010 718
1814020 717
1814030 717
1814040 717
1814050 716
1814060 716
1814070 716
1814080 716
1814090 716
1814100 716
1814110 715
1814120 715
1814130 715
1814140 715
1814150 715
1814160 715
1814170 715
1814180 715
1814190 715
1814200 715
1814210 715
1814220 715
1814230 715
1814240 715
1814250 715
1814260 715
1814270 715
1814280 715
1814290 715
1814300 715
1814310 715
1814320 715
1814330 715
1814340 715
1814350 715
1814360 715
1814370 714
1814380 714
1814390 714
1814400 713
1814410 713
1814420 712
1814430 711
1814440 710
1814450 709
1814460 708
1814470 706
1814480 705
1814490 703
1814500 700
1814510 698
1814520 696
1814530 693
1814540 691
1814550 688
1814560 686
1814570 684
1814580 682
1814590 680
1814600 677
1814610 674
1814620 672
1814630 672
1814640 675
1814650 677
1814660 679
1814670 681
1814680 682
1814690 684
1814700 685
1814710 686
1814720 687
1814730 687
1814740 688
1814750 688
1814760 689
1814770 689
1814780 689
1814790 688
1814800 688
1814810 688
1814820 688
1814830 689
1814840 689
1814850 690
1814860 691
1814870 692
1814880 693
1814890 694
1814900 694
1814910 694
1814920 694
1814930 694
1814940 693
1814950 693
1814960 692
1814970 692
1814980 691
1814990 690
1815000 690
1815010 689
1815020 688
1815030 688
1815040 687
1815050 687
1815060 686
1815070 686
1815080 685
1815090 685
1815100 684
1815110 683
1815120 682
1815130 681
1815140 679
1815150 678
1815160 677
1815170 676
1815180 675
1815190 675
1815200 675
1815210 675
1815220 674
1815230 674
1815240 674
1815250 673
1815260 673
1815270 673
1815280 672
1815290 672
1815300 672
1815310 672
1815320 673
1815330 673
1815340 674
1815350 675
1815360 675
1815370 676
1815380 676
1815390 677
1815400 678
1815410 679
1815420 679
1815430 680
1815440 681
1815450 681
1815460 682
1815470 682
1815480 682
1815490 682
1815500 682
1815510 682
1815520 682
1815530 683
1815540 683
1815550 683
1815560 683
1815570 684
1815580 684
1815590 684
1815600 684
1815610 684
1815620 684
1815630 684
1815640 684
1815650 685
1815660 685
1815670 685
1815680 686
1815690 686
1815700 686
1815710 686
1815720 686
1815730 686
1815740 685
1815750 685
1815760 685
1815770 685
1815780 685
1815790 685
1815800 685
1815810 686
1815820 686
1815830 686
1815840 686
1815850 685
1815860 685
1815870 685
1815880 685
1815890 684
1815900 684
1815910 684
1815920 684
1815930 683
1815940 683
1815950 683
1815960 683
1815970 682
1815980 682
1815990 682
1816000 682
1816010 681
1816020 681
1816030 680
1816040 680
1816050 679
1816060 678
1816070 678
1816080 677
1816090 676
1816100 675
1816110 674
1816120 673
1816130 672
1816140 671
1816150 670
1816160 670
1816170 669
1816180 669
1816190 669
1816200 669
1816210 669
1816220 669
1816230 669
1816240 669
1816250 669
1816260 668
1816270 668
1816280 667
1816290 666
1816300 666
1816310 665
1816320 664
1816330 664
1816340 663
1816350 662
1816360 662
1816370 661
1816380 660
1816390 659
1816400 658
1816410 658
1816420 658
1816430 659
1816440 659
1816450 659
1816460 659
1816470 659
1816480 659
1816490 658
1816500 657
1816510 656
1816520 654
1816530 652
1816540 650
1816550 648
1816560 646
1816570 644
1816580 642
1816590 640
1816600 638
1816610 637
1816620 635
1816630 634
1816640 633
1816650 633
1816660 632
1816670 632
1816680 632
1816690 632
1816700 633
1816710 633
1816720 634
1816730 635
1816740 637
1816750 638
1816760 640
1816770 641
1816780 642
1816790 644
1816800 645
1816810 647
1816820 648
1816830 650
1816840 651
1816850 653
1816860 654
1816870 655
1816880 657
1816890 658
1816900 660
1816910 662
1816920 663
1816930 664
1816940 665
1816950 666
1816960 667
1816970 668
1816980 668
1816990 668
1817000 669
1817010 668
1817020 668
1817030 668
1817040 667
1817050 666
1817060 665
1817070 664
1817080 663
1817090 662
1817100 660
1817110 659
1817120 657
1817130 656
1817140 654
1817150 653
1817160 652
1817170 651
1817180 650
1817190 649
1817200 648
1817210 647
1817220 647
1817230 646
1817240 646
1817250 646
1817260 646
1817270 646
1817280 646
1817290 647
1817300 648
1817310 648
1817320 649
1817330 649
1817340 649
1817350 649
1817360 649
1817370 648
1817380 648
1817390 648
1817400 647
1817410 647
1817420 646
1817430 645
1817440 644
1817450 643
1817460 642
1817470 641
1817480 640
1817490 638
1817500 637
1817510 635
1817520 633
1817530 631
1817540 629
1817550 627
1817560 624
1817570 622
1817580 619
1817590 617
1817600 615
1817610 612
1817620 610
1817630 608
1817640 605
1817650 603
1817660 601
1817670 599
1817680 598
1817690 597
1817700 597
1817710 596
1817720 595
1817730 594
1817740 593
1817750 592
1817760 591
1817770 590
1817780 589
1817790 588
1817800 587
1817810 586
1817820 585
1817830 584
1817840 583
1817850 582
1817860 581
1817870 580
1817880 578
1817890 577
1817900 576
1817910 574
1817920 573
1817930 572
1817940 570
1817950 569
1817960 568
1817970 567
1817980 566
1817990 564
1818000 563
1818010 562
1818020 561
1818030 560
1818040 559
1818050 558
1818060 557
1818070 556
1818080 556
1818090 555
1818100 554
1818110 553
1818120 552
1818130 550
1818140 549
1818150 547
1818160 546
1818170 544
1818180 542
1818190 540
1818200 539
1818210 538
1818220 538
1818230 538
1818240 538
1818250 538
1818260 538
1818270 537
1818280 536
1818290 535
1818300 534
1818310 533
1818320 532
1818330 530
1818340 529
1818350 527
1818360 526
1818370 524
1818380 522
1818390 521
1818400 519
1818410 517
1818420 515
1818430 513
1818440 510
1818450 507
1818460 505
1818470 502
1818480 499
1818490 497
1818500 494
1818510 491
1818520 490
1818530 488
1818540 486
1818550 485
1818560 484
1818570 482
1818580 481
1818590 480
1818600 479
1818610 478
1818620 477
1818630 476
1818640 476
1818650 475
1818660 474
1818670 473
1818680 473
1818690 472
1818700 471
1818710 470
1818720 469
1818730 469
1818740 469
1818750 469
1818760 469
1818770 470
1818780 471
1818790 473
1818800 474
1818810 476
1818820 478
1818830 479
1818840 480
1818850 482
1818860 483
1818870 485
1818880 486
1818890 487
1818900 489
1818910 490
1818920 491
1818930 492
1818940 493
1818950 494
1818960 495
1818970 496
1818980 497
1818990 497
1819000 498
1819010 499
1819020 499
1819030 500
1819040 500
1819050 500
1819060 500
1819070 500
1819080 500
1819090 501
1819100 501
1819110 501
1819120 501
1819130 501
1819140 501
1819150 502
1819160 502
1819170 501
1819180 501
1819190 501
1819200 501
1819210 500
1819220 500
1819230 500
1819240 499
1819250 499
1819260 498
1819270 498
1819280 497
1819290 497
1819300 496
1819310 496
1819320 495
1819330 494
1819340 494
1819350 493
1819360 492
1819370 491
1819380 490
1819390 490
1819400 489
1819410 488
1819420 487
1819430 487
1819440 486
1819450 485
1819460 484
1819470 484
1819480 483
1819490 482
1819500 481
1819510 481
1819520 480
1819530 479
1819540 478
1819550 478
1819560 477
1819570 476
1819580 475
1819590 474
1819600 473
1819610 472
1819620 472
1819630 472
1819640 472
1819650 473
1819660 472
1819670 472
1819680 472
1819690 472
1819700 471
1819710 471
1819720 471
1819730 470
1819740 470
1819750 470
1819760 470
1819770 469
1819780 469
1819790 469
1819800 468
1819810 468
1819820 468
1819830 468
1819840 468
1819850 467
1819860 467
1819870 467
1819880 467
1819890 467
1819900 467
1819910 466
1819920 466
1819930 466
1819940 466
1819950 466
1819960 466
1819970 466
1819980 465
1819990 465
