1800000 672
1800010 672
1800020 672
1800030 673
1800040 672
1800050 672
1800060 671
1800070 670
1800080 669
1800090 670
1800100 670
1800110 670
1800120 670
1800130 670
1800140 669
1800150 669
1800160 668
1800170 665
1800180 662
1800190 662
1800200 663
1800210 666
1800220 669
1800230 672
1800240 677
1800250 680
1800260 684
1800270 687
1800280 689
1800290 692
1800300 695
1800310 698
1800320 701
1800330 704
1800340 706
1800350 708
1800360 710
1800370 712
1800380 714
1800390 716
1800400 718
1800410 720
1800420 722
1800430 724
1800440 726
1800450 728
1800460 730
1800470 732
1800480 735
1800490 738
1800500 741
1800510 743
1800520 745
1800530 747
1800540 749
1800550 751
1800560 753
1800570 755
1800580 757
1800590 760
1800600 762
1800610 764
1800620 767
1800630 768
1800640 770
1800650 771
1800660 773
1800670 774
1800680 776
1800690 777
1800700 778
1800710 779
1800720 781
1800730 782
1800740 784
1800750 785
1800760 787
1800770 789
1800780 790
1800790 791
1800800 792
1800810 793
1800820 794
1800830 795
1800840 795
1800850 795
1800860 795
1800870 795
1800880 794
1800890 793
1800900 792
1800910 791
1800920 790
1800930 789
1800940 787
1800950 786
1800960 785
1800970 785
1800980 784
1800990 783
1801000 782
1801010 781
1801020 779
1801030 778
1801040 777
1801050 775
1801060 773
1801070 771
1801080 770
1801090 768
1801100 766
1801110 765
1801120 763
1801130 761
1801140 760
1801150 759
1801160 758
1801170 756
1801180 755
1801190 753
1801200 751
1801210 748
1801220 745
1801230 741
1801240 738
1801250 737
1801260 741
1801270 743
1801280 743
1801290 743
1801300 742
1801310 740
1801320 738
1801330 735
1801340 733
1801350 732
1801360 733
1801370 733
1801380 733
1801390 733
1801400 732
1801410 731
1801420 730
1801430 729
1801440 727
1801450 725
1801460 725
1801470 726
1801480 728
1801490 730
1801500 732
1801510 733
1801520 735
1801530 737
1801540 738
1801550 741
1801560 744
1801570 746
1801580 747
1801590 749
1801600 752
1801610 755
1801620 757
1801630 759
1801640 761
1801650 762
1801660 764
1801670 765
1801680 767
1801690 769
1801700 770
1801710 772
1801720 773
1801730 774
1801740 775
1801750 776
1801760 777
1801770 779
1801780 780
1801790 781
1801800 782
1801810 783
1801820 784
1801830 784
1801840 784
1801850 784
1801860 783
1801870 783
1801880 782
1801890 782
1801900 781
1801910 781
1801920 781
1801930 780
1801940 780
1801950 780
1801960 779
1801970 779
1801980 780
1801990 780
1802000 780
1802010 780
1802020 780
1802030 780
1802040 780
1802050 780
1802060 780
1802070 779
1802080 779
1802090 778
1802100 777
1802110 776
1802120 775
1802130 773
1802140 771
1802150 770
1802160 768
1802170 767
1802180 766
1802190 765
1802200 764
1802210 762
1802220 761
1802230 760
1802240 759
1802250 758
1802260 756
1802270 755
1802280 752
1802290 749
1802300 747
1802310 749
1802320 752
1802330 753
1802340 755
1802350 756
1802360 757
1802370 758
1802380 759
1802390 760
1802400 760
1802410 761
1802420 762
1802430 763
1802440 764
1802450 765
1802460 766
1802470 768
1802480 769
1802490 770
1802500 772
1802510 773
1802520 774
1802530 775
1802540 776
1802550 777
1802560 778
1802570 779
1802580 780
1802590 782
1802600 783
1802610 784
1802620 785
1802630 786
1802640 787
1802650 788
1802660 789
1802670 790
1802680 791
1802690 792
1802700 793
1802710 794
1802720 794
1802730 794
1802740 794
1802750 795
1802760 795
1802770 796
1802780 796
1802790 797
1802800 797
1802810 798
1802820 798
1802830 799
1802840 799
1802850 799
1802860 800
1802870 800
1802880 800
1802890 800
1802900 799
1802910 798
1802920 798
1802930 797
1802940 796
1802950 795
1802960 794
1802970 793
1802980 792
1802990 791
1803000 791
1803010 790
1803020 790
1803030 789
1803040 788
1803050 788
1803060 787
1803070 786
1803080 785
1803090 784
1803100 783
1803110 782
1803120 782
1803130 781
1803140 780
1803150 780
1803160 779
1803170 778
1803180 778
1803190 777
1803200 777
1803210 776
1803220 775
1803230 775
1803240 774
1803250 773
1803260 773
1803270 772
1803280 772
1803290 772
1803300 771
1803310 771
1803320 771
1803330 770
1803340 770
1803350 770
1803360 769
1803370 769
1803380 769
1803390 768
1803400 768
1803410 768
1803420 767
1803430 767
1803440 767
1803450 766
1803460 766
1803470 765
1803480 765
1803490 764
1803500 763
1803510 763
1803520 762
1803530 761
1803540 760
1803550 759
1803560 758
1803570 757
1803580 757
1803590 756
1803600 756
1803610 755
1803620 755
1803630 754
1803640 754
1803650 754
1803660 753
1803670 753
1803680 753
1803690 753
1803700 753
1803710 752
1803720 751
1803730 751
1803740 750
1803750 749
1803760 748
1803770 747
1803780 746
1803790 745
1803800 743
1803810 742
1803820 741
1803830 740
1803840 739
1803850 737
1803860 735
1803870 733
1803880 732
1803890 730
1803900 728
1803910 726
1803920 724
1803930 722
1803940 720
1803950 718
1803960 716
1803970 714
1803980 712
1803990 710
1804000 709
1804010 707
1804020 706
1804030 704
1804040 703
1804050 701
1804060 700
1804070 698
1804080 697
1804090 695
1804100 693
1804110 692
1804120 690
1804130 688
1804140 686
1804150 684
1804160 683
1804170 682
1804180 681
1804190 680
1804200 679
1804210 677
1804220 677
1804230 676
1804240 675
1804250 674
1804260 673
1804270 672
1804280 670
1804290 668
1804300 666
1804310 664
1804320 662
1804330 660
1804340 658
1804350 656
1804360 653
1804370 651
1804380 647
1804390 644
1804400 642
1804410 640
1804420 638
1804430 636
1804440 635
1804450 633
1804460 631
1804470 628
1804480 625
1804490 621
1804500 618
1804510 617
1804520 617
1804530 618
1804540 619
1804550 619
1804560 618
1804570 618
1804580 617
1804590 616
1804600 614
1804610 612
1804620 610
1804630 609
1804640 608
1804650 608
1804660 607
1804670 607
1804680 607
1804690 608
1804700 610
1804710 611
1804720 612
1804730 615
1804740 618
1804750 619
1804760 619
1804770 618
1804780 616
1804790 615
1804800 613
1804810 612
1804820 610
1804830 607
1804840 606
1804850 607
1804860 608
1804870 609
1804880 610
1804890 610
1804900 611
1804910 612
1804920 613
1804930 613
1804940 614
1804950 614
1804960 614
1804970 614
1804980 614
1804990 614
1805000 614
1805010 614
1805020 615
1805030 617
1805040 617
1805050 619
1805060 621
1805070 623
1805080 625
1805090 627
1805100 629
1805110 632
1805120 635
1805130 638
1805140 641
1805150 644
1805160 646
1805170 649
1805180 651
1805190 654
1805200 655
1805210 656
1805220 657
1805230 656
1805240 656
1805250 655
1805260 654
1805270 654
1805280 653
1805290 653
1805300 652
1805310 651
1805320 650
1805330 649
1805340 647
1805350 646
1805360 644
1805370 642
1805380 640
1805390 639
1805400 637
1805410 636
1805420 635
1805430 634
1805440 633
1805450 632
1805460 631
1805470 630
1805480 629
1805490 627
1805500 626
1805510 625
1805520 624
1805530 623
1805540 622
1805550 622
1805560 621
1805570 620
1805580 619
1805590 619
1805600 618
1805610 616
1805620 615
1805630 613
1805640 611
1805650 609
1805660 607
1805670 605
1805680 602
1805690 601
1805700 600
1805710 599
1805720 598
1805730 596
1805740 595
1805750 594
1805760 593
1805770 591
1805780 589
1805790 587
1805800 585
1805810 583
1805820 581
1805830 579
1805840 577
1805850 576
1805860 574
1805870 573
1805880 570
1805890 568
1805900 564
1805910 560
1805920 557
1805930 553
1805940 549
1805950 547
1805960 546
1805970 545
1805980 545
1805990 544
1806000 544
1806010 545
1806020 545
1806030 547
1806040 549
1806050 550
1806060 551
1806070 553
1806080 555
1806090 556
1806100 556
1806110 557
1806120 557
1806130 557
1806140 556
1806150 554
1806160 553
1806170 552
1806180 551
1806190 550
1806200 549
1806210 549
1806220 549
1806230 548
1806240 547
1806250 546
1806260 545
1806270 544
1806280 543
1806290 543
1806300 542
1806310 540
1806320 538
1806330 536
1806340 533
1806350 532
1806360 531
1806370 531
1806380 531
1806390 531
1806400 531
1806410 530
1806420 530
1806430 530
1806440 530
1806450 530
1806460 529
1806470 529
1806480 529
1806490 529
1806500 529
1806510 529
1806520 529
1806530 529
1806540 528
1806550 528
1806560 528
1806570 529
1806580 529
1806590 529
1806600 529
1806610 530
1806620 531
1806630 532
1806640 532
1806650 533
1806660 534
1806670 534
1806680 535
1806690 536
1806700 536
1806710 536
1806720 537
1806730 538
1806740 538
1806750 539
1806760 540
1806770 540
1806780 541
1806790 542
1806800 542
1806810 543
1806820 544
1806830 545
1806840 546
1806850 547
1806860 549
1806870 550
1806880 551
1806890 552
1806900 553
1806910 554
1806920 555
1806930 556
1806940 557
1806950 558
1806960 559
1806970 560
1806980 561
1806990 561
1807000 562
1807010 563
1807020 563
1807030 564
1807040 563
1807050 563
1807060 562
1807070 561
1807080 560
1807090 560
1807100 558
1807110 555
1807120 552
1807130 551
1807140 553
1807150 556
1807160 558
1807170 558
1807180 558
1807190 559
1807200 562
1807210 564
1807220 566
1807230 568
1807240 570
1807250 572
1807260 574
1807270 575
1807280 577
1807290 579
1807300 580
1807310 581
1807320 582
1807330 583
1807340 584
1807350 584
1807360 584
1807370 584
1807380 583
1807390 581
1807400 578
1807410 575
1807420 572
1807430 569
1807440 566
1807450 563
1807460 560
1807470 558
1807480 555
1807490 553
1807500 551
1807510 549
1807520 547
1807530 545
1807540 542
1807550 540
1807560 537
1807570 535
1807580 533
1807590 533
1807600 534
1807610 536
1807620 536
1807630 537
1807640 538
1807650 538
1807660 539
1807670 539
1807680 539
1807690 540
1807700 540
1807710 539
1807720 539
1807730 539
1807740 539
1807750 539
1807760 539
1807770 539
1807780 539
1807790 538
1807800 538
1807810 538
1807820 537
1807830 537
1807840 536
1807850 535
1807860 533
1807870 532
1807880 531
1807890 529
1807900 528
1807910 527
1807920 525
1807930 524
1807940 523
1807950 521
1807960 520
1807970 518
1807980 517
1807990 515
1808000 513
1808010 511
1808020 509
1808030 507
1808040 504
1808050 500
1808060 496
1808070 492
1808080 489
1808090 487
1808100 486
1808110 486
1808120 486
1808130 486
1808140 486
1808150 486
1808160 486
1808170 486
1808180 486
1808190 485
1808200 486
1808210 486
1808220 487
1808230 488
1808240 493
1808250 497
1808260 500
1808270 502
1808280 504
1808290 507
1808300 510
1808310 513
1808320 516
1808330 519
1808340 522
1808350 525
1808360 528
1808370 531
1808380 533
1808390 536
1808400 539
1808410 541
1808420 544
1808430 547
1808440 549
1808450 552
1808460 554
1808470 556
1808480 558
1808490 559
1808500 561
1808510 562
1808520 564
1808530 565
1808540 566
1808550 567
1808560 568
1808570 569
1808580 569
1808590 570
1808600 571
1808610 571
1808620 571
1808630 571
1808640 570
1808650 570
1808660 570
1808670 570
1808680 570
1808690 570
1808700 570
1808710 569
1808720 568
1808730 568
1808740 568
1808750 568
1808760 569
1808770 569
1808780 569
1808790 570
1808800 570
1808810 571
1808820 571
1808830 572
1808840 572
1808850 571
1808860 571
1808870 572
1808880 573
1808890 573
1808900 574
1808910 575
1808920 575
1808930 576
1808940 576
1808950 577
1808960 577
1808970 577
1808980 577
1808990 577
1809000 577
1809010 576
1809020 575
1809030 574
1809040 573
1809050 572
1809060 571
1809070 570
1809080 569
1809090 568
1809100 567
1809110 566
1809120 565
1809130 564
1809140 563
1809150 563
1809160 563
1809170 562
1809180 562
1809190 563
1809200 563
1809210 564
1809220 565
1809230 565
1809240 565
1809250 564
1809260 563
1809270 562
1809280 560
1809290 557
1809300 555
1809310 554
1809320 554
1809330 554
1809340 555
1809350 555
1809360 556
1809370 557
1809380 557
1809390 557
1809400 558
1809410 557
1809420 557
1809430 557
1809440 556
1809450 556
1809460 556
1809470 555
1809480 555
1809490 555
1809500 555
1809510 555
1809520 554
1809530 554
1809540 553
1809550 552
1809560 551
1809570 549
1809580 548
1809590 546
1809600 544
1809610 542
1809620 539
1809630 536
1809640 534
1809650 536
1809660 539
1809670 541
1809680 543
1809690 544
1809700 545
1809710 545
1809720 545
1809730 545
1809740 544
1809750 544
1809760 543
1809770 541
1809780 540
1809790 539
1809800 537
1809810 536
1809820 535
1809830 533
1809840 533
1809850 532
1809860 531
1809870 530
1809880 530
1809890 530
1809900 529
1809910 529
1809920 528
1809930 527
1809940 527
1809950 526
1809960 524
1809970 523
1809980 522
1809990 521
1810000 521
1810010 520
1810020 519
1810030 519
1810040 519
1810050 519
1810060 520
1810070 520
1810080 521
1810090 522
1810100 522
1810110 523
1810120 524
1810130 525
1810140 526
1810150 527
1810160 528
1810170 529
1810180 531
1810190 532
1810200 534
1810210 535
1810220 536
1810230 537
1810240 539
1810250 540
1810260 542
1810270 543
1810280 545
1810290 546
1810300 547
1810310 549
1810320 550
1810330 551
1810340 552
1810350 553
1810360 554
1810370 556
1810380 557
1810390 558
1810400 559
1810410 560
1810420 562
1810430 563
1810440 565
1810450 566
1810460 568
1810470 569
1810480 570
1810490 572
1810500 573
1810510 574
1810520 576
1810530 577
1810540 578
1810550 579
1810560 580
1810570 581
1810580 581
1810590 582
1810600 582
1810610 582
1810620 581
1810630 581
1810640 580
1810650 580
1810660 580
1810670 579
1810680 579
1810690 578
1810700 578
1810710 578
1810720 577
1810730 577
1810740 577
1810750 577
1810760 577
1810770 578
1810780 578
1810790 578
1810800 578
1810810 578
1810820 578
1810830 578
1810840 578
1810850 578
1810860 578
1810870 578
1810880 577
1810890 577
1810900 576
1810910 575
1810920 575
1810930 574
1810940 573
1810950 573
1810960 572
1810970 572
1810980 572
1810990 572
1811000 572
1811010 572
1811020 572
1811030 571
1811040 570
1811050 569
1811060 568
1811070 568
1811080 567
1811090 567
1811100 567
1811110 567
1811120 567
1811130 567
1811140 566
1811150 566
1811160 565
1811170 564
1811180 563
1811190 561
1811200 560
1811210 559
1811220 559
1811230 558
1811240 558
1811250 558
1811260 557
1811270 557
1811280 557
1811290 557
1811300 556
1811310 556
1811320 555
1811330 554
1811340 553
1811350 552
1811360 551
1811370 549
1811380 548
1811390 547
1811400 547
1811410 547
1811420 547
1811430 547
1811440 548
1811450 549
1811460 550
1811470 552
1811480 553
1811490 555
1811500 557
1811510 559
1811520 561
1811530 563
1811540 565
1811550 567
1811560 568
1811570 570
1811580 571
1811590 571
1811600 571
1811610 571
1811620 570
1811630 568
1811640 567
1811650 567
1811660 568
1811670 570
1811680 572
1811690 575
1811700 578
1811710 581
1811720 584
1811730 586
1811740 588
1811750 590
1811760 592
1811770 594
1811780 596
1811790 598
1811800 601
1811810 602
1811820 604
1811830 605
1811840 606
1811850 608
1811860 609
1811870 611
1811880 612
1811890 613
1811900 615
1811910 616
1811920 618
1811930 619
1811940 620
1811950 622
1811960 623
1811970 624
1811980 625
1811990 626
1812000 626
1812010 627
1812020 627
1812030 628
1812040 628
1812050 628
1812060 629
1812070 629
1812080 629
1812090 629
1812100 629
1812110 630
1812120 630
1812130 630
1812140 629
1812150 629
1812160 629
1812170 628
1812180 627
1812190 627
1812200 626
1812210 625
1812220 625
1812230 625
1812240 624
1812250 624
1812260 625
1812270 625
1812280 626
1812290 627
1812300 627
1812310 628
1812320 629
1812330 629
1812340 630
1812350 630
1812360 631
1812370 631
1812380 632
1812390 632
1812400 633
1812410 633
1812420 632
1812430 630
1812440 627
1812450 623
1812460 619
1812470 616
1812480 618
1812490 621
1812500 623
1812510 624
1812520 626
1812530 627
1812540 628
1812550 630
1812560 631
1812570 632
1812580 633
1812590 634
1812600 634
1812610 634
1812620 634
1812630 634
1812640 634
1812650 633
1812660 630
1812670 629
1812680 631
1812690 633
1812700 635
1812710 638
1812720 639
1812730 640
1812740 641
1812750 642
1812760 643
1812770 643
1812780 644
1812790 645
1812800 645
1812810 645
1812820 644
1812830 645
1812840 646
1812850 648
1812860 650
1812870 653
1812880 654
1812890 656
1812900 656
1812910 658
1812920 659
1812930 661
1812940 663
1812950 664
1812960 664
1812970 665
1812980 667
1812990 668
1813000 669
1813010 670
1813020 671
1813030 672
1813040 673
1813050 673
1813060 674
1813070 674
1813080 675
1813090 675
1813100 675
1813110 676
1813120 676
1813130 676
1813140 676
1813150 675
1813160 675
1813170 675
1813180 675
1813190 675
1813200 674
1813210 674
1813220 673
1813230 673
1813240 672
1813250 672
1813260 672
1813270 671
1813280 672
1813290 672
1813300 672
1813310 672
1813320 673
1813330 674
1813340 674
1813350 674
1813360 675
1813370 675
1813380 675
1813390 676
1813400 676
1813410 677
1813420 677
1813430 677
1813440 677
1813450 676
1813460 675
1813470 673
1813480 671
1813490 669
1813500 667
1813510 665
1813520 663
1813530 661
1813540 660
1813550 658
1813560 657
1813570 655
1813580 654
1813590 653
1813600 651
1813610 650
1813620 649
1813630 647
1813640 645
1813650 643
1813660 641
1813670 639
1813680 637
1813690 635
1813700 633
1813710 631
1813720 630
1813730 628
1813740 626
1813750 624
1813760 622
1813770 620
1813780 618
1813790 616
1813800 613
1813810 611
1813820 610
1813830 608
1813840 607
1813850 606
1813860 605
1813870 604
1813880 602
1813890 601
1813900 600
1813910 599
1813920 597
1813930 596
1813940 595
1813950 593
1813960 591
1813970 589
1813980 587
1813990 586
1814000 584
1814010 583
1814020 581
1814030 580
1814040 579
1814050 578
1814060 577
1814070 577
1814080 576
1814090 575
1814100 574
1814110 574
1814120 573
1814130 571
1814140 570
1814150 567
1814160 565
1814170 562
1814180 559
1814190 556
1814200 553
1814210 550
1814220 547
1814230 545
1814240 544
1814250 542
1814260 541
1814270 540
1814280 539
1814290 538
1814300 537
1814310 536
1814320 535
1814330 534
1814340 533
1814350 532
1814360 531
1814370 530
1814380 529
1814390 529
1814400 529
1814410 529
1814420 529
1814430 529
1814440 530
1814450 530
1814460 530
1814470 530
1814480 530
1814490 530
1814500 531
1814510 531
1814520 532
1814530 534
1814540 535
1814550 537
1814560 537
1814570 538
1814580 538
1814590 538
1814600 538
1814610 538
1814620 539
1814630 539
1814640 539
1814650 539
1814660 539
1814670 539
1814680 539
1814690 540
1814700 540
1814710 540
1814720 540
1814730 540
1814740 541
1814750 541
1814760 541
1814770 542
1814780 543
1814790 543
1814800 544
1814810 545
1814820 546
1814830 548
1814840 549
1814850 550
1814860 551
1814870 553
1814880 554
1814890 555
1814900 557
1814910 558
1814920 560
1814930 561
1814940 563
1814950 564
1814960 566
1814970 567
1814980 569
1814990 571
1815000 573
1815010 575
1815020 577
1815030 578
1815040 580
1815050 581
1815060 583
1815070 584
1815080 585
1815090 586
1815100 586
1815110 586
1815120 586
1815130 586
1815140 586
1815150 586
1815160 586
1815170 586
1815180 586
1815190 586
1815200 586
1815210 586
1815220 585
1815230 585
1815240 584
1815250 583
1815260 583
1815270 582
1815280 582
1815290 581
1815300 581
1815310 581
1815320 580
1815330 580
1815340 579
1815350 579
1815360 578
1815370 577
1815380 576
1815390 575
1815400 573
1815410 571
1815420 569
1815430 567
1815440 565
1815450 562
1815460 559
1815470 557
1815480 554
1815490 552
1815500 549
1815510 546
1815520 544
1815530 542
1815540 540
1815550 538
1815560 537
1815570 535
1815580 534
1815590 532
1815600 530
1815610 529
1815620 527
1815630 525
1815640 523
1815650 521
1815660 520
1815670 519
1815680 518
1815690 517
1815700 516
1815710 515
1815720 514
1815730 513
1815740 513
1815750 512
1815760 511
1815770 510
1815780 509
1815790 508
1815800 507
1815810 506
1815820 506
1815830 505
1815840 504
1815850 504
1815860 502
1815870 501
1815880 500
1815890 499
1815900 497
1815910 496
1815920 492
1815930 491
1815940 492
1815950 494
1815960 495
1815970 495
1815980 496
1815990 496
1816000 497
1816010 497
1816020 498
1816030 499
1816040 500
1816050 500
1816060 501
1816070 501
1816080 500
1816090 500
1816100 498
1816110 497
1816120 494
1816130 491
1816140 488
1816150 485
1816160 482
1816170 480
1816180 478
1816190 476
1816200 475
1816210 473
1816220 472
1816230 471
1816240 470
1816250 470
1816260 469
1816270 468
1816280 467
1816290 467
1816300 466
1816310 466
1816320 465
1816330 465
1816340 464
1816350 463
1816360 463
1816370 462
1816380 461
1816390 460
1816400 459
1816410 458
1816420 457
1816430 456
1816440 455
1816450 453
1816460 451
1816470 449
1816480 448
1816490 447
1816500 446
1816510 444
1816520 443
1816530 441
1816540 440
1816550 439
1816560 439
1816570 438
1816580 438
1816590 437
1816600 437
1816610 437
1816620 436
1816630 436
1816640 436
1816650 436
1816660 435
1816670 435
1816680 435
1816690 435
1816700 435
1816710 435
1816720 435
1816730 435
1816740 436
1816750 436
1816760 437
1816770 438
1816780 439
1816790 440
1816800 441
1816810 441
1816820 441
1816830 441
1816840 440
1816850 440
1816860 441
1816870 442
1816880 444
1816890 447
1816900 450
1816910 453
1816920 456
1816930 458
1816940 460
1816950 461
1816960 462
1816970 463
1816980 464
1816990 465
1817000 466
1817010 468
1817020 469
1817030 469
1817040 471
1817050 472
1817060 475
1817070 478
1817080 480
1817090 482
1817100 484
1817110 485
1817120 487
1817130 489
1817140 491
1817150 492
1817160 495
1817170 497
1817180 499
1817190 501
1817200 503
1817210 504
1817220 505
1817230 505
1817240 504
1817250 504
1817260 504
1817270 504
1817280 505
1817290 506
1817300 507
1817310 509
1817320 512
1817330 514
1817340 517
1817350 519
1817360 522
1817370 525
1817380 527
1817390 528
1817400 527
1817410 525
1817420 523
1817430 520
1817440 517
1817450 514
1817460 512
1817470 509
1817480 507
1817490 504
1817500 502
1817510 499
1817520 496
1817530 493
1817540 490
1817550 488
1817560 485
1817570 483
1817580 481
1817590 480
1817600 478
1817610 477
1817620 476
1817630 476
1817640 475
1817650 475
1817660 474
1817670 474
1817680 474
1817690 474
1817700 474
1817710 474
1817720 475
1817730 475
1817740 476
1817750 477
1817760 478
1817770 479
1817780 479
1817790 480
1817800 480
1817810 480
1817820 480
1817830 479
1817840 478
1817850 477
1817860 476
1817870 475
1817880 474
1817890 473
1817900 472
1817910 471
1817920 470
1817930 469
1817940 467
1817950 466
1817960 465
1817970 463
1817980 461
1817990 459
1818000 457
1818010 453
1818020 450
1818030 446
1818040 443
1818050 441
1818060 438
1818070 438
1818080 438
1818090 439
1818100 438
1818110 439
1818120 441
1818130 442
1818140 443
1818150 443
1818160 441
1818170 440
1818180 440
1818190 442
1818200 445
1818210 448
1818220 452
1818230 455
1818240 458
1818250 460
1818260 462
1818270 464
1818280 466
1818290 469
1818300 471
1818310 473
1818320 476
1818330 478
1818340 481
1818350 483
1818360 486
1818370 488
1818380 491
1818390 493
1818400 495
1818410 498
1818420 500
1818430 502
1818440 504
1818450 505
1818460 507
1818470 508
1818480 509
1818490 510
1818500 511
1818510 511
1818520 512
1818530 513
1818540 513
1818550 514
1818560 515
1818570 515
1818580 516
1818590 516
1818600 516
1818610 516
1818620 516
1818630 515
1818640 515
1818650 514
1818660 514
1818670 514
1818680 514
1818690 514
1818700 514
1818710 513
1818720 513
1818730 514
1818740 514
1818750 514
1818760 514
1818770 514
1818780 514
1818790 515
1818800 515
1818810 516
1818820 517
1818830 518
1818840 519
1818850 521
1818860 523
1818870 524
1818880 525
1818890 526
1818900 526
1818910 527
1818920 527
1818930 527
1818940 527
1818950 527
1818960 526
1818970 525
1818980 525
1818990 524
1819000 523
1819010 522
1819020 522
1819030 521
1819040 520
1819050 520
1819060 519
1819070 518
1819080 517
1819090 517
1819100 516
1819110 516
1819120 515
1819130 515
1819140 514
1819150 513
1819160 512
1819170 512
1819180 511
1819190 510
1819200 509
1819210 508
1819220 507
1819230 506
1819240 506
1819250 505
1819260 505
1819270 505
1819280 505
1819290 505
1819300 505
1819310 505
1819320 505
1819330 506
1819340 507
1819350 508
1819360 509
1819370 510
1819380 511
1819390 512
1819400 512
1819410 513
1819420 513
1819430 513
1819440 513
1819450 514
1819460 514
1819470 514
1819480 513
1819490 513
1819500 513
1819510 514
1819520 514
1819530 514
1819540 515
1819550 515
1819560 516
1819570 517
1819580 519
1819590 520
1819600 521
1819610 522
1819620 524
1819630 525
1819640 526
1819650 527
1819660 528
1819670 528
1819680 529
1819690 529
1819700 529
1819710 529
1819720 529
1819730 529
1819740 529
1819750 529
1819760 529
1819770 529
1819780 528
1819790 528
1819800 528
1819810 527
1819820 527
1819830 527
1819840 526
1819850 527
1819860 527
1819870 527
1819880 528
1819890 529
1819900 530
1819910 531
1819920 532
1819930 533
1819940 534
1819950 535
1819960 536
1819970 538
1819980 539
1819990 541
