1800000 657
1800010 657
1800020 657
1800030 659
1800040 660
1800050 660
1800060 660
1800070 660
1800080 660
1800090 660
1800100 659
1800110 658
1800120 657
1800130 656
1800140 655
1800150 655
1800160 658
1800170 662
1800180 667
1800190 669
1800200 672
1800210 675
1800220 677
1800230 680
1800240 682
1800250 685
1800260 687
1800270 690
1800280 693
1800290 696
1800300 699
1800310 702
1800320 704
1800330 707
1800340 709
1800350 711
1800360 713
1800370 715
1800380 717
1800390 718
1800400 721
1800410 722
1800420 724
1800430 726
1800440 728
1800450 730
1800460 731
1800470 733
1800480 735
1800490 738
1800500 741
1800510 744
1800520 746
1800530 748
1800540 750
1800550 752
1800560 754
1800570 756
1800580 758
1800590 760
1800600 762
1800610 764
1800620 766
1800630 767
1800640 769
1800650 771
1800660 773
1800670 774
1800680 776
1800690 777
1800700 778
1800710 780
1800720 781
1800730 782
1800740 784
1800750 785
1800760 786
1800770 787
1800780 789
1800790 790
1800800 792
1800810 793
1800820 794
1800830 795
1800840 795
1800850 795
1800860 795
1800870 794
1800880 793
1800890 792
1800900 791
1800910 790
1800920 788
1800930 787
1800940 786
1800950 785
1800960 784
1800970 783
1800980 782
1800990 781
1801000 780
1801010 779
1801020 778
1801030 776
1801040 775
1801050 773
1801060 772
1801070 770
1801080 768
1801090 766
1801100 764
1801110 762
1801120 761
1801130 759
1801140 758
1801150 757
1801160 756
1801170 754
1801180 753
1801190 751
1801200 749
1801210 747
1801220 744
1801230 742
1801240 738
1801250 735
1801260 733
1801270 733
1801280 733
1801290 734
1801300 734
1801310 733
1801320 732
1801330 731
1801340 729
1801350 727
1801360 727
1801370 726
1801380 726
1801390 725
1801400 723
1801410 721
1801420 721
1801430 722
1801440 723
1801450 726
1801460 728
1801470 730
1801480 733
1801490 735
1801500 737
1801510 740
1801520 743
1801530 745
1801540 746
1801550 747
1801560 748
1801570 749
1801580 750
1801590 751
1801600 752
1801610 753
1801620 755
1801630 757
1801640 758
1801650 760
1801660 762
1801670 764
1801680 765
1801690 767
1801700 768
1801710 770
1801720 771
1801730 771
1801740 772
1801750 774
1801760 775
1801770 776
1801780 778
1801790 779
1801800 780
1801810 781
1801820 782
1801830 782
1801840 782
1801850 781
1801860 780
1801870 779
1801880 779
1801890 778
1801900 778
1801910 778
1801920 777
1801930 777
1801940 776
1801950 776
1801960 776
1801970 776
1801980 776
1801990 776
1802000 775
1802010 775
1802020 775
1802030 775
1802040 775
1802050 775
1802060 775
1802070 774
1802080 774
1802090 773
1802100 773
1802110 772
1802120 770
1802130 769
1802140 767
1802150 765
1802160 764
1802170 763
1802180 762
1802190 760
1802200 759
1802210 758
1802220 757
1802230 756
1802240 755
1802250 754
1802260 752
1802270 751
1802280 749
1802290 746
1802300 744
1802310 746
1802320 748
1802330 750
1802340 751
1802350 752
1802360 752
1802370 752
1802380 752
1802390 752
1802400 755
1802410 757
1802420 759
1802430 760
1802440 761
1802450 762
1802460 764
1802470 765
1802480 766
1802490 767
1802500 769
1802510 770
1802520 771
1802530 773
1802540 774
1802550 775
1802560 776
1802570 778
1802580 779
1802590 780
1802600 781
1802610 783
1802620 784
1802630 785
1802640 786
1802650 787
1802660 788
1802670 789
1802680 790
1802690 791
1802700 792
1802710 793
1802720 794
1802730 794
1802740 795
1802750 795
1802760 796
1802770 796
1802780 797
1802790 797
1802800 798
1802810 798
1802820 799
1802830 799
1802840 799
1802850 799
1802860 799
1802870 799
1802880 799
1802890 798
1802900 798
1802910 797
1802920 797
1802930 796
1802940 795
1802950 794
1802960 793
1802970 793
1802980 792
1802990 791
1803000 790
1803010 790
1803020 789
1803030 789
1803040 788
1803050 787
1803060 787
1803070 786
1803080 785
1803090 784
1803100 783
1803110 783
1803120 782
1803130 781
1803140 781
1803150 780
1803160 779
1803170 778
1803180 777
1803190 777
1803200 776
1803210 775
1803220 774
1803230 773
1803240 773
1803250 772
1803260 771
1803270 771
1803280 770
1803290 769
1803300 769
1803310 768
1803320 768
1803330 767
1803340 767
1803350 766
1803360 766
1803370 766
1803380 765
1803390 765
1803400 765
1803410 764
1803420 764
1803430 764
1803440 763
1803450 763
1803460 762
1803470 761
1803480 761
1803490 760
1803500 760
1803510 759
1803520 758
1803530 757
1803540 756
1803550 754
1803560 753
1803570 753
1803580 752
1803590 751
1803600 751
1803610 750
1803620 750
1803630 750
1803640 749
1803650 749
1803660 749
1803670 750
1803680 750
1803690 750
1803700 750
1803710 749
1803720 749
1803730 748
1803740 748
1803750 747
1803760 746
1803770 745
1803780 745
1803790 743
1803800 742
1803810 741
1803820 740
1803830 739
1803840 737
1803850 736
1803860 734
1803870 733
1803880 731
1803890 730
1803900 728
1803910 726
1803920 724
1803930 722
1803940 720
1803950 718
1803960 716
1803970 714
1803980 712
1803990 710
1804000 709
1804010 707
1804020 705
1804030 704
1804040 703
1804050 701
1804060 700
1804070 699
1804080 697
1804090 696
1804100 695
1804110 693
1804120 692
1804130 690
1804140 689
1804150 687
1804160 686
1804170 685
1804180 683
1804190 682
1804200 681
1804210 680
1804220 680
1804230 679
1804240 678
1804250 677
1804260 676
1804270 674
1804280 672
1804290 671
1804300 669
1804310 666
1804320 664
1804330 661
1804340 657
1804350 654
1804360 651
1804370 648
1804380 646
1804390 644
1804400 642
1804410 639
1804420 636
1804430 631
1804440 628
1804450 626
1804460 625
1804470 626
1804480 627
1804490 629
1804500 630
1804510 631
1804520 631
1804530 630
1804540 629
1804550 629
1804560 629
1804570 628
1804580 627
1804590 624
1804600 621
1804610 618
1804620 617
1804630 617
1804640 617
1804650 619
1804660 621
1804670 623
1804680 625
1804690 627
1804700 628
1804710 627
1804720 626
1804730 626
1804740 626
1804750 627
1804760 627
1804770 627
1804780 627
1804790 627
1804800 626
1804810 623
1804820 620
1804830 616
1804840 614
1804850 614
1804860 615
1804870 617
1804880 618
1804890 620
1804900 621
1804910 622
1804920 622
1804930 622
1804940 622
1804950 622
1804960 622
1804970 621
1804980 621
1804990 622
1805000 622
1805010 624
1805020 625
1805030 627
1805040 628
1805050 630
1805060 631
1805070 632
1805080 634
1805090 636
1805100 638
1805110 641
1805120 644
1805130 647
1805140 650
1805150 652
1805160 655
1805170 657
1805180 659
1805190 661
1805200 662
1805210 662
1805220 663
1805230 662
1805240 662
1805250 661
1805260 660
1805270 659
1805280 659
1805290 658
1805300 658
1805310 657
1805320 656
1805330 656
1805340 655
1805350 653
1805360 652
1805370 650
1805380 649
1805390 648
1805400 647
1805410 646
1805420 645
1805430 644
1805440 644
1805450 643
1805460 642
1805470 640
1805480 638
1805490 635
1805500 633
1805510 632
1805520 631
1805530 630
1805540 629
1805550 628
1805560 627
1805570 626
1805580 624
1805590 622
1805600 620
1805610 619
1805620 617
1805630 614
1805640 612
1805650 611
1805660 609
1805670 608
1805680 607
1805690 606
1805700 604
1805710 603
1805720 602
1805730 601
1805740 599
1805750 598
1805760 597
1805770 596
1805780 595
1805790 593
1805800 592
1805810 589
1805820 587
1805830 584
1805840 581
1805850 578
1805860 576
1805870 574
1805880 571
1805890 569
1805900 566
1805910 562
1805920 559
1805930 555
1805940 552
1805950 550
1805960 549
1805970 547
1805980 546
1805990 545
1806000 545
1806010 544
1806020 543
1806030 543
1806040 543
1806050 543
1806060 543
1806070 543
1806080 543
1806090 543
1806100 543
1806110 544
1806120 544
1806130 544
1806140 543
1806150 543
1806160 542
1806170 542
1806180 541
1806190 540
1806200 539
1806210 538
1806220 537
1806230 537
1806240 536
1806250 536
1806260 536
1806270 536
1806280 536
1806290 535
1806300 535
1806310 534
1806320 533
1806330 533
1806340 533
1806350 532
1806360 532
1806370 532
1806380 532
1806390 531
1806400 531
1806410 531
1806420 531
1806430 531
1806440 531
1806450 532
1806460 533
1806470 535
1806480 537
1806490 538
1806500 538
1806510 539
1806520 539
1806530 540
1806540 540
1806550 541
1806560 541
1806570 542
1806580 542
1806590 542
1806600 542
1806610 542
1806620 542
1806630 542
1806640 542
1806650 542
1806660 542
1806670 543
1806680 543
1806690 543
1806700 544
1806710 544
1806720 545
1806730 545
1806740 546
1806750 547
1806760 548
1806770 548
1806780 549
1806790 550
1806800 550
1806810 551
1806820 552
1806830 552
1806840 553
1806850 555
1806860 556
1806870 557
1806880 559
1806890 560
1806900 561
1806910 562
1806920 563
1806930 564
1806940 565
1806950 566
1806960 567
1806970 568
1806980 569
1806990 570
1807000 571
1807010 571
1807020 570
1807030 569
1807040 568
1807050 567
1807060 565
1807070 564
1807080 563
1807090 562
1807100 560
1807110 559
1807120 560
1807130 563
1807140 565
1807150 565
1807160 566
1807170 566
1807180 566
1807190 566
1807200 568
1807210 570
1807220 573
1807230 575
1807240 576
1807250 578
1807260 580
1807270 582
1807280 583
1807290 584
1807300 586
1807310 587
1807320 588
1807330 589
1807340 590
1807350 590
1807360 590
1807370 590
1807380 590
1807390 589
1807400 588
1807410 586
1807420 583
1807430 581
1807440 577
1807450 574
1807460 572
1807470 569
1807480 566
1807490 564
1807500 561
1807510 557
1807520 553
1807530 550
1807540 547
1807550 546
1807560 544
1807570 543
1807580 543
1807590 544
1807600 545
1807610 546
1807620 547
1807630 548
1807640 548
1807650 549
1807660 550
1807670 550
1807680 551
1807690 551
1807700 551
1807710 551
1807720 551
1807730 551
1807740 550
1807750 550
1807760 549
1807770 549
1807780 548
1807790 547
1807800 546
1807810 545
1807820 544
1807830 543
1807840 542
1807850 540
1807860 538
1807870 537
1807880 535
1807890 534
1807900 532
1807910 531
1807920 529
1807930 528
1807940 526
1807950 524
1807960 523
1807970 521
1807980 519
1807990 516
1808000 514
1808010 512
1808020 509
1808030 506
1808040 503
1808050 498
1808060 493
1808070 489
1808080 486
1808090 485
1808100 485
1808110 485
1808120 486
1808130 486
1808140 486
1808150 486
1808160 486
1808170 486
1808180 485
1808190 485
1808200 485
1808210 485
1808220 486
1808230 487
1808240 492
1808250 496
1808260 500
1808270 503
1808280 505
1808290 508
1808300 511
1808310 514
1808320 516
1808330 519
1808340 522
1808350 525
1808360 528
1808370 531
1808380 533
1808390 536
1808400 538
1808410 540
1808420 542
1808430 544
1808440 545
1808450 547
1808460 549
1808470 550
1808480 552
1808490 553
1808500 555
1808510 556
1808520 558
1808530 559
1808540 561
1808550 562
1808560 563
1808570 564
1808580 565
1808590 565
1808600 566
1808610 567
1808620 567
1808630 567
1808640 567
1808650 567
1808660 567
1808670 566
1808680 565
1808690 564
1808700 562
1808710 561
1808720 561
1808730 561
1808740 561
1808750 561
1808760 562
1808770 562
1808780 563
1808790 564
1808800 564
1808810 565
1808820 565
1808830 564
1808840 564
1808850 563
1808860 562
1808870 563
1808880 564
1808890 565
1808900 566
1808910 567
1808920 568
1808930 569
1808940 569
1808950 570
1808960 570
1808970 570
1808980 571
1808990 571
1809000 571
1809010 570
1809020 570
1809030 570
1809040 569
1809050 568
1809060 567
1809070 565
1809080 563
1809090 561
1809100 560
1809110 559
1809120 558
1809130 557
1809140 556
1809150 555
1809160 554
1809170 554
1809180 554
1809190 555
1809200 555
1809210 557
1809220 558
1809230 559
1809240 559
1809250 559
1809260 558
1809270 557
1809280 555
1809290 553
1809300 550
1809310 547
1809320 545
1809330 545
1809340 546
1809350 546
1809360 547
1809370 548
1809380 548
1809390 548
1809400 548
1809410 548
1809420 548
1809430 548
1809440 548
1809450 548
1809460 548
1809470 547
1809480 547
1809490 547
1809500 547
1809510 547
1809520 547
1809530 547
1809540 546
1809550 546
1809560 545
1809570 544
1809580 543
1809590 543
1809600 542
1809610 540
1809620 538
1809630 535
1809640 532
1809650 529
1809660 529
1809670 531
1809680 534
1809690 536
1809700 538
1809710 538
1809720 537
1809730 537
1809740 536
1809750 535
1809760 534
1809770 532
1809780 531
1809790 530
1809800 529
1809810 528
1809820 527
1809830 526
1809840 525
1809850 525
1809860 525
1809870 524
1809880 524
1809890 522
1809900 520
1809910 518
1809920 518
1809930 517
1809940 517
1809950 517
1809960 518
1809970 519
1809980 519
1809990 520
1810000 521
1810010 521
1810020 522
1810030 522
1810040 523
1810050 523
1810060 524
1810070 524
1810080 525
1810090 526
1810100 527
1810110 528
1810120 529
1810130 530
1810140 531
1810150 532
1810160 534
1810170 535
1810180 536
1810190 537
1810200 539
1810210 540
1810220 541
1810230 543
1810240 545
1810250 546
1810260 547
1810270 547
1810280 548
1810290 549
1810300 551
1810310 552
1810320 553
1810330 554
1810340 555
1810350 557
1810360 558
1810370 559
1810380 561
1810390 562
1810400 563
1810410 565
1810420 566
1810430 567
1810440 569
1810450 570
1810460 572
1810470 573
1810480 574
1810490 576
1810500 577
1810510 578
1810520 579
1810530 580
1810540 581
1810550 581
1810560 581
1810570 581
1810580 581
1810590 581
1810600 580
1810610 580
1810620 579
1810630 578
1810640 578
1810650 576
1810660 576
1810670 575
1810680 574
1810690 573
1810700 571
1810710 569
1810720 570
1810730 572
1810740 573
1810750 573
1810760 573
1810770 573
1810780 574
1810790 574
1810800 574
1810810 574
1810820 574
1810830 574
1810840 574
1810850 574
1810860 574
1810870 573
1810880 572
1810890 570
1810900 569
1810910 567
1810920 566
1810930 565
1810940 564
1810950 564
1810960 563
1810970 563
1810980 562
1810990 562
1811000 561
1811010 560
1811020 560
1811030 559
1811040 559
1811050 558
1811060 558
1811070 557
1811080 557
1811090 558
1811100 558
1811110 558
1811120 558
1811130 558
1811140 558
1811150 557
1811160 555
1811170 552
1811180 550
1811190 548
1811200 547
1811210 547
1811220 548
1811230 550
1811240 552
1811250 551
1811260 550
1811270 547
1811280 546
1811290 546
1811300 545
1811310 545
1811320 545
1811330 545
1811340 545
1811350 545
1811360 545
1811370 545
1811380 545
1811390 545
1811400 546
1811410 547
1811420 548
1811430 551
1811440 553
1811450 555
1811460 556
1811470 558
1811480 560
1811490 562
1811500 564
1811510 567
1811520 569
1811530 571
1811540 573
1811550 575
1811560 576
1811570 578
1811580 579
1811590 580
1811600 581
1811610 581
1811620 581
1811630 581
1811640 581
1811650 581
1811660 581
1811670 580
1811680 579
1811690 577
1811700 576
1811710 576
1811720 577
1811730 579
1811740 582
1811750 585
1811760 589
1811770 592
1811780 594
1811790 596
1811800 598
1811810 600
1811820 602
1811830 604
1811840 606
1811850 608
1811860 609
1811870 610
1811880 612
1811890 613
1811900 615
1811910 617
1811920 619
1811930 621
1811940 623
1811950 624
1811960 625
1811970 626
1811980 627
1811990 628
1812000 628
1812010 629
1812020 629
1812030 630
1812040 630
1812050 630
1812060 631
1812070 631
1812080 631
1812090 632
1812100 632
1812110 632
1812120 633
1812130 633
1812140 633
1812150 633
1812160 632
1812170 632
1812180 632
1812190 631
1812200 631
1812210 630
1812220 630
1812230 630
1812240 630
1812250 630
1812260 631
1812270 631
1812280 632
1812290 632
1812300 633
1812310 634
1812320 634
1812330 635
1812340 636
1812350 637
1812360 637
1812370 638
1812380 639
1812390 640
1812400 640
1812410 640
1812420 639
1812430 637
1812440 634
1812450 630
1812460 626
1812470 625
1812480 627
1812490 629
1812500 629
1812510 630
1812520 631
1812530 632
1812540 634
1812550 635
1812560 637
1812570 638
1812580 639
1812590 640
1812600 640
1812610 640
1812620 640
1812630 640
1812640 640
1812650 640
1812660 639
1812670 640
1812680 640
1812690 642
1812700 645
1812710 648
1812720 648
1812730 649
1812740 650
1812750 650
1812760 651
1812770 651
1812780 651
1812790 652
1812800 652
1812810 652
1812820 652
1812830 653
1812840 653
1812850 654
1812860 655
1812870 656
1812880 658
1812890 659
1812900 661
1812910 662
1812920 663
1812930 664
1812940 665
1812950 666
1812960 667
1812970 669
1812980 670
1812990 671
1813000 672
1813010 673
1813020 674
1813030 675
1813040 676
1813050 677
1813060 677
1813070 678
1813080 678
1813090 679
1813100 679
1813110 679
1813120 679
1813130 679
1813140 679
1813150 679
1813160 679
1813170 679
1813180 679
1813190 678
1813200 678
1813210 678
1813220 677
1813230 677
1813240 676
1813250 676
1813260 676
1813270 675
1813280 675
1813290 676
1813300 676
1813310 676
1813320 677
1813330 677
1813340 677
1813350 678
1813360 678
1813370 678
1813380 678
1813390 678
1813400 678
1813410 678
1813420 678
1813430 677
1813440 676
1813450 675
1813460 673
1813470 672
1813480 670
1813490 668
1813500 666
1813510 665
1813520 663
1813530 661
1813540 660
1813550 658
1813560 657
1813570 656
1813580 655
1813590 655
1813600 654
1813610 654
1813620 653
1813630 652
1813640 650
1813650 648
1813660 646
1813670 643
1813680 641
1813690 639
1813700 637
1813710 635
1813720 633
1813730 632
1813740 630
1813750 629
1813760 627
1813770 626
1813780 625
1813790 623
1813800 622
1813810 620
1813820 619
1813830 618
1813840 616
1813850 615
1813860 614
1813870 612
1813880 611
1813890 609
1813900 607
1813910 605
1813920 604
1813930 602
1813940 600
1813950 599
1813960 597
1813970 596
1813980 595
1813990 594
1814000 594
1814010 593
1814020 592
1814030 591
1814040 590
1814050 588
1814060 587
1814070 584
1814080 582
1814090 580
1814100 579
1814110 577
1814120 576
1814130 575
1814140 573
1814150 572
1814160 570
1814170 568
1814180 566
1814190 565
1814200 563
1814210 562
1814220 560
1814230 558
1814240 557
1814250 556
1814260 554
1814270 552
1814280 550
1814290 547
1814300 545
1814310 543
1814320 541
1814330 540
1814340 539
1814350 538
1814360 537
1814370 537
1814380 536
1814390 536
1814400 536
1814410 536
1814420 536
1814430 536
1814440 537
1814450 537
1814460 537
1814470 538
1814480 539
1814490 539
1814500 539
1814510 540
1814520 541
1814530 542
1814540 543
1814550 544
1814560 546
1814570 547
1814580 548
1814590 548
1814600 548
1814610 548
1814620 549
1814630 549
1814640 549
1814650 549
1814660 549
1814670 548
1814680 548
1814690 548
1814700 548
1814710 547
1814720 547
1814730 548
1814740 548
1814750 548
1814760 548
1814770 548
1814780 549
1814790 549
1814800 550
1814810 551
1814820 553
1814830 554
1814840 555
1814850 557
1814860 558
1814870 559
1814880 560
1814890 561
1814900 562
1814910 563
1814920 565
1814930 567
1814940 568
1814950 570
1814960 572
1814970 573
1814980 574
1814990 575
1815000 576
1815010 576
1815020 577
1815030 578
1815040 578
1815050 578
1815060 579
1815070 580
1815080 581
1815090 581
1815100 581
1815110 581
1815120 581
1815130 581
1815140 581
1815150 580
1815160 580
1815170 580
1815180 579
1815190 579
1815200 579
1815210 579
1815220 578
1815230 578
1815240 578
1815250 578
1815260 578
1815270 578
1815280 578
1815290 578
1815300 578
1815310 578
1815320 577
1815330 577
1815340 576
1815350 575
1815360 574
1815370 573
1815380 572
1815390 571
1815400 569
1815410 567
1815420 565
1815430 564
1815440 563
1815450 562
1815460 561
1815470 560
1815480 558
1815490 555
1815500 553
1815510 551
1815520 548
1815530 546
1815540 543
1815550 541
1815560 540
1815570 538
1815580 537
1815590 535
1815600 534
1815610 533
1815620 532
1815630 530
1815640 529
1815650 527
1815660 525
1815670 524
1815680 522
1815690 521
1815700 520
1815710 519
1815720 519
1815730 518
1815740 517
1815750 516
1815760 515
1815770 514
1815780 514
1815790 513
1815800 513
1815810 512
1815820 512
1815830 511
1815840 511
1815850 510
1815860 510
1815870 509
1815880 508
1815890 508
1815900 507
1815910 506
1815920 504
1815930 503
1815940 503
1815950 504
1815960 505
1815970 505
1815980 505
1815990 505
1816000 505
1816010 505
1816020 506
1816030 506
1816040 506
1816050 507
1816060 507
1816070 508
1816080 508
1816090 508
1816100 508
1816110 507
1816120 507
1816130 503
1816140 499
1816150 495
1816160 492
1816170 489
1816180 486
1816190 484
1816200 482
1816210 481
1816220 480
1816230 479
1816240 478
1816250 477
1816260 476
1816270 476
1816280 475
1816290 475
1816300 474
1816310 474
1816320 473
1816330 472
1816340 471
1816350 470
1816360 469
1816370 469
1816380 468
1816390 467
1816400 466
1816410 465
1816420 464
1816430 463
1816440 462
1816450 461
1816460 460
1816470 459
1816480 459
1816490 458
1816500 457
1816510 456
1816520 455
1816530 454
1816540 453
1816550 452
1816560 450
1816570 447
1816580 445
1816590 443
1816600 442
1816610 440
1816620 439
1816630 438
1816640 437
1816650 436
1816660 435
1816670 434
1816680 434
1816690 433
1816700 433
1816710 433
1816720 433
1816730 433
1816740 433
1816750 433
1816760 434
1816770 434
1816780 434
1816790 435
1816800 436
1816810 437
1816820 438
1816830 438
1816840 439
1816850 441
1816860 443
1816870 445
1816880 447
1816890 449
1816900 451
1816910 453
1816920 455
1816930 456
1816940 457
1816950 459
1816960 459
1816970 460
1816980 461
1816990 463
1817000 464
1817010 466
1817020 467
1817030 469
1817040 470
1817050 471
1817060 472
1817070 474
1817080 476
1817090 478
1817100 480
1817110 481
1817120 483
1817130 485
1817140 488
1817150 490
1817160 493
1817170 495
1817180 496
1817190 496
1817200 496
1817210 495
1817220 494
1817230 493
1817240 492
1817250 492
1817260 492
1817270 493
1817280 494
1817290 496
1817300 498
1817310 500
1817320 503
1817330 506
1817340 508
1817350 510
1817360 512
1817370 514
1817380 515
1817390 516
1817400 516
1817410 516
1817420 515
1817430 513
1817440 511
1817450 508
1817460 506
1817470 503
1817480 501
1817490 498
1817500 495
1817510 492
1817520 489
1817530 486
1817540 483
1817550 481
1817560 479
1817570 476
1817580 474
1817590 472
1817600 470
1817610 469
1817620 468
1817630 467
1817640 467
1817650 466
1817660 466
1817670 466
1817680 466
1817690 466
1817700 467
1817710 467
1817720 468
1817730 469
1817740 470
1817750 471
1817760 472
1817770 473
1817780 474
1817790 475
1817800 475
1817810 476
1817820 476
1817830 475
1817840 475
1817850 474
1817860 474
1817870 473
1817880 472
1817890 472
1817900 471
1817910 470
1817920 469
1817930 467
1817940 466
1817950 465
1817960 463
1817970 461
1817980 459
1817990 456
1818000 454
1818010 452
1818020 450
1818030 447
1818040 446
1818050 444
1818060 443
1818070 441
1818080 439
1818090 436
1818100 434
1818110 432
1818120 433
1818130 432
1818140 433
1818150 435
1818160 439
1818170 442
1818180 446
1818190 447
1818200 449
1818210 451
1818220 453
1818230 455
1818240 457
1818250 459
1818260 462
1818270 464
1818280 467
1818290 469
1818300 472
1818310 474
1818320 476
1818330 479
1818340 482
1818350 484
1818360 487
1818370 489
1818380 491
1818390 493
1818400 495
1818410 497
1818420 499
1818430 501
1818440 502
1818450 503
1818460 503
1818470 504
1818480 505
1818490 505
1818500 506
1818510 506
1818520 507
1818530 507
1818540 508
1818550 508
1818560 509
1818570 509
1818580 510
1818590 510
1818600 511
1818610 511
1818620 510
1818630 510
1818640 510
1818650 509
1818660 509
1818670 508
1818680 508
1818690 508
1818700 508
1818710 508
1818720 509
1818730 509
1818740 509
1818750 509
1818760 509
1818770 510
1818780 511
1818790 511
1818800 512
1818810 513
1818820 515
1818830 516
1818840 518
1818850 519
1818860 521
1818870 522
1818880 523
1818890 524
1818900 525
1818910 526
1818920 526
1818930 525
1818940 525
1818950 524
1818960 523
1818970 522
1818980 521
1818990 521
1819000 520
1819010 519
1819020 518
1819030 517
1819040 516
1819050 514
1819060 513
1819070 512
1819080 512
1819090 511
1819100 510
1819110 509
1819120 509
1819130 508
1819140 507
1819150 506
1819160 505
1819170 505
1819180 504
1819190 503
1819200 502
1819210 501
1819220 500
1819230 500
1819240 499
1819250 499
1819260 499
1819270 498
1819280 498
1819290 498
1819300 498
1819310 499
1819320 500
1819330 500
1819340 502
1819350 503
1819360 504
1819370 505
1819380 506
1819390 507
1819400 507
1819410 508
1819420 507
1819430 506
1819440 506
1819450 506
1819460 506
1819470 506
1819480 506
1819490 507
1819500 507
1819510 508
1819520 508
1819530 509
1819540 510
1819550 511
1819560 512
1819570 513
1819580 514
1819590 516
1819600 518
1819610 519
1819620 521
1819630 522
1819640 523
1819650 524
1819660 525
1819670 525
1819680 526
1819690 526
1819700 526
1819710 526
1819720 526
1819730 526
1819740 526
1819750 526
1819760 526
1819770 525
1819780 525
1819790 525
1819800 525
1819810 525
1819820 525
1819830 525
1819840 525
1819850 525
1819860 526
1819870 526
1819880 527
1819890 528
1819900 529
1819910 530
1819920 531
1819930 532
1819940 533
1819950 533
1819960 534
1819970 535
1819980 535
1819990 535
