1800000 790
1800010 791
1800020 792
1800030 793
1800040 794
1800050 795
1800060 795
1800070 794
1800080 794
1800090 794
1800100 793
1800110 792
1800120 791
1800130 790
1800140 790
1800150 789
1800160 788
1800170 787
1800180 786
1800190 786
1800200 785
1800210 785
1800220 785
1800230 785
1800240 785
1800250 785
1800260 784
1800270 784
1800280 784
1800290 784
1800300 783
1800310 783
1800320 783
1800330 782
1800340 782
1800350 781
1800360 780
1800370 779
1800380 778
1800390 777
1800400 776
1800410 776
1800420 775
1800430 773
1800440 772
1800450 771
1800460 770
1800470 768
1800480 767
1800490 768
1800500 770
1800510 772
1800520 773
1800530 775
1800540 775
1800550 776
1800560 776
1800570 776
1800580 776
1800590 777
1800600 778
1800610 780
1800620 781
1800630 782
1800640 783
1800650 783
1800660 784
1800670 784
1800680 784
1800690 785
1800700 785
1800710 785
1800720 785
1800730 785
1800740 785
1800750 786
1800760 786
1800770 786
1800780 785
1800790 785
1800800 783
1800810 782
1800820 781
1800830 780
1800840 779
1800850 778
1800860 777
1800870 776
1800880 778
1800890 781
1800900 784
1800910 788
1800920 790
1800930 792
1800940 794
1800950 797
1800960 799
1800970 801
1800980 803
1800990 805
1801000 807
1801010 809
1801020 810
1801030 812
1801040 814
1801050 815
1801060 816
1801070 818
1801080 819
1801090 820
1801100 820
1801110 821
1801120 821
1801130 821
1801140 821
1801150 821
1801160 821
1801170 821
1801180 821
1801190 821
1801200 821
1801210 821
1801220 821
1801230 821
1801240 821
1801250 822
1801260 822
1801270 822
1801280 822
1801290 822
1801300 822
1801310 823
1801320 823
1801330 823
1801340 823
1801350 823
1801360 823
1801370 823
1801380 823
1801390 823
1801400 822
1801410 822
1801420 822
1801430 821
1801440 821
1801450 820
1801460 820
1801470 819
1801480 819
1801490 818
1801500 817
1801510 817
1801520 816
1801530 815
1801540 814
1801550 813
1801560 812
1801570 811
1801580 810
1801590 809
1801600 808
1801610 806
1801620 804
1801630 802
1801640 801
1801650 799
1801660 798
1801670 797
1801680 796
1801690 795
1801700 793
1801710 792
1801720 790
1801730 789
1801740 788
1801750 786
1801760 784
1801770 781
1801780 782
1801790 785
1801800 787
1801810 789
1801820 790
1801830 791
1801840 792
1801850 793
1801860 794
1801870 795
1801880 795
1801890 796
1801900 797
1801910 798
1801920 799
1801930 800
1801940 801
1801950 801
1801960 802
1801970 803
1801980 804
1801990 806
1802000 806
1802010 806
1802020 807
1802030 807
1802040 807
1802050 807
1802060 807
1802070 807
1802080 807
1802090 807
1802100 807
1802110 807
1802120 807
1802130 807
1802140 807
1802150 807
1802160 807
1802170 807
1802180 807
1802190 808
1802200 808
1802210 808
1802220 808
1802230 809
1802240 809
1802250 809
1802260 809
1802270 809
1802280 809
1802290 810
1802300 810
1802310 810
1802320 810
1802330 810
1802340 810
1802350 811
1802360 811
1802370 812
1802380 812
1802390 812
1802400 812
1802410 812
1802420 812
1802430 812
1802440 812
1802450 811
1802460 811
1802470 811
1802480 811
1802490 810
1802500 810
1802510 809
1802520 809
1802530 808
1802540 808
1802550 807
1802560 807
1802570 806
1802580 806
1802590 805
1802600 805
1802610 804
1802620 803
1802630 803
1802640 802
1802650 800
1802660 799
1802670 798
1802680 797
1802690 796
1802700 795
1802710 794
1802720 794
1802730 793
1802740 792
1802750 791
1802760 791
1802770 790
1802780 789
1802790 789
1802800 788
1802810 787
1802820 786
1802830 785
1802840 784
1802850 783
1802860 782
1802870 781
1802880 780
1802890 779
1802900 778
1802910 777
1802920 775
1802930 774
1802940 773
1802950 771
1802960 770
1802970 769
1802980 768
1802990 766
1803000 765
1803010 764
1803020 762
1803030 761
1803040 760
1803050 759
1803060 757
1803070 756
1803080 755
1803090 754
1803100 752
1803110 750
1803120 749
1803130 747
1803140 745
1803150 743
1803160 741
1803170 738
1803180 736
1803190 733
1803200 731
1803210 728
1803220 725
1803230 722
1803240 720
1803250 717
1803260 715
1803270 713
1803280 711
1803290 708
1803300 704
1803310 700
1803320 700
1803330 702
1803340 705
1803350 707
1803360 709
1803370 711
1803380 713
1803390 715
1803400 717
1803410 718
1803420 720
1803430 720
1803440 721
1803450 721
1803460 723
1803470 723
1803480 723
1803490 723
1803500 723
1803510 722
1803520 722
1803530 721
1803540 721
1803550 720
1803560 719
1803570 717
1803580 716
1803590 714
1803600 713
1803610 712
1803620 709
1803630 707
1803640 704
1803650 702
1803660 700
1803670 698
1803680 694
1803690 691
1803700 687
1803710 686
1803720 685
1803730 686
1803740 686
1803750 686
1803760 684
1803770 682
1803780 679
1803790 677
1803800 677
1803810 679
1803820 681
1803830 681
1803840 681
1803850 680
1803860 678
1803870 677
1803880 676
1803890 675
1803900 675
1803910 675
1803920 676
1803930 677
1803940 677
1803950 677
1803960 677
1803970 676
1803980 675
1803990 673
1804000 672
1804010 670
1804020 668
1804030 667
1804040 665
1804050 663
1804060 660
1804070 658
1804080 655
1804090 652
1804100 649
1804110 647
1804120 647
1804130 647
1804140 647
1804150 647
1804160 648
1804170 649
1804180 651
1804190 652
1804200 653
1804210 653
1804220 652
1804230 650
1804240 649
1804250 647
1804260 646
1804270 644
1804280 643
1804290 642
1804300 642
1804310 642
1804320 642
1804330 643
1804340 644
1804350 645
1804360 646
1804370 647
1804380 648
1804390 649
1804400 649
1804410 649
1804420 648
1804430 647
1804440 646
1804450 644
1804460 643
1804470 642
1804480 639
1804490 637
1804500 635
1804510 636
1804520 638
1804530 640
1804540 642
1804550 644
1804560 646
1804570 649
1804580 651
1804590 654
1804600 656
1804610 659
1804620 661
1804630 662
1804640 664
1804650 665
1804660 667
1804670 669
1804680 671
1804690 673
1804700 675
1804710 676
1804720 678
1804730 680
1804740 681
1804750 683
1804760 684
1804770 685
1804780 687
1804790 688
1804800 690
1804810 690
1804820 689
1804830 689
1804840 688
1804850 688
1804860 688
1804870 687
1804880 687
1804890 686
1804900 686
1804910 686
1804920 685
1804930 685
1804940 684
1804950 683
1804960 683
1804970 682
1804980 681
1804990 680
1805000 679
1805010 678
1805020 677
1805030 676
1805040 675
1805050 674
1805060 673
1805070 672
1805080 671
1805090 669
1805100 668
1805110 666
1805120 665
1805130 664
1805140 662
1805150 661
1805160 660
1805170 658
1805180 658
1805190 656
1805200 655
1805210 655
1805220 655
1805230 655
1805240 653
1805250 651
1805260 649
1805270 646
1805280 644
1805290 642
1805300 640
1805310 637
1805320 635
1805330 634
1805340 636
1805350 639
1805360 643
1805370 647
1805380 650
1805390 653
1805400 654
1805410 655
1805420 657
1805430 659
1805440 661
1805450 663
1805460 665
1805470 667
1805480 668
1805490 669
1805500 670
1805510 671
1805520 673
1805530 674
1805540 675
1805550 676
1805560 677
1805570 678
1805580 678
1805590 679
1805600 679
1805610 679
1805620 678
1805630 678
1805640 678
1805650 677
1805660 677
1805670 676
1805680 675
1805690 674
1805700 674
1805710 673
1805720 672
1805730 671
1805740 671
1805750 670
1805760 669
1805770 668
1805780 668
1805790 667
1805800 666
1805810 665
1805820 664
1805830 663
1805840 662
1805850 661
1805860 660
1805870 659
1805880 658
1805890 658
1805900 657
1805910 657
1805920 656
1805930 655
1805940 654
1805950 653
1805960 651
1805970 650
1805980 649
1805990 648
1806000 648
1806010 648
1806020 647
1806030 646
1806040 644
1806050 646
1806060 648
1806070 651
1806080 652
1806090 654
1806100 656
1806110 658
1806120 660
1806130 661
1806140 663
1806150 664
1806160 665
1806170 665
1806180 666
1806190 666
1806200 666
1806210 666
1806220 666
1806230 666
1806240 665
1806250 665
1806260 665
1806270 664
1806280 663
1806290 663
1806300 662
1806310 661
1806320 661
1806330 660
1806340 659
1806350 658
1806360 658
1806370 657
1806380 656
1806390 655
1806400 654
1806410 653
1806420 652
1806430 651
1806440 650
1806450 649
1806460 648
1806470 647
1806480 646
1806490 645
1806500 644
1806510 643
1806520 643
1806530 642
1806540 641
1806550 641
1806560 640
1806570 639
1806580 639
1806590 638
1806600 638
1806610 637
1806620 636
1806630 635
1806640 634
1806650 633
1806660 632
1806670 630
1806680 629
1806690 627
1806700 625
1806710 622
1806720 620
1806730 617
1806740 615
1806750 612
1806760 609
1806770 606
1806780 603
1806790 600
1806800 597
1806810 594
1806820 591
1806830 591
1806840 593
1806850 595
1806860 596
1806870 598
1806880 599
1806890 600
1806900 601
1806910 601
1806920 602
1806930 604
1806940 604
1806950 605
1806960 607
1806970 607
1806980 607
1806990 607
1807000 606
1807010 604
1807020 603
1807030 601
1807040 599
1807050 597
1807060 594
1807070 592
1807080 591
1807090 589
1807100 587
1807110 585
1807120 583
1807130 580
1807140 578
1807150 575
1807160 573
1807170 571
1807180 568
1807190 566
1807200 563
1807210 561
1807220 560
1807230 558
1807240 555
1807250 553
1807260 551
1807270 549
1807280 547
1807290 545
1807300 544
1807310 542
1807320 540
1807330 536
1807340 532
1807350 529
1807360 527
1807370 527
1807380 528
1807390 530
1807400 532
1807410 533
1807420 535
1807430 537
1807440 538
1807450 539
1807460 540
1807470 542
1807480 543
1807490 545
1807500 546
1807510 548
1807520 549
1807530 551
1807540 552
1807550 554
1807560 556
1807570 557
1807580 560
1807590 562
1807600 564
1807610 566
1807620 567
1807630 569
1807640 570
1807650 570
1807660 569
1807670 569
1807680 568
1807690 567
1807700 566
1807710 565
1807720 564
1807730 564
1807740 563
1807750 563
1807760 563
1807770 563
1807780 563
1807790 564
1807800 564
1807810 565
1807820 565
1807830 566
1807840 566
1807850 566
1807860 566
1807870 565
1807880 564
1807890 563
1807900 561
1807910 559
1807920 556
1807930 554
1807940 551
1807950 548
1807960 545
1807970 543
1807980 540
1807990 537
1808000 534
1808010 532
1808020 528
1808030 524
1808040 520
1808050 516
1808060 513
1808070 510
1808080 507
1808090 504
1808100 502
1808110 499
1808120 497
1808130 495
1808140 494
1808150 494
1808160 494
1808170 494
1808180 494
1808190 494
1808200 494
1808210 494
1808220 494
1808230 494
1808240 494
1808250 494
1808260 494
1808270 495
1808280 495
1808290 496
1808300 498
1808310 501
1808320 505
1808330 510
1808340 514
1808350 517
1808360 519
1808370 521
1808380 523
1808390 526
1808400 530
1808410 532
1808420 534
1808430 536
1808440 538
1808450 540
1808460 542
1808470 544
1808480 546
1808490 549
1808500 551
1808510 553
1808520 556
1808530 559
1808540 562
1808550 564
1808560 567
1808570 569
1808580 571
1808590 573
1808600 575
1808610 576
1808620 578
1808630 579
1808640 581
1808650 582
1808660 583
1808670 584
1808680 585
1808690 586
1808700 587
1808710 587
1808720 588
1808730 588
1808740 588
1808750 589
1808760 590
1808770 591
1808780 592
1808790 593
1808800 594
1808810 595
1808820 596
1808830 597
1808840 598
1808850 599
1808860 600
1808870 601
1808880 602
1808890 603
1808900 603
1808910 604
1808920 606
1808930 607
1808940 608
1808950 609
1808960 611
1808970 612
1808980 614
1808990 615
1809000 616
1809010 617
1809020 618
1809030 619
1809040 620
1809050 621
1809060 623
1809070 624
1809080 625
1809090 627
1809100 628
1809110 630
1809120 631
1809130 632
1809140 634
1809150 635
1809160 636
1809170 638
1809180 639
1809190 640
1809200 641
1809210 642
1809220 643
1809230 644
1809240 645
1809250 646
1809260 646
1809270 647
1809280 647
1809290 648
1809300 648
1809310 649
1809320 649
1809330 649
1809340 649
1809350 649
1809360 650
1809370 650
1809380 650
1809390 649
1809400 649
1809410 649
1809420 649
1809430 648
1809440 648
1809450 647
1809460 647
1809470 647
1809480 646
1809490 646
1809500 646
1809510 645
1809520 645
1809530 644
1809540 644
1809550 643
1809560 643
1809570 643
1809580 642
1809590 642
1809600 642
1809610 642
1809620 642
1809630 642
1809640 641
1809650 641
1809660 641
1809670 641
1809680 641
1809690 641
1809700 640
1809710 640
1809720 640
1809730 639
1809740 639
1809750 638
1809760 637
1809770 636
1809780 635
1809790 634
1809800 633
1809810 632
1809820 630
1809830 629
1809840 627
1809850 625
1809860 623
1809870 621
1809880 620
1809890 619
1809900 618
1809910 616
1809920 615
1809930 615
1809940 614
1809950 614
1809960 615
1809970 616
1809980 617
1809990 617
1810000 618
1810010 619
1810020 620
1810030 621
1810040 622
1810050 622
1810060 622
1810070 621
1810080 620
1810090 619
1810100 618
1810110 617
1810120 616
1810130 615
1810140 613
1810150 612
1810160 610
1810170 609
1810180 607
1810190 605
1810200 603
1810210 601
1810220 603
1810230 604
1810240 605
1810250 605
1810260 606
1810270 606
1810280 605
1810290 605
1810300 604
1810310 603
1810320 602
1810330 601
1810340 599
1810350 597
1810360 595
1810370 593
1810380 592
1810390 590
1810400 588
1810410 587
1810420 586
1810430 585
1810440 585
1810450 584
1810460 583
1810470 582
1810480 581
1810490 580
1810500 579
1810510 579
1810520 578
1810530 578
1810540 577
1810550 576
1810560 576
1810570 575
1810580 575
1810590 574
1810600 573
1810610 572
1810620 571
1810630 571
1810640 570
1810650 570
1810660 569
1810670 568
1810680 568
1810690 567
1810700 566
1810710 565
1810720 564
1810730 563
1810740 562
1810750 561
1810760 561
1810770 560
1810780 559
1810790 558
1810800 557
1810810 556
1810820 555
1810830 555
1810840 553
1810850 552
1810860 551
1810870 552
1810880 553
1810890 554
1810900 555
1810910 557
1810920 559
1810930 561
1810940 563
1810950 565
1810960 567
1810970 568
1810980 570
1810990 572
1811000 575
1811010 577
1811020 578
1811030 579
1811040 580
1811050 582
1811060 584
1811070 585
1811080 587
1811090 589
1811100 590
1811110 592
1811120 593
1811130 595
1811140 597
1811150 598
1811160 600
1811170 602
1811180 603
1811190 605
1811200 608
1811210 610
1811220 612
1811230 614
1811240 616
1811250 618
1811260 619
1811270 620
1811280 621
1811290 623
1811300 624
1811310 625
1811320 626
1811330 627
1811340 628
1811350 628
1811360 628
1811370 627
1811380 627
1811390 626
1811400 626
1811410 625
1811420 624
1811430 624
1811440 623
1811450 622
1811460 622
1811470 621
1811480 621
1811490 620
1811500 619
1811510 617
1811520 616
1811530 614
1811540 612
1811550 611
1811560 609
1811570 608
1811580 606
1811590 605
1811600 604
1811610 603
1811620 602
1811630 601
1811640 600
1811650 600
1811660 599
1811670 599
1811680 599
1811690 599
1811700 599
1811710 600
1811720 600
1811730 599
1811740 599
1811750 599
1811760 598
1811770 597
1811780 597
1811790 596
1811800 595
1811810 595
1811820 594
1811830 593
1811840 592
1811850 592
1811860 591
1811870 589
1811880 586
1811890 584
1811900 582
1811910 582
1811920 585
1811930 587
1811940 589
1811950 592
1811960 594
1811970 595
1811980 596
1811990 597
1812000 598
1812010 598
1812020 598
1812030 598
1812040 598
1812050 598
1812060 598
1812070 598
1812080 597
1812090 597
1812100 597
1812110 596
1812120 596
1812130 595
1812140 595
1812150 595
1812160 594
1812170 594
1812180 593
1812190 592
1812200 592
1812210 591
1812220 590
1812230 590
1812240 589
1812250 588
1812260 587
1812270 586
1812280 586
1812290 588
1812300 589
1812310 592
1812320 594
1812330 596
1812340 597
1812350 598
1812360 599
1812370 600
1812380 600
1812390 601
1812400 602
1812410 603
1812420 604
1812430 606
1812440 607
1812450 608
1812460 609
1812470 610
1812480 610
1812490 611
1812500 611
1812510 611
1812520 613
1812530 616
1812540 618
1812550 619
1812560 621
1812570 622
1812580 624
1812590 625
1812600 627
1812610 628
1812620 630
1812630 631
1812640 631
1812650 632
1812660 632
1812670 632
1812680 633
1812690 634
1812700 635
1812710 636
1812720 637
1812730 637
1812740 638
1812750 639
1812760 640
1812770 640
1812780 641
1812790 642
1812800 643
1812810 645
1812820 647
1812830 648
1812840 649
1812850 650
1812860 651
1812870 653
1812880 654
1812890 655
1812900 657
1812910 658
1812920 659
1812930 660
1812940 661
1812950 662
1812960 663
1812970 663
1812980 664
1812990 665
1813000 667
1813010 668
1813020 669
1813030 671
1813040 672
1813050 673
1813060 674
1813070 675
1813080 676
1813090 676
1813100 676
1813110 676
1813120 676
1813130 676
1813140 675
1813150 675
1813160 674
1813170 673
1813180 672
1813190 670
1813200 669
1813210 668
1813220 667
1813230 665
1813240 663
1813250 661
1813260 659
1813270 656
1813280 654
1813290 651
1813300 649
1813310 647
1813320 644
1813330 642
1813340 640
1813350 638
1813360 635
1813370 633
1813380 632
1813390 630
1813400 628
1813410 627
1813420 624
1813430 622
1813440 620
1813450 618
1813460 616
1813470 614
1813480 612
1813490 610
1813500 607
1813510 605
1813520 602
1813530 599
1813540 597
1813550 594
1813560 592
1813570 589
1813580 588
1813590 585
1813600 582
1813610 581
1813620 582
1813630 584
1813640 584
1813650 584
1813660 583
1813670 581
1813680 579
1813690 578
1813700 577
1813710 576
1813720 575
1813730 574
1813740 573
1813750 573
1813760 573
1813770 574
1813780 574
1813790 574
1813800 575
1813810 576
1813820 576
1813830 577
1813840 578
1813850 578
1813860 578
1813870 578
1813880 578
1813890 578
1813900 578
1813910 578
1813920 577
1813930 577
1813940 576
1813950 575
1813960 574
1813970 572
1813980 569
1813990 566
1814000 564
1814010 561
1814020 558
1814030 555
1814040 556
1814050 558
1814060 559
1814070 561
1814080 562
1814090 563
1814100 564
1814110 566
1814120 567
1814130 569
1814140 571
1814150 572
1814160 574
1814170 575
1814180 577
1814190 578
1814200 579
1814210 580
1814220 582
1814230 584
1814240 587
1814250 589
1814260 591
1814270 593
1814280 594
1814290 595
1814300 596
1814310 596
1814320 596
1814330 595
1814340 594
1814350 593
1814360 592
1814370 590
1814380 589
1814390 588
1814400 587
1814410 586
1814420 585
1814430 584
1814440 583
1814450 581
1814460 580
1814470 578
1814480 577
1814490 575
1814500 573
1814510 572
1814520 570
1814530 568
1814540 566
1814550 565
1814560 563
1814570 562
1814580 561
1814590 559
1814600 558
1814610 556
1814620 555
1814630 553
1814640 552
1814650 550
1814660 549
1814670 547
1814680 546
1814690 545
1814700 543
1814710 542
1814720 540
1814730 539
1814740 538
1814750 537
1814760 536
1814770 535
1814780 533
1814790 532
1814800 530
1814810 529
1814820 527
1814830 525
1814840 524
1814850 523
1814860 521
1814870 520
1814880 518
1814890 517
1814900 516
1814910 515
1814920 513
1814930 512
1814940 511
1814950 510
1814960 508
1814970 507
1814980 505
1814990 503
1815000 501
1815010 499
1815020 497
1815030 495
1815040 493
1815050 491
1815060 490
1815070 490
1815080 490
1815090 490
1815100 489
1815110 490
1815120 489
1815130 489
1815140 488
1815150 487
1815160 487
1815170 486
1815180 485
1815190 484
1815200 483
1815210 483
1815220 483
1815230 484
1815240 485
1815250 485
1815260 483
1815270 481
1815280 480
1815290 479
1815300 479
1815310 479
1815320 481
1815330 481
1815340 482
1815350 483
1815360 484
1815370 487
1815380 490
1815390 493
1815400 497
1815410 499
1815420 501
1815430 503
1815440 504
1815450 505
1815460 505
1815470 505
1815480 505
1815490 506
1815500 507
1815510 509
1815520 511
1815530 512
1815540 514
1815550 515
1815560 516
1815570 517
1815580 517
1815590 517
1815600 516
1815610 514
1815620 511
1815630 509
1815640 507
1815650 505
1815660 502
1815670 501
1815680 501
1815690 503
1815700 506
1815710 508
1815720 511
1815730 513
1815740 515
1815750 517
1815760 519
1815770 522
1815780 524
1815790 525
1815800 527
1815810 528
1815820 529
1815830 530
1815840 531
1815850 532
1815860 533
1815870 535
1815880 536
1815890 538
1815900 539
1815910 540
1815920 541
1815930 542
1815940 543
1815950 543
1815960 544
1815970 544
1815980 545
1815990 547
1816000 548
1816010 550
1816020 551
1816030 553
1816040 553
1816050 554
1816060 555
1816070 555
1816080 556
1816090 556
1816100 556
1816110 556
1816120 556
1816130 556
1816140 556
1816150 556
1816160 554
1816170 553
1816180 551
1816190 549
1816200 546
1816210 544
1816220 543
1816230 542
1816240 540
1816250 539
1816260 538
1816270 537
1816280 536
1816290 536
1816300 536
1816310 535
1816320 533
1816330 531
1816340 533
1816350 535
1816360 538
1816370 540
1816380 542
1816390 544
1816400 547
1816410 550
1816420 553
1816430 555
1816440 558
1816450 561
1816460 563
1816470 566
1816480 569
1816490 572
1816500 574
1816510 577
1816520 579
1816530 581
1816540 583
1816550 585
1816560 587
1816570 589
1816580 590
1816590 591
1816600 590
1816610 589
1816620 588
1816630 587
1816640 586
1816650 585
1816660 583
1816670 582
1816680 581
1816690 579
1816700 578
1816710 576
1816720 574
1816730 572
1816740 570
1816750 569
1816760 567
1816770 565
1816780 564
1816790 562
1816800 561
1816810 559
1816820 557
1816830 555
1816840 554
1816850 552
1816860 551
1816870 550
1816880 549
1816890 547
1816900 546
1816910 545
1816920 544
1816930 543
1816940 541
1816950 540
1816960 540
1816970 539
1816980 539
1816990 540
1817000 541
1817010 542
1817020 543
1817030 544
1817040 544
1817050 545
1817060 545
1817070 546
1817080 545
1817090 544
1817100 543
1817110 540
1817120 537
1817130 534
1817140 533
1817150 534
1817160 537
1817170 540
1817180 543
1817190 546
1817200 547
1817210 549
1817220 550
1817230 551
1817240 552
1817250 553
1817260 555
1817270 557
1817280 559
1817290 562
1817300 565
1817310 568
1817320 572
1817330 575
1817340 578
1817350 580
1817360 582
1817370 583
1817380 585
1817390 586
1817400 588
1817410 589
1817420 590
1817430 591
1817440 593
1817450 594
1817460 595
1817470 596
1817480 596
1817490 596
1817500 596
1817510 596
1817520 597
1817530 597
1817540 597
1817550 597
1817560 596
1817570 596
1817580 595
1817590 595
1817600 594
1817610 593
1817620 593
1817630 592
1817640 591
1817650 591
1817660 590
1817670 589
1817680 589
1817690 588
1817700 588
1817710 588
1817720 588
1817730 587
1817740 587
1817750 586
1817760 586
1817770 585
1817780 585
1817790 584
1817800 584
1817810 583
1817820 582
1817830 582
1817840 581
1817850 580
1817860 579
1817870 578
1817880 577
1817890 576
1817900 574
1817910 572
1817920 570
1817930 568
1817940 567
1817950 566
1817960 566
1817970 567
1817980 567
1817990 568
1818000 569
1818010 571
1818020 572
1818030 573
1818040 575
1818050 576
1818060 577
1818070 578
1818080 578
1818090 579
1818100 580
1818110 580
1818120 580
1818130 580
1818140 581
1818150 581
1818160 582
1818170 582
1818180 582
1818190 582
1818200 582
1818210 582
1818220 582
1818230 582
1818240 581
1818250 580
1818260 580
1818270 579
1818280 578
1818290 577
1818300 576
1818310 574
1818320 573
1818330 572
1818340 571
1818350 569
1818360 568
1818370 566
1818380 565
1818390 564
1818400 562
1818410 561
1818420 560
1818430 559
1818440 558
1818450 557
1818460 556
1818470 554
1818480 553
1818490 552
1818500 551
1818510 550
1818520 549
1818530 547
1818540 546
1818550 545
1818560 544
1818570 542
1818580 541
1818590 540
1818600 539
1818610 538
1818620 537
1818630 536
1818640 535
1818650 534
1818660 533
1818670 532
1818680 532
1818690 531
1818700 531
1818710 530
1818720 529
1818730 529
1818740 528
1818750 527
1818760 526
1818770 526
1818780 525
1818790 524
1818800 523
1818810 523
1818820 522
1818830 521
1818840 521
1818850 520
1818860 520
1818870 519
1818880 519
1818890 518
1818900 517
1818910 516
1818920 515
1818930 514
1818940 513
1818950 512
1818960 512
1818970 511
1818980 510
1818990 509
1819000 509
1819010 508
1819020 507
1819030 506
1819040 505
1819050 505
1819060 504
1819070 504
1819080 503
1819090 503
1819100 502
1819110 501
1819120 501
1819130 500
1819140 500
1819150 500
1819160 500
1819170 500
1819180 499
1819190 499
1819200 498
1819210 498
1819220 497
1819230 497
1819240 496
1819250 496
1819260 495
1819270 495
1819280 494
1819290 493
1819300 493
1819310 492
1819320 492
1819330 492
1819340 492
1819350 492
1819360 492
1819370 492
1819380 492
1819390 493
1819400 493
1819410 494
1819420 494
1819430 495
1819440 496
1819450 497
1819460 498
1819470 498
1819480 498
1819490 498
1819500 498
1819510 499
1819520 499
1819530 499
1819540 499
1819550 499
1819560 499
1819570 500
1819580 500
1819590 500
1819600 501
1819610 501
1819620 501
1819630 501
1819640 502
1819650 502
1819660 502
1819670 502
1819680 502
1819690 503
1819700 503
1819710 503
1819720 503
1819730 504
1819740 504
1819750 504
1819760 505
1819770 505
1819780 505
1819790 506
1819800 506
1819810 506
1819820 507
1819830 507
1819840 508
1819850 508
1819860 508
1819870 508
1819880 508
1819890 508
1819900 508
1819910 508
1819920 508
1819930 508
1819940 508
1819950 508
1819960 507
1819970 507
1819980 507
1819990 507
