1800000 667
1800010 669
1800020 671
1800030 673
1800040 675
1800050 677
1800060 678
1800070 680
1800080 681
1800090 683
1800100 685
1800110 686
1800120 688
1800130 689
1800140 691
1800150 692
1800160 694
1800170 696
1800180 699
1800190 701
1800200 702
1800210 704
1800220 706
1800230 707
1800240 708
1800250 710
1800260 711
1800270 713
1800280 714
1800290 716
1800300 717
1800310 718
1800320 719
1800330 720
1800340 721
1800350 722
1800360 723
1800370 723
1800380 724
1800390 726
1800400 727
1800410 728
1800420 730
1800430 731
1800440 733
1800450 734
1800460 736
1800470 737
1800480 738
1800490 739
1800500 741
1800510 743
1800520 745
1800530 746
1800540 748
1800550 750
1800560 751
1800570 753
1800580 755
1800590 756
1800600 757
1800610 757
1800620 758
1800630 759
1800640 759
1800650 759
1800660 759
1800670 759
1800680 759
1800690 759
1800700 758
1800710 757
1800720 756
1800730 754
1800740 753
1800750 752
1800760 751
1800770 750
1800780 750
1800790 749
1800800 749
1800810 748
1800820 747
1800830 746
1800840 745
1800850 744
1800860 743
1800870 741
1800880 740
1800890 738
1800900 736
1800910 735
1800920 733
1800930 732
1800940 732
1800950 731
1800960 730
1800970 730
1800980 730
1800990 729
1801000 729
1801010 729
1801020 728
1801030 727
1801040 725
1801050 724
1801060 722
1801070 721
1801080 719
1801090 718
1801100 716
1801110 714
1801120 713
1801130 711
1801140 710
1801150 708
1801160 706
1801170 704
1801180 702
1801190 700
1801200 699
1801210 697
1801220 696
1801230 695
1801240 695
1801250 693
1801260 691
1801270 689
1801280 686
1801290 683
1801300 681
1801310 679
1801320 678
1801330 677
1801340 677
1801350 679
1801360 683
1801370 686
1801380 689
1801390 691
1801400 694
1801410 696
1801420 698
1801430 700
1801440 701
1801450 703
1801460 705
1801470 706
1801480 708
1801490 709
1801500 711
1801510 713
1801520 716
1801530 718
1801540 720
1801550 722
1801560 724
1801570 726
1801580 727
1801590 728
1801600 729
1801610 730
1801620 732
1801630 735
1801640 737
1801650 739
1801660 741
1801670 742
1801680 743
1801690 743
1801700 742
1801710 741
1801720 740
1801730 739
1801740 738
1801750 736
1801760 735
1801770 734
1801780 733
1801790 732
1801800 731
1801810 730
1801820 729
1801830 729
1801840 728
1801850 727
1801860 725
1801870 724
1801880 722
1801890 721
1801900 719
1801910 718
1801920 717
1801930 715
1801940 714
1801950 712
1801960 711
1801970 709
1801980 708
1801990 706
1802000 705
1802010 704
1802020 702
1802030 700
1802040 698
1802050 696
1802060 694
1802070 695
1802080 697
1802090 698
1802100 700
1802110 701
1802120 703
1802130 705
1802140 706
1802150 708
1802160 710
1802170 712
1802180 714
1802190 716
1802200 718
1802210 719
1802220 721
1802230 723
1802240 724
1802250 726
1802260 727
1802270 728
1802280 729
1802290 730
1802300 732
1802310 733
1802320 734
1802330 735
1802340 736
1802350 738
1802360 739
1802370 740
1802380 741
1802390 743
1802400 744
1802410 746
1802420 748
1802430 750
1802440 752
1802450 753
1802460 755
1802470 757
1802480 759
1802490 760
1802500 762
1802510 763
1802520 765
1802530 766
1802540 767
1802550 767
1802560 768
1802570 768
1802580 768
1802590 768
1802600 768
1802610 768
1802620 769
1802630 769
1802640 769
1802650 770
1802660 770
1802670 771
1802680 771
1802690 772
1802700 772
1802710 772
1802720 773
1802730 774
1802740 774
1802750 774
1802760 775
1802770 775
1802780 776
1802790 776
1802800 777
1802810 778
1802820 778
1802830 778
1802840 779
1802850 779
1802860 779
1802870 780
1802880 780
1802890 780
1802900 780
1802910 780
1802920 780
1802930 780
1802940 780
1802950 779
1802960 779
1802970 779
1802980 779
1802990 779
1803000 778
1803010 778
1803020 778
1803030 778
1803040 777
1803050 777
1803060 777
1803070 776
1803080 776
1803090 776
1803100 776
1803110 775
1803120 775
1803130 775
1803140 775
1803150 774
1803160 774
1803170 774
1803180 774
1803190 774
1803200 774
1803210 773
1803220 773
1803230 772
1803240 771
1803250 771
1803260 770
1803270 770
1803280 769
1803290 769
1803300 768
1803310 768
1803320 767
1803330 767
1803340 766
1803350 766
1803360 766
1803370 765
1803380 764
1803390 763
1803400 762
1803410 761
1803420 759
1803430 757
1803440 756
1803450 755
1803460 753
1803470 752
1803480 751
1803490 749
1803500 748
1803510 746
1803520 745
1803530 744
1803540 743
1803550 741
1803560 740
1803570 738
1803580 737
1803590 735
1803600 734
1803610 732
1803620 731
1803630 730
1803640 729
1803650 728
1803660 727
1803670 725
1803680 724
1803690 723
1803700 722
1803710 721
1803720 720
1803730 718
1803740 717
1803750 715
1803760 713
1803770 712
1803780 710
1803790 707
1803800 704
1803810 701
1803820 701
1803830 701
1803840 702
1803850 703
1803860 704
1803870 704
1803880 705
1803890 705
1803900 705
1803910 706
1803920 706
1803930 707
1803940 707
1803950 708
1803960 709
1803970 710
1803980 711
1803990 712
1804000 713
1804010 714
1804020 714
1804030 715
1804040 716
1804050 717
1804060 718
1804070 719
1804080 720
1804090 721
1804100 722
1804110 722
1804120 723
1804130 724
1804140 725
1804150 725
1804160 726
1804170 727
1804180 728
1804190 728
1804200 729
1804210 730
1804220 731
1804230 732
1804240 733
1804250 734
1804260 735
1804270 736
1804280 737
1804290 737
1804300 738
1804310 738
1804320 738
1804330 738
1804340 738
1804350 739
1804360 739
1804370 738
1804380 737
1804390 737
1804400 736
1804410 735
1804420 734
1804430 733
1804440 732
1804450 731
1804460 731
1804470 730
1804480 729
1804490 729
1804500 728
1804510 728
1804520 727
1804530 727
1804540 726
1804550 726
1804560 726
1804570 725
1804580 725
1804590 725
1804600 725
1804610 724
1804620 724
1804630 724
1804640 723
1804650 723
1804660 723
1804670 722
1804680 722
1804690 722
1804700 721
1804710 721
1804720 720
1804730 720
1804740 719
1804750 719
1804760 718
1804770 718
1804780 717
1804790 717
1804800 716
1804810 716
1804820 715
1804830 714
1804840 714
1804850 713
1804860 713
1804870 712
1804880 711
1804890 711
1804900 710
1804910 710
1804920 709
1804930 709
1804940 708
1804950 707
1804960 707
1804970 706
1804980 706
1804990 705
1805000 704
1805010 704
1805020 703
1805030 702
1805040 702
1805050 701
1805060 700
1805070 700
1805080 699
1805090 698
1805100 698
1805110 697
1805120 696
1805130 695
1805140 695
1805150 694
1805160 693
1805170 692
1805180 692
1805190 691
1805200 691
1805210 689
1805220 688
1805230 687
1805240 685
1805250 684
1805260 684
1805270 683
1805280 683
1805290 681
1805300 680
1805310 678
1805320 677
1805330 675
1805340 673
1805350 671
1805360 669
1805370 668
1805380 667
1805390 666
1805400 666
1805410 665
1805420 664
1805430 664
1805440 663
1805450 662
1805460 662
1805470 661
1805480 661
1805490 660
1805500 660
1805510 660
1805520 660
1805530 660
1805540 660
1805550 660
1805560 660
1805570 660
1805580 661
1805590 661
1805600 661
1805610 661
1805620 661
1805630 662
1805640 662
1805650 662
1805660 663
1805670 663
1805680 663
1805690 663
1805700 664
1805710 664
1805720 664
1805730 664
1805740 664
1805750 663
1805760 663
1805770 662
1805780 662
1805790 661
1805800 661
1805810 660
1805820 660
1805830 659
1805840 658
1805850 657
1805860 656
1805870 655
1805880 655
1805890 654
1805900 653
1805910 652
1805920 652
1805930 651
1805940 650
1805950 649
1805960 648
1805970 647
1805980 646
1805990 646
1806000 645
1806010 644
1806020 644
1806030 643
1806040 642
1806050 641
1806060 641
1806070 640
1806080 639
1806090 638
1806100 637
1806110 636
1806120 635
1806130 635
1806140 634
1806150 634
1806160 633
1806170 633
1806180 632
1806190 632
1806200 631
1806210 631
1806220 631
1806230 630
1806240 630
1806250 630
1806260 630
1806270 630
1806280 629
1806290 629
1806300 628
1806310 628
1806320 627
1806330 626
1806340 626
1806350 625
1806360 624
1806370 623
1806380 622
1806390 621
1806400 620
1806410 619
1806420 618
1806430 617
1806440 616
1806450 615
1806460 614
1806470 613
1806480 613
1806490 612
1806500 611
1806510 610
1806520 610
1806530 609
1806540 609
1806550 608
1806560 608
1806570 608
1806580 607
1806590 607
1806600 607
1806610 607
1806620 607
1806630 607
1806640 607
1806650 607
1806660 607
1806670 608
1806680 609
1806690 609
1806700 610
1806710 611
1806720 612
1806730 612
1806740 613
1806750 613
1806760 614
1806770 614
1806780 614
1806790 613
1806800 613
1806810 613
1806820 613
1806830 613
1806840 613
1806850 612
1806860 612
1806870 611
1806880 611
1806890 611
1806900 610
1806910 610
1806920 609
1806930 609
1806940 608
1806950 607
1806960 606
1806970 605
1806980 603
1806990 602
1807000 600
1807010 598
1807020 596
1807030 594
1807040 592
1807050 589
1807060 587
1807070 585
1807080 583
1807090 581
1807100 579
1807110 577
1807120 574
1807130 571
1807140 566
1807150 563
1807160 560
1807170 558
1807180 557
1807190 556
1807200 555
1807210 555
1807220 555
1807230 555
1807240 555
1807250 555
1807260 555
1807270 555
1807280 554
1807290 554
1807300 554
1807310 553
1807320 552
1807330 551
1807340 550
1807350 549
1807360 547
1807370 546
1807380 544
1807390 542
1807400 541
1807410 541
1807420 539
1807430 538
1807440 537
1807450 535
1807460 533
1807470 531
1807480 530
1807490 528
1807500 527
1807510 526
1807520 525
1807530 524
1807540 523
1807550 522
1807560 521
1807570 519
1807580 518
1807590 517
1807600 516
1807610 515
1807620 514
1807630 513
1807640 511
1807650 510
1807660 509
1807670 508
1807680 507
1807690 506
1807700 505
1807710 503
1807720 502
1807730 501
1807740 500
1807750 499
1807760 498
1807770 496
1807780 495
1807790 493
1807800 492
1807810 490
1807820 489
1807830 487
1807840 486
1807850 484
1807860 483
1807870 482
1807880 481
1807890 480
1807900 479
1807910 478
1807920 478
1807930 478
1807940 478
1807950 478
1807960 478
1807970 478
1807980 478
1807990 478
1808000 478
1808010 478
1808020 479
1808030 479
1808040 479
1808050 479
1808060 479
1808070 479
1808080 479
1808090 479
1808100 479
1808110 479
1808120 479
1808130 479
1808140 479
1808150 479
1808160 479
1808170 479
1808180 479
1808190 480
1808200 481
1808210 483
1808220 487
1808230 493
1808240 498
1808250 501
1808260 503
1808270 506
1808280 508
1808290 511
1808300 514
1808310 517
1808320 520
1808330 522
1808340 524
1808350 526
1808360 528
1808370 529
1808380 530
1808390 531
1808400 530
1808410 530
1808420 530
1808430 530
1808440 530
1808450 529
1808460 526
1808470 525
1808480 524
1808490 525
1808500 527
1808510 529
1808520 529
1808530 529
1808540 528
1808550 526
1808560 523
1808570 520
1808580 516
1808590 513
1808600 511
1808610 510
1808620 510
1808630 511
1808640 512
1808650 515
1808660 518
1808670 520
1808680 522
1808690 523
1808700 523
1808710 520
1808720 517
1808730 514
1808740 514
1808750 514
1808760 515
1808770 516
1808780 517
1808790 520
1808800 523
1808810 525
1808820 528
1808830 531
1808840 533
1808850 536
1808860 539
1808870 542
1808880 546
1808890 548
1808900 551
1808910 553
1808920 554
1808930 555
1808940 556
1808950 557
1808960 556
1808970 556
1808980 555
1808990 553
1809000 551
1809010 549
1809020 547
1809030 544
1809040 541
1809050 539
1809060 536
1809070 534
1809080 532
1809090 530
1809100 528
1809110 527
1809120 525
1809130 523
1809140 521
1809150 522
1809160 526
1809170 530
1809180 534
1809190 537
1809200 541
1809210 544
1809220 547
1809230 551
1809240 554
1809250 557
1809260 560
1809270 564
1809280 567
1809290 570
1809300 573
1809310 575
1809320 578
1809330 581
1809340 583
1809350 585
1809360 587
1809370 589
1809380 591
1809390 592
1809400 593
1809410 595
1809420 596
1809430 597
1809440 598
1809450 598
1809460 599
1809470 600
1809480 600
1809490 601
1809500 602
1809510 603
1809520 603
1809530 604
1809540 605
1809550 605
1809560 606
1809570 607
1809580 607
1809590 608
1809600 609
1809610 609
1809620 610
1809630 611
1809640 611
1809650 612
1809660 612
1809670 613
1809680 613
1809690 613
1809700 613
1809710 613
1809720 613
1809730 613
1809740 613
1809750 613
1809760 613
1809770 613
1809780 613
1809790 613
1809800 613
1809810 612
1809820 611
1809830 609
1809840 608
1809850 606
1809860 604
1809870 603
1809880 601
1809890 599
1809900 598
1809910 596
1809920 595
1809930 593
1809940 592
1809950 590
1809960 589
1809970 587
1809980 586
1809990 584
1810000 583
1810010 582
1810020 580
1810030 579
1810040 578
1810050 576
1810060 575
1810070 574
1810080 572
1810090 571
1810100 570
1810110 568
1810120 567
1810130 565
1810140 564
1810150 562
1810160 561
1810170 559
1810180 557
1810190 555
1810200 553
1810210 551
1810220 548
1810230 546
1810240 544
1810250 542
1810260 541
1810270 539
1810280 537
1810290 536
1810300 535
1810310 534
1810320 533
1810330 532
1810340 531
1810350 529
1810360 528
1810370 527
1810380 526
1810390 525
1810400 524
1810410 523
1810420 522
1810430 521
1810440 519
1810450 517
1810460 516
1810470 516
1810480 517
1810490 519
1810500 521
1810510 523
1810520 524
1810530 525
1810540 526
1810550 526
1810560 527
1810570 528
1810580 529
1810590 530
1810600 531
1810610 532
1810620 533
1810630 534
1810640 535
1810650 536
1810660 537
1810670 539
1810680 540
1810690 542
1810700 543
1810710 545
1810720 547
1810730 549
1810740 550
1810750 552
1810760 554
1810770 556
1810780 558
1810790 560
1810800 561
1810810 562
1810820 563
1810830 563
1810840 564
1810850 565
1810860 566
1810870 567
1810880 568
1810890 569
1810900 570
1810910 571
1810920 572
1810930 574
1810940 575
1810950 576
1810960 577
1810970 578
1810980 578
1810990 579
1811000 580
1811010 581
1811020 581
1811030 582
1811040 582
1811050 583
1811060 583
1811070 584
1811080 585
1811090 586
1811100 587
1811110 587
1811120 589
1811130 590
1811140 591
1811150 592
1811160 593
1811170 594
1811180 595
1811190 597
1811200 598
1811210 599
1811220 600
1811230 601
1811240 602
1811250 604
1811260 605
1811270 606
1811280 607
1811290 608
1811300 609
1811310 609
1811320 610
1811330 610
1811340 611
1811350 611
1811360 611
1811370 612
1811380 612
1811390 612
1811400 613
1811410 613
1811420 613
1811430 614
1811440 614
1811450 615
1811460 616
1811470 617
1811480 617
1811490 617
1811500 617
1811510 617
1811520 616
1811530 615
1811540 614
1811550 614
1811560 613
1811570 612
1811580 611
1811590 610
1811600 608
1811610 606
1811620 601
1811630 601
1811640 602
1811650 606
1811660 607
1811670 608
1811680 609
1811690 609
1811700 609
1811710 609
1811720 609
1811730 610
1811740 610
1811750 611
1811760 612
1811770 614
1811780 616
1811790 617
1811800 618
1811810 618
1811820 619
1811830 619
1811840 619
1811850 619
1811860 619
1811870 618
1811880 618
1811890 618
1811900 618
1811910 618
1811920 619
1811930 619
1811940 620
1811950 621
1811960 622
1811970 623
1811980 625
1811990 626
1812000 627
1812010 628
1812020 630
1812030 632
1812040 633
1812050 635
1812060 636
1812070 637
1812080 639
1812090 640
1812100 641
1812110 642
1812120 643
1812130 644
1812140 646
1812150 647
1812160 648
1812170 649
1812180 650
1812190 651
1812200 653
1812210 654
1812220 655
1812230 657
1812240 658
1812250 659
1812260 660
1812270 661
1812280 662
1812290 663
1812300 663
1812310 664
1812320 665
1812330 666
1812340 666
1812350 667
1812360 668
1812370 669
1812380 670
1812390 670
1812400 671
1812410 672
1812420 673
1812430 674
1812440 674
1812450 675
1812460 675
1812470 676
1812480 676
1812490 676
1812500 676
1812510 676
1812520 677
1812530 677
1812540 677
1812550 676
1812560 676
1812570 676
1812580 676
1812590 676
1812600 675
1812610 675
1812620 675
1812630 674
1812640 673
1812650 672
1812660 671
1812670 670
1812680 669
1812690 668
1812700 667
1812710 666
1812720 665
1812730 664
1812740 664
1812750 663
1812760 662
1812770 661
1812780 661
1812790 660
1812800 660
1812810 660
1812820 658
1812830 657
1812840 656
1812850 656
1812860 656
1812870 656
1812880 656
1812890 656
1812900 656
1812910 656
1812920 657
1812930 657
1812940 657
1812950 657
1812960 658
1812970 659
1812980 659
1812990 660
1813000 660
1813010 660
1813020 660
1813030 659
1813040 659
1813050 659
1813060 658
1813070 658
1813080 657
1813090 656
1813100 655
1813110 654
1813120 653
1813130 652
1813140 650
1813150 649
1813160 647
1813170 645
1813180 643
1813190 642
1813200 640
1813210 638
1813220 636
1813230 634
1813240 632
1813250 630
1813260 627
1813270 625
1813280 622
1813290 619
1813300 616
1813310 613
1813320 610
1813330 607
1813340 604
1813350 601
1813360 598
1813370 596
1813380 592
1813390 589
1813400 586
1813410 583
1813420 579
1813430 575
1813440 572
1813450 569
1813460 568
1813470 567
1813480 567
1813490 568
1813500 570
1813510 571
1813520 571
1813530 571
1813540 570
1813550 570
1813560 569
1813570 569
1813580 568
1813590 567
1813600 566
1813610 565
1813620 563
1813630 562
1813640 560
1813650 559
1813660 557
1813670 556
1813680 555
1813690 553
1813700 551
1813710 550
1813720 548
1813730 547
1813740 545
1813750 542
1813760 539
1813770 535
1813780 533
1813790 532
1813800 531
1813810 531
1813820 531
1813830 530
1813840 530
1813850 530
1813860 530
1813870 531
1813880 532
1813890 532
1813900 532
1813910 531
1813920 530
1813930 530
1813940 529
1813950 528
1813960 528
1813970 527
1813980 526
1813990 526
1814000 526
1814010 525
1814020 525
1814030 525
1814040 525
1814050 526
1814060 526
1814070 527
1814080 527
1814090 527
1814100 528
1814110 528
1814120 528
1814130 528
1814140 528
1814150 528
1814160 528
1814170 527
1814180 527
1814190 527
1814200 526
1814210 524
1814220 522
1814230 520
1814240 518
1814250 516
1814260 514
1814270 512
1814280 511
1814290 510
1814300 510
1814310 509
1814320 507
1814330 506
1814340 504
1814350 502
1814360 501
1814370 500
1814380 499
1814390 498
1814400 498
1814410 497
1814420 497
1814430 496
1814440 496
1814450 495
1814460 495
1814470 494
1814480 494
1814490 493
1814500 493
1814510 492
1814520 492
1814530 491
1814540 491
1814550 490
1814560 489
1814570 488
1814580 487
1814590 487
1814600 486
1814610 485
1814620 485
1814630 484
1814640 483
1814650 483
1814660 483
1814670 483
1814680 482
1814690 482
1814700 481
1814710 480
1814720 480
1814730 479
1814740 479
1814750 478
1814760 478
1814770 478
1814780 478
1814790 478
1814800 477
1814810 477
1814820 476
1814830 476
1814840 475
1814850 475
1814860 475
1814870 474
1814880 474
1814890 474
1814900 473
1814910 473
1814920 472
1814930 472
1814940 472
1814950 472
1814960 471
1814970 471
1814980 471
1814990 471
1815000 471
1815010 471
1815020 471
1815030 471
1815040 471
1815050 471
1815060 471
1815070 471
1815080 471
1815090 471
1815100 471
1815110 470
1815120 470
1815130 470
1815140 469
1815150 469
1815160 468
1815170 468
1815180 467
1815190 467
1815200 465
1815210 464
1815220 462
1815230 461
1815240 461
1815250 460
1815260 460
1815270 460
1815280 459
1815290 458
1815300 457
1815310 456
1815320 456
1815330 456
1815340 456
1815350 456
1815360 456
1815370 456
1815380 456
1815390 456
1815400 456
1815410 455
1815420 455
1815430 455
1815440 454
1815450 454
1815460 454
1815470 454
1815480 454
1815490 455
1815500 455
1815510 454
1815520 454
1815530 453
1815540 453
1815550 453
1815560 452
1815570 452
1815580 452
1815590 452
1815600 451
1815610 451
1815620 451
1815630 451
1815640 450
1815650 451
1815660 452
1815670 453
1815680 453
1815690 452
1815700 452
1815710 452
1815720 453
1815730 454
1815740 456
1815750 457
1815760 458
1815770 459
1815780 460
1815790 461
1815800 462
1815810 463
1815820 464
1815830 465
1815840 466
1815850 466
1815860 467
1815870 467
1815880 467
1815890 468
1815900 469
1815910 469
1815920 470
1815930 471
1815940 472
1815950 473
1815960 474
1815970 475
1815980 476
1815990 477
1816000 477
1816010 478
1816020 479
1816030 479
1816040 480
1816050 481
1816060 482
1816070 483
1816080 484
1816090 486
1816100 489
1816110 490
1816120 491
1816130 492
1816140 492
1816150 492
1816160 492
1816170 492
1816180 493
1816190 493
1816200 494
1816210 496
1816220 497
1816230 498
1816240 500
1816250 501
1816260 503
1816270 505
1816280 507
1816290 509
1816300 511
1816310 514
1816320 516
1816330 518
1816340 520
1816350 522
1816360 522
1816370 522
1816380 521
1816390 519
1816400 517
1816410 515
1816420 513
1816430 510
1816440 508
1816450 505
1816460 503
1816470 500
1816480 498
1816490 495
1816500 493
1816510 491
1816520 488
1816530 486
1816540 484
1816550 483
1816560 481
1816570 480
1816580 479
1816590 478
1816600 477
1816610 476
1816620 475
1816630 474
1816640 474
1816650 473
1816660 473
1816670 473
1816680 473
1816690 474
1816700 474
1816710 475
1816720 475
1816730 475
1816740 475
1816750 475
1816760 474
1816770 474
1816780 473
1816790 472
1816800 471
1816810 470
1816820 469
1816830 468
1816840 467
1816850 466
1816860 465
1816870 464
1816880 463
1816890 461
1816900 460
1816910 459
1816920 458
1816930 458
1816940 457
1816950 456
1816960 455
1816970 455
1816980 454
1816990 454
1817000 453
1817010 452
1817020 452
1817030 451
1817040 450
1817050 450
1817060 449
1817070 448
1817080 447
1817090 446
1817100 446
1817110 445
1817120 445
1817130 444
1817140 444
1817150 443
1817160 443
1817170 443
1817180 442
1817190 442
1817200 441
1817210 441
1817220 440
1817230 439
1817240 439
1817250 438
1817260 437
1817270 437
1817280 436
1817290 435
1817300 435
1817310 434
1817320 433
1817330 433
1817340 432
1817350 431
1817360 431
1817370 430
1817380 429
1817390 428
1817400 428
1817410 427
1817420 427
1817430 426
1817440 425
1817450 425
1817460 424
1817470 424
1817480 423
1817490 423
1817500 422
1817510 422
1817520 421
1817530 420
1817540 419
1817550 418
1817560 418
1817570 417
1817580 416
1817590 415
1817600 415
1817610 414
1817620 413
1817630 413
1817640 412
1817650 412
1817660 411
1817670 410
1817680 410
1817690 409
1817700 408
1817710 406
1817720 405
1817730 404
1817740 404
1817750 404
1817760 404
1817770 404
1817780 404
1817790 404
1817800 403
1817810 403
1817820 403
1817830 403
1817840 403
1817850 403
1817860 403
1817870 403
1817880 402
1817890 401
1817900 401
1817910 400
1817920 401
1817930 401
1817940 401
1817950 401
1817960 401
1817970 401
1817980 401
1817990 401
1818000 401
1818010 401
1818020 401
1818030 401
1818040 401
1818050 401
1818060 401
1818070 401
1818080 401
1818090 401
1818100 401
1818110 401
1818120 401
1818130 401
1818140 402
1818150 403
1818160 404
1818170 406
1818180 409
1818190 412
1818200 413
1818210 414
1818220 415
1818230 417
1818240 419
1818250 421
1818260 423
1818270 425
1818280 427
1818290 429
1818300 430
1818310 431
1818320 432
1818330 432
1818340 432
1818350 431
1818360 430
1818370 428
1818380 427
1818390 425
1818400 424
1818410 424
1818420 423
1818430 422
1818440 421
1818450 420
1818460 420
1818470 420
1818480 421
1818490 422
1818500 424
1818510 425
1818520 426
1818530 427
1818540 428
1818550 431
1818560 434
1818570 438
1818580 443
1818590 447
1818600 451
1818610 454
1818620 456
1818630 458
1818640 460
1818650 461
1818660 463
1818670 464
1818680 464
1818690 464
1818700 463
1818710 462
1818720 460
1818730 458
1818740 456
1818750 454
1818760 452
1818770 449
1818780 446
1818790 444
1818800 442
1818810 440
1818820 439
1818830 438
1818840 436
1818850 433
1818860 431
1818870 429
1818880 427
1818890 426
1818900 425
1818910 426
1818920 427
1818930 430
1818940 433
1818950 435
1818960 437
1818970 439
1818980 441
1818990 443
1819000 445
1819010 448
1819020 450
1819030 453
1819040 455
1819050 458
1819060 461
1819070 464
1819080 467
1819090 469
1819100 472
1819110 475
1819120 478
1819130 480
1819140 483
1819150 485
1819160 486
1819170 488
1819180 489
1819190 490
1819200 492
1819210 493
1819220 495
1819230 496
1819240 497
1819250 498
1819260 498
1819270 497
1819280 496
1819290 494
1819300 491
1819310 489
1819320 486
1819330 483
1819340 481
1819350 479
1819360 477
1819370 473
1819380 470
1819390 467
1819400 465
1819410 462
1819420 460
1819430 457
1819440 455
1819450 453
1819460 451
1819470 449
1819480 448
1819490 446
1819500 445
1819510 444
1819520 444
1819530 443
1819540 443
1819550 442
1819560 442
1819570 443
1819580 446
1819590 447
1819600 449
1819610 450
1819620 451
1819630 452
1819640 453
1819650 454
1819660 455
1819670 455
1819680 455
1819690 456
1819700 456
1819710 456
1819720 456
1819730 456
1819740 455
1819750 455
1819760 454
1819770 452
1819780 451
1819790 449
1819800 447
1819810 445
1819820 444
1819830 441
1819840 437
1819850 432
1819860 432
1819870 435
1819880 440
1819890 441
1819900 443
1819910 444
1819920 445
1819930 446
1819940 448
1819950 450
1819960 451
1819970 453
1819980 454
1819990 455
