1800000 570
1800010 570
1800020 571
1800030 572
1800040 573
1800050 574
1800060 575
1800070 576
1800080 577
1800090 577
1800100 578
1800110 578
1800120 577
1800130 576
1800140 574
1800150 574
1800160 574
1800170 572
1800180 570
1800190 571
1800200 572
1800210 572
1800220 574
1800230 575
1800240 576
1800250 576
1800260 575
1800270 573
1800280 574
1800290 575
1800300 575
1800310 574
1800320 572
1800330 569
1800340 568
1800350 570
1800360 573
1800370 577
1800380 581
1800390 584
1800400 586
1800410 588
1800420 590
1800430 592
1800440 593
1800450 594
1800460 593
1800470 593
1800480 594
1800490 595
1800500 597
1800510 600
1800520 602
1800530 604
1800540 606
1800550 607
1800560 608
1800570 609
1800580 610
1800590 610
1800600 611
1800610 610
1800620 610
1800630 609
1800640 608
1800650 608
1800660 607
1800670 607
1800680 606
1800690 605
1800700 604
1800710 604
1800720 604
1800730 603
1800740 603
1800750 603
1800760 604
1800770 605
1800780 605
1800790 606
1800800 606
1800810 605
1800820 605
1800830 605
1800840 605
1800850 606
1800860 606
1800870 606
1800880 606
1800890 606
1800900 605
1800910 604
1800920 603
1800930 602
1800940 600
1800950 599
1800960 598
1800970 597
1800980 597
1800990 596
1801000 596
1801010 595
1801020 595
1801030 595
1801040 594
1801050 594
1801060 595
1801070 596
1801080 599
1801090 603
1801100 606
1801110 609
1801120 612
1801130 614
1801140 617
1801150 619
1801160 621
1801170 622
1801180 623
1801190 624
1801200 625
1801210 625
1801220 625
1801230 625
1801240 626
1801250 626
1801260 626
1801270 627
1801280 627
1801290 628
1801300 628
1801310 628
1801320 629
1801330 629
1801340 629
1801350 630
1801360 631
1801370 632
1801380 632
1801390 632
1801400 632
1801410 631
1801420 631
1801430 631
1801440 630
1801450 630
1801460 629
1801470 629
1801480 629
1801490 628
1801500 628
1801510 628
1801520 627
1801530 627
1801540 627
1801550 627
1801560 627
1801570 628
1801580 628
1801590 629
1801600 629
1801610 628
1801620 628
1801630 627
1801640 627
1801650 627
1801660 626
1801670 626
1801680 626
1801690 626
1801700 625
1801710 625
1801720 625
1801730 624
1801740 624
1801750 624
1801760 624
1801770 624
1801780 624
1801790 624
1801800 624
1801810 623
1801820 622
1801830 621
1801840 620
1801850 619
1801860 619
1801870 619
1801880 620
1801890 621
1801900 622
1801910 624
1801920 627
1801930 630
1801940 633
1801950 635
1801960 638
1801970 641
1801980 643
1801990 646
1802000 649
1802010 652
1802020 655
1802030 658
1802040 661
1802050 663
1802060 666
1802070 669
1802080 671
1802090 672
1802100 674
1802110 675
1802120 677
1802130 678
1802140 680
1802150 681
1802160 683
1802170 684
1802180 686
1802190 687
1802200 689
1802210 691
1802220 692
1802230 694
1802240 695
1802250 697
1802260 698
1802270 699
1802280 701
1802290 702
1802300 704
1802310 706
1802320 707
1802330 709
1802340 711
1802350 712
1802360 713
1802370 714
1802380 715
1802390 715
1802400 716
1802410 716
1802420 717
1802430 718
1802440 718
1802450 719
1802460 719
1802470 720
1802480 720
1802490 720
1802500 720
1802510 720
1802520 720
1802530 720
1802540 720
1802550 720
1802560 720
1802570 720
1802580 720
1802590 720
1802600 720
1802610 720
1802620 721
1802630 721
1802640 722
1802650 723
1802660 723
1802670 724
1802680 724
1802690 725
1802700 725
1802710 726
1802720 726
1802730 727
1802740 727
1802750 727
1802760 728
1802770 728
1802780 729
1802790 729
1802800 729
1802810 730
1802820 730
1802830 730
1802840 730
1802850 730
1802860 730
1802870 730
1802880 731
1802890 731
1802900 731
1802910 732
1802920 732
1802930 733
1802940 734
1802950 735
1802960 736
1802970 737
1802980 738
1802990 739
1803000 740
1803010 740
1803020 741
1803030 742
1803040 744
1803050 746
1803060 747
1803070 748
1803080 749
1803090 750
1803100 751
1803110 752
1803120 753
1803130 754
1803140 754
1803150 755
1803160 756
1803170 757
1803180 758
1803190 759
1803200 760
1803210 761
1803220 762
1803230 762
1803240 763
1803250 764
1803260 764
1803270 765
1803280 765
1803290 766
1803300 766
1803310 766
1803320 766
1803330 767
1803340 767
1803350 767
1803360 767
1803370 767
1803380 767
1803390 767
1803400 766
1803410 766
1803420 766
1803430 766
1803440 765
1803450 765
1803460 765
1803470 765
1803480 764
1803490 764
1803500 763
1803510 763
1803520 762
1803530 761
1803540 761
1803550 761
1803560 760
1803570 760
1803580 759
1803590 758
1803600 758
1803610 757
1803620 757
1803630 757
1803640 756
1803650 756
1803660 755
1803670 755
1803680 755
1803690 754
1803700 754
1803710 753
1803720 753
1803730 752
1803740 752
1803750 752
1803760 751
1803770 751
1803780 750
1803790 750
1803800 749
1803810 749
1803820 748
1803830 748
1803840 748
1803850 747
1803860 747
1803870 747
1803880 746
1803890 745
1803900 745
1803910 744
1803920 743
1803930 742
1803940 741
1803950 740
1803960 739
1803970 739
1803980 738
1803990 738
1804000 738
1804010 737
1804020 737
1804030 737
1804040 736
1804050 736
1804060 735
1804070 735
1804080 734
1804090 734
1804100 733
1804110 733
1804120 733
1804130 733
1804140 732
1804150 732
1804160 732
1804170 732
1804180 731
1804190 731
1804200 731
1804210 730
1804220 729
1804230 729
1804240 728
1804250 728
1804260 727
1804270 727
1804280 727
1804290 726
1804300 726
1804310 725
1804320 725
1804330 725
1804340 724
1804350 724
1804360 724
1804370 723
1804380 723
1804390 722
1804400 722
1804410 721
1804420 721
1804430 720
1804440 720
1804450 719
1804460 718
1804470 717
1804480 716
1804490 715
1804500 714
1804510 713
1804520 712
1804530 710
1804540 709
1804550 708
1804560 707
1804570 706
1804580 705
1804590 704
1804600 703
1804610 702
1804620 701
1804630 699
1804640 698
1804650 696
1804660 695
1804670 693
1804680 692
1804690 690
1804700 689
1804710 688
1804720 687
1804730 685
1804740 684
1804750 683
1804760 681
1804770 680
1804780 678
1804790 676
1804800 674
1804810 673
1804820 671
1804830 669
1804840 667
1804850 665
1804860 663
1804870 661
1804880 658
1804890 655
1804900 653
1804910 650
1804920 647
1804930 643
1804940 640
1804950 637
1804960 634
1804970 632
1804980 630
1804990 628
1805000 625
1805010 623
1805020 621
1805030 618
1805040 614
1805050 611
1805060 609
1805070 613
1805080 616
1805090 619
1805100 621
1805110 622
1805120 622
1805130 622
1805140 621
1805150 620
1805160 620
1805170 619
1805180 619
1805190 618
1805200 618
1805210 619
1805220 619
1805230 620
1805240 620
1805250 621
1805260 622
1805270 622
1805280 622
1805290 622
1805300 622
1805310 621
1805320 621
1805330 621
1805340 621
1805350 621
1805360 621
1805370 621
1805380 620
1805390 620
1805400 620
1805410 621
1805420 621
1805430 621
1805440 619
1805450 617
1805460 615
1805470 613
1805480 611
1805490 609
1805500 607
1805510 605
1805520 603
1805530 600
1805540 597
1805550 594
1805560 592
1805570 590
1805580 588
1805590 586
1805600 584
1805610 582
1805620 580
1805630 578
1805640 576
1805650 575
1805660 574
1805670 572
1805680 571
1805690 569
1805700 568
1805710 566
1805720 565
1805730 564
1805740 563
1805750 561
1805760 558
1805770 555
1805780 552
1805790 549
1805800 546
1805810 544
1805820 542
1805830 542
1805840 542
1805850 543
1805860 545
1805870 546
1805880 548
1805890 550
1805900 552
1805910 553
1805920 554
1805930 554
1805940 554
1805950 554
1805960 554
1805970 553
1805980 551
1805990 550
1806000 549
1806010 548
1806020 548
1806030 547
1806040 547
1806050 546
1806060 545
1806070 544
1806080 543
1806090 542
1806100 540
1806110 539
1806120 537
1806130 536
1806140 536
1806150 535
1806160 535
1806170 534
1806180 534
1806190 533
1806200 533
1806210 532
1806220 531
1806230 530
1806240 530
1806250 529
1806260 528
1806270 527
1806280 527
1806290 526
1806300 527
1806310 527
1806320 529
1806330 530
1806340 531
1806350 530
1806360 530
1806370 530
1806380 530
1806390 532
1806400 533
1806410 535
1806420 536
1806430 537
1806440 539
1806450 540
1806460 540
1806470 540
1806480 540
1806490 540
1806500 540
1806510 540
1806520 540
1806530 539
1806540 539
1806550 539
1806560 539
1806570 538
1806580 538
1806590 537
1806600 537
1806610 536
1806620 536
1806630 536
1806640 535
1806650 535
1806660 535
1806670 534
1806680 534
1806690 533
1806700 532
1806710 531
1806720 530
1806730 528
1806740 527
1806750 525
1806760 524
1806770 522
1806780 521
1806790 519
1806800 518
1806810 516
1806820 515
1806830 514
1806840 513
1806850 512
1806860 511
1806870 509
1806880 508
1806890 506
1806900 504
1806910 503
1806920 501
1806930 499
1806940 498
1806950 498
1806960 497
1806970 497
1806980 496
1806990 496
1807000 496
1807010 496
1807020 496
1807030 495
1807040 495
1807050 495
1807060 495
1807070 494
1807080 494
1807090 495
1807100 496
1807110 498
1807120 501
1807130 503
1807140 506
1807150 509
1807160 511
1807170 514
1807180 518
1807190 521
1807200 525
1807210 528
1807220 531
1807230 534
1807240 536
1807250 538
1807260 540
1807270 542
1807280 542
1807290 543
1807300 542
1807310 542
1807320 541
1807330 541
1807340 540
1807350 539
1807360 537
1807370 536
1807380 534
1807390 533
1807400 532
1807410 531
1807420 530
1807430 529
1807440 527
1807450 526
1807460 525
1807470 523
1807480 522
1807490 520
1807500 519
1807510 517
1807520 516
1807530 515
1807540 514
1807550 513
1807560 512
1807570 511
1807580 509
1807590 507
1807600 504
1807610 502
1807620 500
1807630 497
1807640 495
1807650 492
1807660 490
1807670 488
1807680 486
1807690 485
1807700 483
1807710 482
1807720 481
1807730 480
1807740 477
1807750 474
1807760 471
1807770 470
1807780 470
1807790 469
1807800 469
1807810 469
1807820 469
1807830 469
1807840 469
1807850 470
1807860 470
1807870 470
1807880 470
1807890 470
1807900 470
1807910 470
1807920 470
1807930 471
1807940 472
1807950 473
1807960 474
1807970 476
1807980 477
1807990 477
1808000 477
1808010 477
1808020 478
1808030 478
1808040 478
1808050 479
1808060 479
1808070 480
1808080 481
1808090 481
1808100 482
1808110 482
1808120 483
1808130 484
1808140 485
1808150 487
1808160 488
1808170 489
1808180 490
1808190 491
1808200 492
1808210 494
1808220 495
1808230 496
1808240 497
1808250 498
1808260 499
1808270 500
1808280 501
1808290 503
1808300 504
1808310 506
1808320 507
1808330 508
1808340 509
1808350 510
1808360 512
1808370 512
1808380 513
1808390 514
1808400 516
1808410 518
1808420 519
1808430 521
1808440 523
1808450 527
1808460 530
1808470 534
1808480 536
1808490 539
1808500 542
1808510 544
1808520 545
1808530 546
1808540 548
1808550 550
1808560 552
1808570 557
1808580 561
1808590 565
1808600 569
1808610 573
1808620 575
1808630 577
1808640 580
1808650 582
1808660 585
1808670 587
1808680 589
1808690 592
1808700 594
1808710 597
1808720 599
1808730 601
1808740 603
1808750 605
1808760 607
1808770 609
1808780 610
1808790 612
1808800 613
1808810 614
1808820 612
1808830 611
1808840 609
1808850 607
1808860 605
1808870 603
1808880 600
1808890 598
1808900 596
1808910 594
1808920 592
1808930 590
1808940 588
1808950 587
1808960 585
1808970 584
1808980 582
1808990 581
1809000 580
1809010 579
1809020 578
1809030 578
1809040 577
1809050 577
1809060 576
1809070 575
1809080 575
1809090 573
1809100 572
1809110 571
1809120 569
1809130 567
1809140 565
1809150 563
1809160 561
1809170 559
1809180 557
1809190 555
1809200 554
1809210 552
1809220 550
1809230 548
1809240 546
1809250 544
1809260 540
1809270 537
1809280 531
1809290 528
1809300 526
1809310 528
1809320 531
1809330 532
1809340 534
1809350 536
1809360 538
1809370 537
1809380 535
1809390 533
1809400 530
1809410 528
1809420 527
1809430 525
1809440 523
1809450 522
1809460 520
1809470 517
1809480 515
1809490 512
1809500 510
1809510 508
1809520 506
1809530 504
1809540 503
1809550 502
1809560 503
1809570 504
1809580 505
1809590 505
1809600 505
1809610 504
1809620 502
1809630 501
1809640 499
1809650 496
1809660 494
1809670 492
1809680 491
1809690 491
1809700 491
1809710 491
1809720 492
1809730 493
1809740 493
1809750 494
1809760 496
1809770 499
1809780 501
1809790 504
1809800 507
1809810 510
1809820 512
1809830 513
1809840 515
1809850 517
1809860 519
1809870 521
1809880 523
1809890 525
1809900 527
1809910 529
1809920 532
1809930 534
1809940 537
1809950 539
1809960 541
1809970 544
1809980 545
1809990 547
1810000 548
1810010 549
1810020 549
1810030 549
1810040 549
1810050 549
1810060 548
1810070 548
1810080 547
1810090 547
1810100 547
1810110 547
1810120 548
1810130 548
1810140 548
1810150 547
1810160 546
1810170 543
1810180 540
1810190 538
1810200 536
1810210 534
1810220 532
1810230 531
1810240 529
1810250 527
1810260 526
1810270 525
1810280 525
1810290 526
1810300 529
1810310 532
1810320 534
1810330 537
1810340 539
1810350 540
1810360 542
1810370 543
1810380 545
1810390 546
1810400 547
1810410 547
1810420 546
1810430 546
1810440 544
1810450 544
1810460 543
1810470 544
1810480 546
1810490 549
1810500 551
1810510 553
1810520 555
1810530 556
1810540 558
1810550 560
1810560 562
1810570 564
1810580 566
1810590 568
1810600 570
1810610 572
1810620 574
1810630 576
1810640 578
1810650 580
1810660 581
1810670 583
1810680 584
1810690 586
1810700 587
1810710 588
1810720 589
1810730 590
1810740 591
1810750 593
1810760 594
1810770 595
1810780 596
1810790 597
1810800 598
1810810 599
1810820 599
1810830 600
1810840 601
1810850 601
1810860 602
1810870 603
1810880 603
1810890 604
1810900 604
1810910 604
1810920 605
1810930 605
1810940 605
1810950 605
1810960 605
1810970 606
1810980 606
1810990 607
1811000 607
1811010 607
1811020 607
1811030 608
1811040 608
1811050 608
1811060 609
1811070 609
1811080 609
1811090 610
1811100 610
1811110 611
1811120 611
1811130 611
1811140 612
1811150 612
1811160 612
1811170 612
1811180 613
1811190 613
1811200 614
1811210 614
1811220 614
1811230 615
1811240 615
1811250 615
1811260 616
1811270 617
1811280 618
1811290 620
1811300 621
1811310 622
1811320 623
1811330 624
1811340 625
1811350 626
1811360 627
1811370 627
1811380 628
1811390 629
1811400 629
1811410 630
1811420 630
1811430 630
1811440 630
1811450 630
1811460 630
1811470 630
1811480 630
1811490 630
1811500 630
1811510 630
1811520 630
1811530 630
1811540 630
1811550 630
1811560 631
1811570 631
1811580 631
1811590 631
1811600 632
1811610 632
1811620 632
1811630 633
1811640 633
1811650 633
1811660 634
1811670 634
1811680 634
1811690 635
1811700 635
1811710 636
1811720 636
1811730 636
1811740 637
1811750 637
1811760 637
1811770 638
1811780 638
1811790 638
1811800 639
1811810 639
1811820 639
1811830 639
1811840 639
1811850 640
1811860 640
1811870 641
1811880 641
1811890 642
1811900 643
1811910 644
1811920 646
1811930 647
1811940 648
1811950 650
1811960 651
1811970 652
1811980 652
1811990 652
1812000 652
1812010 652
1812020 651
1812030 651
1812040 650
1812050 649
1812060 648
1812070 646
1812080 646
1812090 645
1812100 644
1812110 643
1812120 642
1812130 640
1812140 638
1812150 635
1812160 632
1812170 630
1812180 627
1812190 625
1812200 621
1812210 616
1812220 610
1812230 607
1812240 606
1812250 607
1812260 608
1812270 610
1812280 610
1812290 611
1812300 612
1812310 613
1812320 613
1812330 613
1812340 613
1812350 612
1812360 610
1812370 609
1812380 607
1812390 605
1812400 603
1812410 600
1812420 598
1812430 595
1812440 591
1812450 589
1812460 589
1812470 589
1812480 588
1812490 587
1812500 586
1812510 585
1812520 584
1812530 584
1812540 583
1812550 583
1812560 582
1812570 582
1812580 582
1812590 582
1812600 581
1812610 581
1812620 581
1812630 580
1812640 579
1812650 578
1812660 577
1812670 576
1812680 575
1812690 574
1812700 573
1812710 572
1812720 571
1812730 571
1812740 571
1812750 570
1812760 570
1812770 569
1812780 567
1812790 566
1812800 564
1812810 563
1812820 562
1812830 560
1812840 559
1812850 558
1812860 558
1812870 557
1812880 556
1812890 555
1812900 554
1812910 553
1812920 552
1812930 552
1812940 551
1812950 551
1812960 550
1812970 549
1812980 548
1812990 547
1813000 546
1813010 544
1813020 543
1813030 541
1813040 539
1813050 537
1813060 535
1813070 533
1813080 530
1813090 527
1813100 523
1813110 519
1813120 518
1813130 518
1813140 521
1813150 522
1813160 523
1813170 524
1813180 525
1813190 526
1813200 528
1813210 529
1813220 531
1813230 533
1813240 534
1813250 536
1813260 537
1813270 538
1813280 539
1813290 540
1813300 541
1813310 542
1813320 543
1813330 544
1813340 544
1813350 545
1813360 545
1813370 545
1813380 545
1813390 546
1813400 546
1813410 546
1813420 547
1813430 547
1813440 548
1813450 550
1813460 551
1813470 551
1813480 552
1813490 552
1813500 552
1813510 552
1813520 552
1813530 552
1813540 553
1813550 553
1813560 553
1813570 553
1813580 553
1813590 553
1813600 553
1813610 553
1813620 553
1813630 553
1813640 552
1813650 552
1813660 552
1813670 551
1813680 550
1813690 549
1813700 548
1813710 547
1813720 545
1813730 544
1813740 543
1813750 542
1813760 541
1813770 540
1813780 539
1813790 538
1813800 537
1813810 536
1813820 535
1813830 534
1813840 532
1813850 531
1813860 530
1813870 530
1813880 529
1813890 528
1813900 527
1813910 527
1813920 526
1813930 526
1813940 526
1813950 525
1813960 524
1813970 523
1813980 522
1813990 522
1814000 521
1814010 520
1814020 519
1814030 518
1814040 518
1814050 517
1814060 516
1814070 514
1814080 513
1814090 511
1814100 509
1814110 508
1814120 506
1814130 506
1814140 505
1814150 504
1814160 501
1814170 498
1814180 495
1814190 497
1814200 497
1814210 498
1814220 498
1814230 497
1814240 497
1814250 497
1814260 497
1814270 497
1814280 497
1814290 496
1814300 495
1814310 494
1814320 492
1814330 489
1814340 487
1814350 486
1814360 485
1814370 483
1814380 480
1814390 477
1814400 476
1814410 476
1814420 477
1814430 477
1814440 477
1814450 478
1814460 477
1814470 476
1814480 474
1814490 472
1814500 469
1814510 467
1814520 466
1814530 465
1814540 464
1814550 464
1814560 464
1814570 464
1814580 464
1814590 464
1814600 464
1814610 463
1814620 463
1814630 463
1814640 463
1814650 463
1814660 462
1814670 462
1814680 462
1814690 462
1814700 462
1814710 461
1814720 461
1814730 461
1814740 461
1814750 461
1814760 461
1814770 461
1814780 461
1814790 462
1814800 462
1814810 462
1814820 461
1814830 459
1814840 459
1814850 458
1814860 458
1814870 458
1814880 458
1814890 458
1814900 458
1814910 457
1814920 457
1814930 457
1814940 457
1814950 457
1814960 457
1814970 457
1814980 457
1814990 457
1815000 456
1815010 456
1815020 456
1815030 456
1815040 455
1815050 455
1815060 455
1815070 455
1815080 455
1815090 454
1815100 454
1815110 454
1815120 454
1815130 455
1815140 456
1815150 456
1815160 457
1815170 458
1815180 458
1815190 459
1815200 459
1815210 459
1815220 460
1815230 461
1815240 463
1815250 464
1815260 465
1815270 465
1815280 466
1815290 466
1815300 466
1815310 467
1815320 467
1815330 468
1815340 469
1815350 470
1815360 471
1815370 472
1815380 472
1815390 473
1815400 474
1815410 475
1815420 476
1815430 478
1815440 479
1815450 481
1815460 483
1815470 484
1815480 486
1815490 487
1815500 489
1815510 491
1815520 492
1815530 492
1815540 492
1815550 492
1815560 491
1815570 491
1815580 490
1815590 490
1815600 488
1815610 486
1815620 485
1815630 484
1815640 486
1815650 488
1815660 489
1815670 490
1815680 491
1815690 493
1815700 494
1815710 495
1815720 496
1815730 498
1815740 500
1815750 501
1815760 503
1815770 505
1815780 506
1815790 508
1815800 509
1815810 510
1815820 511
1815830 512
1815840 513
1815850 515
1815860 516
1815870 517
1815880 519
1815890 520
1815900 521
1815910 521
1815920 522
1815930 523
1815940 524
1815950 525
1815960 526
1815970 527
1815980 528
1815990 529
1816000 530
1816010 531
1816020 532
1816030 532
1816040 533
1816050 534
1816060 534
1816070 535
1816080 535
1816090 535
1816100 535
1816110 535
1816120 535
1816130 535
1816140 534
1816150 534
1816160 533
1816170 533
1816180 532
1816190 531
1816200 530
1816210 528
1816220 526
1816230 525
1816240 523
1816250 521
1816260 520
1816270 518
1816280 516
1816290 513
1816300 510
1816310 507
1816320 505
1816330 502
1816340 500
1816350 497
1816360 494
1816370 490
1816380 486
1816390 483
1816400 480
1816410 477
1816420 474
1816430 473
1816440 471
1816450 470
1816460 468
1816470 465
1816480 463
1816490 462
1816500 464
1816510 466
1816520 468
1816530 470
1816540 471
1816550 472
1816560 473
1816570 474
1816580 476
1816590 477
1816600 478
1816610 480
1816620 482
1816630 484
1816640 486
1816650 488
1816660 491
1816670 493
1816680 495
1816690 497
1816700 499
1816710 501
1816720 503
1816730 505
1816740 506
1816750 508
1816760 510
1816770 511
1816780 513
1816790 514
1816800 516
1816810 517
1816820 518
1816830 520
1816840 521
1816850 522
1816860 523
1816870 524
1816880 525
1816890 526
1816900 527
1816910 528
1816920 529
1816930 529
1816940 529
1816950 529
1816960 526
1816970 524
1816980 521
1816990 517
1817000 514
1817010 511
1817020 508
1817030 505
1817040 503
1817050 500
1817060 497
1817070 495
1817080 492
1817090 489
1817100 486
1817110 483
1817120 480
1817130 478
1817140 476
1817150 473
1817160 470
1817170 467
1817180 464
1817190 461
1817200 459
1817210 457
1817220 454
1817230 451
1817240 449
1817250 446
1817260 444
1817270 441
1817280 438
1817290 436
1817300 434
1817310 432
1817320 430
1817330 428
1817340 426
1817350 425
1817360 424
1817370 423
1817380 423
1817390 423
1817400 423
1817410 422
1817420 423
1817430 424
1817440 427
1817450 430
1817460 432
1817470 434
1817480 438
1817490 442
1817500 446
1817510 450
1817520 455
1817530 459
1817540 463
1817550 467
1817560 472
1817570 476
1817580 479
1817590 483
1817600 487
1817610 490
1817620 494
1817630 497
1817640 501
1817650 504
1817660 506
1817670 507
1817680 509
1817690 509
1817700 509
1817710 509
1817720 509
1817730 508
1817740 507
1817750 507
1817760 506
1817770 505
1817780 504
1817790 503
1817800 502
1817810 501
1817820 499
1817830 498
1817840 498
1817850 497
1817860 496
1817870 494
1817880 493
1817890 491
1817900 490
1817910 488
1817920 487
1817930 486
1817940 484
1817950 483
1817960 482
1817970 481
1817980 480
1817990 479
1818000 479
1818010 478
1818020 478
1818030 478
1818040 477
1818050 477
1818060 477
1818070 476
1818080 476
1818090 475
1818100 474
1818110 474
1818120 473
1818130 471
1818140 470
1818150 467
1818160 465
1818170 463
1818180 462
1818190 461
1818200 460
1818210 457
1818220 454
1818230 452
1818240 449
1818250 446
1818260 443
1818270 440
1818280 437
1818290 434
1818300 431
1818310 428
1818320 425
1818330 422
1818340 419
1818350 417
1818360 414
1818370 412
1818380 410
1818390 408
1818400 406
1818410 403
1818420 400
1818430 398
1818440 397
1818450 396
1818460 395
1818470 395
1818480 394
1818490 394
1818500 393
1818510 393
1818520 393
1818530 392
1818540 392
1818550 391
1818560 390
1818570 390
1818580 390
1818590 391
1818600 391
1818610 392
1818620 395
1818630 400
1818640 405
1818650 409
1818660 412
1818670 416
1818680 419
1818690 423
1818700 426
1818710 429
1818720 431
1818730 432
1818740 433
1818750 434
1818760 434
1818770 435
1818780 436
1818790 436
1818800 435
1818810 435
1818820 435
1818830 437
1818840 440
1818850 444
1818860 448
1818870 451
1818880 454
1818890 458
1818900 462
1818910 466
1818920 470
1818930 473
1818940 475
1818950 477
1818960 479
1818970 481
1818980 483
1818990 485
1819000 487
1819010 489
1819020 492
1819030 494
1819040 497
1819050 499
1819060 500
1819070 500
1819080 500
1819090 498
1819100 496
1819110 494
1819120 491
1819130 489
1819140 485
1819150 482
1819160 478
1819170 474
1819180 471
1819190 468
1819200 465
1819210 462
1819220 459
1819230 456
1819240 453
1819250 451
1819260 449
1819270 447
1819280 446
1819290 445
1819300 445
1819310 445
1819320 446
1819330 447
1819340 449
1819350 451
1819360 453
1819370 455
1819380 456
1819390 457
1819400 457
1819410 456
1819420 455
1819430 454
1819440 453
1819450 451
1819460 449
1819470 448
1819480 446
1819490 443
1819500 441
1819510 438
1819520 435
1819530 433
1819540 430
1819550 427
1819560 425
1819570 422
1819580 419
1819590 416
1819600 414
1819610 411
1819620 408
1819630 406
1819640 403
1819650 400
1819660 397
1819670 394
1819680 392
1819690 389
1819700 386
1819710 383
1819720 380
1819730 378
1819740 377
1819750 377
1819760 377
1819770 376
1819780 376
1819790 376
1819800 376
1819810 376
1819820 376
1819830 376
1819840 376
1819850 376
1819860 376
1819870 376
1819880 376
1819890 376
1819900 376
1819910 375
1819920 375
1819930 375
1819940 376
1819950 376
1819960 376
1819970 376
1819980 376
1819990 376
