1800000 640
1800010 640
1800020 640
1800030 640
1800040 640
1800050 640
1800060 641
1800070 641
1800080 641
1800090 641
1800100 641
1800110 641
1800120 641
1800130 641
1800140 642
1800150 642
1800160 643
1800170 643
1800180 644
1800190 644
1800200 644
1800210 644
1800220 644
1800230 644
1800240 643
1800250 643
1800260 643
1800270 643
1800280 644
1800290 644
1800300 644
1800310 644
1800320 644
1800330 644
1800340 644
1800350 645
1800360 645
1800370 645
1800380 645
1800390 645
1800400 646
1800410 647
1800420 647
1800430 648
1800440 649
1800450 650
1800460 651
1800470 652
1800480 653
1800490 654
1800500 654
1800510 655
1800520 655
1800530 655
1800540 655
1800550 656
1800560 657
1800570 658
1800580 659
1800590 659
1800600 659
1800610 659
1800620 659
1800630 659
1800640 659
1800650 659
1800660 659
1800670 659
1800680 659
1800690 660
1800700 660
1800710 661
1800720 661
1800730 662
1800740 662
1800750 663
1800760 663
1800770 664
1800780 664
1800790 664
1800800 664
1800810 664
1800820 664
1800830 664
1800840 664
1800850 665
1800860 665
1800870 665
1800880 665
1800890 664
1800900 663
1800910 661
1800920 660
1800930 658
1800940 656
1800950 654
1800960 652
1800970 651
1800980 650
1800990 650
1801000 649
1801010 649
1801020 648
1801030 647
1801040 646
1801050 645
1801060 643
1801070 642
1801080 641
1801090 639
1801100 636
1801110 633
1801120 631
1801130 628
1801140 629
1801150 631
1801160 636
1801170 640
1801180 644
1801190 647
1801200 650
1801210 653
1801220 656
1801230 659
1801240 662
1801250 665
1801260 667
1801270 669
1801280 671
1801290 673
1801300 675
1801310 677
1801320 678
1801330 679
1801340 680
1801350 682
1801360 683
1801370 684
1801380 685
1801390 686
1801400 687
1801410 687
1801420 687
1801430 688
1801440 688
1801450 689
1801460 690
1801470 691
1801480 691
1801490 691
1801500 692
1801510 692
1801520 692
1801530 693
1801540 693
1801550 694
1801560 695
1801570 695
1801580 695
1801590 695
1801600 695
1801610 695
1801620 694
1801630 694
1801640 693
1801650 692
1801660 691
1801670 690
1801680 689
1801690 688
1801700 687
1801710 686
1801720 684
1801730 683
1801740 681
1801750 679
1801760 677
1801770 676
1801780 674
1801790 672
1801800 671
1801810 669
1801820 668
1801830 666
1801840 665
1801850 663
1801860 662
1801870 660
1801880 659
1801890 658
1801900 658
1801910 656
1801920 654
1801930 650
1801940 648
1801950 647
1801960 648
1801970 651
1801980 654
1801990 657
1802000 660
1802010 661
1802020 662
1802030 664
1802040 666
1802050 668
1802060 671
1802070 674
1802080 677
1802090 680
1802100 682
1802110 684
1802120 686
1802130 687
1802140 689
1802150 690
1802160 692
1802170 693
1802180 694
1802190 695
1802200 695
1802210 696
1802220 695
1802230 695
1802240 695
1802250 694
1802260 693
1802270 693
1802280 692
1802290 692
1802300 691
1802310 691
1802320 690
1802330 689
1802340 689
1802350 688
1802360 688
1802370 688
1802380 688
1802390 688
1802400 688
1802410 688
1802420 687
1802430 688
1802440 689
1802450 691
1802460 692
1802470 693
1802480 694
1802490 694
1802500 694
1802510 695
1802520 695
1802530 696
1802540 697
1802550 698
1802560 700
1802570 701
1802580 702
1802590 703
1802600 704
1802610 706
1802620 707
1802630 708
1802640 709
1802650 711
1802660 712
1802670 713
1802680 714
1802690 715
1802700 716
1802710 718
1802720 719
1802730 720
1802740 722
1802750 723
1802760 725
1802770 727
1802780 729
1802790 730
1802800 731
1802810 732
1802820 733
1802830 735
1802840 736
1802850 737
1802860 738
1802870 739
1802880 741
1802890 742
1802900 743
1802910 744
1802920 745
1802930 746
1802940 747
1802950 748
1802960 749
1802970 750
1802980 751
1802990 752
1803000 752
1803010 753
1803020 754
1803030 755
1803040 755
1803050 756
1803060 757
1803070 757
1803080 758
1803090 759
1803100 759
1803110 760
1803120 761
1803130 761
1803140 762
1803150 763
1803160 764
1803170 764
1803180 765
1803190 766
1803200 766
1803210 767
1803220 767
1803230 768
1803240 769
1803250 769
1803260 770
1803270 770
1803280 771
1803290 771
1803300 771
1803310 772
1803320 772
1803330 772
1803340 772
1803350 773
1803360 773
1803370 773
1803380 773
1803390 773
1803400 773
1803410 772
1803420 772
1803430 772
1803440 771
1803450 771
1803460 771
1803470 770
1803480 770
1803490 770
1803500 769
1803510 769
1803520 769
1803530 769
1803540 768
1803550 768
1803560 768
1803570 768
1803580 768
1803590 768
1803600 768
1803610 767
1803620 767
1803630 767
1803640 766
1803650 766
1803660 766
1803670 765
1803680 765
1803690 765
1803700 764
1803710 764
1803720 764
1803730 764
1803740 764
1803750 763
1803760 763
1803770 762
1803780 762
1803790 761
1803800 760
1803810 759
1803820 759
1803830 757
1803840 756
1803850 754
1803860 752
1803870 751
1803880 749
1803890 748
1803900 746
1803910 745
1803920 744
1803930 743
1803940 741
1803950 740
1803960 739
1803970 737
1803980 736
1803990 734
1804000 732
1804010 731
1804020 729
1804030 727
1804040 725
1804050 724
1804060 723
1804070 722
1804080 721
1804090 720
1804100 719
1804110 719
1804120 717
1804130 716
1804140 714
1804150 713
1804160 711
1804170 710
1804180 709
1804190 707
1804200 705
1804210 704
1804220 702
1804230 700
1804240 698
1804250 696
1804260 695
1804270 692
1804280 690
1804290 688
1804300 685
1804310 683
1804320 681
1804330 678
1804340 675
1804350 672
1804360 671
1804370 671
1804380 670
1804390 668
1804400 666
1804410 664
1804420 663
1804430 662
1804440 661
1804450 662
1804460 661
1804470 661
1804480 661
1804490 662
1804500 663
1804510 664
1804520 665
1804530 666
1804540 666
1804550 666
1804560 667
1804570 668
1804580 668
1804590 669
1804600 670
1804610 671
1804620 671
1804630 672
1804640 672
1804650 672
1804660 672
1804670 671
1804680 670
1804690 669
1804700 667
1804710 665
1804720 662
1804730 659
1804740 656
1804750 654
1804760 652
1804770 650
1804780 647
1804790 645
1804800 644
1804810 642
1804820 642
1804830 641
1804840 640
1804850 639
1804860 637
1804870 636
1804880 635
1804890 633
1804900 631
1804910 630
1804920 628
1804930 627
1804940 627
1804950 626
1804960 626
1804970 625
1804980 623
1804990 621
1805000 617
1805010 614
1805020 612
1805030 609
1805040 607
1805050 606
1805060 605
1805070 606
1805080 606
1805090 607
1805100 606
1805110 606
1805120 607
1805130 609
1805140 610
1805150 612
1805160 613
1805170 615
1805180 616
1805190 619
1805200 621
1805210 623
1805220 625
1805230 627
1805240 629
1805250 630
1805260 632
1805270 633
1805280 635
1805290 637
1805300 638
1805310 639
1805320 640
1805330 639
1805340 639
1805350 639
1805360 638
1805370 638
1805380 637
1805390 636
1805400 635
1805410 635
1805420 634
1805430 633
1805440 632
1805450 631
1805460 630
1805470 629
1805480 628
1805490 626
1805500 624
1805510 622
1805520 621
1805530 619
1805540 617
1805550 615
1805560 613
1805570 611
1805580 609
1805590 607
1805600 604
1805610 600
1805620 597
1805630 597
1805640 599
1805650 602
1805660 605
1805670 607
1805680 609
1805690 611
1805700 613
1805710 615
1805720 617
1805730 618
1805740 620
1805750 620
1805760 621
1805770 621
1805780 621
1805790 621
1805800 621
1805810 620
1805820 619
1805830 618
1805840 617
1805850 616
1805860 614
1805870 612
1805880 610
1805890 610
1805900 614
1805910 617
1805920 618
1805930 619
1805940 620
1805950 621
1805960 622
1805970 623
1805980 624
1805990 624
1806000 624
1806010 624
1806020 624
1806030 623
1806040 622
1806050 621
1806060 621
1806070 620
1806080 620
1806090 620
1806100 620
1806110 620
1806120 619
1806130 619
1806140 619
1806150 619
1806160 619
1806170 619
1806180 619
1806190 619
1806200 620
1806210 620
1806220 620
1806230 620
1806240 620
1806250 620
1806260 620
1806270 620
1806280 620
1806290 619
1806300 618
1806310 617
1806320 617
1806330 616
1806340 615
1806350 613
1806360 612
1806370 611
1806380 609
1806390 608
1806400 607
1806410 605
1806420 604
1806430 602
1806440 601
1806450 600
1806460 598
1806470 597
1806480 596
1806490 594
1806500 592
1806510 590
1806520 589
1806530 587
1806540 585
1806550 583
1806560 581
1806570 578
1806580 576
1806590 574
1806600 572
1806610 570
1806620 567
1806630 565
1806640 563
1806650 561
1806660 559
1806670 557
1806680 555
1806690 553
1806700 548
1806710 544
1806720 540
1806730 537
1806740 535
1806750 532
1806760 528
1806770 524
1806780 520
1806790 519
1806800 521
1806810 524
1806820 526
1806830 528
1806840 530
1806850 531
1806860 532
1806870 533
1806880 535
1806890 536
1806900 537
1806910 536
1806920 534
1806930 532
1806940 530
1806950 528
1806960 526
1806970 523
1806980 521
1806990 519
1807000 518
1807010 516
1807020 515
1807030 514
1807040 513
1807050 512
1807060 512
1807070 511
1807080 510
1807090 509
1807100 508
1807110 507
1807120 506
1807130 505
1807140 504
1807150 503
1807160 502
1807170 501
1807180 500
1807190 499
1807200 498
1807210 497
1807220 496
1807230 494
1807240 493
1807250 491
1807260 488
1807270 487
1807280 486
1807290 485
1807300 485
1807310 485
1807320 485
1807330 484
1807340 484
1807350 484
1807360 484
1807370 484
1807380 484
1807390 484
1807400 485
1807410 485
1807420 486
1807430 487
1807440 488
1807450 490
1807460 492
1807470 493
1807480 494
1807490 496
1807500 498
1807510 499
1807520 500
1807530 500
1807540 500
1807550 498
1807560 496
1807570 493
1807580 492
1807590 490
1807600 487
1807610 485
1807620 483
1807630 481
1807640 480
1807650 479
1807660 478
1807670 477
1807680 477
1807690 477
1807700 476
1807710 476
1807720 475
1807730 475
1807740 475
1807750 475
1807760 475
1807770 475
1807780 475
1807790 475
1807800 474
1807810 474
1807820 473
1807830 473
1807840 473
1807850 473
1807860 473
1807870 473
1807880 473
1807890 473
1807900 473
1807910 473
1807920 472
1807930 472
1807940 472
1807950 472
1807960 472
1807970 473
1807980 473
1807990 474
1808000 475
1808010 477
1808020 480
1808030 483
1808040 486
1808050 490
1808060 494
1808070 498
1808080 500
1808090 501
1808100 503
1808110 505
1808120 508
1808130 510
1808140 513
1808150 516
1808160 519
1808170 521
1808180 525
1808190 529
1808200 532
1808210 535
1808220 538
1808230 542
1808240 545
1808250 549
1808260 553
1808270 556
1808280 560
1808290 563
1808300 565
1808310 567
1808320 569
1808330 570
1808340 570
1808350 569
1808360 569
1808370 568
1808380 568
1808390 568
1808400 569
1808410 569
1808420 570
1808430 571
1808440 572
1808450 573
1808460 575
1808470 576
1808480 577
1808490 578
1808500 579
1808510 579
1808520 579
1808530 577
1808540 576
1808550 575
1808560 574
1808570 574
1808580 574
1808590 574
1808600 575
1808610 576
1808620 577
1808630 578
1808640 579
1808650 581
1808660 582
1808670 584
1808680 586
1808690 588
1808700 590
1808710 592
1808720 595
1808730 597
1808740 599
1808750 600
1808760 600
1808770 600
1808780 601
1808790 601
1808800 601
1808810 601
1808820 601
1808830 601
1808840 599
1808850 598
1808860 598
1808870 597
1808880 598
1808890 598
1808900 599
1808910 600
1808920 602
1808930 604
1808940 606
1808950 607
1808960 608
1808970 609
1808980 611
1808990 612
1809000 614
1809010 615
1809020 617
1809030 618
1809040 619
1809050 621
1809060 621
1809070 622
1809080 622
1809090 622
1809100 622
1809110 621
1809120 620
1809130 619
1809140 619
1809150 618
1809160 617
1809170 616
1809180 615
1809190 615
1809200 614
1809210 613
1809220 613
1809230 612
1809240 612
1809250 612
1809260 611
1809270 611
1809280 611
1809290 610
1809300 609
1809310 608
1809320 606
1809330 605
1809340 603
1809350 602
1809360 600
1809370 599
1809380 597
1809390 596
1809400 594
1809410 593
1809420 592
1809430 590
1809440 589
1809450 588
1809460 586
1809470 584
1809480 583
1809490 581
1809500 579
1809510 576
1809520 573
1809530 569
1809540 566
1809550 563
1809560 560
1809570 557
1809580 554
1809590 553
1809600 554
1809610 557
1809620 559
1809630 561
1809640 563
1809650 564
1809660 566
1809670 568
1809680 568
1809690 569
1809700 569
1809710 569
1809720 569
1809730 569
1809740 569
1809750 568
1809760 568
1809770 567
1809780 566
1809790 565
1809800 563
1809810 561
1809820 559
1809830 557
1809840 554
1809850 551
1809860 548
1809870 545
1809880 543
1809890 540
1809900 538
1809910 536
1809920 534
1809930 533
1809940 531
1809950 530
1809960 529
1809970 527
1809980 526
1809990 525
1810000 524
1810010 522
1810020 520
1810030 519
1810040 518
1810050 516
1810060 514
1810070 513
1810080 509
1810090 506
1810100 502
1810110 502
1810120 503
1810130 503
1810140 503
1810150 503
1810160 503
1810170 503
1810180 504
1810190 506
1810200 511
1810210 515
1810220 518
1810230 522
1810240 525
1810250 529
1810260 532
1810270 536
1810280 539
1810290 543
1810300 546
1810310 549
1810320 551
1810330 554
1810340 556
1810350 557
1810360 558
1810370 559
1810380 558
1810390 558
1810400 557
1810410 556
1810420 556
1810430 556
1810440 557
1810450 557
1810460 557
1810470 557
1810480 557
1810490 556
1810500 555
1810510 554
1810520 553
1810530 553
1810540 552
1810550 552
1810560 552
1810570 551
1810580 550
1810590 549
1810600 547
1810610 546
1810620 545
1810630 544
1810640 543
1810650 543
1810660 541
1810670 541
1810680 541
1810690 541
1810700 541
1810710 541
1810720 541
1810730 541
1810740 542
1810750 542
1810760 541
1810770 541
1810780 540
1810790 538
1810800 536
1810810 536
1810820 538
1810830 540
1810840 540
1810850 540
1810860 539
1810870 538
1810880 536
1810890 535
1810900 534
1810910 533
1810920 533
1810930 533
1810940 533
1810950 534
1810960 535
1810970 536
1810980 536
1810990 537
1811000 537
1811010 538
1811020 539
1811030 541
1811040 542
1811050 545
1811060 546
1811070 547
1811080 549
1811090 551
1811100 552
1811110 554
1811120 556
1811130 558
1811140 560
1811150 562
1811160 564
1811170 567
1811180 569
1811190 571
1811200 573
1811210 574
1811220 576
1811230 577
1811240 577
1811250 576
1811260 575
1811270 573
1811280 571
1811290 569
1811300 567
1811310 570
1811320 573
1811330 575
1811340 577
1811350 578
1811360 579
1811370 580
1811380 582
1811390 583
1811400 585
1811410 587
1811420 589
1811430 591
1811440 592
1811450 594
1811460 596
1811470 598
1811480 600
1811490 601
1811500 603
1811510 605
1811520 607
1811530 609
1811540 611
1811550 612
1811560 614
1811570 616
1811580 617
1811590 618
1811600 620
1811610 621
1811620 622
1811630 622
1811640 623
1811650 624
1811660 624
1811670 624
1811680 625
1811690 625
1811700 625
1811710 626
1811720 626
1811730 626
1811740 627
1811750 627
1811760 628
1811770 629
1811780 629
1811790 630
1811800 630
1811810 631
1811820 632
1811830 632
1811840 633
1811850 634
1811860 634
1811870 635
1811880 636
1811890 637
1811900 638
1811910 639
1811920 640
1811930 641
1811940 642
1811950 643
1811960 644
1811970 645
1811980 645
1811990 646
1812000 646
1812010 647
1812020 647
1812030 647
1812040 648
1812050 648
1812060 649
1812070 649
1812080 649
1812090 649
1812100 649
1812110 649
1812120 649
1812130 648
1812140 648
1812150 648
1812160 647
1812170 646
1812180 646
1812190 646
1812200 645
1812210 645
1812220 646
1812230 645
1812240 645
1812250 644
1812260 643
1812270 642
1812280 641
1812290 640
1812300 640
1812310 639
1812320 639
1812330 638
1812340 638
1812350 637
1812360 636
1812370 635
1812380 634
1812390 633
1812400 632
1812410 631
1812420 630
1812430 629
1812440 627
1812450 625
1812460 623
1812470 621
1812480 619
1812490 617
1812500 615
1812510 613
1812520 611
1812530 610
1812540 609
1812550 607
1812560 605
1812570 603
1812580 601
1812590 600
1812600 598
1812610 597
1812620 595
1812630 594
1812640 593
1812650 591
1812660 589
1812670 587
1812680 585
1812690 583
1812700 582
1812710 581
1812720 578
1812730 575
1812740 572
1812750 569
1812760 568
1812770 571
1812780 571
1812790 571
1812800 570
1812810 569
1812820 568
1812830 567
1812840 566
1812850 565
1812860 564
1812870 563
1812880 562
1812890 561
1812900 559
1812910 557
1812920 555
1812930 554
1812940 553
1812950 552
1812960 551
1812970 551
1812980 552
1812990 556
1813000 559
1813010 561
1813020 562
1813030 562
1813040 562
1813050 563
1813060 564
1813070 565
1813080 566
1813090 568
1813100 570
1813110 571
1813120 572
1813130 573
1813140 573
1813150 574
1813160 574
1813170 575
1813180 577
1813190 578
1813200 578
1813210 580
1813220 581
1813230 583
1813240 585
1813250 587
1813260 589
1813270 591
1813280 592
1813290 593
1813300 593
1813310 593
1813320 592
1813330 591
1813340 590
1813350 590
1813360 590
1813370 590
1813380 591
1813390 591
1813400 592
1813410 593
1813420 593
1813430 594
1813440 595
1813450 597
1813460 598
1813470 599
1813480 600
1813490 602
1813500 603
1813510 604
1813520 605
1813530 606
1813540 607
1813550 608
1813560 609
1813570 610
1813580 611
1813590 612
1813600 613
1813610 614
1813620 614
1813630 614
1813640 614
1813650 614
1813660 614
1813670 612
1813680 611
1813690 609
1813700 608
1813710 607
1813720 607
1813730 607
1813740 607
1813750 607
1813760 607
1813770 607
1813780 607
1813790 607
1813800 606
1813810 606
1813820 605
1813830 605
1813840 605
1813850 605
1813860 605
1813870 604
1813880 604
1813890 603
1813900 602
1813910 602
1813920 601
1813930 599
1813940 598
1813950 597
1813960 596
1813970 595
1813980 594
1813990 594
1814000 593
1814010 592
1814020 592
1814030 591
1814040 589
1814050 588
1814060 587
1814070 586
1814080 585
1814090 585
1814100 584
1814110 584
1814120 584
1814130 584
1814140 584
1814150 584
1814160 584
1814170 584
1814180 583
1814190 584
1814200 584
1814210 584
1814220 584
1814230 585
1814240 585
1814250 585
1814260 585
1814270 584
1814280 584
1814290 583
1814300 582
1814310 581
1814320 580
1814330 580
1814340 579
1814350 578
1814360 576
1814370 574
1814380 573
1814390 572
1814400 572
1814410 571
1814420 571
1814430 571
1814440 570
1814450 570
1814460 570
1814470 569
1814480 569
1814490 568
1814500 567
1814510 566
1814520 566
1814530 565
1814540 564
1814550 564
1814560 564
1814570 565
1814580 566
1814590 566
1814600 565
1814610 565
1814620 564
1814630 563
1814640 563
1814650 563
1814660 563
1814670 563
1814680 563
1814690 563
1814700 562
1814710 561
1814720 560
1814730 559
1814740 558
1814750 558
1814760 557
1814770 556
1814780 555
1814790 555
1814800 553
1814810 552
1814820 550
1814830 548
1814840 546
1814850 545
1814860 543
1814870 542
1814880 541
1814890 540
1814900 539
1814910 539
1814920 538
1814930 538
1814940 538
1814950 537
1814960 537
1814970 536
1814980 535
1814990 534
1815000 533
1815010 532
1815020 530
1815030 529
1815040 528
1815050 527
1815060 527
1815070 526
1815080 524
1815090 522
1815100 520
1815110 518
1815120 517
1815130 515
1815140 513
1815150 512
1815160 510
1815170 509
1815180 507
1815190 506
1815200 505
1815210 504
1815220 503
1815230 502
1815240 501
1815250 501
1815260 500
1815270 500
1815280 499
1815290 498
1815300 498
1815310 496
1815320 495
1815330 494
1815340 493
1815350 491
1815360 490
1815370 489
1815380 488
1815390 487
1815400 485
1815410 484
1815420 482
1815430 480
1815440 477
1815450 475
1815460 473
1815470 471
1815480 469
1815490 468
1815500 466
1815510 464
1815520 463
1815530 462
1815540 461
1815550 460
1815560 459
1815570 459
1815580 458
1815590 457
1815600 456
1815610 455
1815620 454
1815630 452
1815640 451
1815650 449
1815660 446
1815670 445
1815680 444
1815690 442
1815700 441
1815710 440
1815720 439
1815730 439
1815740 438
1815750 438
1815760 437
1815770 437
1815780 437
1815790 436
1815800 436
1815810 436
1815820 436
1815830 436
1815840 435
1815850 435
1815860 434
1815870 434
1815880 434
1815890 434
1815900 434
1815910 434
1815920 434
1815930 434
1815940 435
1815950 435
1815960 436
1815970 439
1815980 440
1815990 441
1816000 441
1816010 441
1816020 441
1816030 441
1816040 441
1816050 441
1816060 441
1816070 441
1816080 442
1816090 443
1816100 444
1816110 445
1816120 446
1816130 447
1816140 449
1816150 450
1816160 451
1816170 453
1816180 455
1816190 456
1816200 456
1816210 456
1816220 456
1816230 455
1816240 453
1816250 451
1816260 448
1816270 445
1816280 443
1816290 441
1816300 440
1816310 441
1816320 443
1816330 444
1816340 446
1816350 448
1816360 450
1816370 451
1816380 453
1816390 454
1816400 455
1816410 457
1816420 458
1816430 459
1816440 460
1816450 461
1816460 461
1816470 461
1816480 462
1816490 462
1816500 463
1816510 463
1816520 464
1816530 464
1816540 465
1816550 465
1816560 465
1816570 464
1816580 464
1816590 463
1816600 463
1816610 462
1816620 460
1816630 459
1816640 457
1816650 456
1816660 453
1816670 451
1816680 448
1816690 445
1816700 443
1816710 440
1816720 438
1816730 436
1816740 435
1816750 433
1816760 432
1816770 432
1816780 433
1816790 434
1816800 436
1816810 438
1816820 440
1816830 443
1816840 445
1816850 447
1816860 448
1816870 449
1816880 451
1816890 452
1816900 454
1816910 455
1816920 456
1816930 458
1816940 459
1816950 459
1816960 459
1816970 459
1816980 459
1816990 459
1817000 459
1817010 459
1817020 459
1817030 460
1817040 460
1817050 460
1817060 460
1817070 460
1817080 460
1817090 459
1817100 459
1817110 459
1817120 459
1817130 459
1817140 459
1817150 459
1817160 458
1817170 458
1817180 458
1817190 458
1817200 458
1817210 457
1817220 457
1817230 457
1817240 457
1817250 456
1817260 456
1817270 456
1817280 455
1817290 454
1817300 453
1817310 452
1817320 451
1817330 450
1817340 449
1817350 448
1817360 447
1817370 445
1817380 444
1817390 443
1817400 442
1817410 441
1817420 439
1817430 438
1817440 437
1817450 436
1817460 434
1817470 433
1817480 432
1817490 431
1817500 429
1817510 428
1817520 427
1817530 425
1817540 424
1817550 424
1817560 423
1817570 422
1817580 420
1817590 417
1817600 414
1817610 413
1817620 412
1817630 413
1817640 413
1817650 414
1817660 414
1817670 414
1817680 414
1817690 415
1817700 416
1817710 417
1817720 418
1817730 420
1817740 422
1817750 424
1817760 425
1817770 426
1817780 426
1817790 426
1817800 425
1817810 424
1817820 424
1817830 425
1817840 426
1817850 428
1817860 429
1817870 431
1817880 434
1817890 436
1817900 438
1817910 439
1817920 441
1817930 442
1817940 443
1817950 444
1817960 445
1817970 445
1817980 446
1817990 446
1818000 446
1818010 446
1818020 446
1818030 446
1818040 446
1818050 446
1818060 446
1818070 445
1818080 445
1818090 445
1818100 444
1818110 443
1818120 442
1818130 442
1818140 441
1818150 439
1818160 436
1818170 433
1818180 430
1818190 427
1818200 424
1818210 420
1818220 418
1818230 415
1818240 412
1818250 410
1818260 408
1818270 406
1818280 405
1818290 404
1818300 402
1818310 399
1818320 397
1818330 396
1818340 395
1818350 394
1818360 394
1818370 394
1818380 394
1818390 393
1818400 393
1818410 394
1818420 394
1818430 394
1818440 394
1818450 394
1818460 394
1818470 394
1818480 394
1818490 394
1818500 394
1818510 395
1818520 397
1818530 400
1818540 404
1818550 406
1818560 408
1818570 409
1818580 411
1818590 412
1818600 414
1818610 415
1818620 416
1818630 417
1818640 418
1818650 420
1818660 421
1818670 422
1818680 423
1818690 425
1818700 426
1818710 428
1818720 430
1818730 431
1818740 433
1818750 435
1818760 437
1818770 440
1818780 442
1818790 444
1818800 446
1818810 448
1818820 451
1818830 453
1818840 456
1818850 458
1818860 461
1818870 463
1818880 466
1818890 468
1818900 471
1818910 473
1818920 476
1818930 478
1818940 481
1818950 483
1818960 486
1818970 489
1818980 491
1818990 494
1819000 496
1819010 499
1819020 501
1819030 503
1819040 505
1819050 507
1819060 508
1819070 509
1819080 510
1819090 511
1819100 512
1819110 513
1819120 514
1819130 514
1819140 515
1819150 515
1819160 515
1819170 515
1819180 514
1819190 513
1819200 509
1819210 506
1819220 502
1819230 499
1819240 495
1819250 492
1819260 490
1819270 487
1819280 485
1819290 483
1819300 482
1819310 480
1819320 478
1819330 477
1819340 476
1819350 474
1819360 473
1819370 470
1819380 468
1819390 465
1819400 462
1819410 459
1819420 457
1819430 454
1819440 452
1819450 449
1819460 447
1819470 445
1819480 444
1819490 442
1819500 441
1819510 440
1819520 439
1819530 438
1819540 438
1819550 438
1819560 439
1819570 440
1819580 441
1819590 441
1819600 441
1819610 441
1819620 441
1819630 440
1819640 439
1819650 438
1819660 436
1819670 435
1819680 433
1819690 431
1819700 429
1819710 426
1819720 422
1819730 419
1819740 417
1819750 414
1819760 411
1819770 409
1819780 407
1819790 405
1819800 403
1819810 401
1819820 399
1819830 397
1819840 395
1819850 394
1819860 393
1819870 391
1819880 390
1819890 389
1819900 388
1819910 387
1819920 386
1819930 385
1819940 384
1819950 383
1819960 382
1819970 381
1819980 380
1819990 379
