1800000 558
1800010 559
1800020 560
1800030 559
1800040 558
1800050 557
1800060 557
1800070 556
1800080 555
1800090 554
1800100 553
1800110 553
1800120 552
1800130 552
1800140 551
1800150 551
1800160 551
1800170 551
1800180 551
1800190 551
1800200 551
1800210 552
1800220 552
1800230 553
1800240 553
1800250 553
1800260 553
1800270 553
1800280 553
1800290 553
1800300 553
1800310 553
1800320 554
1800330 554
1800340 555
1800350 555
1800360 556
1800370 557
1800380 557
1800390 557
1800400 557
1800410 556
1800420 555
1800430 554
1800440 553
1800450 552
1800460 551
1800470 551
1800480 550
1800490 549
1800500 548
1800510 546
1800520 545
1800530 543
1800540 542
1800550 539
1800560 537
1800570 535
1800580 534
1800590 533
1800600 531
1800610 530
1800620 529
1800630 528
1800640 526
1800650 525
1800660 523
1800670 521
1800680 519
1800690 517
1800700 515
1800710 513
1800720 510
1800730 508
1800740 506
1800750 504
1800760 501
1800770 499
1800780 496
1800790 494
1800800 491
1800810 489
1800820 486
1800830 483
1800840 480
1800850 477
1800860 475
1800870 472
1800880 470
1800890 467
1800900 465
1800910 462
1800920 459
1800930 457
1800940 456
1800950 455
1800960 454
1800970 453
1800980 452
1800990 450
1801000 449
1801010 448
1801020 446
1801030 445
1801040 444
1801050 444
1801060 443
1801070 442
1801080 441
1801090 440
1801100 439
1801110 438
1801120 436
1801130 436
1801140 436
1801150 436
1801160 435
1801170 435
1801180 435
1801190 434
1801200 433
1801210 431
1801220 429
1801230 428
1801240 428
1801250 427
1801260 429
1801270 431
1801280 435
1801290 439
1801300 444
1801310 448
1801320 451
1801330 454
1801340 457
1801350 461
1801360 464
1801370 468
1801380 472
1801390 476
1801400 480
1801410 485
1801420 490
1801430 495
1801440 501
1801450 509
1801460 519
1801470 526
1801480 531
1801490 534
1801500 537
1801510 540
1801520 543
1801530 548
1801540 553
1801550 557
1801560 556
1801570 557
1801580 558
1801590 560
1801600 561
1801610 562
1801620 562
1801630 562
1801640 563
1801650 563
1801660 563
1801670 564
1801680 565
1801690 565
1801700 566
1801710 567
1801720 567
1801730 568
1801740 570
1801750 571
1801760 572
1801770 573
1801780 574
1801790 575
1801800 576
1801810 577
1801820 579
1801830 580
1801840 582
1801850 583
1801860 584
1801870 585
1801880 584
1801890 584
1801900 582
1801910 580
1801920 578
1801930 576
1801940 575
1801950 573
1801960 571
1801970 570
1801980 569
1801990 567
1802000 566
1802010 565
1802020 564
1802030 564
1802040 563
1802050 563
1802060 563
1802070 563
1802080 563
1802090 563
1802100 562
1802110 561
1802120 559
1802130 558
1802140 557
1802150 557
1802160 556
1802170 556
1802180 554
1802190 552
1802200 549
1802210 547
1802220 545
1802230 544
1802240 543
1802250 543
1802260 543
1802270 543
1802280 544
1802290 545
1802300 545
1802310 546
1802320 546
1802330 546
1802340 547
1802350 547
1802360 547
1802370 547
1802380 547
1802390 547
1802400 547
1802410 548
1802420 548
1802430 547
1802440 547
1802450 546
1802460 544
1802470 543
1802480 542
1802490 541
1802500 541
1802510 541
1802520 540
1802530 540
1802540 540
1802550 541
1802560 542
1802570 544
1802580 547
1802590 549
1802600 552
1802610 554
1802620 557
1802630 559
1802640 562
1802650 564
1802660 567
1802670 570
1802680 573
1802690 575
1802700 575
1802710 576
1802720 576
1802730 575
1802740 574
1802750 573
1802760 572
1802770 570
1802780 570
1802790 569
1802800 568
1802810 567
1802820 566
1802830 566
1802840 565
1802850 564
1802860 563
1802870 563
1802880 562
1802890 562
1802900 562
1802910 562
1802920 563
1802930 563
1802940 564
1802950 565
1802960 566
1802970 566
1802980 565
1802990 565
1803000 564
1803010 564
1803020 563
1803030 562
1803040 562
1803050 561
1803060 560
1803070 559
1803080 558
1803090 558
1803100 557
1803110 556
1803120 556
1803130 556
1803140 556
1803150 556
1803160 556
1803170 556
1803180 556
1803190 555
1803200 555
1803210 554
1803220 554
1803230 555
1803240 555
1803250 556
1803260 556
1803270 556
1803280 556
1803290 556
1803300 556
1803310 556
1803320 556
1803330 555
1803340 554
1803350 552
1803360 551
1803370 550
1803380 548
1803390 546
1803400 545
1803410 542
1803420 540
1803430 538
1803440 535
1803450 533
1803460 529
1803470 526
1803480 523
1803490 520
1803500 517
1803510 515
1803520 512
1803530 510
1803540 509
1803550 506
1803560 504
1803570 502
1803580 500
1803590 498
1803600 496
1803610 495
1803620 494
1803630 494
1803640 493
1803650 492
1803660 491
1803670 490
1803680 490
1803690 490
1803700 490
1803710 490
1803720 489
1803730 488
1803740 487
1803750 486
1803760 485
1803770 483
1803780 482
1803790 480
1803800 478
1803810 477
1803820 475
1803830 474
1803840 472
1803850 471
1803860 470
1803870 468
1803880 467
1803890 466
1803900 464
1803910 463
1803920 461
1803930 460
1803940 458
1803950 456
1803960 455
1803970 453
1803980 452
1803990 450
1804000 449
1804010 447
1804020 445
1804030 443
1804040 440
1804050 439
1804060 438
1804070 439
1804080 439
1804090 439
1804100 439
1804110 439
1804120 440
1804130 440
1804140 441
1804150 441
1804160 442
1804170 442
1804180 442
1804190 443
1804200 443
1804210 445
1804220 448
1804230 451
1804240 453
1804250 456
1804260 459
1804270 461
1804280 464
1804290 467
1804300 469
1804310 472
1804320 474
1804330 476
1804340 478
1804350 480
1804360 483
1804370 485
1804380 488
1804390 490
1804400 493
1804410 495
1804420 497
1804430 500
1804440 502
1804450 503
1804460 505
1804470 505
1804480 506
1804490 506
1804500 507
1804510 508
1804520 509
1804530 510
1804540 511
1804550 511
1804560 512
1804570 513
1804580 514
1804590 514
1804600 515
1804610 516
1804620 517
1804630 518
1804640 519
1804650 520
1804660 521
1804670 522
1804680 523
1804690 524
1804700 525
1804710 526
1804720 527
1804730 527
1804740 528
1804750 529
1804760 530
1804770 531
1804780 532
1804790 532
1804800 533
1804810 534
1804820 535
1804830 536
1804840 537
1804850 538
1804860 540
1804870 541
1804880 542
1804890 544
1804900 545
1804910 547
1804920 548
1804930 550
1804940 551
1804950 553
1804960 554
1804970 555
1804980 556
1804990 557
1805000 558
1805010 559
1805020 560
1805030 561
1805040 562
1805050 563
1805060 564
1805070 564
1805080 565
1805090 566
1805100 567
1805110 568
1805120 570
1805130 571
1805140 572
1805150 573
1805160 575
1805170 576
1805180 577
1805190 577
1805200 578
1805210 579
1805220 579
1805230 579
1805240 579
1805250 579
1805260 578
1805270 578
1805280 577
1805290 576
1805300 575
1805310 575
1805320 574
1805330 573
1805340 572
1805350 571
1805360 570
1805370 570
1805380 569
1805390 568
1805400 567
1805410 565
1805420 564
1805430 564
1805440 563
1805450 562
1805460 562
1805470 562
1805480 562
1805490 562
1805500 562
1805510 561
1805520 561
1805530 561
1805540 561
1805550 561
1805560 561
1805570 561
1805580 561
1805590 561
1805600 562
1805610 562
1805620 562
1805630 562
1805640 562
1805650 562
1805660 562
1805670 562
1805680 561
1805690 560
1805700 559
1805710 558
1805720 556
1805730 554
1805740 552
1805750 549
1805760 547
1805770 544
1805780 542
1805790 539
1805800 536
1805810 532
1805820 530
1805830 526
1805840 524
1805850 525
1805860 527
1805870 530
1805880 532
1805890 533
1805900 535
1805910 536
1805920 538
1805930 540
1805940 543
1805950 545
1805960 547
1805970 550
1805980 552
1805990 554
1806000 556
1806010 557
1806020 558
1806030 559
1806040 559
1806050 559
1806060 559
1806070 559
1806080 559
1806090 559
1806100 559
1806110 559
1806120 559
1806130 559
1806140 559
1806150 559
1806160 559
1806170 559
1806180 559
1806190 558
1806200 558
1806210 557
1806220 557
1806230 556
1806240 555
1806250 555
1806260 554
1806270 553
1806280 552
1806290 552
1806300 551
1806310 550
1806320 549
1806330 548
1806340 547
1806350 546
1806360 545
1806370 544
1806380 543
1806390 542
1806400 541
1806410 540
1806420 539
1806430 538
1806440 536
1806450 535
1806460 533
1806470 530
1806480 528
1806490 526
1806500 524
1806510 522
1806520 520
1806530 518
1806540 517
1806550 515
1806560 514
1806570 512
1806580 511
1806590 509
1806600 507
1806610 505
1806620 503
1806630 501
1806640 498
1806650 496
1806660 493
1806670 490
1806680 488
1806690 486
1806700 485
1806710 483
1806720 482
1806730 480
1806740 479
1806750 477
1806760 476
1806770 475
1806780 473
1806790 472
1806800 470
1806810 468
1806820 466
1806830 465
1806840 463
1806850 462
1806860 461
1806870 460
1806880 459
1806890 458
1806900 456
1806910 455
1806920 454
1806930 453
1806940 452
1806950 451
1806960 450
1806970 449
1806980 447
1806990 446
1807000 445
1807010 445
1807020 444
1807030 443
1807040 442
1807050 442
1807060 441
1807070 441
1807080 440
1807090 440
1807100 440
1807110 441
1807120 441
1807130 441
1807140 441
1807150 441
1807160 441
1807170 441
1807180 441
1807190 441
1807200 441
1807210 441
1807220 441
1807230 442
1807240 441
1807250 441
1807260 441
1807270 442
1807280 442
1807290 442
1807300 442
1807310 444
1807320 446
1807330 450
1807340 453
1807350 455
1807360 456
1807370 456
1807380 456
1807390 456
1807400 455
1807410 455
1807420 454
1807430 453
1807440 452
1807450 451
1807460 450
1807470 450
1807480 450
1807490 450
1807500 450
1807510 451
1807520 451
1807530 451
1807540 452
1807550 453
1807560 454
1807570 457
1807580 460
1807590 463
1807600 467
1807610 470
1807620 474
1807630 478
1807640 481
1807650 483
1807660 486
1807670 489
1807680 492
1807690 496
1807700 498
1807710 499
1807720 500
1807730 501
1807740 502
1807750 503
1807760 504
1807770 504
1807780 505
1807790 505
1807800 505
1807810 506
1807820 506
1807830 506
1807840 507
1807850 507
1807860 507
1807870 507
1807880 508
1807890 508
1807900 508
1807910 508
1807920 508
1807930 508
1807940 507
1807950 507
1807960 508
1807970 508
1807980 509
1807990 510
1808000 511
1808010 512
1808020 514
1808030 515
1808040 516
1808050 517
1808060 519
1808070 520
1808080 521
1808090 522
1808100 523
1808110 525
1808120 526
1808130 527
1808140 528
1808150 529
1808160 530
1808170 531
1808180 533
1808190 534
1808200 535
1808210 536
1808220 537
1808230 539
1808240 540
1808250 541
1808260 543
1808270 544
1808280 546
1808290 547
1808300 549
1808310 550
1808320 551
1808330 553
1808340 554
1808350 555
1808360 556
1808370 557
1808380 558
1808390 559
1808400 559
1808410 560
1808420 560
1808430 560
1808440 560
1808450 560
1808460 560
1808470 559
1808480 559
1808490 559
1808500 558
1808510 558
1808520 558
1808530 557
1808540 556
1808550 556
1808560 555
1808570 555
1808580 554
1808590 554
1808600 553
1808610 552
1808620 552
1808630 551
1808640 551
1808650 550
1808660 549
1808670 548
1808680 547
1808690 546
1808700 545
1808710 544
1808720 543
1808730 542
1808740 541
1808750 539
1808760 538
1808770 537
1808780 535
1808790 534
1808800 533
1808810 532
1808820 531
1808830 530
1808840 530
1808850 530
1808860 530
1808870 529
1808880 528
1808890 527
1808900 525
1808910 524
1808920 522
1808930 520
1808940 518
1808950 516
1808960 514
1808970 513
1808980 511
1808990 509
1809000 508
1809010 506
1809020 504
1809030 503
1809040 501
1809050 500
1809060 498
1809070 496
1809080 493
1809090 492
1809100 492
1809110 492
1809120 493
1809130 493
1809140 494
1809150 495
1809160 496
1809170 497
1809180 499
1809190 500
1809200 502
1809210 503
1809220 505
1809230 506
1809240 508
1809250 510
1809260 512
1809270 513
1809280 514
1809290 512
1809300 510
1809310 508
1809320 506
1809330 504
1809340 503
1809350 502
1809360 501
1809370 499
1809380 498
1809390 497
1809400 496
1809410 494
1809420 494
1809430 494
1809440 495
1809450 497
1809460 498
1809470 500
1809480 502
1809490 504
1809500 506
1809510 508
1809520 510
1809530 511
1809540 511
1809550 511
1809560 510
1809570 509
1809580 508
1809590 507
1809600 508
1809610 509
1809620 512
1809630 515
1809640 517
1809650 518
1809660 519
1809670 519
1809680 520
1809690 520
1809700 521
1809710 521
1809720 523
1809730 525
1809740 527
1809750 529
1809760 531
1809770 533
1809780 536
1809790 539
1809800 542
1809810 545
1809820 548
1809830 551
1809840 554
1809850 558
1809860 561
1809870 564
1809880 567
1809890 570
1809900 572
1809910 575
1809920 578
1809930 581
1809940 584
1809950 587
1809960 589
1809970 592
1809980 594
1809990 595
1810000 595
1810010 594
1810020 594
1810030 593
1810040 592
1810050 590
1810060 589
1810070 587
1810080 585
1810090 583
1810100 581
1810110 579
1810120 577
1810130 575
1810140 573
1810150 572
1810160 570
1810170 569
1810180 567
1810190 566
1810200 564
1810210 563
1810220 561
1810230 560
1810240 558
1810250 557
1810260 555
1810270 553
1810280 550
1810290 547
1810300 545
1810310 544
1810320 545
1810330 546
1810340 550
1810350 554
1810360 557
1810370 559
1810380 561
1810390 563
1810400 564
1810410 565
1810420 566
1810430 567
1810440 567
1810450 567
1810460 567
1810470 567
1810480 566
1810490 563
1810500 560
1810510 557
1810520 555
1810530 555
1810540 556
1810550 558
1810560 559
1810570 561
1810580 564
1810590 566
1810600 568
1810610 571
1810620 572
1810630 574
1810640 575
1810650 576
1810660 578
1810670 579
1810680 580
1810690 581
1810700 583
1810710 584
1810720 586
1810730 587
1810740 589
1810750 590
1810760 591
1810770 592
1810780 593
1810790 593
1810800 594
1810810 594
1810820 594
1810830 594
1810840 594
1810850 593
1810860 593
1810870 593
1810880 592
1810890 592
1810900 593
1810910 593
1810920 593
1810930 593
1810940 593
1810950 593
1810960 593
1810970 594
1810980 594
1810990 594
1811000 594
1811010 595
1811020 595
1811030 595
1811040 596
1811050 596
1811060 596
1811070 597
1811080 597
1811090 597
1811100 597
1811110 598
1811120 598
1811130 598
1811140 598
1811150 598
1811160 598
1811170 599
1811180 599
1811190 599
1811200 599
1811210 598
1811220 598
1811230 598
1811240 597
1811250 597
1811260 596
1811270 595
1811280 595
1811290 594
1811300 593
1811310 593
1811320 593
1811330 594
1811340 595
1811350 597
1811360 599
1811370 601
1811380 603
1811390 604
1811400 606
1811410 607
1811420 607
1811430 608
1811440 608
1811450 609
1811460 609
1811470 610
1811480 610
1811490 610
1811500 610
1811510 610
1811520 609
1811530 609
1811540 609
1811550 609
1811560 609
1811570 609
1811580 609
1811590 609
1811600 609
1811610 609
1811620 609
1811630 609
1811640 609
1811650 609
1811660 610
1811670 610
1811680 610
1811690 610
1811700 610
1811710 611
1811720 611
1811730 611
1811740 612
1811750 612
1811760 613
1811770 614
1811780 615
1811790 615
1811800 616
1811810 617
1811820 618
1811830 620
1811840 621
1811850 622
1811860 624
1811870 625
1811880 626
1811890 627
1811900 628
1811910 629
1811920 630
1811930 630
1811940 630
1811950 630
1811960 630
1811970 630
1811980 630
1811990 630
1812000 630
1812010 630
1812020 630
1812030 630
1812040 630
1812050 630
1812060 629
1812070 629
1812080 628
1812090 628
1812100 627
1812110 627
1812120 626
1812130 625
1812140 625
1812150 624
1812160 624
1812170 623
1812180 623
1812190 623
1812200 622
1812210 622
1812220 621
1812230 621
1812240 621
1812250 621
1812260 621
1812270 622
1812280 622
1812290 623
1812300 623
1812310 624
1812320 625
1812330 625
1812340 626
1812350 626
1812360 626
1812370 627
1812380 627
1812390 627
1812400 627
1812410 628
1812420 628
1812430 628
1812440 628
1812450 629
1812460 629
1812470 629
1812480 629
1812490 630
1812500 630
1812510 630
1812520 630
1812530 629
1812540 629
1812550 629
1812560 629
1812570 629
1812580 628
1812590 628
1812600 628
1812610 627
1812620 627
1812630 627
1812640 626
1812650 626
1812660 626
1812670 626
1812680 625
1812690 625
1812700 625
1812710 625
1812720 624
1812730 625
1812740 625
1812750 625
1812760 625
1812770 625
1812780 625
1812790 626
1812800 626
1812810 626
1812820 627
1812830 627
1812840 627
1812850 628
1812860 628
1812870 628
1812880 629
1812890 630
1812900 631
1812910 632
1812920 633
1812930 633
1812940 634
1812950 635
1812960 635
1812970 636
1812980 637
1812990 638
1813000 639
1813010 640
1813020 641
1813030 642
1813040 643
1813050 644
1813060 644
1813070 645
1813080 645
1813090 645
1813100 645
1813110 645
1813120 645
1813130 644
1813140 644
1813150 644
1813160 643
1813170 643
1813180 643
1813190 642
1813200 642
1813210 642
1813220 642
1813230 642
1813240 641
1813250 641
1813260 642
1813270 642
1813280 642
1813290 642
1813300 642
1813310 642
1813320 643
1813330 642
1813340 642
1813350 642
1813360 643
1813370 643
1813380 643
1813390 643
1813400 644
1813410 644
1813420 644
1813430 645
1813440 645
1813450 646
1813460 647
1813470 648
1813480 649
1813490 649
1813500 650
1813510 650
1813520 650
1813530 650
1813540 650
1813550 650
1813560 650
1813570 649
1813580 649
1813590 649
1813600 649
1813610 649
1813620 649
1813630 649
1813640 649
1813650 649
1813660 648
1813670 648
1813680 648
1813690 647
1813700 647
1813710 646
1813720 646
1813730 646
1813740 645
1813750 644
1813760 644
1813770 643
1813780 643
1813790 642
1813800 641
1813810 640
1813820 640
1813830 639
1813840 638
1813850 638
1813860 637
1813870 636
1813880 636
1813890 635
1813900 634
1813910 634
1813920 633
1813930 633
1813940 632
1813950 631
1813960 630
1813970 630
1813980 629
1813990 628
1814000 627
1814010 626
1814020 626
1814030 625
1814040 623
1814050 622
1814060 621
1814070 620
1814080 618
1814090 617
1814100 616
1814110 615
1814120 614
1814130 613
1814140 612
1814150 611
1814160 610
1814170 610
1814180 609
1814190 609
1814200 610
1814210 610
1814220 610
1814230 610
1814240 610
1814250 610
1814260 609
1814270 608
1814280 608
1814290 607
1814300 606
1814310 605
1814320 605
1814330 604
1814340 603
1814350 602
1814360 601
1814370 601
1814380 600
1814390 599
1814400 598
1814410 597
1814420 596
1814430 595
1814440 594
1814450 593
1814460 592
1814470 591
1814480 591
1814490 590
1814500 589
1814510 589
1814520 589
1814530 589
1814540 590
1814550 591
1814560 592
1814570 592
1814580 592
1814590 593
1814600 593
1814610 593
1814620 593
1814630 592
1814640 592
1814650 592
1814660 591
1814670 590
1814680 589
1814690 588
1814700 587
1814710 586
1814720 585
1814730 584
1814740 583
1814750 582
1814760 581
1814770 579
1814780 578
1814790 577
1814800 576
1814810 575
1814820 573
1814830 572
1814840 571
1814850 570
1814860 569
1814870 568
1814880 567
1814890 566
1814900 565
1814910 564
1814920 563
1814930 562
1814940 561
1814950 560
1814960 559
1814970 558
1814980 556
1814990 555
1815000 553
1815010 551
1815020 548
1815030 546
1815040 544
1815050 541
1815060 539
1815070 537
1815080 536
1815090 534
1815100 532
1815110 531
1815120 527
1815130 525
1815140 523
1815150 524
1815160 524
1815170 526
1815180 527
1815190 527
1815200 528
1815210 529
1815220 530
1815230 530
1815240 531
1815250 531
1815260 531
1815270 531
1815280 531
1815290 531
1815300 531
1815310 531
1815320 530
1815330 530
1815340 529
1815350 529
1815360 528
1815370 527
1815380 526
1815390 525
1815400 523
1815410 522
1815420 521
1815430 520
1815440 519
1815450 518
1815460 517
1815470 516
1815480 515
1815490 513
1815500 514
1815510 517
1815520 518
1815530 519
1815540 520
1815550 522
1815560 524
1815570 525
1815580 527
1815590 529
1815600 530
1815610 531
1815620 531
1815630 531
1815640 531
1815650 531
1815660 531
1815670 530
1815680 529
1815690 529
1815700 530
1815710 531
1815720 532
1815730 533
1815740 533
1815750 534
1815760 534
1815770 534
1815780 535
1815790 536
1815800 537
1815810 537
1815820 537
1815830 536
1815840 535
1815850 534
1815860 533
1815870 531
1815880 529
1815890 527
1815900 526
1815910 524
1815920 523
1815930 522
1815940 524
1815950 524
1815960 525
1815970 526
1815980 527
1815990 529
1816000 530
1816010 531
1816020 531
1816030 532
1816040 533
1816050 534
1816060 535
1816070 537
1816080 538
1816090 540
1816100 541
1816110 543
1816120 543
1816130 544
1816140 544
1816150 544
1816160 544
1816170 544
1816180 545
1816190 546
1816200 547
1816210 548
1816220 550
1816230 551
1816240 553
1816250 554
1816260 556
1816270 558
1816280 559
1816290 559
1816300 560
1816310 560
1816320 560
1816330 559
1816340 559
1816350 558
1816360 557
1816370 556
1816380 555
1816390 553
1816400 552
1816410 550
1816420 549
1816430 547
1816440 546
1816450 544
1816460 542
1816470 541
1816480 539
1816490 537
1816500 536
1816510 534
1816520 533
1816530 530
1816540 528
1816550 526
1816560 523
1816570 521
1816580 519
1816590 516
1816600 514
1816610 511
1816620 509
1816630 506
1816640 503
1816650 500
1816660 497
1816670 494
1816680 492
1816690 489
1816700 487
1816710 484
1816720 481
1816730 479
1816740 477
1816750 475
1816760 475
1816770 475
1816780 475
1816790 476
1816800 477
1816810 478
1816820 478
1816830 479
1816840 478
1816850 478
1816860 477
1816870 476
1816880 474
1816890 473
1816900 471
1816910 469
1816920 467
1816930 464
1816940 462
1816950 460
1816960 457
1816970 455
1816980 452
1816990 450
1817000 447
1817010 444
1817020 441
1817030 438
1817040 435
1817050 432
1817060 429
1817070 426
1817080 424
1817090 424
1817100 423
1817110 423
1817120 423
1817130 423
1817140 423
1817150 423
1817160 423
1817170 423
1817180 423
1817190 423
1817200 423
1817210 425
1817220 426
1817230 427
1817240 428
1817250 430
1817260 431
1817270 432
1817280 433
1817290 434
1817300 436
1817310 437
1817320 438
1817330 439
1817340 440
1817350 441
1817360 443
1817370 444
1817380 445
1817390 447
1817400 448
1817410 449
1817420 450
1817430 451
1817440 452
1817450 453
1817460 454
1817470 455
1817480 456
1817490 457
1817500 458
1817510 460
1817520 461
1817530 462
1817540 463
1817550 464
1817560 465
1817570 466
1817580 467
1817590 468
1817600 469
1817610 469
1817620 470
1817630 471
1817640 472
1817650 473
1817660 474
1817670 475
1817680 476
1817690 477
1817700 478
1817710 479
1817720 479
1817730 477
1817740 476
1817750 475
1817760 474
1817770 472
1817780 471
1817790 469
1817800 468
1817810 466
1817820 464
1817830 462
1817840 460
1817850 459
1817860 457
1817870 455
1817880 453
1817890 452
1817900 450
1817910 448
1817920 446
1817930 444
1817940 442
1817950 440
1817960 438
1817970 436
1817980 434
1817990 432
1818000 430
1818010 429
1818020 427
1818030 426
1818040 424
1818050 423
1818060 421
1818070 420
1818080 419
1818090 419
1818100 419
1818110 418
1818120 418
1818130 420
1818140 423
1818150 427
1818160 432
1818170 437
1818180 442
1818190 446
1818200 450
1818210 454
1818220 458
1818230 463
1818240 467
1818250 470
1818260 474
1818270 477
1818280 480
1818290 483
1818300 485
1818310 488
1818320 490
1818330 492
1818340 494
1818350 496
1818360 497
1818370 498
1818380 498
1818390 498
1818400 497
1818410 497
1818420 497
1818430 496
1818440 496
1818450 495
1818460 494
1818470 494
1818480 494
1818490 494
1818500 493
1818510 492
1818520 491
1818530 490
1818540 488
1818550 487
1818560 485
1818570 483
1818580 481
1818590 479
1818600 478
1818610 477
1818620 476
1818630 475
1818640 475
1818650 474
1818660 474
1818670 472
1818680 471
1818690 469
1818700 468
1818710 467
1818720 466
1818730 465
1818740 463
1818750 462
1818760 461
1818770 460
1818780 459
1818790 457
1818800 456
1818810 454
1818820 453
1818830 453
1818840 453
1818850 453
1818860 452
1818870 451
1818880 449
1818890 448
1818900 447
1818910 446
1818920 445
1818930 444
1818940 444
1818950 443
1818960 442
1818970 440
1818980 439
1818990 437
1819000 435
1819010 434
1819020 432
1819030 430
1819040 429
1819050 427
1819060 426
1819070 424
1819080 424
1819090 424
1819100 425
1819110 427
1819120 431
1819130 436
1819140 441
1819150 445
1819160 450
1819170 454
1819180 458
1819190 462
1819200 466
1819210 470
1819220 474
1819230 479
1819240 483
1819250 488
1819260 492
1819270 496
1819280 500
1819290 503
1819300 505
1819310 507
1819320 508
1819330 509
1819340 510
1819350 512
1819360 513
1819370 515
1819380 516
1819390 518
1819400 519
1819410 521
1819420 522
1819430 524
1819440 526
1819450 528
1819460 530
1819470 532
1819480 534
1819490 536
1819500 538
1819510 541
1819520 543
1819530 545
1819540 546
1819550 548
1819560 549
1819570 550
1819580 550
1819590 550
1819600 550
1819610 550
1819620 550
1819630 549
1819640 549
1819650 549
1819660 549
1819670 548
1819680 547
1819690 546
1819700 545
1819710 544
1819720 543
1819730 542
1819740 541
1819750 539
1819760 538
1819770 537
1819780 536
1819790 535
1819800 534
1819810 533
1819820 531
1819830 530
1819840 529
1819850 527
1819860 527
1819870 526
1819880 526
1819890 525
1819900 525
1819910 524
1819920 523
1819930 521
1819940 519
1819950 517
1819960 515
1819970 514
1819980 512
1819990 511
