1800000 449
1800010 449
1800020 449
1800030 449
1800040 448
1800050 447
1800060 446
1800070 445
1800080 444
1800090 443
1800100 441
1800110 440
1800120 438
1800130 437
1800140 435
1800150 434
1800160 432
1800170 431
1800180 429
1800190 428
1800200 425
1800210 422
1800220 419
1800230 416
1800240 412
1800250 408
1800260 404
1800270 400
1800280 397
1800290 395
1800300 395
1800310 394
1800320 394
1800330 394
1800340 394
1800350 394
1800360 395
1800370 395
1800380 395
1800390 395
1800400 395
1800410 395
1800420 395
1800430 395
1800440 395
1800450 395
1800460 395
1800470 395
1800480 395
1800490 395
1800500 395
1800510 395
1800520 395
1800530 395
1800540 395
1800550 396
1800560 396
1800570 396
1800580 396
1800590 396
1800600 396
1800610 396
1800620 396
1800630 396
1800640 396
1800650 396
1800660 396
1800670 396
1800680 396
1800690 397
1800700 397
1800710 397
1800720 397
1800730 397
1800740 397
1800750 397
1800760 398
1800770 398
1800780 398
1800790 398
1800800 398
1800810 398
1800820 398
1800830 398
1800840 398
1800850 398
1800860 398
1800870 398
1800880 398
1800890 398
1800900 398
1800910 398
1800920 398
1800930 398
1800940 398
1800950 398
1800960 398
1800970 398
1800980 399
1800990 399
1801000 399
1801010 399
1801020 400
1801030 400
1801040 401
1801050 402
1801060 402
1801070 402
1801080 402
1801090 402
1801100 401
1801110 401
1801120 401
1801130 401
1801140 400
1801150 400
1801160 400
1801170 400
1801180 400
1801190 400
1801200 400
1801210 400
1801220 400
1801230 401
1801240 401
1801250 401
1801260 402
1801270 402
1801280 402
1801290 402
1801300 402
1801310 402
1801320 402
1801330 402
1801340 403
1801350 403
1801360 402
1801370 402
1801380 402
1801390 402
1801400 402
1801410 402
1801420 402
1801430 402
1801440 402
1801450 402
1801460 402
1801470 402
1801480 401
1801490 401
1801500 401
1801510 401
1801520 401
1801530 401
1801540 401
1801550 401
1801560 401
1801570 401
1801580 401
1801590 401
1801600 401
1801610 401
1801620 401
1801630 401
1801640 401
1801650 401
1801660 401
1801670 402
1801680 402
1801690 402
1801700 402
1801710 402
1801720 402
1801730 402
1801740 402
1801750 402
1801760 403
1801770 403
1801780 403
1801790 403
1801800 403
1801810 403
1801820 403
1801830 403
1801840 403
1801850 404
1801860 404
1801870 404
1801880 404
1801890 404
1801900 404
1801910 404
1801920 404
1801930 404
1801940 404
1801950 404
1801960 404
1801970 405
1801980 405
1801990 405
1802000 405
1802010 405
1802020 405
1802030 405
1802040 405
1802050 406
1802060 406
1802070 406
1802080 406
1802090 407
1802100 407
1802110 407
1802120 407
1802130 407
1802140 408
1802150 408
1802160 408
1802170 408
1802180 408
1802190 408
1802200 407
1802210 407
1802220 407
1802230 407
1802240 407
1802250 407
1802260 407
1802270 407
1802280 407
1802290 407
1802300 407
1802310 407
1802320 407
1802330 407
1802340 407
1802350 407
1802360 407
1802370 407
1802380 407
1802390 407
1802400 407
1802410 407
1802420 407
1802430 407
1802440 407
1802450 407
1802460 407
1802470 407
1802480 408
1802490 408
1802500 408
1802510 408
1802520 408
1802530 408
1802540 408
1802550 408
1802560 408
1802570 408
1802580 408
1802590 408
1802600 408
1802610 408
1802620 408
1802630 408
1802640 408
1802650 408
1802660 408
1802670 408
1802680 408
1802690 408
1802700 408
1802710 408
1802720 408
1802730 408
1802740 408
1802750 408
1802760 409
1802770 409
1802780 409
1802790 409
1802800 409
1802810 409
1802820 409
1802830 409
1802840 409
1802850 409
1802860 409
1802870 409
1802880 409
1802890 409
1802900 409
1802910 409
1802920 409
1802930 409
1802940 409
1802950 409
1802960 409
1802970 409
1802980 410
1802990 410
1803000 410
1803010 410
1803020 410
1803030 410
1803040 410
1803050 410
1803060 410
1803070 411
1803080 411
1803090 412
1803100 413
1803110 414
1803120 415
1803130 416
1803140 417
1803150 418
1803160 419
1803170 420
1803180 422
1803190 425
1803200 428
1803210 432
1803220 435
1803230 436
1803240 438
1803250 440
1803260 441
1803270 442
1803280 444
1803290 445
1803300 447
1803310 448
1803320 449
1803330 449
1803340 448
1803350 445
1803360 443
1803370 442
1803380 441
1803390 440
1803400 440
1803410 439
1803420 439
1803430 439
1803440 439
1803450 439
1803460 439
1803470 439
1803480 439
1803490 437
1803500 436
1803510 435
1803520 434
1803530 433
1803540 432
1803550 432
1803560 432
1803570 431
1803580 430
1803590 429
1803600 428
1803610 427
1803620 426
1803630 424
1803640 423
1803650 421
1803660 419
1803670 417
1803680 417
1803690 417
1803700 417
1803710 417
1803720 417
1803730 417
1803740 417
1803750 417
1803760 417
1803770 417
1803780 417
1803790 417
1803800 418
1803810 418
1803820 418
1803830 417
1803840 418
1803850 418
1803860 418
1803870 418
1803880 418
1803890 418
1803900 419
1803910 419
1803920 419
1803930 419
1803940 418
1803950 418
1803960 418
1803970 417
1803980 417
1803990 417
1804000 417
1804010 417
1804020 418
1804030 418
1804040 418
1804050 418
1804060 418
1804070 418
1804080 418
1804090 418
1804100 418
1804110 418
1804120 418
1804130 418
1804140 418
1804150 419
1804160 419
1804170 419
1804180 419
1804190 419
1804200 419
1804210 419
1804220 419
1804230 419
1804240 419
1804250 419
1804260 419
1804270 419
1804280 419
1804290 420
1804300 420
1804310 420
1804320 419
1804330 419
1804340 419
1804350 421
1804360 423
1804370 426
1804380 427
1804390 428
1804400 429
1804410 430
1804420 430
1804430 431
1804440 431
1804450 432
1804460 433
1804470 433
1804480 434
1804490 435
1804500 435
1804510 436
1804520 436
1804530 437
1804540 437
1804550 438
1804560 438
1804570 439
1804580 439
1804590 440
1804600 442
1804610 443
1804620 443
1804630 444
1804640 445
1804650 445
1804660 445
1804670 444
1804680 443
1804690 442
1804700 441
1804710 441
1804720 440
1804730 439
1804740 437
1804750 436
1804760 435
1804770 436
1804780 436
1804790 437
1804800 437
1804810 438
1804820 439
1804830 439
1804840 440
1804850 440
1804860 441
1804870 441
1804880 441
1804890 442
1804900 442
1804910 442
1804920 442
1804930 443
1804940 443
1804950 444
1804960 444
1804970 445
1804980 445
1804990 444
1805000 444
1805010 444
1805020 443
1805030 443
1805040 443
1805050 443
1805060 443
1805070 443
1805080 442
1805090 441
1805100 440
1805110 439
1805120 438
1805130 437
1805140 435
1805150 433
1805160 431
1805170 429
1805180 428
1805190 427
1805200 427
1805210 427
1805220 426
1805230 426
1805240 425
1805250 425
1805260 425
1805270 425
1805280 425
1805290 425
1805300 425
1805310 425
1805320 425
1805330 425
1805340 425
1805350 426
1805360 426
1805370 426
1805380 426
1805390 426
1805400 426
1805410 426
1805420 426
1805430 426
1805440 426
1805450 426
1805460 426
1805470 426
1805480 427
1805490 427
1805500 427
1805510 427
1805520 427
1805530 427
1805540 427
1805550 428
1805560 428
1805570 428
1805580 428
1805590 428
1805600 428
1805610 428
1805620 428
1805630 428
1805640 429
1805650 429
1805660 429
1805670 429
1805680 429
1805690 429
1805700 429
1805710 429
1805720 429
1805730 429
1805740 429
1805750 429
1805760 429
1805770 429
1805780 429
1805790 429
1805800 429
1805810 429
1805820 429
1805830 429
1805840 430
1805850 430
1805860 430
1805870 430
1805880 430
1805890 430
1805900 430
1805910 430
1805920 430
1805930 430
1805940 430
1805950 430
1805960 430
1805970 430
1805980 431
1805990 431
1806000 431
1806010 431
1806020 431
1806030 432
1806040 432
1806050 432
1806060 431
1806070 431
1806080 431
1806090 432
1806100 432
1806110 432
1806120 432
1806130 433
1806140 433
1806150 434
1806160 435
1806170 435
1806180 435
1806190 435
1806200 435
1806210 434
1806220 434
1806230 434
1806240 434
1806250 433
1806260 433
1806270 433
1806280 433
1806290 433
1806300 433
1806310 433
1806320 433
1806330 434
1806340 434
1806350 434
1806360 434
1806370 435
1806380 435
1806390 435
1806400 436
1806410 437
1806420 438
1806430 439
1806440 441
1806450 443
1806460 444
1806470 446
1806480 447
1806490 449
1806500 451
1806510 452
1806520 450
1806530 448
1806540 446
1806550 445
1806560 445
1806570 445
1806580 445
1806590 445
1806600 446
1806610 447
1806620 449
1806630 451
1806640 453
1806650 455
1806660 457
1806670 459
1806680 461
1806690 463
1806700 465
1806710 467
1806720 469
1806730 471
1806740 473
1806750 474
1806760 476
1806770 478
1806780 480
1806790 482
1806800 485
1806810 488
1806820 491
1806830 493
1806840 495
1806850 498
1806860 500
1806870 503
1806880 505
1806890 507
1806900 509
1806910 511
1806920 513
1806930 514
1806940 516
1806950 518
1806960 519
1806970 521
1806980 523
1806990 524
1807000 526
1807010 528
1807020 529
1807030 530
1807040 531
1807050 532
1807060 533
1807070 534
1807080 535
1807090 537
1807100 538
1807110 540
1807120 542
1807130 543
1807140 545
1807150 546
1807160 547
1807170 548
1807180 550
1807190 551
1807200 552
1807210 554
1807220 555
1807230 556
1807240 556
1807250 557
1807260 558
1807270 558
1807280 558
1807290 559
1807300 560
1807310 561
1807320 561
1807330 562
1807340 563
1807350 563
1807360 564
1807370 564
1807380 564
1807390 565
1807400 565
1807410 565
1807420 565
1807430 565
1807440 565
1807450 565
1807460 565
1807470 565
1807480 565
1807490 564
1807500 563
1807510 563
1807520 562
1807530 562
1807540 561
1807550 560
1807560 559
1807570 558
1807580 557
1807590 556
1807600 555
1807610 555
1807620 554
1807630 553
1807640 552
1807650 551
1807660 550
1807670 549
1807680 548
1807690 547
1807700 545
1807710 541
1807720 538
1807730 535
1807740 535
1807750 537
1807760 539
1807770 542
1807780 544
1807790 545
1807800 547
1807810 548
1807820 549
1807830 550
1807840 552
1807850 553
1807860 554
1807870 556
1807880 557
1807890 558
1807900 559
1807910 561
1807920 561
1807930 562
1807940 563
1807950 564
1807960 565
1807970 565
1807980 565
1807990 565
1808000 565
1808010 564
1808020 564
1808030 563
1808040 562
1808050 561
1808060 560
1808070 559
1808080 557
1808090 556
1808100 555
1808110 553
1808120 552
1808130 551
1808140 550
1808150 550
1808160 549
1808170 549
1808180 548
1808190 547
1808200 546
1808210 544
1808220 542
1808230 539
1808240 534
1808250 532
1808260 532
1808270 535
1808280 538
1808290 540
1808300 542
1808310 543
1808320 545
1808330 546
1808340 546
1808350 547
1808360 547
1808370 546
1808380 545
1808390 547
1808400 549
1808410 551
1808420 553
1808430 554
1808440 555
1808450 557
1808460 558
1808470 559
1808480 561
1808490 562
1808500 564
1808510 565
1808520 566
1808530 567
1808540 568
1808550 569
1808560 570
1808570 570
1808580 571
1808590 572
1808600 573
1808610 574
1808620 575
1808630 576
1808640 577
1808650 578
1808660 579
1808670 580
1808680 581
1808690 582
1808700 583
1808710 584
1808720 585
1808730 586
1808740 588
1808750 589
1808760 591
1808770 592
1808780 593
1808790 594
1808800 595
1808810 595
1808820 594
1808830 593
1808840 593
1808850 592
1808860 590
1808870 589
1808880 588
1808890 587
1808900 585
1808910 584
1808920 582
1808930 580
1808940 578
1808950 576
1808960 574
1808970 572
1808980 570
1808990 568
1809000 566
1809010 564
1809020 562
1809030 560
1809040 558
1809050 556
1809060 554
1809070 552
1809080 550
1809090 548
1809100 546
1809110 545
1809120 543
1809130 541
1809140 540
1809150 538
1809160 537
1809170 535
1809180 533
1809190 531
1809200 529
1809210 527
1809220 525
1809230 525
1809240 527
1809250 530
1809260 534
1809270 538
1809280 542
1809290 545
1809300 548
1809310 552
1809320 555
1809330 559
1809340 562
1809350 566
1809360 569
1809370 572
1809380 574
1809390 575
1809400 577
1809410 578
1809420 579
1809430 580
1809440 581
1809450 581
1809460 582
1809470 582
1809480 582
1809490 582
1809500 581
1809510 581
1809520 580
1809530 579
1809540 578
1809550 577
1809560 576
1809570 576
1809580 576
1809590 576
1809600 576
1809610 577
1809620 578
1809630 578
1809640 578
1809650 577
1809660 576
1809670 575
1809680 575
1809690 574
1809700 573
1809710 572
1809720 572
1809730 571
1809740 570
1809750 569
1809760 568
1809770 567
1809780 566
1809790 565
1809800 565
1809810 564
1809820 562
1809830 560
1809840 558
1809850 557
1809860 558
1809870 561
1809880 564
1809890 565
1809900 567
1809910 569
1809920 570
1809930 572
1809940 574
1809950 576
1809960 578
1809970 580
1809980 582
1809990 584
1810000 585
1810010 587
1810020 588
1810030 588
1810040 589
1810050 589
1810060 590
1810070 590
1810080 590
1810090 590
1810100 590
1810110 590
1810120 589
1810130 589
1810140 589
1810150 589
1810160 588
1810170 588
1810180 588
1810190 589
1810200 589
1810210 590
1810220 591
1810230 593
1810240 594
1810250 595
1810260 596
1810270 598
1810280 599
1810290 600
1810300 601
1810310 602
1810320 603
1810330 605
1810340 606
1810350 607
1810360 608
1810370 609
1810380 611
1810390 612
1810400 613
1810410 614
1810420 614
1810430 615
1810440 616
1810450 617
1810460 617
1810470 618
1810480 619
1810490 619
1810500 619
1810510 620
1810520 620
1810530 621
1810540 621
1810550 621
1810560 621
1810570 621
1810580 621
1810590 621
1810600 621
1810610 621
1810620 621
1810630 621
1810640 621
1810650 621
1810660 621
1810670 621
1810680 621
1810690 621
1810700 621
1810710 622
1810720 622
1810730 622
1810740 623
1810750 623
1810760 624
1810770 624
1810780 625
1810790 626
1810800 626
1810810 627
1810820 628
1810830 629
1810840 630
1810850 631
1810860 633
1810870 634
1810880 635
1810890 636
1810900 637
1810910 638
1810920 639
1810930 640
1810940 641
1810950 642
1810960 642
1810970 642
1810980 643
1810990 643
1811000 643
1811010 643
1811020 643
1811030 643
1811040 643
1811050 643
1811060 643
1811070 643
1811080 644
1811090 644
1811100 644
1811110 645
1811120 645
1811130 645
1811140 645
1811150 645
1811160 645
1811170 645
1811180 645
1811190 645
1811200 645
1811210 645
1811220 645
1811230 644
1811240 644
1811250 643
1811260 643
1811270 642
1811280 641
1811290 641
1811300 640
1811310 640
1811320 640
1811330 640
1811340 640
1811350 640
1811360 640
1811370 641
1811380 641
1811390 641
1811400 641
1811410 641
1811420 642
1811430 642
1811440 643
1811450 644
1811460 645
1811470 646
1811480 647
1811490 648
1811500 649
1811510 649
1811520 650
1811530 650
1811540 651
1811550 651
1811560 651
1811570 651
1811580 651
1811590 651
1811600 651
1811610 651
1811620 651
1811630 650
1811640 650
1811650 650
1811660 650
1811670 650
1811680 650
1811690 650
1811700 649
1811710 649
1811720 648
1811730 647
1811740 646
1811750 646
1811760 645
1811770 644
1811780 643
1811790 642
1811800 641
1811810 640
1811820 639
1811830 638
1811840 637
1811850 636
1811860 635
1811870 635
1811880 634
1811890 633
1811900 632
1811910 631
1811920 630
1811930 630
1811940 629
1811950 628
1811960 628
1811970 627
1811980 627
1811990 627
1812000 627
1812010 627
1812020 626
1812030 626
1812040 625
1812050 624
1812060 624
1812070 623
1812080 623
1812090 622
1812100 622
1812110 622
1812120 622
1812130 621
1812140 621
1812150 621
1812160 620
1812170 620
1812180 619
1812190 619
1812200 619
1812210 619
1812220 619
1812230 619
1812240 620
1812250 621
1812260 622
1812270 623
1812280 624
1812290 625
1812300 626
1812310 627
1812320 627
1812330 628
1812340 628
1812350 629
1812360 630
1812370 630
1812380 630
1812390 630
1812400 631
1812410 631
1812420 631
1812430 631
1812440 631
1812450 632
1812460 632
1812470 632
1812480 633
1812490 633
1812500 633
1812510 633
1812520 634
1812530 634
1812540 634
1812550 635
1812560 635
1812570 636
1812580 636
1812590 636
1812600 637
1812610 637
1812620 637
1812630 638
1812640 638
1812650 638
1812660 637
1812670 637
1812680 637
1812690 636
1812700 636
1812710 636
1812720 635
1812730 635
1812740 634
1812750 634
1812760 633
1812770 632
1812780 631
1812790 631
1812800 630
1812810 629
1812820 628
1812830 627
1812840 626
1812850 625
1812860 624
1812870 624
1812880 623
1812890 623
1812900 622
1812910 622
1812920 621
1812930 620
1812940 619
1812950 618
1812960 617
1812970 616
1812980 616
1812990 615
1813000 615
1813010 615
1813020 615
1813030 615
1813040 616
1813050 616
1813060 616
1813070 616
1813080 616
1813090 615
1813100 615
1813110 615
1813120 615
1813130 614
1813140 614
1813150 613
1813160 613
1813170 612
1813180 611
1813190 610
1813200 609
1813210 607
1813220 605
1813230 603
1813240 600
1813250 598
1813260 596
1813270 595
1813280 592
1813290 590
1813300 587
1813310 583
1813320 578
1813330 576
1813340 575
1813350 575
1813360 574
1813370 573
1813380 572
1813390 572
1813400 570
1813410 567
1813420 566
1813430 565
1813440 564
1813450 564
1813460 565
1813470 567
1813480 569
1813490 570
1813500 570
1813510 569
1813520 569
1813530 568
1813540 567
1813550 566
1813560 565
1813570 564
1813580 564
1813590 564
1813600 564
1813610 563
1813620 561
1813630 559
1813640 556
1813650 553
1813660 551
1813670 551
1813680 551
1813690 552
1813700 552
1813710 553
1813720 553
1813730 554
1813740 555
1813750 557
1813760 558
1813770 559
1813780 560
1813790 562
1813800 563
1813810 564
1813820 565
1813830 567
1813840 568
1813850 569
1813860 569
1813870 568
1813880 567
1813890 565
1813900 562
1813910 560
1813920 559
1813930 557
1813940 554
1813950 556
1813960 560
1813970 562
1813980 564
1813990 565
1814000 567
1814010 568
1814020 569
1814030 569
1814040 570
1814050 570
1814060 570
1814070 570
1814080 569
1814090 569
1814100 569
1814110 568
1814120 567
1814130 566
1814140 564
1814150 563
1814160 562
1814170 561
1814180 561
1814190 561
1814200 561
1814210 561
1814220 560
1814230 559
1814240 558
1814250 558
1814260 557
1814270 557
1814280 556
1814290 553
1814300 550
1814310 547
1814320 543
1814330 540
1814340 542
1814350 545
1814360 548
1814370 550
1814380 553
1814390 555
1814400 557
1814410 558
1814420 559
1814430 560
1814440 561
1814450 562
1814460 563
1814470 564
1814480 565
1814490 565
1814500 565
1814510 564
1814520 563
1814530 562
1814540 561
1814550 560
1814560 558
1814570 557
1814580 556
1814590 554
1814600 553
1814610 552
1814620 552
1814630 551
1814640 551
1814650 551
1814660 550
1814670 549
1814680 548
1814690 546
1814700 544
1814710 540
1814720 537
1814730 532
1814740 529
1814750 528
1814760 529
1814770 532
1814780 535
1814790 538
1814800 540
1814810 542
1814820 544
1814830 546
1814840 546
1814850 547
1814860 546
1814870 546
1814880 545
1814890 542
1814900 541
1814910 540
1814920 541
1814930 543
1814940 544
1814950 546
1814960 547
1814970 549
1814980 550
1814990 551
1815000 552
1815010 552
1815020 553
1815030 554
1815040 555
1815050 556
1815060 556
1815070 557
1815080 558
1815090 558
1815100 558
1815110 558
1815120 558
1815130 558
1815140 558
1815150 557
1815160 557
1815170 556
1815180 556
1815190 555
1815200 555
1815210 554
1815220 553
1815230 552
1815240 551
1815250 549
1815260 548
1815270 546
1815280 545
1815290 543
1815300 541
1815310 539
1815320 537
1815330 537
1815340 537
1815350 539
1815360 539
1815370 540
1815380 540
1815390 539
1815400 538
1815410 537
1815420 536
1815430 535
1815440 535
1815450 534
1815460 534
1815470 534
1815480 533
1815490 533
1815500 533
1815510 532
1815520 531
1815530 530
1815540 528
1815550 524
1815560 521
1815570 517
1815580 515
1815590 515
1815600 517
1815610 519
1815620 521
1815630 520
1815640 519
1815650 516
1815660 514
1815670 511
1815680 508
1815690 507
1815700 506
1815710 505
1815720 504
1815730 503
1815740 502
1815750 501
1815760 500
1815770 498
1815780 497
1815790 495
1815800 492
1815810 489
1815820 486
1815830 483
1815840 479
1815850 476
1815860 473
1815870 471
1815880 471
1815890 470
1815900 469
1815910 468
1815920 466
1815930 465
1815940 464
1815950 462
1815960 461
1815970 460
1815980 459
1815990 458
1816000 457
1816010 456
1816020 456
1816030 456
1816040 455
1816050 455
1816060 455
1816070 455
1816080 454
1816090 454
1816100 454
1816110 453
1816120 453
1816130 453
1816140 453
1816150 452
1816160 452
1816170 452
1816180 451
1816190 451
1816200 451
1816210 451
1816220 451
1816230 451
1816240 451
1816250 451
1816260 451
1816270 451
1816280 452
1816290 452
1816300 453
1816310 454
1816320 454
1816330 455
1816340 455
1816350 455
1816360 456
1816370 458
1816380 459
1816390 460
1816400 460
1816410 459
1816420 457
1816430 454
1816440 451
1816450 449
1816460 448
1816470 447
1816480 447
1816490 447
1816500 447
1816510 447
1816520 449
1816530 452
1816540 455
1816550 457
1816560 457
1816570 456
1816580 456
1816590 457
1816600 459
1816610 460
1816620 463
1816630 466
1816640 469
1816650 472
1816660 474
1816670 476
1816680 478
1816690 480
1816700 483
1816710 485
1816720 487
1816730 489
1816740 491
1816750 493
1816760 496
1816770 499
1816780 501
1816790 504
1816800 506
1816810 508
1816820 510
1816830 512
1816840 514
1816850 516
1816860 517
1816870 518
1816880 520
1816890 522
1816900 524
1816910 526
1816920 528
1816930 529
1816940 531
1816950 533
1816960 534
1816970 536
1816980 537
1816990 538
1817000 539
1817010 540
1817020 541
1817030 542
1817040 543
1817050 544
1817060 545
1817070 547
1817080 548
1817090 549
1817100 550
1817110 552
1817120 554
1817130 556
1817140 558
1817150 559
1817160 560
1817170 561
1817180 562
1817190 564
1817200 565
1817210 567
1817220 568
1817230 570
1817240 571
1817250 573
1817260 575
1817270 577
1817280 579
1817290 580
1817300 581
1817310 583
1817320 583
1817330 584
1817340 585
1817350 585
1817360 585
1817370 585
1817380 585
1817390 586
1817400 586
1817410 586
1817420 586
1817430 587
1817440 588
1817450 588
1817460 589
1817470 589
1817480 590
1817490 590
1817500 590
1817510 590
1817520 590
1817530 589
1817540 588
1817550 588
1817560 587
1817570 587
1817580 586
1817590 586
1817600 585
1817610 585
1817620 584
1817630 584
1817640 583
1817650 583
1817660 582
1817670 582
1817680 581
1817690 580
1817700 579
1817710 578
1817720 577
1817730 576
1817740 574
1817750 572
1817760 570
1817770 567
1817780 565
1817790 562
1817800 560
1817810 558
1817820 556
1817830 554
1817840 552
1817850 549
1817860 547
1817870 546
1817880 544
1817890 543
1817900 541
1817910 540
1817920 538
1817930 537
1817940 535
1817950 533
1817960 532
1817970 530
1817980 529
1817990 527
1818000 526
1818010 525
1818020 523
1818030 522
1818040 520
1818050 520
1818060 518
1818070 517
1818080 516
1818090 515
1818100 514
1818110 513
1818120 512
1818130 511
1818140 510
1818150 509
1818160 508
1818170 506
1818180 505
1818190 504
1818200 503
1818210 501
1818220 500
1818230 499
1818240 498
1818250 497
1818260 496
1818270 494
1818280 493
1818290 492
1818300 490
1818310 489
1818320 488
1818330 487
1818340 486
1818350 485
1818360 484
1818370 482
1818380 481
1818390 480
1818400 478
1818410 476
1818420 473
1818430 471
1818440 469
1818450 467
1818460 464
1818470 462
1818480 459
1818490 457
1818500 455
1818510 453
1818520 450
1818530 447
1818540 445
1818550 443
1818560 443
1818570 443
1818580 446
1818590 451
1818600 456
1818610 460
1818620 464
1818630 468
1818640 472
1818650 476
1818660 480
1818670 484
1818680 488
1818690 492
1818700 496
1818710 500
1818720 503
1818730 505
1818740 507
1818750 509
1818760 510
1818770 512
1818780 513
1818790 514
1818800 514
1818810 514
1818820 513
1818830 512
1818840 511
1818850 510
1818860 509
1818870 508
1818880 507
1818890 505
1818900 504
1818910 503
1818920 501
1818930 500
1818940 499
1818950 498
1818960 497
1818970 495
1818980 494
1818990 494
1819000 493
1819010 492
1819020 491
1819030 490
1819040 489
1819050 487
1819060 486
1819070 484
1819080 483
1819090 481
1819100 480
1819110 478
1819120 476
1819130 474
1819140 473
1819150 471
1819160 469
1819170 467
1819180 466
1819190 464
1819200 462
1819210 460
1819220 458
1819230 456
1819240 453
1819250 449
1819260 446
1819270 446
1819280 446
1819290 448
1819300 452
1819310 457
1819320 462
1819330 467
1819340 471
1819350 475
1819360 479
1819370 484
1819380 488
1819390 492
1819400 497
1819410 501
1819420 505
1819430 510
1819440 514
1819450 518
1819460 522
1819470 527
1819480 531
1819490 535
1819500 539
1819510 543
1819520 547
1819530 551
1819540 554
1819550 558
1819560 562
1819570 566
1819580 570
1819590 573
1819600 576
1819610 579
1819620 581
1819630 582
1819640 583
1819650 583
1819660 584
1819670 584
1819680 584
1819690 585
1819700 585
1819710 585
1819720 585
1819730 584
1819740 584
1819750 583
1819760 582
1819770 582
1819780 581
1819790 580
1819800 579
1819810 579
1819820 578
1819830 577
1819840 576
1819850 575
1819860 574
1819870 574
1819880 573
1819890 572
1819900 571
1819910 570
1819920 570
1819930 569
1819940 568
1819950 567
1819960 567
1819970 566
1819980 565
1819990 564
