1800000 538
1800010 539
1800020 539
1800030 539
1800040 538
1800050 537
1800060 536
1800070 535
1800080 534
1800090 534
1800100 533
1800110 533
1800120 533
1800130 532
1800140 532
1800150 531
1800160 530
1800170 530
1800180 530
1800190 531
1800200 531
1800210 531
1800220 531
1800230 532
1800240 532
1800250 532
1800260 533
1800270 534
1800280 534
1800290 535
1800300 535
1800310 536
1800320 536
1800330 536
1800340 536
1800350 536
1800360 536
1800370 535
1800380 535
1800390 535
1800400 535
1800410 535
1800420 535
1800430 535
1800440 535
1800450 535
1800460 535
1800470 535
1800480 535
1800490 534
1800500 534
1800510 534
1800520 534
1800530 533
1800540 533
1800550 532
1800560 531
1800570 529
1800580 528
1800590 527
1800600 526
1800610 525
1800620 524
1800630 523
1800640 522
1800650 520
1800660 519
1800670 517
1800680 515
1800690 513
1800700 510
1800710 508
1800720 505
1800730 503
1800740 500
1800750 497
1800760 495
1800770 492
1800780 489
1800790 487
1800800 484
1800810 480
1800820 477
1800830 474
1800840 471
1800850 469
1800860 466
1800870 463
1800880 461
1800890 458
1800900 456
1800910 454
1800920 452
1800930 450
1800940 448
1800950 447
1800960 445
1800970 444
1800980 443
1800990 442
1801000 441
1801010 440
1801020 439
1801030 438
1801040 437
1801050 436
1801060 435
1801070 433
1801080 432
1801090 432
1801100 432
1801110 431
1801120 432
1801130 431
1801140 431
1801150 430
1801160 429
1801170 427
1801180 426
1801190 426
1801200 426
1801210 426
1801220 426
1801230 426
1801240 427
1801250 430
1801260 433
1801270 437
1801280 443
1801290 448
1801300 452
1801310 456
1801320 460
1801330 465
1801340 470
1801350 473
1801360 477
1801370 479
1801380 483
1801390 486
1801400 490
1801410 494
1801420 498
1801430 503
1801440 508
1801450 513
1801460 517
1801470 522
1801480 526
1801490 529
1801500 531
1801510 532
1801520 532
1801530 532
1801540 534
1801550 538
1801560 541
1801570 544
1801580 545
1801590 545
1801600 545
1801610 545
1801620 544
1801630 544
1801640 545
1801650 546
1801660 547
1801670 548
1801680 549
1801690 551
1801700 553
1801710 555
1801720 556
1801730 558
1801740 560
1801750 562
1801760 564
1801770 565
1801780 567
1801790 569
1801800 571
1801810 573
1801820 574
1801830 575
1801840 577
1801850 580
1801860 582
1801870 584
1801880 586
1801890 586
1801900 584
1801910 581
1801920 578
1801930 574
1801940 571
1801950 567
1801960 564
1801970 561
1801980 559
1801990 556
1802000 554
1802010 552
1802020 550
1802030 549
1802040 547
1802050 546
1802060 545
1802070 544
1802080 544
1802090 543
1802100 543
1802110 541
1802120 540
1802130 539
1802140 539
1802150 539
1802160 538
1802170 537
1802180 536
1802190 534
1802200 533
1802210 531
1802220 531
1802230 530
1802240 530
1802250 530
1802260 531
1802270 531
1802280 532
1802290 533
1802300 533
1802310 534
1802320 534
1802330 534
1802340 535
1802350 535
1802360 535
1802370 535
1802380 535
1802390 534
1802400 534
1802410 533
1802420 531
1802430 530
1802440 529
1802450 528
1802460 528
1802470 527
1802480 527
1802490 527
1802500 527
1802510 528
1802520 529
1802530 530
1802540 533
1802550 536
1802560 538
1802570 541
1802580 544
1802590 547
1802600 550
1802610 553
1802620 556
1802630 559
1802640 562
1802650 564
1802660 567
1802670 569
1802680 571
1802690 574
1802700 576
1802710 578
1802720 579
1802730 580
1802740 580
1802750 579
1802760 577
1802770 576
1802780 573
1802790 571
1802800 568
1802810 565
1802820 563
1802830 561
1802840 559
1802850 558
1802860 557
1802870 556
1802880 556
1802890 555
1802900 555
1802910 554
1802920 554
1802930 554
1802940 555
1802950 555
1802960 554
1802970 554
1802980 553
1802990 553
1803000 552
1803010 551
1803020 550
1803030 549
1803040 548
1803050 548
1803060 547
1803070 547
1803080 547
1803090 548
1803100 548
1803110 549
1803120 549
1803130 549
1803140 549
1803150 548
1803160 547
1803170 546
1803180 546
1803190 546
1803200 545
1803210 545
1803220 546
1803230 546
1803240 547
1803250 547
1803260 548
1803270 548
1803280 548
1803290 548
1803300 548
1803310 549
1803320 549
1803330 549
1803340 548
1803350 548
1803360 547
1803370 546
1803380 544
1803390 542
1803400 540
1803410 538
1803420 537
1803430 535
1803440 533
1803450 530
1803460 527
1803470 524
1803480 521
1803490 518
1803500 515
1803510 512
1803520 510
1803530 507
1803540 506
1803550 504
1803560 502
1803570 499
1803580 497
1803590 495
1803600 493
1803610 492
1803620 491
1803630 491
1803640 490
1803650 489
1803660 488
1803670 487
1803680 486
1803690 486
1803700 485
1803710 486
1803720 486
1803730 486
1803740 486
1803750 486
1803760 485
1803770 484
1803780 483
1803790 481
1803800 480
1803810 479
1803820 477
1803830 476
1803840 475
1803850 474
1803860 472
1803870 471
1803880 470
1803890 469
1803900 467
1803910 466
1803920 464
1803930 462
1803940 460
1803950 458
1803960 456
1803970 455
1803980 453
1803990 451
1804000 449
1804010 448
1804020 446
1804030 445
1804040 442
1804050 439
1804060 437
1804070 436
1804080 436
1804090 437
1804100 437
1804110 438
1804120 438
1804130 438
1804140 439
1804150 439
1804160 440
1804170 440
1804180 441
1804190 442
1804200 443
1804210 445
1804220 448
1804230 451
1804240 454
1804250 457
1804260 460
1804270 464
1804280 467
1804290 470
1804300 473
1804310 476
1804320 479
1804330 481
1804340 483
1804350 486
1804360 488
1804370 491
1804380 493
1804390 495
1804400 497
1804410 499
1804420 502
1804430 504
1804440 506
1804450 509
1804460 511
1804470 513
1804480 515
1804490 517
1804500 518
1804510 519
1804520 520
1804530 521
1804540 521
1804550 522
1804560 522
1804570 523
1804580 524
1804590 525
1804600 525
1804610 526
1804620 527
1804630 527
1804640 528
1804650 529
1804660 530
1804670 531
1804680 531
1804690 532
1804700 533
1804710 534
1804720 535
1804730 536
1804740 537
1804750 537
1804760 538
1804770 539
1804780 540
1804790 540
1804800 541
1804810 542
1804820 543
1804830 543
1804840 544
1804850 545
1804860 546
1804870 547
1804880 548
1804890 550
1804900 551
1804910 553
1804920 554
1804930 556
1804940 558
1804950 559
1804960 561
1804970 562
1804980 563
1804990 564
1805000 565
1805010 566
1805020 567
1805030 567
1805040 568
1805050 568
1805060 569
1805070 569
1805080 570
1805090 571
1805100 572
1805110 573
1805120 574
1805130 575
1805140 576
1805150 576
1805160 576
1805170 576
1805180 576
1805190 576
1805200 575
1805210 575
1805220 574
1805230 574
1805240 573
1805250 572
1805260 572
1805270 571
1805280 570
1805290 569
1805300 569
1805310 567
1805320 566
1805330 564
1805340 563
1805350 562
1805360 561
1805370 560
1805380 559
1805390 558
1805400 557
1805410 557
1805420 556
1805430 555
1805440 554
1805450 554
1805460 553
1805470 553
1805480 553
1805490 553
1805500 552
1805510 552
1805520 552
1805530 551
1805540 551
1805550 551
1805560 551
1805570 551
1805580 551
1805590 551
1805600 551
1805610 551
1805620 552
1805630 553
1805640 554
1805650 554
1805660 554
1805670 554
1805680 553
1805690 552
1805700 551
1805710 549
1805720 547
1805730 545
1805740 543
1805750 541
1805760 539
1805770 536
1805780 534
1805790 531
1805800 529
1805810 527
1805820 523
1805830 520
1805840 517
1805850 517
1805860 518
1805870 521
1805880 523
1805890 525
1805900 526
1805910 528
1805920 530
1805930 533
1805940 536
1805950 538
1805960 540
1805970 543
1805980 546
1805990 548
1806000 549
1806010 550
1806020 551
1806030 551
1806040 551
1806050 551
1806060 551
1806070 551
1806080 551
1806090 551
1806100 551
1806110 551
1806120 551
1806130 551
1806140 551
1806150 552
1806160 552
1806170 552
1806180 552
1806190 552
1806200 552
1806210 552
1806220 551
1806230 551
1806240 550
1806250 549
1806260 548
1806270 548
1806280 547
1806290 546
1806300 545
1806310 544
1806320 543
1806330 541
1806340 540
1806350 539
1806360 538
1806370 538
1806380 537
1806390 536
1806400 535
1806410 534
1806420 533
1806430 532
1806440 530
1806450 528
1806460 527
1806470 525
1806480 524
1806490 522
1806500 520
1806510 518
1806520 515
1806530 513
1806540 511
1806550 509
1806560 507
1806570 505
1806580 504
1806590 503
1806600 501
1806610 499
1806620 497
1806630 495
1806640 493
1806650 491
1806660 488
1806670 486
1806680 484
1806690 482
1806700 480
1806710 478
1806720 476
1806730 475
1806740 474
1806750 472
1806760 471
1806770 470
1806780 468
1806790 467
1806800 465
1806810 464
1806820 462
1806830 461
1806840 459
1806850 458
1806860 457
1806870 456
1806880 455
1806890 454
1806900 453
1806910 453
1806920 451
1806930 450
1806940 448
1806950 447
1806960 446
1806970 445
1806980 444
1806990 443
1807000 442
1807010 441
1807020 441
1807030 440
1807040 439
1807050 439
1807060 439
1807070 440
1807080 440
1807090 440
1807100 440
1807110 440
1807120 440
1807130 440
1807140 440
1807150 440
1807160 440
1807170 441
1807180 441
1807190 441
1807200 441
1807210 441
1807220 441
1807230 441
1807240 441
1807250 442
1807260 442
1807270 445
1807280 448
1807290 451
1807300 453
1807310 455
1807320 457
1807330 458
1807340 460
1807350 461
1807360 462
1807370 464
1807380 465
1807390 465
1807400 466
1807410 467
1807420 467
1807430 466
1807440 465
1807450 463
1807460 461
1807470 459
1807480 457
1807490 455
1807500 454
1807510 453
1807520 453
1807530 452
1807540 452
1807550 453
1807560 453
1807570 453
1807580 454
1807590 456
1807600 459
1807610 462
1807620 465
1807630 468
1807640 470
1807650 472
1807660 473
1807670 475
1807680 477
1807690 480
1807700 482
1807710 485
1807720 486
1807730 488
1807740 489
1807750 490
1807760 491
1807770 492
1807780 493
1807790 493
1807800 494
1807810 494
1807820 495
1807830 495
1807840 495
1807850 496
1807860 497
1807870 499
1807880 499
1807890 500
1807900 499
1807910 499
1807920 499
1807930 499
1807940 499
1807950 500
1807960 500
1807970 501
1807980 503
1807990 504
1808000 505
1808010 507
1808020 508
1808030 510
1808040 511
1808050 513
1808060 514
1808070 515
1808080 517
1808090 519
1808100 520
1808110 522
1808120 524
1808130 526
1808140 527
1808150 529
1808160 530
1808170 532
1808180 534
1808190 536
1808200 538
1808210 540
1808220 542
1808230 544
1808240 545
1808250 547
1808260 548
1808270 549
1808280 550
1808290 552
1808300 553
1808310 554
1808320 555
1808330 556
1808340 557
1808350 558
1808360 558
1808370 559
1808380 559
1808390 560
1808400 560
1808410 559
1808420 559
1808430 559
1808440 559
1808450 558
1808460 558
1808470 558
1808480 557
1808490 557
1808500 556
1808510 556
1808520 556
1808530 555
1808540 555
1808550 554
1808560 554
1808570 553
1808580 553
1808590 552
1808600 552
1808610 551
1808620 551
1808630 550
1808640 550
1808650 549
1808660 549
1808670 548
1808680 547
1808690 547
1808700 546
1808710 545
1808720 545
1808730 544
1808740 543
1808750 543
1808760 542
1808770 541
1808780 540
1808790 540
1808800 539
1808810 538
1808820 537
1808830 536
1808840 535
1808850 533
1808860 531
1808870 530
1808880 528
1808890 526
1808900 524
1808910 522
1808920 521
1808930 519
1808940 517
1808950 515
1808960 513
1808970 512
1808980 510
1808990 509
1809000 507
1809010 505
1809020 504
1809030 502
1809040 499
1809050 497
1809060 495
1809070 494
1809080 495
1809090 496
1809100 496
1809110 498
1809120 499
1809130 499
1809140 500
1809150 501
1809160 502
1809170 503
1809180 505
1809190 507
1809200 510
1809210 512
1809220 515
1809230 517
1809240 520
1809250 523
1809260 526
1809270 528
1809280 529
1809290 528
1809300 527
1809310 525
1809320 522
1809330 519
1809340 516
1809350 514
1809360 512
1809370 510
1809380 509
1809390 508
1809400 507
1809410 507
1809420 506
1809430 505
1809440 504
1809450 503
1809460 501
1809470 501
1809480 501
1809490 501
1809500 502
1809510 503
1809520 503
1809530 502
1809540 502
1809550 501
1809560 502
1809570 503
1809580 505
1809590 507
1809600 509
1809610 510
1809620 511
1809630 511
1809640 510
1809650 509
1809660 508
1809670 508
1809680 508
1809690 509
1809700 510
1809710 511
1809720 511
1809730 511
1809740 511
1809750 514
1809760 517
1809770 520
1809780 523
1809790 527
1809800 532
1809810 536
1809820 540
1809830 544
1809840 547
1809850 550
1809860 554
1809870 556
1809880 559
1809890 561
1809900 564
1809910 567
1809920 570
1809930 573
1809940 576
1809950 579
1809960 581
1809970 582
1809980 583
1809990 583
1810000 583
1810010 581
1810020 580
1810030 578
1810040 577
1810050 576
1810060 575
1810070 574
1810080 572
1810090 570
1810100 569
1810110 567
1810120 565
1810130 564
1810140 562
1810150 560
1810160 559
1810170 558
1810180 556
1810190 555
1810200 554
1810210 552
1810220 550
1810230 547
1810240 545
1810250 544
1810260 544
1810270 543
1810280 543
1810290 545
1810300 550
1810310 554
1810320 557
1810330 559
1810340 562
1810350 564
1810360 567
1810370 569
1810380 570
1810390 572
1810400 573
1810410 574
1810420 574
1810430 574
1810440 574
1810450 574
1810460 573
1810470 573
1810480 572
1810490 571
1810500 570
1810510 569
1810520 568
1810530 566
1810540 565
1810550 563
1810560 561
1810570 560
1810580 559
1810590 558
1810600 558
1810610 558
1810620 559
1810630 559
1810640 562
1810650 564
1810660 567
1810670 569
1810680 571
1810690 573
1810700 574
1810710 576
1810720 578
1810730 580
1810740 583
1810750 585
1810760 586
1810770 588
1810780 589
1810790 589
1810800 588
1810810 588
1810820 587
1810830 586
1810840 586
1810850 586
1810860 586
1810870 587
1810880 587
1810890 588
1810900 589
1810910 589
1810920 590
1810930 590
1810940 590
1810950 591
1810960 591
1810970 592
1810980 592
1810990 593
1811000 594
1811010 594
1811020 595
1811030 596
1811040 596
1811050 597
1811060 597
1811070 597
1811080 598
1811090 598
1811100 598
1811110 599
1811120 599
1811130 599
1811140 600
1811150 600
1811160 600
1811170 601
1811180 601
1811190 601
1811200 601
1811210 601
1811220 601
1811230 601
1811240 601
1811250 600
1811260 600
1811270 600
1811280 599
1811290 598
1811300 597
1811310 596
1811320 595
1811330 595
1811340 596
1811350 597
1811360 597
1811370 597
1811380 597
1811390 597
1811400 598
1811410 599
1811420 599
1811430 600
1811440 600
1811450 601
1811460 601
1811470 602
1811480 602
1811490 603
1811500 603
1811510 604
1811520 605
1811530 605
1811540 606
1811550 607
1811560 608
1811570 609
1811580 610
1811590 611
1811600 612
1811610 613
1811620 614
1811630 615
1811640 615
1811650 616
1811660 617
1811670 617
1811680 617
1811690 617
1811700 617
1811710 617
1811720 617
1811730 616
1811740 616
1811750 615
1811760 615
1811770 614
1811780 614
1811790 614
1811800 614
1811810 614
1811820 615
1811830 616
1811840 618
1811850 619
1811860 620
1811870 621
1811880 623
1811890 624
1811900 626
1811910 627
1811920 628
1811930 628
1811940 629
1811950 629
1811960 630
1811970 630
1811980 630
1811990 631
1812000 631
1812010 632
1812020 632
1812030 631
1812040 631
1812050 631
1812060 630
1812070 630
1812080 629
1812090 629
1812100 628
1812110 628
1812120 627
1812130 627
1812140 626
1812150 625
1812160 625
1812170 625
1812180 624
1812190 624
1812200 624
1812210 624
1812220 624
1812230 624
1812240 624
1812250 624
1812260 624
1812270 625
1812280 625
1812290 626
1812300 626
1812310 627
1812320 627
1812330 628
1812340 628
1812350 628
1812360 629
1812370 629
1812380 629
1812390 629
1812400 630
1812410 630
1812420 630
1812430 630
1812440 630
1812450 630
1812460 630
1812470 630
1812480 630
1812490 630
1812500 630
1812510 630
1812520 630
1812530 629
1812540 629
1812550 629
1812560 629
1812570 628
1812580 628
1812590 628
1812600 627
1812610 627
1812620 627
1812630 627
1812640 626
1812650 626
1812660 626
1812670 626
1812680 626
1812690 626
1812700 626
1812710 626
1812720 626
1812730 626
1812740 626
1812750 626
1812760 627
1812770 627
1812780 627
1812790 628
1812800 628
1812810 628
1812820 629
1812830 629
1812840 630
1812850 629
1812860 630
1812870 631
1812880 632
1812890 633
1812900 634
1812910 635
1812920 635
1812930 635
1812940 637
1812950 638
1812960 638
1812970 639
1812980 640
1812990 641
1813000 642
1813010 642
1813020 643
1813030 643
1813040 642
1813050 643
1813060 644
1813070 644
1813080 644
1813090 644
1813100 643
1813110 643
1813120 643
1813130 642
1813140 641
1813150 641
1813160 641
1813170 640
1813180 640
1813190 640
1813200 640
1813210 640
1813220 639
1813230 639
1813240 639
1813250 639
1813260 639
1813270 639
1813280 639
1813290 639
1813300 639
1813310 639
1813320 639
1813330 639
1813340 639
1813350 639
1813360 639
1813370 639
1813380 640
1813390 640
1813400 640
1813410 641
1813420 642
1813430 643
1813440 643
1813450 644
1813460 645
1813470 645
1813480 646
1813490 646
1813500 647
1813510 647
1813520 647
1813530 646
1813540 646
1813550 646
1813560 645
1813570 645
1813580 645
1813590 645
1813600 644
1813610 644
1813620 644
1813630 643
1813640 643
1813650 643
1813660 642
1813670 642
1813680 641
1813690 641
1813700 640
1813710 640
1813720 640
1813730 639
1813740 639
1813750 638
1813760 637
1813770 637
1813780 636
1813790 635
1813800 634
1813810 634
1813820 633
1813830 632
1813840 632
1813850 631
1813860 630
1813870 629
1813880 629
1813890 628
1813900 627
1813910 626
1813920 625
1813930 624
1813940 624
1813950 623
1813960 622
1813970 622
1813980 621
1813990 620
1814000 619
1814010 618
1814020 617
1814030 616
1814040 615
1814050 614
1814060 613
1814070 612
1814080 611
1814090 610
1814100 609
1814110 608
1814120 607
1814130 606
1814140 605
1814150 604
1814160 603
1814170 602
1814180 601
1814190 601
1814200 601
1814210 601
1814220 601
1814230 601
1814240 601
1814250 601
1814260 601
1814270 601
1814280 600
1814290 600
1814300 600
1814310 599
1814320 599
1814330 598
1814340 597
1814350 596
1814360 595
1814370 594
1814380 593
1814390 593
1814400 592
1814410 591
1814420 590
1814430 589
1814440 588
1814450 587
1814460 586
1814470 586
1814480 585
1814490 584
1814500 584
1814510 584
1814520 585
1814530 586
1814540 587
1814550 588
1814560 590
1814570 591
1814580 592
1814590 593
1814600 593
1814610 593
1814620 593
1814630 593
1814640 592
1814650 591
1814660 590
1814670 589
1814680 588
1814690 587
1814700 586
1814710 585
1814720 584
1814730 582
1814740 581
1814750 580
1814760 579
1814770 578
1814780 576
1814790 575
1814800 574
1814810 573
1814820 572
1814830 571
1814840 570
1814850 569
1814860 569
1814870 568
1814880 567
1814890 567
1814900 566
1814910 565
1814920 564
1814930 563
1814940 562
1814950 561
1814960 560
1814970 559
1814980 558
1814990 557
1815000 555
1815010 554
1815020 551
1815030 549
1815040 548
1815050 546
1815060 544
1815070 543
1815080 541
1815090 539
1815100 537
1815110 535
1815120 534
1815130 532
1815140 531
1815150 530
1815160 529
1815170 528
1815180 526
1815190 525
1815200 524
1815210 523
1815220 522
1815230 521
1815240 519
1815250 518
1815260 516
1815270 515
1815280 513
1815290 513
1815300 513
1815310 513
1815320 513
1815330 511
1815340 510
1815350 509
1815360 510
1815370 510
1815380 510
1815390 510
1815400 510
1815410 510
1815420 510
1815430 510
1815440 510
1815450 509
1815460 509
1815470 508
1815480 507
1815490 505
1815500 504
1815510 507
1815520 507
1815530 508
1815540 508
1815550 508
1815560 508
1815570 509
1815580 510
1815590 510
1815600 511
1815610 511
1815620 512
1815630 512
1815640 512
1815650 513
1815660 514
1815670 514
1815680 514
1815690 514
1815700 515
1815710 516
1815720 517
1815730 518
1815740 518
1815750 518
1815760 519
1815770 520
1815780 521
1815790 522
1815800 522
1815810 523
1815820 523
1815830 522
1815840 521
1815850 519
1815860 518
1815870 516
1815880 515
1815890 514
1815900 513
1815910 512
1815920 511
1815930 511
1815940 511
1815950 511
1815960 512
1815970 513
1815980 514
1815990 516
1816000 517
1816010 518
1816020 520
1816030 521
1816040 522
1816050 523
1816060 524
1816070 524
1816080 525
1816090 526
1816100 527
1816110 528
1816120 528
1816130 529
1816140 530
1816150 530
1816160 532
1816170 533
1816180 535
1816190 537
1816200 540
1816210 542
1816220 545
1816230 547
1816240 549
1816250 551
1816260 552
1816270 554
1816280 555
1816290 556
1816300 556
1816310 557
1816320 557
1816330 556
1816340 556
1816350 555
1816360 553
1816370 552
1816380 550
1816390 548
1816400 546
1816410 544
1816420 542
1816430 539
1816440 537
1816450 535
1816460 533
1816470 531
1816480 529
1816490 527
1816500 525
1816510 524
1816520 523
1816530 521
1816540 519
1816550 517
1816560 515
1816570 513
1816580 511
1816590 508
1816600 505
1816610 502
1816620 499
1816630 496
1816640 493
1816650 490
1816660 486
1816670 483
1816680 480
1816690 479
1816700 477
1816710 475
1816720 472
1816730 470
1816740 467
1816750 465
1816760 463
1816770 461
1816780 461
1816790 460
1816800 460
1816810 460
1816820 460
1816830 460
1816840 460
1816850 459
1816860 458
1816870 458
1816880 456
1816890 455
1816900 454
1816910 454
1816920 453
1816930 452
1816940 450
1816950 448
1816960 445
1816970 443
1816980 439
1816990 435
1817000 432
1817010 429
1817020 427
1817030 426
1817040 425
1817050 425
1817060 425
1817070 425
1817080 424
1817090 424
1817100 424
1817110 424
1817120 424
1817130 424
1817140 425
1817150 425
1817160 426
1817170 427
1817180 428
1817190 430
1817200 431
1817210 432
1817220 433
1817230 434
1817240 434
1817250 435
1817260 436
1817270 437
1817280 438
1817290 440
1817300 441
1817310 442
1817320 443
1817330 444
1817340 446
1817350 447
1817360 449
1817370 451
1817380 452
1817390 454
1817400 455
1817410 456
1817420 457
1817430 458
1817440 459
1817450 460
1817460 461
1817470 462
1817480 463
1817490 464
1817500 466
1817510 467
1817520 468
1817530 470
1817540 471
1817550 472
1817560 473
1817570 474
1817580 475
1817590 475
1817600 476
1817610 476
1817620 476
1817630 477
1817640 477
1817650 477
1817660 478
1817670 479
1817680 479
1817690 480
1817700 480
1817710 479
1817720 477
1817730 476
1817740 474
1817750 473
1817760 471
1817770 469
1817780 468
1817790 466
1817800 465
1817810 463
1817820 462
1817830 460
1817840 459
1817850 457
1817860 456
1817870 455
1817880 454
1817890 454
1817900 453
1817910 452
1817920 450
1817930 448
1817940 446
1817950 444
1817960 442
1817970 440
1817980 439
1817990 437
1818000 435
1818010 433
1818020 431
1818030 430
1818040 427
1818050 425
1818060 423
1818070 422
1818080 421
1818090 420
1818100 419
1818110 419
1818120 419
1818130 419
1818140 420
1818150 424
1818160 428
1818170 433
1818180 438
1818190 443
1818200 447
1818210 452
1818220 456
1818230 461
1818240 465
1818250 469
1818260 473
1818270 476
1818280 480
1818290 484
1818300 487
1818310 490
1818320 493
1818330 495
1818340 497
1818350 498
1818360 498
1818370 498
1818380 497
1818390 497
1818400 496
1818410 495
1818420 495
1818430 495
1818440 494
1818450 494
1818460 494
1818470 493
1818480 493
1818490 493
1818500 493
1818510 492
1818520 492
1818530 491
1818540 490
1818550 489
1818560 488
1818570 487
1818580 486
1818590 486
1818600 485
1818610 484
1818620 484
1818630 483
1818640 482
1818650 481
1818660 480
1818670 478
1818680 477
1818690 475
1818700 474
1818710 473
1818720 472
1818730 470
1818740 469
1818750 467
1818760 466
1818770 465
1818780 464
1818790 463
1818800 462
1818810 461
1818820 461
1818830 461
1818840 461
1818850 461
1818860 461
1818870 460
1818880 459
1818890 458
1818900 456
1818910 454
1818920 452
1818930 450
1818940 448
1818950 446
1818960 444
1818970 442
1818980 441
1818990 439
1819000 437
1819010 435
1819020 433
1819030 432
1819040 430
1819050 428
1819060 426
1819070 425
1819080 425
1819090 425
1819100 426
1819110 428
1819120 432
1819130 436
1819140 440
1819150 444
1819160 448
1819170 452
1819180 456
1819190 461
1819200 465
1819210 470
1819220 475
1819230 479
1819240 484
1819250 489
1819260 493
1819270 498
1819280 502
1819290 506
1819300 509
1819310 513
1819320 516
1819330 518
1819340 520
1819350 521
1819360 522
1819370 524
1819380 525
1819390 526
1819400 527
1819410 528
1819420 529
1819430 531
1819440 532
1819450 534
1819460 535
1819470 537
1819480 539
1819490 541
1819500 543
1819510 545
1819520 547
1819530 549
1819540 550
1819550 551
1819560 552
1819570 552
1819580 552
1819590 552
1819600 552
1819610 551
1819620 551
1819630 551
1819640 550
1819650 550
1819660 549
1819670 548
1819680 547
1819690 547
1819700 546
1819710 545
1819720 544
1819730 543
1819740 542
1819750 541
1819760 539
1819770 539
1819780 538
1819790 537
1819800 535
1819810 534
1819820 533
1819830 532
1819840 530
1819850 529
1819860 528
1819870 527
1819880 525
1819890 524
1819900 523
1819910 521
1819920 518
1819930 516
1819940 515
1819950 513
1819960 511
1819970 509
1819980 507
1819990 505
