1800000 533
1800010 533
1800020 533
1800030 533
1800040 533
1800050 533
1800060 533
1800070 533
1800080 533
1800090 533
1800100 533
1800110 533
1800120 533
1800130 533
1800140 533
1800150 532
1800160 532
1800170 532
1800180 531
1800190 531
1800200 531
1800210 530
1800220 530
1800230 530
1800240 530
1800250 530
1800260 531
1800270 531
1800280 531
1800290 531
1800300 531
1800310 531
1800320 531
1800330 531
1800340 531
1800350 531
1800360 531
1800370 530
1800380 530
1800390 530
1800400 529
1800410 529
1800420 529
1800430 528
1800440 528
1800450 527
1800460 527
1800470 526
1800480 526
1800490 525
1800500 525
1800510 525
1800520 525
1800530 524
1800540 524
1800550 524
1800560 524
1800570 524
1800580 524
1800590 524
1800600 524
1800610 524
1800620 524
1800630 525
1800640 525
1800650 526
1800660 526
1800670 527
1800680 527
1800690 528
1800700 528
1800710 529
1800720 530
1800730 530
1800740 531
1800750 531
1800760 532
1800770 533
1800780 533
1800790 534
1800800 534
1800810 535
1800820 535
1800830 535
1800840 535
1800850 534
1800860 534
1800870 533
1800880 533
1800890 532
1800900 531
1800910 531
1800920 530
1800930 529
1800940 528
1800950 527
1800960 527
1800970 526
1800980 525
1800990 524
1801000 523
1801010 522
1801020 521
1801030 519
1801040 518
1801050 516
1801060 515
1801070 514
1801080 513
1801090 511
1801100 510
1801110 508
1801120 507
1801130 506
1801140 505
1801150 503
1801160 501
1801170 500
1801180 502
1801190 504
1801200 507
1801210 509
1801220 512
1801230 514
1801240 515
1801250 517
1801260 518
1801270 519
1801280 520
1801290 521
1801300 522
1801310 523
1801320 523
1801330 524
1801340 524
1801350 525
1801360 525
1801370 525
1801380 525
1801390 525
1801400 524
1801410 524
1801420 523
1801430 522
1801440 521
1801450 521
1801460 520
1801470 519
1801480 518
1801490 517
1801500 516
1801510 514
1801520 512
1801530 511
1801540 510
1801550 508
1801560 507
1801570 506
1801580 506
1801590 505
1801600 504
1801610 502
1801620 501
1801630 500
1801640 498
1801650 497
1801660 495
1801670 493
1801680 491
1801690 489
1801700 487
1801710 485
1801720 483
1801730 481
1801740 479
1801750 476
1801760 474
1801770 471
1801780 468
1801790 465
1801800 461
1801810 458
1801820 456
1801830 458
1801840 462
1801850 466
1801860 470
1801870 472
1801880 475
1801890 477
1801900 479
1801910 481
1801920 483
1801930 484
1801940 484
1801950 482
1801960 480
1801970 477
1801980 474
1801990 471
1802000 469
1802010 466
1802020 465
1802030 469
1802040 472
1802050 475
1802060 478
1802070 481
1802080 483
1802090 486
1802100 488
1802110 490
1802120 491
1802130 493
1802140 493
1802150 493
1802160 492
1802170 491
1802180 488
1802190 485
1802200 481
1802210 477
1802220 476
1802230 476
1802240 479
1802250 483
1802260 486
1802270 490
1802280 492
1802290 493
1802300 495
1802310 497
1802320 498
1802330 500
1802340 502
1802350 503
1802360 505
1802370 506
1802380 507
1802390 508
1802400 510
1802410 511
1802420 512
1802430 513
1802440 514
1802450 515
1802460 515
1802470 516
1802480 517
1802490 517
1802500 518
1802510 518
1802520 519
1802530 519
1802540 520
1802550 520
1802560 521
1802570 521
1802580 522
1802590 523
1802600 523
1802610 524
1802620 524
1802630 524
1802640 525
1802650 525
1802660 525
1802670 525
1802680 525
1802690 525
1802700 525
1802710 525
1802720 525
1802730 525
1802740 525
1802750 526
1802760 526
1802770 526
1802780 526
1802790 526
1802800 526
1802810 527
1802820 527
1802830 527
1802840 528
1802850 528
1802860 528
1802870 528
1802880 529
1802890 529
1802900 529
1802910 529
1802920 530
1802930 530
1802940 530
1802950 530
1802960 530
1802970 530
1802980 530
1802990 530
1803000 530
1803010 530
1803020 529
1803030 529
1803040 529
1803050 529
1803060 529
1803070 529
1803080 529
1803090 529
1803100 529
1803110 529
1803120 528
1803130 528
1803140 527
1803150 527
1803160 526
1803170 526
1803180 526
1803190 526
1803200 526
1803210 526
1803220 526
1803230 525
1803240 524
1803250 524
1803260 523
1803270 521
1803280 520
1803290 519
1803300 517
1803310 516
1803320 514
1803330 512
1803340 511
1803350 509
1803360 507
1803370 506
1803380 504
1803390 502
1803400 501
1803410 499
1803420 498
1803430 496
1803440 495
1803450 493
1803460 491
1803470 489
1803480 487
1803490 485
1803500 484
1803510 482
1803520 481
1803530 479
1803540 479
1803550 478
1803560 477
1803570 477
1803580 477
1803590 476
1803600 476
1803610 476
1803620 475
1803630 475
1803640 474
1803650 474
1803660 473
1803670 473
1803680 472
1803690 472
1803700 471
1803710 468
1803720 464
1803730 462
1803740 462
1803750 467
1803760 470
1803770 471
1803780 472
1803790 473
1803800 473
1803810 474
1803820 475
1803830 476
1803840 477
1803850 478
1803860 479
1803870 480
1803880 481
1803890 481
1803900 482
1803910 483
1803920 483
1803930 483
1803940 483
1803950 483
1803960 482
1803970 481
1803980 480
1803990 478
1804000 477
1804010 476
1804020 475
1804030 473
1804040 472
1804050 471
1804060 466
1804070 461
1804080 456
1804090 458
1804100 461
1804110 465
1804120 469
1804130 472
1804140 473
1804150 474
1804160 475
1804170 476
1804180 477
1804190 478
1804200 479
1804210 480
1804220 482
1804230 484
1804240 485
1804250 486
1804260 486
1804270 488
1804280 490
1804290 492
1804300 495
1804310 498
1804320 501
1804330 504
1804340 507
1804350 510
1804360 513
1804370 516
1804380 519
1804390 522
1804400 525
1804410 528
1804420 530
1804430 532
1804440 534
1804450 536
1804460 536
1804470 536
1804480 535
1804490 533
1804500 531
1804510 529
1804520 527
1804530 525
1804540 524
1804550 522
1804560 521
1804570 520
1804580 519
1804590 518
1804600 517
1804610 515
1804620 513
1804630 510
1804640 508
1804650 506
1804660 504
1804670 502
1804680 500
1804690 498
1804700 496
1804710 494
1804720 492
1804730 491
1804740 490
1804750 489
1804760 488
1804770 487
1804780 486
1804790 483
1804800 480
1804810 476
1804820 472
1804830 468
1804840 465
1804850 461
1804860 460
1804870 460
1804880 462
1804890 466
1804900 470
1804910 474
1804920 476
1804930 477
1804940 477
1804950 479
1804960 481
1804970 483
1804980 486
1804990 489
1805000 491
1805010 492
1805020 493
1805030 493
1805040 494
1805050 496
1805060 497
1805070 499
1805080 501
1805090 503
1805100 504
1805110 505
1805120 506
1805130 506
1805140 507
1805150 508
1805160 507
1805170 505
1805180 504
1805190 503
1805200 501
1805210 500
1805220 502
1805230 502
1805240 503
1805250 504
1805260 504
1805270 505
1805280 506
1805290 507
1805300 507
1805310 508
1805320 509
1805330 509
1805340 510
1805350 511
1805360 512
1805370 514
1805380 515
1805390 516
1805400 517
1805410 518
1805420 519
1805430 520
1805440 521
1805450 523
1805460 525
1805470 527
1805480 529
1805490 532
1805500 536
1805510 539
1805520 542
1805530 546
1805540 549
1805550 552
1805560 554
1805570 555
1805580 557
1805590 557
1805600 558
1805610 558
1805620 558
1805630 558
1805640 559
1805650 559
1805660 559
1805670 560
1805680 559
1805690 560
1805700 560
1805710 562
1805720 566
1805730 571
1805740 573
1805750 574
1805760 574
1805770 574
1805780 574
1805790 575
1805800 575
1805810 575
1805820 575
1805830 575
1805840 574
1805850 573
1805860 573
1805870 572
1805880 572
1805890 571
1805900 571
1805910 570
1805920 570
1805930 570
1805940 569
1805950 569
1805960 569
1805970 568
1805980 567
1805990 567
1806000 566
1806010 566
1806020 565
1806030 564
1806040 563
1806050 563
1806060 562
1806070 562
1806080 561
1806090 561
1806100 560
1806110 560
1806120 559
1806130 559
1806140 559
1806150 558
1806160 558
1806170 557
1806180 557
1806190 556
1806200 556
1806210 555
1806220 555
1806230 554
1806240 553
1806250 553
1806260 552
1806270 552
1806280 551
1806290 551
1806300 550
1806310 549
1806320 548
1806330 547
1806340 545
1806350 543
1806360 541
1806370 539
1806380 538
1806390 537
1806400 535
1806410 533
1806420 532
1806430 531
1806440 529
1806450 528
1806460 526
1806470 524
1806480 522
1806490 520
1806500 519
1806510 518
1806520 516
1806530 514
1806540 511
1806550 510
1806560 511
1806570 514
1806580 518
1806590 522
1806600 525
1806610 527
1806620 530
1806630 532
1806640 534
1806650 537
1806660 540
1806670 542
1806680 544
1806690 546
1806700 548
1806710 550
1806720 553
1806730 555
1806740 557
1806750 558
1806760 560
1806770 562
1806780 563
1806790 565
1806800 567
1806810 568
1806820 570
1806830 572
1806840 574
1806850 576
1806860 577
1806870 579
1806880 580
1806890 581
1806900 582
1806910 582
1806920 583
1806930 584
1806940 584
1806950 585
1806960 586
1806970 586
1806980 587
1806990 588
1807000 589
1807010 590
1807020 591
1807030 592
1807040 593
1807050 594
1807060 595
1807070 596
1807080 596
1807090 597
1807100 598
1807110 598
1807120 599
1807130 599
1807140 600
1807150 600
1807160 601
1807170 601
1807180 601
1807190 601
1807200 601
1807210 601
1807220 601
1807230 601
1807240 600
1807250 600
1807260 599
1807270 599
1807280 598
1807290 598
1807300 597
1807310 597
1807320 596
1807330 596
1807340 596
1807350 595
1807360 594
1807370 594
1807380 593
1807390 592
1807400 592
1807410 591
1807420 591
1807430 590
1807440 589
1807450 589
1807460 588
1807470 587
1807480 587
1807490 586
1807500 585
1807510 584
1807520 584
1807530 583
1807540 583
1807550 582
1807560 581
1807570 580
1807580 579
1807590 578
1807600 578
1807610 577
1807620 576
1807630 575
1807640 574
1807650 573
1807660 572
1807670 571
1807680 570
1807690 569
1807700 568
1807710 567
1807720 565
1807730 563
1807740 562
1807750 560
1807760 559
1807770 557
1807780 556
1807790 554
1807800 553
1807810 552
1807820 551
1807830 549
1807840 548
1807850 547
1807860 546
1807870 545
1807880 544
1807890 543
1807900 542
1807910 541
1807920 540
1807930 539
1807940 538
1807950 537
1807960 535
1807970 533
1807980 529
1807990 529
1808000 530
1808010 534
1808020 536
1808030 537
1808040 538
1808050 539
1808060 540
1808070 540
1808080 540
1808090 540
1808100 540
1808110 540
1808120 540
1808130 540
1808140 539
1808150 539
1808160 538
1808170 537
1808180 536
1808190 535
1808200 533
1808210 532
1808220 530
1808230 529
1808240 528
1808250 526
1808260 525
1808270 523
1808280 521
1808290 517
1808300 513
1808310 508
1808320 506
1808330 506
1808340 507
1808350 510
1808360 512
1808370 515
1808380 516
1808390 516
1808400 517
1808410 517
1808420 518
1808430 519
1808440 519
1808450 520
1808460 520
1808470 520
1808480 520
1808490 520
1808500 520
1808510 520
1808520 519
1808530 519
1808540 519
1808550 518
1808560 518
1808570 517
1808580 517
1808590 516
1808600 516
1808610 515
1808620 515
1808630 515
1808640 514
1808650 514
1808660 513
1808670 513
1808680 512
1808690 511
1808700 510
1808710 509
1808720 506
1808730 505
1808740 506
1808750 509
1808760 512
1808770 514
1808780 515
1808790 517
1808800 518
1808810 519
1808820 520
1808830 522
1808840 523
1808850 524
1808860 525
1808870 526
1808880 528
1808890 529
1808900 530
1808910 531
1808920 532
1808930 534
1808940 535
1808950 536
1808960 538
1808970 540
1808980 541
1808990 543
1809000 545
1809010 546
1809020 548
1809030 550
1809040 552
1809050 554
1809060 556
1809070 558
1809080 560
1809090 562
1809100 564
1809110 565
1809120 566
1809130 567
1809140 569
1809150 570
1809160 572
1809170 573
1809180 573
1809190 574
1809200 575
1809210 575
1809220 576
1809230 576
1809240 575
1809250 575
1809260 574
1809270 573
1809280 572
1809290 571
1809300 570
1809310 569
1809320 568
1809330 567
1809340 567
1809350 566
1809360 565
1809370 564
1809380 563
1809390 562
1809400 562
1809410 561
1809420 560
1809430 560
1809440 559
1809450 558
1809460 556
1809470 555
1809480 554
1809490 553
1809500 551
1809510 550
1809520 549
1809530 548
1809540 547
1809550 544
1809560 542
1809570 540
1809580 540
1809590 540
1809600 539
1809610 539
1809620 539
1809630 541
1809640 542
1809650 542
1809660 542
1809670 541
1809680 541
1809690 540
1809700 540
1809710 540
1809720 540
1809730 538
1809740 535
1809750 532
1809760 533
1809770 535
1809780 538
1809790 539
1809800 541
1809810 542
1809820 543
1809830 544
1809840 546
1809850 549
1809860 551
1809870 553
1809880 556
1809890 558
1809900 561
1809910 563
1809920 565
1809930 566
1809940 568
1809950 569
1809960 571
1809970 573
1809980 574
1809990 576
1810000 578
1810010 579
1810020 581
1810030 583
1810040 584
1810050 585
1810060 587
1810070 588
1810080 588
1810090 589
1810100 589
1810110 590
1810120 590
1810130 591
1810140 592
1810150 592
1810160 593
1810170 593
1810180 594
1810190 594
1810200 594
1810210 594
1810220 594
1810230 594
1810240 593
1810250 593
1810260 593
1810270 593
1810280 592
1810290 592
1810300 591
1810310 591
1810320 591
1810330 590
1810340 590
1810350 590
1810360 589
1810370 589
1810380 589
1810390 589
1810400 589
1810410 588
1810420 588
1810430 588
1810440 588
1810450 588
1810460 588
1810470 588
1810480 587
1810490 587
1810500 587
1810510 587
1810520 587
1810530 587
1810540 587
1810550 587
1810560 587
1810570 587
1810580 587
1810590 588
1810600 588
1810610 588
1810620 588
1810630 589
1810640 589
1810650 590
1810660 591
1810670 591
1810680 592
1810690 593
1810700 593
1810710 594
1810720 594
1810730 594
1810740 594
1810750 594
1810760 594
1810770 594
1810780 594
1810790 594
1810800 594
1810810 594
1810820 594
1810830 594
1810840 594
1810850 594
1810860 594
1810870 594
1810880 593
1810890 594
1810900 594
1810910 594
1810920 594
1810930 594
1810940 595
1810950 595
1810960 595
1810970 595
1810980 595
1810990 596
1811000 596
1811010 596
1811020 597
1811030 597
1811040 598
1811050 598
1811060 599
1811070 600
1811080 600
1811090 601
1811100 601
1811110 601
1811120 601
1811130 601
1811140 601
1811150 601
1811160 601
1811170 601
1811180 601
1811190 602
1811200 602
1811210 603
1811220 604
1811230 604
1811240 605
1811250 605
1811260 605
1811270 605
1811280 606
1811290 606
1811300 606
1811310 606
1811320 607
1811330 607
1811340 607
1811350 607
1811360 608
1811370 608
1811380 608
1811390 609
1811400 609
1811410 609
1811420 610
1811430 610
1811440 611
1811450 611
1811460 611
1811470 612
1811480 612
1811490 613
1811500 613
1811510 614
1811520 614
1811530 615
1811540 615
1811550 616
1811560 616
1811570 617
1811580 617
1811590 618
1811600 618
1811610 618
1811620 618
1811630 618
1811640 618
1811650 618
1811660 618
1811670 617
1811680 617
1811690 617
1811700 616
1811710 616
1811720 615
1811730 615
1811740 614
1811750 613
1811760 612
1811770 611
1811780 609
1811790 608
1811800 606
1811810 605
1811820 604
1811830 603
1811840 602
1811850 601
1811860 600
1811870 599
1811880 598
1811890 598
1811900 599
1811910 599
1811920 600
1811930 600
1811940 600
1811950 600
1811960 599
1811970 598
1811980 597
1811990 596
1812000 596
1812010 595
1812020 594
1812030 593
1812040 592
1812050 591
1812060 590
1812070 589
1812080 588
1812090 586
1812100 585
1812110 583
1812120 582
1812130 580
1812140 578
1812150 576
1812160 574
1812170 573
1812180 571
1812190 568
1812200 565
1812210 561
1812220 561
1812230 562
1812240 564
1812250 565
1812260 567
1812270 569
1812280 570
1812290 572
1812300 573
1812310 575
1812320 577
1812330 578
1812340 580
1812350 581
1812360 582
1812370 583
1812380 584
1812390 584
1812400 585
1812410 586
1812420 587
1812430 588
1812440 588
1812450 589
1812460 590
1812470 591
1812480 592
1812490 593
1812500 595
1812510 597
1812520 599
1812530 600
1812540 600
1812550 600
1812560 602
1812570 605
1812580 608
1812590 610
1812600 611
1812610 612
1812620 613
1812630 614
1812640 615
1812650 616
1812660 618
1812670 619
1812680 621
1812690 622
1812700 623
1812710 625
1812720 626
1812730 627
1812740 628
1812750 629
1812760 630
1812770 630
1812780 631
1812790 631
1812800 631
1812810 632
1812820 632
1812830 632
1812840 632
1812850 633
1812860 633
1812870 633
1812880 634
1812890 635
1812900 635
1812910 636
1812920 637
1812930 637
1812940 638
1812950 639
1812960 639
1812970 640
1812980 641
1812990 641
1813000 642
1813010 642
1813020 643
1813030 643
1813040 643
1813050 643
1813060 643
1813070 644
1813080 644
1813090 644
1813100 644
1813110 644
1813120 644
1813130 644
1813140 644
1813150 644
1813160 643
1813170 643
1813180 642
1813190 641
1813200 640
1813210 639
1813220 638
1813230 637
1813240 637
1813250 637
1813260 637
1813270 638
1813280 638
1813290 639
1813300 639
1813310 639
1813320 640
1813330 640
1813340 640
1813350 641
1813360 641
1813370 641
1813380 642
1813390 642
1813400 642
1813410 643
1813420 643
1813430 643
1813440 644
1813450 644
1813460 645
1813470 645
1813480 646
1813490 647
1813500 648
1813510 648
1813520 649
1813530 649
1813540 650
1813550 650
1813560 651
1813570 651
1813580 652
1813590 652
1813600 653
1813610 653
1813620 653
1813630 654
1813640 654
1813650 654
1813660 655
1813670 655
1813680 655
1813690 655
1813700 655
1813710 655
1813720 655
1813730 656
1813740 656
1813750 657
1813760 657
1813770 657
1813780 658
1813790 658
1813800 659
1813810 659
1813820 660
1813830 660
1813840 661
1813850 661
1813860 662
1813870 663
1813880 664
1813890 664
1813900 665
1813910 666
1813920 666
1813930 667
1813940 668
1813950 668
1813960 668
1813970 668
1813980 668
1813990 668
1814000 668
1814010 668
1814020 668
1814030 668
1814040 668
1814050 669
1814060 669
1814070 670
1814080 671
1814090 671
1814100 672
1814110 673
1814120 674
1814130 676
1814140 677
1814150 677
1814160 677
1814170 676
1814180 675
1814190 675
1814200 674
1814210 673
1814220 672
1814230 671
1814240 670
1814250 669
1814260 668
1814270 667
1814280 666
1814290 665
1814300 665
1814310 664
1814320 663
1814330 661
1814340 660
1814350 659
1814360 657
1814370 656
1814380 655
1814390 654
1814400 653
1814410 652
1814420 652
1814430 651
1814440 651
1814450 650
1814460 650
1814470 650
1814480 650
1814490 650
1814500 650
1814510 650
1814520 651
1814530 651
1814540 652
1814550 652
1814560 652
1814570 651
1814580 651
1814590 650
1814600 650
1814610 649
1814620 648
1814630 648
1814640 647
1814650 646
1814660 645
1814670 644
1814680 643
1814690 642
1814700 641
1814710 640
1814720 638
1814730 637
1814740 636
1814750 634
1814760 632
1814770 631
1814780 629
1814790 628
1814800 626
1814810 625
1814820 625
1814830 624
1814840 623
1814850 623
1814860 622
1814870 622
1814880 622
1814890 621
1814900 621
1814910 621
1814920 621
1814930 621
1814940 621
1814950 621
1814960 621
1814970 621
1814980 621
1814990 622
1815000 622
1815010 622
1815020 621
1815030 619
1815040 617
1815050 615
1815060 613
1815070 610
1815080 607
1815090 604
1815100 601
1815110 598
1815120 595
1815130 591
1815140 588
1815150 584
1815160 581
1815170 577
1815180 574
1815190 571
1815200 567
1815210 564
1815220 561
1815230 559
1815240 556
1815250 554
1815260 551
1815270 549
1815280 546
1815290 544
1815300 542
1815310 540
1815320 539
1815330 537
1815340 535
1815350 533
1815360 531
1815370 529
1815380 525
1815390 521
1815400 520
1815410 518
1815420 516
1815430 512
1815440 510
1815450 507
1815460 504
1815470 501
1815480 498
1815490 496
1815500 494
1815510 494
1815520 493
1815530 494
1815540 495
1815550 497
1815560 500
1815570 502
1815580 504
1815590 505
1815600 506
1815610 507
1815620 507
1815630 508
1815640 507
1815650 507
1815660 507
1815670 508
1815680 508
1815690 509
1815700 509
1815710 508
1815720 508
1815730 508
1815740 508
1815750 508
1815760 508
1815770 508
1815780 508
1815790 508
1815800 508
1815810 508
1815820 508
1815830 508
1815840 508
1815850 507
1815860 507
1815870 507
1815880 506
1815890 505
1815900 504
1815910 502
1815920 500
1815930 498
1815940 497
1815950 495
1815960 494
1815970 493
1815980 493
1815990 492
1816000 491
1816010 490
1816020 489
1816030 489
1816040 489
1816050 492
1816060 494
1816070 497
1816080 500
1816090 503
1816100 507
1816110 511
1816120 514
1816130 518
1816140 521
1816150 524
1816160 526
1816170 528
1816180 529
1816190 530
1816200 531
1816210 531
1816220 532
1816230 532
1816240 533
1816250 534
1816260 535
1816270 536
1816280 536
1816290 537
1816300 538
1816310 539
1816320 540
1816330 542
1816340 544
1816350 545
1816360 546
1816370 546
1816380 546
1816390 545
1816400 543
1816410 543
1816420 542
1816430 541
1816440 540
1816450 539
1816460 538
1816470 538
1816480 537
1816490 536
1816500 534
1816510 533
1816520 531
1816530 529
1816540 528
1816550 526
1816560 523
1816570 522
1816580 520
1816590 518
1816600 521
1816610 523
1816620 525
1816630 528
1816640 531
1816650 534
1816660 536
1816670 538
1816680 539
1816690 540
1816700 542
1816710 544
1816720 546
1816730 547
1816740 549
1816750 550
1816760 552
1816770 553
1816780 554
1816790 555
1816800 557
1816810 558
1816820 560
1816830 561
1816840 563
1816850 565
1816860 566
1816870 568
1816880 569
1816890 571
1816900 572
1816910 573
1816920 574
1816930 575
1816940 576
1816950 577
1816960 577
1816970 578
1816980 580
1816990 581
1817000 583
1817010 584
1817020 586
1817030 588
1817040 589
1817050 590
1817060 591
1817070 591
1817080 592
1817090 592
1817100 592
1817110 592
1817120 592
1817130 592
1817140 592
1817150 592
1817160 592
1817170 591
1817180 591
1817190 591
1817200 590
1817210 590
1817220 589
1817230 588
1817240 586
1817250 585
1817260 584
1817270 583
1817280 582
1817290 581
1817300 581
1817310 581
1817320 581
1817330 582
1817340 582
1817350 583
1817360 583
1817370 584
1817380 584
1817390 585
1817400 586
1817410 587
1817420 587
1817430 588
1817440 589
1817450 590
1817460 591
1817470 592
1817480 592
1817490 593
1817500 594
1817510 595
1817520 596
1817530 596
1817540 597
1817550 597
1817560 597
1817570 597
1817580 596
1817590 595
1817600 594
1817610 593
1817620 592
1817630 591
1817640 590
1817650 588
1817660 587
1817670 585
1817680 583
1817690 581
1817700 579
1817710 577
1817720 575
1817730 573
1817740 571
1817750 569
1817760 568
1817770 566
1817780 564
1817790 562
1817800 560
1817810 558
1817820 557
1817830 555
1817840 553
1817850 551
1817860 550
1817870 548
1817880 547
1817890 546
1817900 545
1817910 545
1817920 544
1817930 543
1817940 542
1817950 542
1817960 541
1817970 540
1817980 538
1817990 537
1818000 535
1818010 533
1818020 532
1818030 530
1818040 529
1818050 528
1818060 527
1818070 526
1818080 525
1818090 523
1818100 522
1818110 520
1818120 518
1818130 516
1818140 514
1818150 511
1818160 508
1818170 504
1818180 500
1818190 496
1818200 492
1818210 487
1818220 482
1818230 476
1818240 474
1818250 474
1818260 477
1818270 481
1818280 486
1818290 490
1818300 494
1818310 498
1818320 501
1818330 505
1818340 508
1818350 512
1818360 516
1818370 518
1818380 521
1818390 524
1818400 526
1818410 528
1818420 530
1818430 531
1818440 531
1818450 532
1818460 534
1818470 535
1818480 537
1818490 540
1818500 543
1818510 546
1818520 550
1818530 553
1818540 557
1818550 560
1818560 563
1818570 566
1818580 569
1818590 572
1818600 574
1818610 577
1818620 579
1818630 580
1818640 580
1818650 579
1818660 576
1818670 574
1818680 571
1818690 569
1818700 568
1818710 566
1818720 565
1818730 564
1818740 563
1818750 563
1818760 562
1818770 562
1818780 562
1818790 563
1818800 564
1818810 565
1818820 566
1818830 567
1818840 567
1818850 567
1818860 567
1818870 567
1818880 566
1818890 565
1818900 564
1818910 564
1818920 562
1818930 561
1818940 560
1818950 559
1818960 558
1818970 556
1818980 555
1818990 553
1819000 552
1819010 550
1819020 549
1819030 548
1819040 547
1819050 547
1819060 547
1819070 548
1819080 549
1819090 549
1819100 549
1819110 548
1819120 546
1819130 544
1819140 542
1819150 539
1819160 536
1819170 532
1819180 528
1819190 525
1819200 521
1819210 517
1819220 513
1819230 509
1819240 505
1819250 502
1819260 498
1819270 495
1819280 491
1819290 488
1819300 484
1819310 480
1819320 477
1819330 473
1819340 472
1819350 473
1819360 476
1819370 480
1819380 484
1819390 488
1819400 492
1819410 496
1819420 499
1819430 501
1819440 501
1819450 501
1819460 500
1819470 500
1819480 500
1819490 499
1819500 499
1819510 498
1819520 497
1819530 496
1819540 495
1819550 495
1819560 497
1819570 500
1819580 503
1819590 506
1819600 509
1819610 513
1819620 516
1819630 520
1819640 523
1819650 527
1819660 530
1819670 534
1819680 538
1819690 541
1819700 545
1819710 548
1819720 551
1819730 554
1819740 557
1819750 561
1819760 564
1819770 567
1819780 570
1819790 572
1819800 575
1819810 577
1819820 579
1819830 581
1819840 583
1819850 585
1819860 587
1819870 588
1819880 589
1819890 591
1819900 592
1819910 593
1819920 594
1819930 595
1819940 596
1819950 597
1819960 598
1819970 599
1819980 599
1819990 599
