1800000 495
1800010 495
1800020 495
1800030 495
1800040 495
1800050 495
1800060 494
1800070 495
1800080 495
1800090 495
1800100 495
1800110 496
1800120 496
1800130 497
1800140 497
1800150 498
1800160 499
1800170 500
1800180 501
1800190 502
1800200 502
1800210 503
1800220 503
1800230 504
1800240 504
1800250 505
1800260 505
1800270 506
1800280 507
1800290 507
1800300 508
1800310 508
1800320 509
1800330 509
1800340 510
1800350 510
1800360 511
1800370 511
1800380 512
1800390 512
1800400 512
1800410 513
1800420 513
1800430 513
1800440 514
1800450 514
1800460 514
1800470 514
1800480 514
1800490 514
1800500 514
1800510 514
1800520 514
1800530 514
1800540 514
1800550 514
1800560 514
1800570 515
1800580 515
1800590 515
1800600 515
1800610 515
1800620 516
1800630 516
1800640 516
1800650 516
1800660 516
1800670 516
1800680 516
1800690 516
1800700 516
1800710 516
1800720 516
1800730 516
1800740 516
1800750 516
1800760 517
1800770 517
1800780 517
1800790 518
1800800 518
1800810 518
1800820 519
1800830 519
1800840 519
1800850 519
1800860 520
1800870 520
1800880 520
1800890 520
1800900 520
1800910 520
1800920 521
1800930 521
1800940 521
1800950 521
1800960 521
1800970 521
1800980 521
1800990 522
1801000 522
1801010 523
1801020 523
1801030 523
1801040 523
1801050 523
1801060 523
1801070 523
1801080 523
1801090 523
1801100 524
1801110 524
1801120 524
1801130 525
1801140 525
1801150 526
1801160 526
1801170 527
1801180 527
1801190 528
1801200 529
1801210 530
1801220 530
1801230 531
1801240 532
1801250 533
1801260 534
1801270 535
1801280 536
1801290 536
1801300 537
1801310 537
1801320 538
1801330 538
1801340 538
1801350 539
1801360 538
1801370 538
1801380 538
1801390 537
1801400 537
1801410 536
1801420 535
1801430 534
1801440 533
1801450 532
1801460 531
1801470 529
1801480 528
1801490 526
1801500 524
1801510 522
1801520 520
1801530 518
1801540 515
1801550 511
1801560 508
1801570 504
1801580 501
1801590 498
1801600 495
1801610 493
1801620 490
1801630 486
1801640 484
1801650 486
1801660 490
1801670 495
1801680 499
1801690 503
1801700 506
1801710 509
1801720 511
1801730 513
1801740 515
1801750 516
1801760 517
1801770 518
1801780 519
1801790 520
1801800 521
1801810 522
1801820 523
1801830 523
1801840 524
1801850 525
1801860 525
1801870 525
1801880 526
1801890 526
1801900 526
1801910 526
1801920 526
1801930 526
1801940 526
1801950 526
1801960 526
1801970 526
1801980 526
1801990 526
1802000 525
1802010 525
1802020 524
1802030 524
1802040 523
1802050 522
1802060 521
1802070 520
1802080 518
1802090 516
1802100 514
1802110 511
1802120 508
1802130 504
1802140 501
1802150 498
1802160 497
1802170 499
1802180 504
1802190 507
1802200 511
1802210 514
1802220 516
1802230 518
1802240 521
1802250 522
1802260 524
1802270 526
1802280 527
1802290 528
1802300 529
1802310 529
1802320 530
1802330 530
1802340 530
1802350 529
1802360 529
1802370 528
1802380 526
1802390 525
1802400 522
1802410 519
1802420 518
1802430 519
1802440 522
1802450 525
1802460 526
1802470 527
1802480 528
1802490 529
1802500 530
1802510 530
1802520 531
1802530 532
1802540 533
1802550 534
1802560 534
1802570 535
1802580 536
1802590 536
1802600 537
1802610 538
1802620 539
1802630 540
1802640 541
1802650 542
1802660 543
1802670 544
1802680 544
1802690 545
1802700 546
1802710 547
1802720 548
1802730 549
1802740 549
1802750 550
1802760 551
1802770 551
1802780 552
1802790 552
1802800 553
1802810 553
1802820 553
1802830 554
1802840 554
1802850 554
1802860 555
1802870 556
1802880 556
1802890 557
1802900 557
1802910 558
1802920 558
1802930 559
1802940 559
1802950 559
1802960 560
1802970 560
1802980 561
1802990 561
1803000 561
1803010 562
1803020 562
1803030 562
1803040 562
1803050 562
1803060 562
1803070 562
1803080 562
1803090 562
1803100 562
1803110 562
1803120 562
1803130 561
1803140 561
1803150 560
1803160 560
1803170 559
1803180 558
1803190 557
1803200 557
1803210 556
1803220 555
1803230 554
1803240 553
1803250 552
1803260 551
1803270 550
1803280 548
1803290 547
1803300 546
1803310 545
1803320 543
1803330 542
1803340 541
1803350 540
1803360 539
1803370 538
1803380 537
1803390 535
1803400 534
1803410 533
1803420 532
1803430 531
1803440 530
1803450 528
1803460 527
1803470 525
1803480 524
1803490 523
1803500 522
1803510 521
1803520 520
1803530 519
1803540 517
1803550 515
1803560 514
1803570 512
1803580 510
1803590 508
1803600 507
1803610 506
1803620 505
1803630 505
1803640 505
1803650 505
1803660 505
1803670 505
1803680 505
1803690 506
1803700 505
1803710 505
1803720 504
1803730 504
1803740 503
1803750 503
1803760 503
1803770 504
1803780 504
1803790 504
1803800 504
1803810 505
1803820 505
1803830 504
1803840 504
1803850 504
1803860 504
1803870 504
1803880 503
1803890 500
1803900 498
1803910 497
1803920 497
1803930 496
1803940 494
1803950 494
1803960 495
1803970 498
1803980 500
1803990 501
1804000 501
1804010 500
1804020 500
1804030 500
1804040 500
1804050 499
1804060 499
1804070 499
1804080 499
1804090 499
1804100 498
1804110 498
1804120 498
1804130 498
1804140 498
1804150 498
1804160 499
1804170 500
1804180 501
1804190 502
1804200 503
1804210 503
1804220 503
1804230 504
1804240 505
1804250 506
1804260 507
1804270 508
1804280 509
1804290 510
1804300 512
1804310 514
1804320 516
1804330 516
1804340 517
1804350 517
1804360 517
1804370 518
1804380 518
1804390 520
1804400 521
1804410 522
1804420 524
1804430 525
1804440 526
1804450 527
1804460 528
1804470 529
1804480 530
1804490 530
1804500 531
1804510 532
1804520 532
1804530 533
1804540 533
1804550 533
1804560 533
1804570 534
1804580 534
1804590 534
1804600 533
1804610 533
1804620 532
1804630 532
1804640 532
1804650 531
1804660 531
1804670 530
1804680 530
1804690 530
1804700 529
1804710 529
1804720 528
1804730 528
1804740 527
1804750 527
1804760 526
1804770 526
1804780 525
1804790 525
1804800 524
1804810 524
1804820 523
1804830 523
1804840 522
1804850 522
1804860 521
1804870 521
1804880 520
1804890 519
1804900 518
1804910 517
1804920 514
1804930 512
1804940 510
1804950 507
1804960 505
1804970 503
1804980 502
1804990 502
1805000 501
1805010 500
1805020 500
1805030 499
1805040 498
1805050 496
1805060 494
1805070 491
1805080 488
1805090 488
1805100 488
1805110 488
1805120 487
1805130 484
1805140 481
1805150 479
1805160 480
1805170 480
1805180 481
1805190 483
1805200 485
1805210 486
1805220 487
1805230 489
1805240 490
1805250 492
1805260 493
1805270 494
1805280 495
1805290 495
1805300 496
1805310 498
1805320 499
1805330 500
1805340 501
1805350 502
1805360 503
1805370 504
1805380 505
1805390 506
1805400 507
1805410 509
1805420 510
1805430 511
1805440 512
1805450 513
1805460 514
1805470 515
1805480 516
1805490 518
1805500 519
1805510 520
1805520 521
1805530 522
1805540 523
1805550 524
1805560 525
1805570 526
1805580 527
1805590 527
1805600 528
1805610 529
1805620 530
1805630 531
1805640 532
1805650 533
1805660 535
1805670 537
1805680 538
1805690 540
1805700 541
1805710 542
1805720 544
1805730 545
1805740 546
1805750 546
1805760 547
1805770 548
1805780 548
1805790 549
1805800 550
1805810 551
1805820 551
1805830 552
1805840 553
1805850 554
1805860 555
1805870 555
1805880 556
1805890 557
1805900 558
1805910 558
1805920 559
1805930 559
1805940 560
1805950 561
1805960 561
1805970 561
1805980 561
1805990 562
1806000 562
1806010 562
1806020 563
1806030 563
1806040 564
1806050 564
1806060 564
1806070 565
1806080 565
1806090 566
1806100 566
1806110 566
1806120 567
1806130 567
1806140 567
1806150 568
1806160 568
1806170 568
1806180 568
1806190 568
1806200 568
1806210 568
1806220 569
1806230 569
1806240 569
1806250 569
1806260 569
1806270 569
1806280 569
1806290 569
1806300 569
1806310 568
1806320 568
1806330 568
1806340 568
1806350 567
1806360 567
1806370 566
1806380 566
1806390 566
1806400 565
1806410 565
1806420 565
1806430 565
1806440 564
1806450 564
1806460 565
1806470 565
1806480 565
1806490 565
1806500 566
1806510 566
1806520 567
1806530 567
1806540 568
1806550 568
1806560 569
1806570 569
1806580 570
1806590 571
1806600 571
1806610 572
1806620 573
1806630 573
1806640 574
1806650 575
1806660 576
1806670 576
1806680 577
1806690 578
1806700 578
1806710 579
1806720 580
1806730 580
1806740 581
1806750 582
1806760 582
1806770 583
1806780 584
1806790 585
1806800 586
1806810 586
1806820 586
1806830 587
1806840 589
1806850 590
1806860 591
1806870 591
1806880 592
1806890 593
1806900 593
1806910 594
1806920 594
1806930 595
1806940 596
1806950 596
1806960 597
1806970 597
1806980 598
1806990 598
1807000 598
1807010 599
1807020 599
1807030 599
1807040 599
1807050 598
1807060 598
1807070 598
1807080 597
1807090 597
1807100 596
1807110 596
1807120 595
1807130 595
1807140 594
1807150 593
1807160 592
1807170 591
1807180 590
1807190 589
1807200 588
1807210 587
1807220 585
1807230 583
1807240 581
1807250 579
1807260 579
1807270 578
1807280 577
1807290 577
1807300 576
1807310 575
1807320 574
1807330 573
1807340 571
1807350 570
1807360 568
1807370 567
1807380 565
1807390 564
1807400 563
1807410 562
1807420 562
1807430 561
1807440 560
1807450 559
1807460 559
1807470 558
1807480 556
1807490 555
1807500 554
1807510 552
1807520 551
1807530 548
1807540 545
1807550 542
1807560 540
1807570 537
1807580 534
1807590 532
1807600 530
1807610 528
1807620 526
1807630 524
1807640 524
1807650 525
1807660 526
1807670 527
1807680 526
1807690 526
1807700 525
1807710 524
1807720 523
1807730 522
1807740 521
1807750 520
1807760 520
1807770 518
1807780 517
1807790 516
1807800 514
1807810 512
1807820 511
1807830 510
1807840 509
1807850 509
1807860 508
1807870 508
1807880 507
1807890 506
1807900 506
1807910 504
1807920 501
1807930 497
1807940 495
1807950 498
1807960 502
1807970 506
1807980 508
1807990 509
1808000 511
1808010 512
1808020 514
1808030 515
1808040 517
1808050 518
1808060 519
1808070 521
1808080 522
1808090 524
1808100 525
1808110 527
1808120 528
1808130 529
1808140 530
1808150 530
1808160 531
1808170 532
1808180 532
1808190 533
1808200 533
1808210 533
1808220 534
1808230 534
1808240 533
1808250 532
1808260 531
1808270 530
1808280 529
1808290 528
1808300 526
1808310 525
1808320 524
1808330 523
1808340 521
1808350 520
1808360 519
1808370 517
1808380 515
1808390 514
1808400 512
1808410 510
1808420 509
1808430 507
1808440 505
1808450 504
1808460 502
1808470 501
1808480 499
1808490 498
1808500 497
1808510 495
1808520 494
1808530 493
1808540 491
1808550 488
1808560 484
1808570 481
1808580 480
1808590 480
1808600 483
1808610 487
1808620 492
1808630 496
1808640 499
1808650 502
1808660 505
1808670 508
1808680 511
1808690 514
1808700 517
1808710 520
1808720 523
1808730 526
1808740 529
1808750 532
1808760 534
1808770 536
1808780 538
1808790 540
1808800 542
1808810 543
1808820 545
1808830 546
1808840 548
1808850 549
1808860 550
1808870 551
1808880 552
1808890 553
1808900 554
1808910 554
1808920 554
1808930 554
1808940 553
1808950 552
1808960 551
1808970 550
1808980 549
1808990 549
1809000 548
1809010 547
1809020 546
1809030 546
1809040 545
1809050 544
1809060 543
1809070 542
1809080 541
1809090 540
1809100 539
1809110 538
1809120 537
1809130 536
1809140 535
1809150 534
1809160 533
1809170 531
1809180 530
1809190 529
1809200 528
1809210 527
1809220 526
1809230 526
1809240 525
1809250 524
1809260 523
1809270 522
1809280 521
1809290 520
1809300 519
1809310 519
1809320 518
1809330 516
1809340 515
1809350 513
1809360 512
1809370 510
1809380 509
1809390 508
1809400 508
1809410 508
1809420 508
1809430 508
1809440 508
1809450 508
1809460 507
1809470 505
1809480 504
1809490 502
1809500 500
1809510 497
1809520 496
1809530 497
1809540 500
1809550 505
1809560 509
1809570 511
1809580 514
1809590 517
1809600 520
1809610 523
1809620 525
1809630 528
1809640 530
1809650 533
1809660 536
1809670 538
1809680 541
1809690 544
1809700 547
1809710 550
1809720 552
1809730 554
1809740 555
1809750 556
1809760 557
1809770 558
1809780 558
1809790 558
1809800 558
1809810 558
1809820 558
1809830 558
1809840 557
1809850 557
1809860 556
1809870 556
1809880 556
1809890 555
1809900 555
1809910 554
1809920 553
1809930 553
1809940 553
1809950 553
1809960 553
1809970 553
1809980 553
1809990 553
1810000 554
1810010 554
1810020 555
1810030 556
1810040 556
1810050 557
1810060 557
1810070 558
1810080 559
1810090 560
1810100 561
1810110 563
1810120 564
1810130 565
1810140 566
1810150 568
1810160 569
1810170 570
1810180 571
1810190 572
1810200 573
1810210 573
1810220 573
1810230 573
1810240 572
1810250 572
1810260 571
1810270 570
1810280 569
1810290 568
1810300 566
1810310 565
1810320 563
1810330 562
1810340 560
1810350 559
1810360 557
1810370 556
1810380 554
1810390 552
1810400 550
1810410 547
1810420 546
1810430 546
1810440 545
1810450 546
1810460 549
1810470 551
1810480 554
1810490 556
1810500 557
1810510 559
1810520 560
1810530 562
1810540 563
1810550 565
1810560 566
1810570 566
1810580 567
1810590 568
1810600 568
1810610 569
1810620 570
1810630 571
1810640 572
1810650 573
1810660 574
1810670 575
1810680 576
1810690 576
1810700 576
1810710 576
1810720 576
1810730 575
1810740 575
1810750 574
1810760 573
1810770 572
1810780 570
1810790 569
1810800 568
1810810 568
1810820 567
1810830 566
1810840 563
1810850 561
1810860 560
1810870 564
1810880 568
1810890 571
1810900 572
1810910 573
1810920 574
1810930 575
1810940 576
1810950 577
1810960 578
1810970 579
1810980 580
1810990 580
1811000 581
1811010 581
1811020 580
1811030 580
1811040 579
1811050 579
1811060 578
1811070 577
1811080 576
1811090 575
1811100 574
1811110 572
1811120 571
1811130 572
1811140 576
1811150 579
1811160 581
1811170 582
1811180 584
1811190 585
1811200 587
1811210 589
1811220 590
1811230 592
1811240 594
1811250 596
1811260 599
1811270 601
1811280 603
1811290 605
1811300 606
1811310 608
1811320 610
1811330 612
1811340 613
1811350 614
1811360 615
1811370 616
1811380 617
1811390 618
1811400 618
1811410 618
1811420 617
1811430 616
1811440 615
1811450 614
1811460 612
1811470 610
1811480 608
1811490 606
1811500 604
1811510 601
1811520 599
1811530 596
1811540 594
1811550 591
1811560 588
1811570 586
1811580 583
1811590 580
1811600 577
1811610 575
1811620 573
1811630 571
1811640 568
1811650 566
1811660 565
1811670 564
1811680 563
1811690 561
1811700 560
1811710 559
1811720 558
1811730 556
1811740 555
1811750 554
1811760 552
1811770 551
1811780 550
1811790 549
1811800 548
1811810 547
1811820 545
1811830 543
1811840 543
1811850 543
1811860 543
1811870 542
1811880 540
1811890 537
1811900 534
1811910 535
1811920 536
1811930 537
1811940 539
1811950 543
1811960 547
1811970 549
1811980 552
1811990 554
1812000 556
1812010 559
1812020 561
1812030 563
1812040 565
1812050 568
1812060 570
1812070 572
1812080 574
1812090 575
1812100 576
1812110 575
1812120 572
1812130 573
1812140 576
1812150 580
1812160 583
1812170 584
1812180 585
1812190 586
1812200 586
1812210 587
1812220 588
1812230 589
1812240 590
1812250 591
1812260 592
1812270 592
1812280 593
1812290 594
1812300 595
1812310 596
1812320 597
1812330 598
1812340 599
1812350 600
1812360 601
1812370 602
1812380 603
1812390 605
1812400 608
1812410 609
1812420 610
1812430 612
1812440 613
1812450 614
1812460 616
1812470 617
1812480 618
1812490 619
1812500 620
1812510 621
1812520 622
1812530 623
1812540 625
1812550 626
1812560 627
1812570 629
1812580 630
1812590 631
1812600 633
1812610 634
1812620 635
1812630 637
1812640 638
1812650 639
1812660 640
1812670 641
1812680 641
1812690 642
1812700 644
1812710 645
1812720 647
1812730 648
1812740 649
1812750 650
1812760 651
1812770 652
1812780 653
1812790 654
1812800 655
1812810 656
1812820 657
1812830 658
1812840 658
1812850 659
1812860 660
1812870 661
1812880 662
1812890 663
1812900 664
1812910 665
1812920 667
1812930 668
1812940 669
1812950 670
1812960 671
1812970 671
1812980 672
1812990 673
1813000 674
1813010 675
1813020 676
1813030 677
1813040 678
1813050 678
1813060 678
1813070 679
1813080 679
1813090 680
1813100 680
1813110 681
1813120 681
1813130 682
1813140 682
1813150 682
1813160 683
1813170 683
1813180 683
1813190 683
1813200 683
1813210 684
1813220 684
1813230 684
1813240 684
1813250 684
1813260 684
1813270 684
1813280 683
1813290 683
1813300 683
1813310 682
1813320 682
1813330 681
1813340 681
1813350 680
1813360 679
1813370 679
1813380 678
1813390 677
1813400 676
1813410 675
1813420 674
1813430 673
1813440 672
1813450 670
1813460 669
1813470 668
1813480 667
1813490 666
1813500 665
1813510 664
1813520 663
1813530 662
1813540 660
1813550 659
1813560 658
1813570 656
1813580 654
1813590 652
1813600 650
1813610 648
1813620 645
1813630 643
1813640 641
1813650 639
1813660 636
1813670 634
1813680 632
1813690 630
1813700 628
1813710 626
1813720 624
1813730 622
1813740 620
1813750 618
1813760 616
1813770 613
1813780 611
1813790 609
1813800 609
1813810 609
1813820 609
1813830 610
1813840 610
1813850 611
1813860 611
1813870 611
1813880 612
1813890 612
1813900 611
1813910 611
1813920 611
1813930 610
1813940 609
1813950 609
1813960 608
1813970 608
1813980 608
1813990 607
1814000 606
1814010 605
1814020 603
1814030 602
1814040 601
1814050 600
1814060 599
1814070 598
1814080 596
1814090 594
1814100 592
1814110 589
1814120 587
1814130 585
1814140 584
1814150 583
1814160 583
1814170 582
1814180 581
1814190 580
1814200 580
1814210 579
1814220 579
1814230 579
1814240 578
1814250 577
1814260 576
1814270 575
1814280 574
1814290 574
1814300 573
1814310 575
1814320 577
1814330 577
1814340 577
1814350 576
1814360 574
1814370 573
1814380 571
1814390 570
1814400 568
1814410 567
1814420 567
1814430 567
1814440 566
1814450 565
1814460 564
1814470 563
1814480 562
1814490 561
1814500 560
1814510 560
1814520 559
1814530 559
1814540 558
1814550 558
1814560 557
1814570 558
1814580 558
1814590 558
1814600 557
1814610 557
1814620 556
1814630 554
1814640 553
1814650 552
1814660 551
1814670 551
1814680 551
1814690 551
1814700 551
1814710 551
1814720 550
1814730 549
1814740 547
1814750 545
1814760 544
1814770 542
1814780 542
1814790 542
1814800 542
1814810 544
1814820 545
1814830 546
1814840 546
1814850 547
1814860 547
1814870 547
1814880 547
1814890 547
1814900 546
1814910 544
1814920 542
1814930 540
1814940 539
1814950 537
1814960 536
1814970 535
1814980 534
1814990 533
1815000 532
1815010 530
1815020 529
1815030 528
1815040 527
1815050 526
1815060 526
1815070 525
1815080 524
1815090 524
1815100 525
1815110 526
1815120 525
1815130 526
1815140 527
1815150 528
1815160 530
1815170 531
1815180 533
1815190 535
1815200 536
1815210 538
1815220 539
1815230 539
1815240 539
1815250 540
1815260 542
1815270 544
1815280 547
1815290 549
1815300 552
1815310 554
1815320 555
1815330 557
1815340 558
1815350 559
1815360 560
1815370 561
1815380 563
1815390 565
1815400 568
1815410 571
1815420 574
1815430 577
1815440 581
1815450 584
1815460 587
1815470 590
1815480 593
1815490 595
1815500 596
1815510 598
1815520 599
1815530 599
1815540 600
1815550 601
1815560 602
1815570 603
1815580 604
1815590 605
1815600 606
1815610 607
1815620 607
1815630 607
1815640 607
1815650 607
1815660 607
1815670 606
1815680 605
1815690 604
1815700 602
1815710 601
1815720 599
1815730 597
1815740 596
1815750 594
1815760 593
1815770 593
1815780 591
1815790 590
1815800 588
1815810 586
1815820 584
1815830 582
1815840 580
1815850 577
1815860 575
1815870 572
1815880 570
1815890 567
1815900 565
1815910 563
1815920 561
1815930 560
1815940 559
1815950 558
1815960 555
1815970 553
1815980 551
1815990 550
1816000 548
1816010 546
1816020 544
1816030 541
1816040 538
1816050 535
1816060 532
1816070 528
1816080 524
1816090 525
1816100 527
1816110 531
1816120 534
1816130 536
1816140 538
1816150 540
1816160 542
1816170 545
1816180 547
1816190 549
1816200 552
1816210 554
1816220 557
1816230 560
1816240 562
1816250 565
1816260 567
1816270 569
1816280 571
1816290 573
1816300 575
1816310 577
1816320 579
1816330 580
1816340 582
1816350 584
1816360 586
1816370 588
1816380 589
1816390 591
1816400 593
1816410 595
1816420 597
1816430 599
1816440 601
1816450 602
1816460 602
1816470 601
1816480 600
1816490 598
1816500 596
1816510 593
1816520 589
1816530 586
1816540 583
1816550 580
1816560 578
1816570 576
1816580 575
1816590 575
1816600 575
1816610 575
1816620 576
1816630 578
1816640 580
1816650 581
1816660 583
1816670 585
1816680 586
1816690 587
1816700 589
1816710 590
1816720 591
1816730 593
1816740 595
1816750 596
1816760 598
1816770 599
1816780 601
1816790 602
1816800 604
1816810 605
1816820 607
1816830 609
1816840 611
1816850 613
1816860 615
1816870 617
1816880 619
1816890 620
1816900 621
1816910 623
1816920 624
1816930 625
1816940 626
1816950 627
1816960 628
1816970 629
1816980 629
1816990 630
1817000 630
1817010 630
1817020 629
1817030 629
1817040 628
1817050 628
1817060 627
1817070 626
1817080 626
1817090 625
1817100 624
1817110 623
1817120 622
1817130 621
1817140 621
1817150 620
1817160 619
1817170 618
1817180 617
1817190 617
1817200 616
1817210 615
1817220 615
1817230 614
1817240 613
1817250 613
1817260 612
1817270 612
1817280 611
1817290 610
1817300 609
1817310 608
1817320 607
1817330 606
1817340 605
1817350 604
1817360 602
1817370 600
1817380 599
1817390 597
1817400 596
1817410 595
1817420 593
1817430 591
1817440 590
1817450 588
1817460 587
1817470 585
1817480 584
1817490 583
1817500 582
1817510 580
1817520 580
1817530 580
1817540 580
1817550 579
1817560 579
1817570 578
1817580 577
1817590 576
1817600 575
1817610 574
1817620 573
1817630 572
1817640 571
1817650 570
1817660 569
1817670 568
1817680 567
1817690 566
1817700 565
1817710 564
1817720 563
1817730 563
1817740 562
1817750 561
1817760 560
1817770 559
1817780 558
1817790 557
1817800 557
1817810 556
1817820 555
1817830 554
1817840 553
1817850 552
1817860 551
1817870 550
1817880 549
1817890 548
1817900 547
1817910 546
1817920 545
1817930 545
1817940 544
1817950 544
1817960 543
1817970 542
1817980 540
1817990 539
1818000 536
1818010 534
1818020 532
1818030 529
1818040 526
1818050 523
1818060 520
1818070 518
1818080 515
1818090 513
1818100 511
1818110 509
1818120 507
1818130 505
1818140 502
1818150 500
1818160 498
1818170 496
1818180 494
1818190 491
1818200 489
1818210 489
1818220 490
1818230 492
1818240 495
1818250 498
1818260 501
1818270 503
1818280 505
1818290 508
1818300 511
1818310 514
1818320 516
1818330 518
1818340 521
1818350 524
1818360 527
1818370 529
1818380 532
1818390 534
1818400 537
1818410 540
1818420 543
1818430 547
1818440 550
1818450 553
1818460 555
1818470 557
1818480 559
1818490 562
1818500 564
1818510 567
1818520 571
1818530 574
1818540 577
1818550 580
1818560 583
1818570 586
1818580 588
1818590 591
1818600 592
1818610 594
1818620 596
1818630 597
1818640 599
1818650 600
1818660 601
1818670 602
1818680 603
1818690 603
1818700 603
1818710 604
1818720 604
1818730 604
1818740 604
1818750 604
1818760 604
1818770 604
1818780 603
1818790 603
1818800 603
1818810 602
1818820 601
1818830 600
1818840 599
1818850 598
1818860 597
1818870 596
1818880 595
1818890 594
1818900 593
1818910 591
1818920 589
1818930 588
1818940 586
1818950 584
1818960 582
1818970 580
1818980 578
1818990 577
1819000 575
1819010 574
1819020 573
1819030 572
1819040 571
1819050 569
1819060 568
1819070 566
1819080 565
1819090 563
1819100 562
1819110 561
1819120 559
1819130 556
1819140 554
1819150 551
1819160 548
1819170 545
1819180 541
1819190 538
1819200 535
1819210 531
1819220 528
1819230 525
1819240 521
1819250 518
1819260 514
1819270 510
1819280 506
1819290 503
1819300 499
1819310 496
1819320 493
1819330 490
1819340 488
1819350 486
1819360 484
1819370 483
1819380 482
1819390 483
1819400 486
1819410 489
1819420 494
1819430 498
1819440 503
1819450 507
1819460 511
1819470 516
1819480 520
1819490 524
1819500 529
1819510 532
1819520 536
1819530 539
1819540 542
1819550 544
1819560 546
1819570 548
1819580 550
1819590 553
1819600 555
1819610 558
1819620 560
1819630 562
1819640 564
1819650 565
1819660 566
1819670 566
1819680 567
1819690 567
1819700 568
1819710 569
1819720 570
1819730 571
1819740 573
1819750 575
1819760 577
1819770 578
1819780 580
1819790 582
1819800 583
1819810 584
1819820 584
1819830 585
1819840 585
1819850 585
1819860 585
1819870 585
1819880 585
1819890 586
1819900 586
1819910 587
1819920 588
1819930 588
1819940 589
1819950 590
1819960 591
1819970 592
1819980 593
1819990 594
