1800000 476
1800010 478
1800020 480
1800030 482
1800040 484
1800050 487
1800060 489
1800070 491
1800080 492
1800090 494
1800100 495
1800110 497
1800120 498
1800130 499
1800140 500
1800150 501
1800160 502
1800170 502
1800180 502
1800190 502
1800200 500
1800210 499
1800220 498
1800230 496
1800240 494
1800250 493
1800260 492
1800270 492
1800280 491
1800290 491
1800300 490
1800310 490
1800320 489
1800330 488
1800340 488
1800350 488
1800360 488
1800370 488
1800380 488
1800390 487
1800400 487
1800410 487
1800420 488
1800430 488
1800440 488
1800450 488
1800460 488
1800470 489
1800480 489
1800490 490
1800500 491
1800510 491
1800520 492
1800530 493
1800540 494
1800550 495
1800560 495
1800570 495
1800580 495
1800590 496
1800600 498
1800610 501
1800620 503
1800630 506
1800640 508
1800650 510
1800660 511
1800670 512
1800680 513
1800690 514
1800700 515
1800710 516
1800720 517
1800730 518
1800740 519
1800750 520
1800760 521
1800770 522
1800780 523
1800790 524
1800800 524
1800810 525
1800820 526
1800830 526
1800840 527
1800850 527
1800860 528
1800870 528
1800880 529
1800890 529
1800900 530
1800910 530
1800920 531
1800930 531
1800940 531
1800950 532
1800960 532
1800970 532
1800980 532
1800990 533
1801000 533
1801010 533
1801020 533
1801030 534
1801040 534
1801050 534
1801060 534
1801070 534
1801080 534
1801090 534
1801100 534
1801110 534
1801120 534
1801130 533
1801140 533
1801150 533
1801160 534
1801170 535
1801180 536
1801190 536
1801200 536
1801210 537
1801220 537
1801230 537
1801240 537
1801250 537
1801260 537
1801270 537
1801280 537
1801290 537
1801300 536
1801310 536
1801320 535
1801330 535
1801340 534
1801350 534
1801360 533
1801370 532
1801380 531
1801390 530
1801400 529
1801410 528
1801420 527
1801430 525
1801440 524
1801450 523
1801460 521
1801470 520
1801480 519
1801490 518
1801500 517
1801510 516
1801520 515
1801530 514
1801540 513
1801550 512
1801560 510
1801570 508
1801580 505
1801590 501
1801600 497
1801610 494
1801620 494
1801630 495
1801640 497
1801650 502
1801660 506
1801670 508
1801680 510
1801690 512
1801700 513
1801710 515
1801720 517
1801730 518
1801740 520
1801750 521
1801760 523
1801770 524
1801780 526
1801790 527
1801800 528
1801810 529
1801820 530
1801830 531
1801840 532
1801850 533
1801860 534
1801870 535
1801880 536
1801890 536
1801900 537
1801910 537
1801920 538
1801930 538
1801940 538
1801950 539
1801960 538
1801970 538
1801980 538
1801990 537
1802000 537
1802010 537
1802020 536
1802030 536
1802040 535
1802050 535
1802060 534
1802070 533
1802080 532
1802090 530
1802100 529
1802110 527
1802120 525
1802130 523
1802140 521
1802150 517
1802160 514
1802170 516
1802180 519
1802190 522
1802200 524
1802210 526
1802220 527
1802230 529
1802240 531
1802250 533
1802260 534
1802270 536
1802280 537
1802290 538
1802300 540
1802310 541
1802320 542
1802330 543
1802340 544
1802350 545
1802360 546
1802370 546
1802380 546
1802390 547
1802400 547
1802410 547
1802420 547
1802430 548
1802440 548
1802450 548
1802460 548
1802470 548
1802480 549
1802490 549
1802500 550
1802510 551
1802520 552
1802530 552
1802540 553
1802550 554
1802560 554
1802570 555
1802580 556
1802590 557
1802600 558
1802610 559
1802620 560
1802630 561
1802640 562
1802650 563
1802660 563
1802670 564
1802680 565
1802690 565
1802700 566
1802710 566
1802720 566
1802730 566
1802740 566
1802750 565
1802760 565
1802770 565
1802780 565
1802790 565
1802800 564
1802810 564
1802820 564
1802830 563
1802840 563
1802850 563
1802860 563
1802870 564
1802880 564
1802890 564
1802900 565
1802910 566
1802920 566
1802930 567
1802940 568
1802950 569
1802960 570
1802970 571
1802980 572
1802990 573
1803000 573
1803010 574
1803020 575
1803030 575
1803040 576
1803050 577
1803060 577
1803070 577
1803080 578
1803090 577
1803100 577
1803110 577
1803120 576
1803130 575
1803140 573
1803150 572
1803160 571
1803170 569
1803180 568
1803190 566
1803200 565
1803210 563
1803220 562
1803230 560
1803240 559
1803250 557
1803260 555
1803270 554
1803280 553
1803290 551
1803300 550
1803310 548
1803320 547
1803330 545
1803340 544
1803350 543
1803360 541
1803370 540
1803380 539
1803390 537
1803400 536
1803410 535
1803420 533
1803430 532
1803440 531
1803450 529
1803460 528
1803470 527
1803480 526
1803490 525
1803500 525
1803510 524
1803520 523
1803530 522
1803540 522
1803550 521
1803560 521
1803570 520
1803580 520
1803590 520
1803600 520
1803610 520
1803620 520
1803630 520
1803640 520
1803650 520
1803660 520
1803670 520
1803680 519
1803690 519
1803700 518
1803710 518
1803720 517
1803730 516
1803740 516
1803750 515
1803760 514
1803770 514
1803780 513
1803790 512
1803800 511
1803810 510
1803820 510
1803830 509
1803840 508
1803850 507
1803860 506
1803870 505
1803880 505
1803890 504
1803900 504
1803910 503
1803920 503
1803930 503
1803940 503
1803950 504
1803960 504
1803970 504
1803980 504
1803990 504
1804000 504
1804010 504
1804020 505
1804030 505
1804040 505
1804050 506
1804060 506
1804070 506
1804080 506
1804090 506
1804100 506
1804110 507
1804120 507
1804130 508
1804140 508
1804150 508
1804160 509
1804170 509
1804180 509
1804190 509
1804200 510
1804210 510
1804220 511
1804230 512
1804240 512
1804250 513
1804260 513
1804270 514
1804280 514
1804290 515
1804300 516
1804310 517
1804320 518
1804330 518
1804340 519
1804350 520
1804360 521
1804370 522
1804380 523
1804390 524
1804400 525
1804410 525
1804420 526
1804430 526
1804440 527
1804450 528
1804460 528
1804470 529
1804480 530
1804490 530
1804500 531
1804510 532
1804520 533
1804530 534
1804540 535
1804550 536
1804560 537
1804570 538
1804580 539
1804590 540
1804600 541
1804610 542
1804620 543
1804630 544
1804640 545
1804650 546
1804660 547
1804670 548
1804680 548
1804690 548
1804700 548
1804710 548
1804720 548
1804730 548
1804740 548
1804750 548
1804760 548
1804770 547
1804780 547
1804790 547
1804800 546
1804810 546
1804820 545
1804830 545
1804840 544
1804850 544
1804860 543
1804870 542
1804880 541
1804890 540
1804900 539
1804910 538
1804920 537
1804930 535
1804940 533
1804950 532
1804960 530
1804970 529
1804980 528
1804990 527
1805000 526
1805010 525
1805020 524
1805030 523
1805040 522
1805050 521
1805060 521
1805070 520
1805080 520
1805090 520
1805100 519
1805110 519
1805120 518
1805130 517
1805140 516
1805150 515
1805160 514
1805170 513
1805180 511
1805190 510
1805200 509
1805210 507
1805220 506
1805230 505
1805240 504
1805250 503
1805260 503
1805270 502
1805280 501
1805290 500
1805300 500
1805310 499
1805320 499
1805330 498
1805340 497
1805350 496
1805360 496
1805370 495
1805380 495
1805390 495
1805400 495
1805410 494
1805420 494
1805430 495
1805440 495
1805450 497
1805460 500
1805470 503
1805480 506
1805490 507
1805500 508
1805510 508
1805520 509
1805530 509
1805540 510
1805550 510
1805560 511
1805570 512
1805580 512
1805590 513
1805600 514
1805610 515
1805620 515
1805630 516
1805640 516
1805650 517
1805660 517
1805670 518
1805680 518
1805690 519
1805700 520
1805710 520
1805720 520
1805730 521
1805740 521
1805750 522
1805760 523
1805770 523
1805780 524
1805790 524
1805800 525
1805810 525
1805820 525
1805830 526
1805840 526
1805850 526
1805860 527
1805870 527
1805880 527
1805890 527
1805900 527
1805910 528
1805920 528
1805930 528
1805940 529
1805950 529
1805960 529
1805970 529
1805980 529
1805990 530
1806000 530
1806010 530
1806020 530
1806030 531
1806040 531
1806050 532
1806060 532
1806070 532
1806080 533
1806090 533
1806100 533
1806110 534
1806120 534
1806130 535
1806140 535
1806150 536
1806160 536
1806170 537
1806180 538
1806190 539
1806200 539
1806210 540
1806220 541
1806230 541
1806240 541
1806250 542
1806260 542
1806270 542
1806280 542
1806290 542
1806300 542
1806310 541
1806320 540
1806330 538
1806340 537
1806350 539
1806360 542
1806370 546
1806380 547
1806390 549
1806400 550
1806410 551
1806420 552
1806430 553
1806440 555
1806450 556
1806460 557
1806470 559
1806480 560
1806490 562
1806500 563
1806510 564
1806520 565
1806530 567
1806540 568
1806550 569
1806560 571
1806570 572
1806580 573
1806590 574
1806600 575
1806610 577
1806620 578
1806630 579
1806640 580
1806650 582
1806660 583
1806670 584
1806680 586
1806690 587
1806700 588
1806710 589
1806720 590
1806730 590
1806740 591
1806750 591
1806760 591
1806770 591
1806780 592
1806790 592
1806800 592
1806810 592
1806820 593
1806830 593
1806840 593
1806850 593
1806860 593
1806870 593
1806880 593
1806890 593
1806900 593
1806910 593
1806920 593
1806930 593
1806940 593
1806950 593
1806960 593
1806970 593
1806980 593
1806990 593
1807000 593
1807010 593
1807020 593
1807030 593
1807040 593
1807050 594
1807060 594
1807070 594
1807080 594
1807090 594
1807100 594
1807110 595
1807120 595
1807130 596
1807140 597
1807150 598
1807160 599
1807170 600
1807180 601
1807190 602
1807200 603
1807210 603
1807220 602
1807230 600
1807240 598
1807250 596
1807260 594
1807270 593
1807280 591
1807290 590
1807300 590
1807310 589
1807320 588
1807330 587
1807340 586
1807350 585
1807360 585
1807370 584
1807380 583
1807390 583
1807400 582
1807410 581
1807420 580
1807430 579
1807440 578
1807450 577
1807460 576
1807470 575
1807480 574
1807490 573
1807500 572
1807510 571
1807520 570
1807530 569
1807540 568
1807550 567
1807560 565
1807570 564
1807580 562
1807590 561
1807600 559
1807610 557
1807620 555
1807630 553
1807640 550
1807650 548
1807660 545
1807670 543
1807680 541
1807690 539
1807700 536
1807710 533
1807720 529
1807730 526
1807740 522
1807750 519
1807760 519
1807770 520
1807780 523
1807790 524
1807800 523
1807810 522
1807820 519
1807830 517
1807840 514
1807850 511
1807860 509
1807870 507
1807880 506
1807890 504
1807900 502
1807910 500
1807920 498
1807930 497
1807940 494
1807950 491
1807960 488
1807970 485
1807980 481
1807990 478
1808000 477
1808010 478
1808020 479
1808030 480
1808040 482
1808050 484
1808060 488
1808070 491
1808080 494
1808090 495
1808100 496
1808110 498
1808120 500
1808130 502
1808140 504
1808150 506
1808160 507
1808170 509
1808180 510
1808190 512
1808200 513
1808210 516
1808220 518
1808230 519
1808240 521
1808250 522
1808260 522
1808270 521
1808280 520
1808290 519
1808300 517
1808310 516
1808320 514
1808330 513
1808340 512
1808350 511
1808360 510
1808370 508
1808380 507
1808390 505
1808400 503
1808410 501
1808420 500
1808430 497
1808440 495
1808450 493
1808460 491
1808470 489
1808480 487
1808490 485
1808500 480
1808510 475
1808520 472
1808530 472
1808540 473
1808550 474
1808560 477
1808570 481
1808580 486
1808590 490
1808600 493
1808610 496
1808620 499
1808630 502
1808640 506
1808650 509
1808660 512
1808670 516
1808680 520
1808690 523
1808700 526
1808710 529
1808720 532
1808730 534
1808740 537
1808750 539
1808760 541
1808770 543
1808780 544
1808790 545
1808800 545
1808810 546
1808820 546
1808830 546
1808840 545
1808850 544
1808860 543
1808870 542
1808880 541
1808890 540
1808900 539
1808910 538
1808920 537
1808930 536
1808940 535
1808950 534
1808960 533
1808970 533
1808980 532
1808990 531
1809000 530
1809010 530
1809020 529
1809030 529
1809040 528
1809050 528
1809060 527
1809070 527
1809080 526
1809090 525
1809100 524
1809110 524
1809120 523
1809130 522
1809140 521
1809150 520
1809160 519
1809170 517
1809180 516
1809190 515
1809200 513
1809210 512
1809220 511
1809230 509
1809240 508
1809250 507
1809260 505
1809270 503
1809280 501
1809290 499
1809300 498
1809310 497
1809320 495
1809330 494
1809340 493
1809350 493
1809360 492
1809370 491
1809380 490
1809390 488
1809400 485
1809410 481
1809420 478
1809430 476
1809440 479
1809450 482
1809460 484
1809470 486
1809480 489
1809490 491
1809500 494
1809510 498
1809520 501
1809530 505
1809540 508
1809550 511
1809560 514
1809570 517
1809580 520
1809590 523
1809600 525
1809610 527
1809620 528
1809630 530
1809640 531
1809650 531
1809660 532
1809670 532
1809680 532
1809690 532
1809700 532
1809710 532
1809720 532
1809730 533
1809740 533
1809750 533
1809760 533
1809770 533
1809780 533
1809790 532
1809800 531
1809810 529
1809820 527
1809830 525
1809840 523
1809850 520
1809860 516
1809870 516
1809880 520
1809890 524
1809900 528
1809910 530
1809920 532
1809930 534
1809940 537
1809950 539
1809960 542
1809970 544
1809980 546
1809990 548
1810000 549
1810010 551
1810020 553
1810030 555
1810040 557
1810050 558
1810060 559
1810070 560
1810080 561
1810090 561
1810100 562
1810110 562
1810120 562
1810130 562
1810140 562
1810150 562
1810160 562
1810170 562
1810180 562
1810190 561
1810200 561
1810210 560
1810220 559
1810230 559
1810240 558
1810250 556
1810260 555
1810270 554
1810280 552
1810290 551
1810300 549
1810310 548
1810320 546
1810330 545
1810340 544
1810350 542
1810360 540
1810370 538
1810380 536
1810390 533
1810400 530
1810410 526
1810420 522
1810430 525
1810440 529
1810450 534
1810460 537
1810470 539
1810480 541
1810490 542
1810500 543
1810510 544
1810520 545
1810530 546
1810540 546
1810550 546
1810560 545
1810570 545
1810580 544
1810590 543
1810600 542
1810610 541
1810620 541
1810630 540
1810640 540
1810650 540
1810660 540
1810670 540
1810680 540
1810690 540
1810700 539
1810710 538
1810720 538
1810730 537
1810740 536
1810750 534
1810760 533
1810770 531
1810780 530
1810790 528
1810800 526
1810810 526
1810820 530
1810830 534
1810840 536
1810850 537
1810860 539
1810870 540
1810880 541
1810890 542
1810900 543
1810910 544
1810920 544
1810930 545
1810940 546
1810950 546
1810960 546
1810970 545
1810980 544
1810990 542
1811000 541
1811010 540
1811020 538
1811030 537
1811040 534
1811050 535
1811060 540
1811070 542
1811080 545
1811090 546
1811100 548
1811110 550
1811120 552
1811130 554
1811140 556
1811150 558
1811160 560
1811170 562
1811180 564
1811190 566
1811200 567
1811210 568
1811220 569
1811230 571
1811240 572
1811250 574
1811260 575
1811270 577
1811280 579
1811290 580
1811300 581
1811310 582
1811320 582
1811330 582
1811340 583
1811350 582
1811360 582
1811370 581
1811380 580
1811390 578
1811400 577
1811410 575
1811420 573
1811430 572
1811440 570
1811450 568
1811460 566
1811470 564
1811480 563
1811490 561
1811500 560
1811510 558
1811520 557
1811530 555
1811540 554
1811550 552
1811560 551
1811570 550
1811580 549
1811590 548
1811600 547
1811610 545
1811620 544
1811630 542
1811640 540
1811650 538
1811660 537
1811670 535
1811680 533
1811690 530
1811700 526
1811710 522
1811720 520
1811730 519
1811740 521
1811750 524
1811760 527
1811770 530
1811780 534
1811790 537
1811800 539
1811810 543
1811820 546
1811830 550
1811840 552
1811850 555
1811860 557
1811870 559
1811880 561
1811890 563
1811900 565
1811910 567
1811920 569
1811930 570
1811940 571
1811950 571
1811960 572
1811970 573
1811980 573
1811990 573
1812000 572
1812010 571
1812020 569
1812030 568
1812040 567
1812050 566
1812060 565
1812070 563
1812080 562
1812090 561
1812100 562
1812110 564
1812120 566
1812130 568
1812140 571
1812150 573
1812160 574
1812170 576
1812180 577
1812190 579
1812200 580
1812210 582
1812220 584
1812230 585
1812240 588
1812250 590
1812260 592
1812270 594
1812280 596
1812290 598
1812300 599
1812310 601
1812320 603
1812330 604
1812340 605
1812350 606
1812360 607
1812370 608
1812380 609
1812390 610
1812400 611
1812410 612
1812420 613
1812430 613
1812440 613
1812450 613
1812460 613
1812470 613
1812480 614
1812490 615
1812500 617
1812510 619
1812520 620
1812530 622
1812540 624
1812550 625
1812560 627
1812570 628
1812580 629
1812590 630
1812600 632
1812610 633
1812620 634
1812630 635
1812640 636
1812650 638
1812660 639
1812670 640
1812680 641
1812690 642
1812700 644
1812710 645
1812720 647
1812730 648
1812740 649
1812750 651
1812760 651
1812770 652
1812780 652
1812790 653
1812800 655
1812810 657
1812820 658
1812830 660
1812840 661
1812850 662
1812860 663
1812870 664
1812880 666
1812890 667
1812900 668
1812910 670
1812920 671
1812930 673
1812940 674
1812950 675
1812960 676
1812970 678
1812980 680
1812990 681
1813000 682
1813010 683
1813020 684
1813030 685
1813040 686
1813050 687
1813060 688
1813070 688
1813080 689
1813090 689
1813100 689
1813110 689
1813120 689
1813130 689
1813140 688
1813150 688
1813160 688
1813170 687
1813180 687
1813190 687
1813200 686
1813210 685
1813220 685
1813230 684
1813240 683
1813250 682
1813260 680
1813270 679
1813280 677
1813290 675
1813300 673
1813310 672
1813320 670
1813330 668
1813340 667
1813350 665
1813360 663
1813370 662
1813380 660
1813390 659
1813400 658
1813410 657
1813420 655
1813430 654
1813440 653
1813450 652
1813460 651
1813470 650
1813480 648
1813490 646
1813500 644
1813510 642
1813520 640
1813530 638
1813540 636
1813550 634
1813560 633
1813570 631
1813580 629
1813590 627
1813600 625
1813610 623
1813620 623
1813630 624
1813640 627
1813650 629
1813660 631
1813670 632
1813680 634
1813690 636
1813700 638
1813710 640
1813720 641
1813730 643
1813740 645
1813750 646
1813760 648
1813770 650
1813780 651
1813790 653
1813800 654
1813810 656
1813820 657
1813830 658
1813840 659
1813850 660
1813860 661
1813870 662
1813880 662
1813890 662
1813900 662
1813910 662
1813920 662
1813930 661
1813940 660
1813950 659
1813960 658
1813970 657
1813980 656
1813990 655
1814000 654
1814010 653
1814020 652
1814030 651
1814040 650
1814050 648
1814060 647
1814070 645
1814080 644
1814090 642
1814100 640
1814110 637
1814120 635
1814130 632
1814140 628
1814150 624
1814160 620
1814170 615
1814180 611
1814190 608
1814200 605
1814210 603
1814220 601
1814230 603
1814240 606
1814250 609
1814260 612
1814270 615
1814280 618
1814290 621
1814300 623
1814310 626
1814320 628
1814330 630
1814340 633
1814350 634
1814360 636
1814370 637
1814380 637
1814390 638
1814400 637
1814410 637
1814420 636
1814430 635
1814440 633
1814450 632
1814460 630
1814470 627
1814480 625
1814490 622
1814500 619
1814510 618
1814520 617
1814530 616
1814540 616
1814550 615
1814560 614
1814570 613
1814580 610
1814590 607
1814600 603
1814610 599
1814620 594
1814630 591
1814640 587
1814650 584
1814660 582
1814670 579
1814680 577
1814690 577
1814700 579
1814710 581
1814720 584
1814730 588
1814740 590
1814750 593
1814760 596
1814770 599
1814780 601
1814790 604
1814800 606
1814810 608
1814820 610
1814830 612
1814840 614
1814850 615
1814860 616
1814870 617
1814880 616
1814890 615
1814900 613
1814910 610
1814920 606
1814930 602
1814940 598
1814950 594
1814960 590
1814970 586
1814980 582
1814990 578
1815000 574
1815010 570
1815020 566
1815030 562
1815040 558
1815050 554
1815060 552
1815070 549
1815080 549
1815090 549
1815100 551
1815110 555
1815120 559
1815130 564
1815140 569
1815150 572
1815160 577
1815170 581
1815180 585
1815190 588
1815200 591
1815210 594
1815220 597
1815230 599
1815240 601
1815250 603
1815260 604
1815270 606
1815280 608
1815290 610
1815300 612
1815310 614
1815320 615
1815330 617
1815340 619
1815350 620
1815360 622
1815370 624
1815380 626
1815390 627
1815400 628
1815410 629
1815420 630
1815430 631
1815440 632
1815450 634
1815460 635
1815470 636
1815480 638
1815490 640
1815500 641
1815510 643
1815520 645
1815530 646
1815540 648
1815550 649
1815560 650
1815570 650
1815580 650
1815590 649
1815600 648
1815610 647
1815620 645
1815630 643
1815640 641
1815650 639
1815660 637
1815670 635
1815680 633
1815690 631
1815700 629
1815710 627
1815720 625
1815730 622
1815740 620
1815750 618
1815760 616
1815770 613
1815780 611
1815790 609
1815800 608
1815810 607
1815820 606
1815830 605
1815840 604
1815850 602
1815860 600
1815870 598
1815880 597
1815890 594
1815900 592
1815910 590
1815920 588
1815930 585
1815940 582
1815950 579
1815960 576
1815970 572
1815980 569
1815990 565
1816000 561
1816010 559
1816020 556
1816030 554
1816040 552
1816050 551
1816060 552
1816070 550
1816080 550
1816090 549
1816100 554
1816110 559
1816120 563
1816130 567
1816140 570
1816150 574
1816160 578
1816170 582
1816180 586
1816190 588
1816200 591
1816210 594
1816220 597
1816230 600
1816240 603
1816250 606
1816260 609
1816270 612
1816280 614
1816290 616
1816300 618
1816310 620
1816320 622
1816330 623
1816340 625
1816350 627
1816360 628
1816370 630
1816380 631
1816390 632
1816400 634
1816410 635
1816420 636
1816430 637
1816440 638
1816450 638
1816460 639
1816470 639
1816480 639
1816490 638
1816500 638
1816510 637
1816520 637
1816530 636
1816540 636
1816550 636
1816560 636
1816570 636
1816580 637
1816590 637
1816600 637
1816610 637
1816620 637
1816630 637
1816640 637
1816650 637
1816660 637
1816670 636
1816680 636
1816690 635
1816700 635
1816710 635
1816720 636
1816730 637
1816740 638
1816750 639
1816760 641
1816770 642
1816780 643
1816790 643
1816800 644
1816810 645
1816820 645
1816830 646
1816840 647
1816850 648
1816860 648
1816870 648
1816880 648
1816890 647
1816900 645
1816910 643
1816920 641
1816930 639
1816940 636
1816950 634
1816960 632
1816970 630
1816980 628
1816990 627
1817000 625
1817010 623
1817020 622
1817030 620
1817040 619
1817050 617
1817060 616
1817070 614
1817080 612
1817090 609
1817100 607
1817110 605
1817120 603
1817130 601
1817140 600
1817150 599
1817160 598
1817170 597
1817180 596
1817190 595
1817200 594
1817210 593
1817220 591
1817230 590
1817240 589
1817250 587
1817260 586
1817270 585
1817280 583
1817290 583
1817300 582
1817310 581
1817320 580
1817330 579
1817340 578
1817350 576
1817360 575
1817370 573
1817380 571
1817390 569
1817400 567
1817410 565
1817420 563
1817430 562
1817440 560
1817450 558
1817460 557
1817470 556
1817480 555
1817490 554
1817500 552
1817510 551
1817520 550
1817530 549
1817540 547
1817550 546
1817560 545
1817570 544
1817580 543
1817590 541
1817600 541
1817610 540
1817620 539
1817630 539
1817640 539
1817650 538
1817660 538
1817670 537
1817680 535
1817690 534
1817700 532
1817710 531
1817720 530
1817730 529
1817740 528
1817750 527
1817760 526
1817770 524
1817780 523
1817790 522
1817800 521
1817810 521
1817820 520
1817830 519
1817840 518
1817850 517
1817860 516
1817870 514
1817880 513
1817890 512
1817900 511
1817910 509
1817920 507
1817930 506
1817940 507
1817950 507
1817960 509
1817970 511
1817980 513
1817990 516
1818000 518
1818010 520
1818020 522
1818030 524
1818040 525
1818050 526
1818060 527
1818070 528
1818080 529
1818090 531
1818100 533
1818110 535
1818120 537
1818130 539
1818140 540
1818150 541
1818160 541
1818170 541
1818180 541
1818190 540
1818200 538
1818210 536
1818220 536
1818230 536
1818240 537
1818250 538
1818260 540
1818270 541
1818280 543
1818290 546
1818300 548
1818310 550
1818320 552
1818330 554
1818340 556
1818350 558
1818360 560
1818370 562
1818380 564
1818390 566
1818400 568
1818410 570
1818420 573
1818430 575
1818440 578
1818450 580
1818460 581
1818470 583
1818480 585
1818490 586
1818500 588
1818510 590
1818520 591
1818530 593
1818540 594
1818550 596
1818560 598
1818570 600
1818580 601
1818590 602
1818600 603
1818610 604
1818620 604
1818630 605
1818640 605
1818650 605
1818660 604
1818670 602
1818680 601
1818690 600
1818700 599
1818710 597
1818720 596
1818730 595
1818740 594
1818750 592
1818760 591
1818770 590
1818780 589
1818790 587
1818800 586
1818810 585
1818820 584
1818830 582
1818840 581
1818850 579
1818860 578
1818870 576
1818880 574
1818890 572
1818900 570
1818910 568
1818920 566
1818930 564
1818940 562
1818950 559
1818960 557
1818970 555
1818980 553
1818990 550
1819000 548
1819010 545
1819020 543
1819030 540
1819040 537
1819050 535
1819060 533
1819070 532
1819080 531
1819090 531
1819100 532
1819110 531
1819120 531
1819130 528
1819140 526
1819150 523
1819160 520
1819170 518
1819180 515
1819190 513
1819200 510
1819210 508
1819220 506
1819230 505
1819240 503
1819250 501
1819260 498
1819270 495
1819280 493
1819290 492
1819300 493
1819310 495
1819320 498
1819330 501
1819340 504
1819350 504
1819360 504
1819370 503
1819380 502
1819390 501
1819400 500
1819410 498
1819420 497
1819430 495
1819440 494
1819450 494
1819460 493
1819470 492
1819480 493
1819490 494
1819500 496
1819510 498
1819520 500
1819530 502
1819540 504
1819550 506
1819560 508
1819570 511
1819580 513
1819590 515
1819600 517
1819610 519
1819620 521
1819630 523
1819640 525
1819650 527
1819660 530
1819670 532
1819680 535
1819690 538
1819700 541
1819710 545
1819720 548
1819730 551
1819740 555
1819750 558
1819760 562
1819770 564
1819780 567
1819790 570
1819800 572
1819810 575
1819820 577
1819830 579
1819840 580
1819850 580
1819860 580
1819870 581
1819880 582
1819890 583
1819900 585
1819910 587
1819920 590
1819930 592
1819940 594
1819950 596
1819960 598
1819970 599
1819980 600
1819990 601
