1800000 451
1800010 451
1800020 451
1800030 451
1800040 450
1800050 450
1800060 449
1800070 449
1800080 448
1800090 448
1800100 447
1800110 447
1800120 447
1800130 448
1800140 449
1800150 451
1800160 453
1800170 455
1800180 457
1800190 459
1800200 460
1800210 461
1800220 462
1800230 464
1800240 465
1800250 466
1800260 467
1800270 468
1800280 469
1800290 470
1800300 471
1800310 473
1800320 474
1800330 475
1800340 477
1800350 478
1800360 480
1800370 481
1800380 484
1800390 486
1800400 487
1800410 489
1800420 490
1800430 492
1800440 494
1800450 495
1800460 497
1800470 499
1800480 500
1800490 502
1800500 504
1800510 506
1800520 508
1800530 509
1800540 511
1800550 512
1800560 514
1800570 516
1800580 518
1800590 520
1800600 522
1800610 524
1800620 526
1800630 527
1800640 528
1800650 530
1800660 531
1800670 532
1800680 533
1800690 535
1800700 536
1800710 537
1800720 539
1800730 540
1800740 541
1800750 542
1800760 543
1800770 544
1800780 546
1800790 548
1800800 549
1800810 550
1800820 551
1800830 552
1800840 553
1800850 554
1800860 555
1800870 556
1800880 557
1800890 557
1800900 558
1800910 559
1800920 560
1800930 561
1800940 562
1800950 563
1800960 564
1800970 565
1800980 565
1800990 566
1801000 566
1801010 566
1801020 567
1801030 567
1801040 568
1801050 569
1801060 569
1801070 570
1801080 571
1801090 571
1801100 572
1801110 573
1801120 574
1801130 575
1801140 575
1801150 576
1801160 577
1801170 577
1801180 578
1801190 578
1801200 578
1801210 578
1801220 578
1801230 577
1801240 577
1801250 577
1801260 576
1801270 575
1801280 575
1801290 574
1801300 574
1801310 573
1801320 572
1801330 571
1801340 570
1801350 570
1801360 569
1801370 568
1801380 566
1801390 565
1801400 564
1801410 563
1801420 561
1801430 560
1801440 558
1801450 556
1801460 555
1801470 554
1801480 552
1801490 551
1801500 549
1801510 548
1801520 547
1801530 545
1801540 544
1801550 542
1801560 541
1801570 540
1801580 539
1801590 538
1801600 536
1801610 535
1801620 533
1801630 532
1801640 530
1801650 529
1801660 528
1801670 526
1801680 524
1801690 523
1801700 522
1801710 521
1801720 519
1801730 518
1801740 517
1801750 516
1801760 515
1801770 514
1801780 513
1801790 512
1801800 511
1801810 510
1801820 509
1801830 508
1801840 506
1801850 505
1801860 504
1801870 502
1801880 501
1801890 499
1801900 498
1801910 497
1801920 495
1801930 494
1801940 492
1801950 491
1801960 490
1801970 490
1801980 490
1801990 490
1802000 490
1802010 489
1802020 488
1802030 487
1802040 486
1802050 486
1802060 486
1802070 486
1802080 486
1802090 486
1802100 486
1802110 486
1802120 485
1802130 484
1802140 482
1802150 481
1802160 480
1802170 479
1802180 479
1802190 479
1802200 478
1802210 478
1802220 478
1802230 478
1802240 478
1802250 477
1802260 478
1802270 478
1802280 478
1802290 477
1802300 476
1802310 475
1802320 474
1802330 474
1802340 475
1802350 475
1802360 475
1802370 474
1802380 474
1802390 474
1802400 475
1802410 475
1802420 475
1802430 476
1802440 477
1802450 478
1802460 478
1802470 477
1802480 476
1802490 476
1802500 475
1802510 474
1802520 473
1802530 470
1802540 468
1802550 467
1802560 466
1802570 465
1802580 464
1802590 463
1802600 463
1802610 462
1802620 462
1802630 462
1802640 462
1802650 462
1802660 461
1802670 461
1802680 461
1802690 461
1802700 463
1802710 466
1802720 468
1802730 469
1802740 469
1802750 470
1802760 470
1802770 471
1802780 472
1802790 473
1802800 473
1802810 473
1802820 473
1802830 474
1802840 475
1802850 477
1802860 478
1802870 480
1802880 481
1802890 482
1802900 483
1802910 484
1802920 484
1802930 485
1802940 486
1802950 486
1802960 486
1802970 487
1802980 487
1802990 487
1803000 487
1803010 487
1803020 487
1803030 487
1803040 487
1803050 486
1803060 486
1803070 485
1803080 484
1803090 483
1803100 482
1803110 480
1803120 478
1803130 477
1803140 476
1803150 474
1803160 473
1803170 471
1803180 468
1803190 466
1803200 465
1803210 467
1803220 468
1803230 470
1803240 471
1803250 472
1803260 473
1803270 474
1803280 474
1803290 474
1803300 474
1803310 473
1803320 472
1803330 471
1803340 470
1803350 469
1803360 468
1803370 468
1803380 467
1803390 467
1803400 466
1803410 466
1803420 466
1803430 466
1803440 465
1803450 463
1803460 462
1803470 460
1803480 458
1803490 455
1803500 452
1803510 450
1803520 447
1803530 444
1803540 440
1803550 437
1803560 435
1803570 432
1803580 429
1803590 427
1803600 425
1803610 426
1803620 427
1803630 427
1803640 428
1803650 429
1803660 430
1803670 433
1803680 436
1803690 440
1803700 443
1803710 445
1803720 448
1803730 450
1803740 452
1803750 454
1803760 457
1803770 459
1803780 461
1803790 462
1803800 463
1803810 464
1803820 465
1803830 466
1803840 467
1803850 467
1803860 467
1803870 467
1803880 468
1803890 468
1803900 468
1803910 469
1803920 469
1803930 469
1803940 468
1803950 468
1803960 468
1803970 468
1803980 469
1803990 469
1804000 469
1804010 470
1804020 470
1804030 471
1804040 471
1804050 470
1804060 470
1804070 469
1804080 469
1804090 469
1804100 468
1804110 467
1804120 465
1804130 463
1804140 461
1804150 458
1804160 456
1804170 454
1804180 451
1804190 449
1804200 447
1804210 446
1804220 443
1804230 441
1804240 438
1804250 439
1804260 441
1804270 443
1804280 444
1804290 446
1804300 447
1804310 449
1804320 451
1804330 452
1804340 454
1804350 456
1804360 458
1804370 459
1804380 461
1804390 462
1804400 463
1804410 464
1804420 466
1804430 467
1804440 468
1804450 469
1804460 470
1804470 472
1804480 473
1804490 474
1804500 474
1804510 475
1804520 475
1804530 476
1804540 477
1804550 477
1804560 477
1804570 478
1804580 478
1804590 479
1804600 479
1804610 480
1804620 480
1804630 480
1804640 481
1804650 481
1804660 481
1804670 481
1804680 482
1804690 482
1804700 482
1804710 482
1804720 483
1804730 483
1804740 483
1804750 483
1804760 483
1804770 482
1804780 482
1804790 482
1804800 482
1804810 482
1804820 481
1804830 481
1804840 478
1804850 476
1804860 474
1804870 474
1804880 476
1804890 479
1804900 480
1804910 481
1804920 482
1804930 483
1804940 484
1804950 486
1804960 487
1804970 488
1804980 489
1804990 490
1805000 491
1805010 492
1805020 493
1805030 495
1805040 496
1805050 497
1805060 499
1805070 500
1805080 502
1805090 503
1805100 505
1805110 505
1805120 507
1805130 509
1805140 510
1805150 510
1805160 510
1805170 511
1805180 512
1805190 513
1805200 514
1805210 514
1805220 514
1805230 515
1805240 516
1805250 517
1805260 518
1805270 518
1805280 519
1805290 521
1805300 522
1805310 522
1805320 523
1805330 524
1805340 525
1805350 525
1805360 526
1805370 527
1805380 528
1805390 529
1805400 530
1805410 530
1805420 531
1805430 532
1805440 533
1805450 534
1805460 535
1805470 535
1805480 536
1805490 537
1805500 538
1805510 539
1805520 540
1805530 541
1805540 542
1805550 543
1805560 544
1805570 545
1805580 546
1805590 547
1805600 548
1805610 549
1805620 550
1805630 551
1805640 552
1805650 553
1805660 553
1805670 554
1805680 555
1805690 556
1805700 557
1805710 557
1805720 558
1805730 558
1805740 559
1805750 559
1805760 560
1805770 560
1805780 561
1805790 561
1805800 562
1805810 563
1805820 564
1805830 565
1805840 566
1805850 568
1805860 570
1805870 573
1805880 575
1805890 577
1805900 578
1805910 580
1805920 582
1805930 586
1805940 589
1805950 592
1805960 595
1805970 597
1805980 598
1805990 600
1806000 600
1806010 601
1806020 601
1806030 601
1806040 602
1806050 602
1806060 601
1806070 601
1806080 601
1806090 602
1806100 602
1806110 602
1806120 603
1806130 603
1806140 603
1806150 603
1806160 604
1806170 604
1806180 605
1806190 606
1806200 606
1806210 607
1806220 607
1806230 607
1806240 607
1806250 607
1806260 608
1806270 609
1806280 610
1806290 611
1806300 613
1806310 615
1806320 617
1806330 619
1806340 622
1806350 624
1806360 627
1806370 629
1806380 632
1806390 634
1806400 636
1806410 637
1806420 637
1806430 637
1806440 636
1806450 634
1806460 633
1806470 631
1806480 630
1806490 628
1806500 626
1806510 624
1806520 622
1806530 620
1806540 619
1806550 617
1806560 616
1806570 615
1806580 614
1806590 612
1806600 611
1806610 610
1806620 609
1806630 607
1806640 607
1806650 607
1806660 606
1806670 607
1806680 607
1806690 607
1806700 607
1806710 607
1806720 607
1806730 606
1806740 605
1806750 603
1806760 602
1806770 601
1806780 599
1806790 599
1806800 598
1806810 597
1806820 596
1806830 595
1806840 594
1806850 594
1806860 594
1806870 593
1806880 593
1806890 593
1806900 593
1806910 593
1806920 593
1806930 593
1806940 592
1806950 592
1806960 592
1806970 592
1806980 592
1806990 592
1807000 592
1807010 592
1807020 592
1807030 592
1807040 592
1807050 592
1807060 592
1807070 592
1807080 591
1807090 591
1807100 591
1807110 591
1807120 590
1807130 590
1807140 589
1807150 589
1807160 588
1807170 587
1807180 586
1807190 586
1807200 585
1807210 584
1807220 583
1807230 582
1807240 581
1807250 581
1807260 580
1807270 580
1807280 579
1807290 579
1807300 578
1807310 578
1807320 577
1807330 577
1807340 576
1807350 575
1807360 573
1807370 572
1807380 571
1807390 570
1807400 569
1807410 568
1807420 567
1807430 565
1807440 564
1807450 563
1807460 561
1807470 560
1807480 559
1807490 558
1807500 556
1807510 555
1807520 554
1807530 554
1807540 553
1807550 552
1807560 551
1807570 550
1807580 549
1807590 549
1807600 549
1807610 548
1807620 548
1807630 547
1807640 546
1807650 546
1807660 545
1807670 545
1807680 544
1807690 544
1807700 544
1807710 543
1807720 543
1807730 543
1807740 543
1807750 543
1807760 543
1807770 544
1807780 544
1807790 545
1807800 545
1807810 546
1807820 546
1807830 546
1807840 546
1807850 546
1807860 546
1807870 546
1807880 545
1807890 544
1807900 543
1807910 542
1807920 542
1807930 541
1807940 541
1807950 540
1807960 540
1807970 540
1807980 540
1807990 540
1808000 540
1808010 540
1808020 539
1808030 539
1808040 539
1808050 539
1808060 539
1808070 539
1808080 539
1808090 539
1808100 539
1808110 539
1808120 539
1808130 540
1808140 540
1808150 541
1808160 542
1808170 542
1808180 542
1808190 543
1808200 543
1808210 543
1808220 542
1808230 542
1808240 542
1808250 541
1808260 540
1808270 539
1808280 538
1808290 537
1808300 536
1808310 534
1808320 533
1808330 532
1808340 530
1808350 528
1808360 527
1808370 525
1808380 524
1808390 522
1808400 521
1808410 519
1808420 518
1808430 516
1808440 515
1808450 513
1808460 512
1808470 511
1808480 509
1808490 508
1808500 507
1808510 505
1808520 504
1808530 503
1808540 501
1808550 500
1808560 498
1808570 496
1808580 494
1808590 493
1808600 492
1808610 491
1808620 490
1808630 489
1808640 488
1808650 487
1808660 486
1808670 485
1808680 483
1808690 483
1808700 482
1808710 481
1808720 480
1808730 479
1808740 479
1808750 478
1808760 477
1808770 477
1808780 476
1808790 475
1808800 474
1808810 472
1808820 470
1808830 468
1808840 466
1808850 464
1808860 463
1808870 461
1808880 460
1808890 458
1808900 456
1808910 454
1808920 452
1808930 449
1808940 447
1808950 445
1808960 442
1808970 440
1808980 438
1808990 435
1809000 431
1809010 428
1809020 424
1809030 421
1809040 418
1809050 416
1809060 415
1809070 414
1809080 414
1809090 413
1809100 413
1809110 413
1809120 412
1809130 413
1809140 415
1809150 416
1809160 417
1809170 417
1809180 416
1809190 416
1809200 415
1809210 414
1809220 415
1809230 417
1809240 420
1809250 424
1809260 428
1809270 431
1809280 433
1809290 435
1809300 436
1809310 438
1809320 440
1809330 442
1809340 444
1809350 445
1809360 447
1809370 449
1809380 451
1809390 452
1809400 454
1809410 455
1809420 457
1809430 459
1809440 460
1809450 462
1809460 464
1809470 465
1809480 467
1809490 468
1809500 469
1809510 471
1809520 473
1809530 474
1809540 475
1809550 476
1809560 477
1809570 477
1809580 476
1809590 475
1809600 474
1809610 472
1809620 471
1809630 470
1809640 468
1809650 467
1809660 466
1809670 465
1809680 463
1809690 462
1809700 460
1809710 459
1809720 457
1809730 455
1809740 454
1809750 452
1809760 451
1809770 450
1809780 449
1809790 448
1809800 446
1809810 445
1809820 444
1809830 443
1809840 443
1809850 442
1809860 442
1809870 442
1809880 441
1809890 441
1809900 441
1809910 440
1809920 439
1809930 438
1809940 437
1809950 435
1809960 433
1809970 432
1809980 431
1809990 430
1810000 429
1810010 428
1810020 428
1810030 428
1810040 427
1810050 427
1810060 427
1810070 426
1810080 424
1810090 423
1810100 422
1810110 422
1810120 422
1810130 422
1810140 422
1810150 423
1810160 423
1810170 424
1810180 425
1810190 427
1810200 429
1810210 432
1810220 435
1810230 437
1810240 440
1810250 443
1810260 447
1810270 451
1810280 455
1810290 458
1810300 462
1810310 465
1810320 468
1810330 470
1810340 471
1810350 472
1810360 473
1810370 475
1810380 477
1810390 479
1810400 481
1810410 484
1810420 487
1810430 490
1810440 492
1810450 494
1810460 496
1810470 498
1810480 500
1810490 502
1810500 504
1810510 505
1810520 505
1810530 504
1810540 502
1810550 500
1810560 498
1810570 496
1810580 494
1810590 493
1810600 492
1810610 491
1810620 491
1810630 491
1810640 490
1810650 490
1810660 489
1810670 489
1810680 489
1810690 489
1810700 489
1810710 489
1810720 490
1810730 492
1810740 494
1810750 496
1810760 497
1810770 498
1810780 499
1810790 499
1810800 500
1810810 499
1810820 498
1810830 496
1810840 495
1810850 495
1810860 495
1810870 496
1810880 497
1810890 499
1810900 500
1810910 502
1810920 503
1810930 504
1810940 504
1810950 506
1810960 508
1810970 510
1810980 512
1810990 514
1811000 517
1811010 520
1811020 523
1811030 526
1811040 528
1811050 530
1811060 532
1811070 533
1811080 534
1811090 536
1811100 537
1811110 538
1811120 539
1811130 540
1811140 542
1811150 544
1811160 545
1811170 546
1811180 547
1811190 549
1811200 550
1811210 550
1811220 550
1811230 550
1811240 550
1811250 549
1811260 549
1811270 548
1811280 548
1811290 548
1811300 549
1811310 549
1811320 550
1811330 551
1811340 551
1811350 552
1811360 552
1811370 553
1811380 553
1811390 554
1811400 555
1811410 556
1811420 556
1811430 557
1811440 558
1811450 559
1811460 560
1811470 562
1811480 563
1811490 564
1811500 566
1811510 568
1811520 569
1811530 571
1811540 573
1811550 576
1811560 578
1811570 580
1811580 581
1811590 583
1811600 584
1811610 586
1811620 588
1811630 590
1811640 591
1811650 593
1811660 595
1811670 597
1811680 599
1811690 600
1811700 601
1811710 603
1811720 604
1811730 606
1811740 608
1811750 609
1811760 611
1811770 612
1811780 614
1811790 616
1811800 617
1811810 619
1811820 620
1811830 622
1811840 625
1811850 626
1811860 628
1811870 630
1811880 631
1811890 633
1811900 634
1811910 635
1811920 636
1811930 637
1811940 639
1811950 640
1811960 641
1811970 642
1811980 643
1811990 644
1812000 646
1812010 647
1812020 647
1812030 648
1812040 649
1812050 650
1812060 651
1812070 651
1812080 652
1812090 653
1812100 653
1812110 653
1812120 653
1812130 653
1812140 652
1812150 652
1812160 651
1812170 650
1812180 650
1812190 649
1812200 648
1812210 647
1812220 645
1812230 643
1812240 641
1812250 639
1812260 638
1812270 636
1812280 633
1812290 631
1812300 628
1812310 626
1812320 623
1812330 621
1812340 618
1812350 616
1812360 614
1812370 612
1812380 610
1812390 608
1812400 607
1812410 606
1812420 605
1812430 604
1812440 604
1812450 604
1812460 604
1812470 605
1812480 606
1812490 607
1812500 608
1812510 609
1812520 609
1812530 610
1812540 610
1812550 611
1812560 612
1812570 614
1812580 615
1812590 617
1812600 618
1812610 619
1812620 620
1812630 621
1812640 622
1812650 623
1812660 624
1812670 624
1812680 624
1812690 625
1812700 626
1812710 627
1812720 628
1812730 629
1812740 631
1812750 632
1812760 634
1812770 636
1812780 638
1812790 640
1812800 641
1812810 642
1812820 643
1812830 644
1812840 645
1812850 647
1812860 648
1812870 649
1812880 651
1812890 652
1812900 654
1812910 655
1812920 656
1812930 658
1812940 659
1812950 661
1812960 662
1812970 664
1812980 665
1812990 666
1813000 667
1813010 668
1813020 670
1813030 671
1813040 672
1813050 673
1813060 674
1813070 675
1813080 676
1813090 677
1813100 678
1813110 679
1813120 680
1813130 681
1813140 682
1813150 682
1813160 683
1813170 684
1813180 684
1813190 685
1813200 685
1813210 686
1813220 686
1813230 687
1813240 687
1813250 687
1813260 686
1813270 686
1813280 685
1813290 685
1813300 685
1813310 685
1813320 684
1813330 684
1813340 684
1813350 683
1813360 683
1813370 682
1813380 681
1813390 680
1813400 679
1813410 679
1813420 678
1813430 677
1813440 676
1813450 675
1813460 675
1813470 674
1813480 673
1813490 671
1813500 670
1813510 669
1813520 667
1813530 666
1813540 664
1813550 663
1813560 662
1813570 661
1813580 660
1813590 659
1813600 658
1813610 657
1813620 656
1813630 655
1813640 654
1813650 652
1813660 651
1813670 650
1813680 648
1813690 647
1813700 645
1813710 644
1813720 644
1813730 641
1813740 639
1813750 640
1813760 642
1813770 645
1813780 646
1813790 648
1813800 650
1813810 652
1813820 655
1813830 657
1813840 659
1813850 661
1813860 662
1813870 664
1813880 664
1813890 665
1813900 665
1813910 666
1813920 666
1813930 666
1813940 666
1813950 666
1813960 666
1813970 665
1813980 665
1813990 665
1814000 664
1814010 664
1814020 663
1814030 663
1814040 663
1814050 662
1814060 662
1814070 662
1814080 661
1814090 661
1814100 661
1814110 660
1814120 661
1814130 661
1814140 661
1814150 662
1814160 662
1814170 663
1814180 664
1814190 665
1814200 666
1814210 667
1814220 668
1814230 670
1814240 672
1814250 673
1814260 673
1814270 674
1814280 676
1814290 677
1814300 679
1814310 680
1814320 681
1814330 682
1814340 683
1814350 684
1814360 685
1814370 686
1814380 688
1814390 689
1814400 690
1814410 691
1814420 692
1814430 693
1814440 694
1814450 695
1814460 696
1814470 698
1814480 699
1814490 700
1814500 700
1814510 700
1814520 700
1814530 700
1814540 701
1814550 700
1814560 700
1814570 700
1814580 700
1814590 700
1814600 700
1814610 700
1814620 700
1814630 700
1814640 700
1814650 701
1814660 701
1814670 701
1814680 701
1814690 701
1814700 701
1814710 701
1814720 701
1814730 701
1814740 702
1814750 702
1814760 702
1814770 701
1814780 701
1814790 700
1814800 700
1814810 699
1814820 698
1814830 698
1814840 698
1814850 697
1814860 698
1814870 698
1814880 698
1814890 699
1814900 699
1814910 700
1814920 701
1814930 701
1814940 702
1814950 702
1814960 702
1814970 701
1814980 701
1814990 700
1815000 699
1815010 699
1815020 698
1815030 697
1815040 696
1815050 695
1815060 694
1815070 693
1815080 693
1815090 692
1815100 691
1815110 690
1815120 688
1815130 687
1815140 686
1815150 685
1815160 684
1815170 683
1815180 682
1815190 681
1815200 679
1815210 678
1815220 677
1815230 676
1815240 675
1815250 673
1815260 672
1815270 671
1815280 669
1815290 667
1815300 666
1815310 664
1815320 662
1815330 660
1815340 657
1815350 655
1815360 653
1815370 652
1815380 653
1815390 655
1815400 656
1815410 657
1815420 659
1815430 660
1815440 662
1815450 664
1815460 666
1815470 667
1815480 668
1815490 670
1815500 671
1815510 672
1815520 673
1815530 675
1815540 676
1815550 677
1815560 678
1815570 679
1815580 679
1815590 680
1815600 680
1815610 679
1815620 679
1815630 679
1815640 678
1815650 678
1815660 677
1815670 677
1815680 676
1815690 675
1815700 675
1815710 675
1815720 674
1815730 674
1815740 673
1815750 673
1815760 672
1815770 672
1815780 671
1815790 671
1815800 671
1815810 672
1815820 672
1815830 672
1815840 672
1815850 672
1815860 672
1815870 673
1815880 673
1815890 674
1815900 674
1815910 675
1815920 675
1815930 676
1815940 677
1815950 678
1815960 678
1815970 679
1815980 680
1815990 680
1816000 681
1816010 682
1816020 682
1816030 683
1816040 683
1816050 683
1816060 683
1816070 682
1816080 681
1816090 681
1816100 680
1816110 679
1816120 678
1816130 677
1816140 676
1816150 675
1816160 675
1816170 674
1816180 673
1816190 672
1816200 672
1816210 671
1816220 671
1816230 670
1816240 670
1816250 669
1816260 669
1816270 668
1816280 668
1816290 667
1816300 667
1816310 666
1816320 666
1816330 665
1816340 665
1816350 664
1816360 663
1816370 662
1816380 662
1816390 661
1816400 660
1816410 659
1816420 658
1816430 656
1816440 654
1816450 652
1816460 650
1816470 648
1816480 646
1816490 645
1816500 643
1816510 642
1816520 640
1816530 638
1816540 637
1816550 635
1816560 633
1816570 631
1816580 629
1816590 627
1816600 626
1816610 624
1816620 621
1816630 620
1816640 618
1816650 616
1816660 615
1816670 614
1816680 612
1816690 611
1816700 609
1816710 608
1816720 606
1816730 605
1816740 604
1816750 603
1816760 601
1816770 599
1816780 597
1816790 594
1816800 592
1816810 590
1816820 588
1816830 587
1816840 586
1816850 584
1816860 583
1816870 581
1816880 580
1816890 579
1816900 578
1816910 577
1816920 576
1816930 576
1816940 575
1816950 574
1816960 574
1816970 573
1816980 572
1816990 571
1817000 570
1817010 569
1817020 568
1817030 568
1817040 567
1817050 566
1817060 565
1817070 563
1817080 561
1817090 559
1817100 557
1817110 555
1817120 552
1817130 549
1817140 547
1817150 546
1817160 547
1817170 549
1817180 552
1817190 554
1817200 556
1817210 559
1817220 560
1817230 561
1817240 561
1817250 562
1817260 562
1817270 563
1817280 563
1817290 563
1817300 563
1817310 563
1817320 564
1817330 564
1817340 564
1817350 564
1817360 563
1817370 562
1817380 562
1817390 561
1817400 561
1817410 561
1817420 560
1817430 559
1817440 559
1817450 558
1817460 556
1817470 557
1817480 558
1817490 559
1817500 559
1817510 558
1817520 558
1817530 557
1817540 557
1817550 559
1817560 562
1817570 564
1817580 566
1817590 569
1817600 571
1817610 573
1817620 575
1817630 578
1817640 580
1817650 582
1817660 584
1817670 586
1817680 589
1817690 592
1817700 595
1817710 597
1817720 599
1817730 601
1817740 602
1817750 604
1817760 605
1817770 608
1817780 610
1817790 613
1817800 616
1817810 619
1817820 621
1817830 623
1817840 625
1817850 627
1817860 628
1817870 630
1817880 631
1817890 632
1817900 634
1817910 636
1817920 638
1817930 640
1817940 642
1817950 644
1817960 646
1817970 648
1817980 649
1817990 649
1818000 649
1818010 649
1818020 648
1818030 647
1818040 646
1818050 645
1818060 643
1818070 642
1818080 641
1818090 640
1818100 640
1818110 639
1818120 639
1818130 639
1818140 639
1818150 639
1818160 639
1818170 638
1818180 638
1818190 637
1818200 636
1818210 635
1818220 634
1818230 633
1818240 632
1818250 631
1818260 630
1818270 629
1818280 628
1818290 627
1818300 626
1818310 625
1818320 625
1818330 624
1818340 624
1818350 624
1818360 624
1818370 624
1818380 623
1818390 623
1818400 623
1818410 623
1818420 623
1818430 622
1818440 622
1818450 622
1818460 622
1818470 622
1818480 621
1818490 621
1818500 621
1818510 621
1818520 621
1818530 622
1818540 622
1818550 622
1818560 622
1818570 621
1818580 621
1818590 620
1818600 620
1818610 619
1818620 619
1818630 618
1818640 617
1818650 616
1818660 615
1818670 615
1818680 614
1818690 614
1818700 613
1818710 613
1818720 613
1818730 612
1818740 611
1818750 608
1818760 606
1818770 603
1818780 600
1818790 597
1818800 594
1818810 591
1818820 588
1818830 586
1818840 585
1818850 585
1818860 588
1818870 591
1818880 593
1818890 596
1818900 598
1818910 599
1818920 601
1818930 602
1818940 602
1818950 603
1818960 603
1818970 603
1818980 602
1818990 602
1819000 602
1819010 602
1819020 601
1819030 601
1819040 601
1819050 601
1819060 601
1819070 601
1819080 601
1819090 601
1819100 601
1819110 602
1819120 603
1819130 603
1819140 604
1819150 605
1819160 606
1819170 607
1819180 609
1819190 609
1819200 610
1819210 611
1819220 611
1819230 612
1819240 613
1819250 614
1819260 615
1819270 617
1819280 618
1819290 619
1819300 621
1819310 622
1819320 623
1819330 625
1819340 626
1819350 627
1819360 628
1819370 629
1819380 630
1819390 631
1819400 631
1819410 632
1819420 633
1819430 634
1819440 634
1819450 634
1819460 634
1819470 633
1819480 632
1819490 631
1819500 630
1819510 629
1819520 628
1819530 626
1819540 625
1819550 623
1819560 622
1819570 620
1819580 618
1819590 616
1819600 614
1819610 613
1819620 611
1819630 610
1819640 608
1819650 607
1819660 605
1819670 604
1819680 602
1819690 600
1819700 598
1819710 596
1819720 594
1819730 591
1819740 588
1819750 585
1819760 582
1819770 579
1819780 577
1819790 575
1819800 572
1819810 571
1819820 572
1819830 574
1819840 576
1819850 577
1819860 579
1819870 580
1819880 581
1819890 582
1819900 582
1819910 583
1819920 583
1819930 583
1819940 583
1819950 583
1819960 583
1819970 582
1819980 580
1819990 579
