1800000 352
1800010 351
1800020 350
1800030 348
1800040 344
1800050 341
1800060 340
1800070 338
1800080 338
1800090 338
1800100 338
1800110 338
1800120 338
1800130 338
1800140 337
1800150 337
1800160 337
1800170 337
1800180 336
1800190 336
1800200 335
1800210 335
1800220 334
1800230 334
1800240 333
1800250 333
1800260 332
1800270 332
1800280 332
1800290 332
1800300 331
1800310 331
1800320 331
1800330 331
1800340 331
1800350 330
1800360 330
1800370 330
1800380 330
1800390 330
1800400 330
1800410 330
1800420 330
1800430 330
1800440 330
1800450 330
1800460 330
1800470 330
1800480 330
1800490 330
1800500 330
1800510 330
1800520 329
1800530 329
1800540 329
1800550 329
1800560 329
1800570 329
1800580 329
1800590 329
1800600 329
1800610 329
1800620 329
1800630 328
1800640 328
1800650 328
1800660 328
1800670 329
1800680 329
1800690 329
1800700 329
1800710 328
1800720 328
1800730 328
1800740 329
1800750 329
1800760 329
1800770 329
1800780 329
1800790 329
1800800 329
1800810 329
1800820 329
1800830 328
1800840 328
1800850 328
1800860 329
1800870 329
1800880 329
1800890 328
1800900 328
1800910 328
1800920 328
1800930 328
1800940 328
1800950 328
1800960 328
1800970 328
1800980 328
1800990 328
1801000 328
1801010 328
1801020 328
1801030 328
1801040 328
1801050 328
1801060 328
1801070 327
1801080 327
1801090 327
1801100 327
1801110 327
1801120 327
1801130 327
1801140 327
1801150 327
1801160 327
1801170 327
1801180 328
1801190 328
1801200 328
1801210 328
1801220 328
1801230 328
1801240 328
1801250 328
1801260 328
1801270 328
1801280 327
1801290 326
1801300 325
1801310 327
1801320 328
1801330 328
1801340 328
1801350 328
1801360 328
1801370 328
1801380 328
1801390 328
1801400 328
1801410 328
1801420 328
1801430 328
1801440 328
1801450 328
1801460 328
1801470 328
1801480 328
1801490 328
1801500 328
1801510 328
1801520 327
1801530 327
1801540 327
1801550 327
1801560 327
1801570 327
1801580 327
1801590 327
1801600 327
1801610 327
1801620 327
1801630 327
1801640 327
1801650 327
1801660 328
1801670 329
1801680 330
1801690 331
1801700 334
1801710 337
1801720 339
1801730 342
1801740 344
1801750 345
1801760 346
1801770 349
1801780 352
1801790 355
1801800 358
1801810 360
1801820 361
1801830 362
1801840 363
1801850 365
1801860 368
1801870 370
1801880 373
1801890 374
1801900 375
1801910 377
1801920 379
1801930 381
1801940 382
1801950 384
1801960 385
1801970 387
1801980 388
1801990 390
1802000 391
1802010 392
1802020 393
1802030 394
1802040 394
1802050 394
1802060 393
1802070 393
1802080 392
1802090 391
1802100 390
1802110 389
1802120 387
1802130 386
1802140 383
1802150 382
1802160 384
1802170 386
1802180 388
1802190 390
1802200 392
1802210 394
1802220 396
1802230 398
1802240 401
1802250 403
1802260 405
1802270 407
1802280 410
1802290 412
1802300 414
1802310 416
1802320 418
1802330 421
1802340 423
1802350 426
1802360 429
1802370 431
1802380 434
1802390 436
1802400 439
1802410 441
1802420 444
1802430 446
1802440 449
1802450 451
1802460 454
1802470 457
1802480 459
1802490 461
1802500 463
1802510 465
1802520 466
1802530 467
1802540 468
1802550 468
1802560 469
1802570 469
1802580 469
1802590 469
1802600 470
1802610 470
1802620 470
1802630 470
1802640 471
1802650 471
1802660 471
1802670 471
1802680 471
1802690 471
1802700 472
1802710 472
1802720 472
1802730 473
1802740 473
1802750 474
1802760 474
1802770 474
1802780 475
1802790 476
1802800 476
1802810 477
1802820 477
1802830 478
1802840 479
1802850 479
1802860 480
1802870 480
1802880 480
1802890 481
1802900 481
1802910 480
1802920 480
1802930 480
1802940 479
1802950 479
1802960 478
1802970 478
1802980 477
1802990 477
1803000 476
1803010 476
1803020 475
1803030 474
1803040 473
1803050 473
1803060 472
1803070 471
1803080 470
1803090 469
1803100 468
1803110 467
1803120 466
1803130 465
1803140 464
1803150 463
1803160 462
1803170 460
1803180 460
1803190 460
1803200 459
1803210 459
1803220 458
1803230 457
1803240 457
1803250 456
1803260 456
1803270 456
1803280 455
1803290 454
1803300 454
1803310 453
1803320 453
1803330 452
1803340 452
1803350 451
1803360 451
1803370 450
1803380 450
1803390 449
1803400 449
1803410 448
1803420 447
1803430 446
1803440 445
1803450 445
1803460 444
1803470 444
1803480 444
1803490 443
1803500 442
1803510 441
1803520 440
1803530 438
1803540 435
1803550 432
1803560 429
1803570 428
1803580 427
1803590 427
1803600 427
1803610 427
1803620 426
1803630 426
1803640 425
1803650 424
1803660 421
1803670 420
1803680 418
1803690 417
1803700 416
1803710 416
1803720 416
1803730 416
1803740 417
1803750 418
1803760 418
1803770 418
1803780 418
1803790 418
1803800 418
1803810 418
1803820 418
1803830 418
1803840 417
1803850 417
1803860 417
1803870 416
1803880 416
1803890 416
1803900 415
1803910 414
1803920 414
1803930 413
1803940 413
1803950 413
1803960 412
1803970 411
1803980 411
1803990 410
1804000 409
1804010 409
1804020 408
1804030 408
1804040 407
1804050 406
1804060 406
1804070 405
1804080 405
1804090 404
1804100 404
1804110 403
1804120 403
1804130 402
1804140 402
1804150 402
1804160 401
1804170 400
1804180 398
1804190 396
1804200 394
1804210 393
1804220 394
1804230 394
1804240 392
1804250 390
1804260 389
1804270 389
1804280 389
1804290 389
1804300 389
1804310 389
1804320 389
1804330 389
1804340 388
1804350 387
1804360 385
1804370 385
1804380 385
1804390 385
1804400 385
1804410 385
1804420 384
1804430 384
1804440 383
1804450 382
1804460 382
1804470 381
1804480 381
1804490 381
1804500 381
1804510 380
1804520 380
1804530 379
1804540 379
1804550 378
1804560 379
1804570 380
1804580 379
1804590 377
1804600 376
1804610 376
1804620 375
1804630 375
1804640 374
1804650 374
1804660 374
1804670 374
1804680 374
1804690 375
1804700 375
1804710 376
1804720 376
1804730 376
1804740 375
1804750 375
1804760 374
1804770 375
1804780 375
1804790 376
1804800 376
1804810 376
1804820 377
1804830 377
1804840 377
1804850 378
1804860 379
1804870 380
1804880 380
1804890 381
1804900 381
1804910 382
1804920 382
1804930 382
1804940 382
1804950 383
1804960 383
1804970 382
1804980 382
1804990 382
1805000 382
1805010 383
1805020 383
1805030 383
1805040 383
1805050 383
1805060 383
1805070 383
1805080 382
1805090 381
1805100 379
1805110 378
1805120 376
1805130 375
1805140 373
1805150 372
1805160 370
1805170 369
1805180 368
1805190 367
1805200 366
1805210 366
1805220 365
1805230 365
1805240 364
1805250 364
1805260 363
1805270 363
1805280 362
1805290 362
1805300 361
1805310 361
1805320 360
1805330 360
1805340 360
1805350 359
1805360 359
1805370 359
1805380 358
1805390 358
1805400 358
1805410 357
1805420 357
1805430 357
1805440 357
1805450 357
1805460 357
1805470 356
1805480 355
1805490 354
1805500 353
1805510 352
1805520 350
1805530 349
1805540 347
1805550 345
1805560 344
1805570 343
1805580 342
1805590 342
1805600 341
1805610 341
1805620 341
1805630 340
1805640 340
1805650 340
1805660 340
1805670 340
1805680 340
1805690 340
1805700 340
1805710 340
1805720 340
1805730 340
1805740 341
1805750 344
1805760 347
1805770 350
1805780 353
1805790 356
1805800 359
1805810 362
1805820 365
1805830 368
1805840 370
1805850 372
1805860 374
1805870 375
1805880 376
1805890 378
1805900 379
1805910 379
1805920 378
1805930 378
1805940 377
1805950 376
1805960 375
1805970 374
1805980 373
1805990 372
1806000 371
1806010 370
1806020 369
1806030 368
1806040 368
1806050 367
1806060 367
1806070 367
1806080 367
1806090 368
1806100 369
1806110 370
1806120 372
1806130 374
1806140 376
1806150 378
1806160 380
1806170 382
1806180 383
1806190 384
1806200 386
1806210 388
1806220 390
1806230 392
1806240 394
1806250 396
1806260 398
1806270 400
1806280 401
1806290 403
1806300 405
1806310 407
1806320 409
1806330 410
1806340 412
1806350 413
1806360 414
1806370 415
1806380 416
1806390 417
1806400 418
1806410 419
1806420 421
1806430 423
1806440 425
1806450 427
1806460 428
1806470 429
1806480 430
1806490 431
1806500 432
1806510 433
1806520 434
1806530 434
1806540 435
1806550 436
1806560 436
1806570 437
1806580 437
1806590 437
1806600 437
1806610 438
1806620 438
1806630 437
1806640 437
1806650 437
1806660 436
1806670 436
1806680 435
1806690 435
1806700 434
1806710 433
1806720 433
1806730 432
1806740 431
1806750 430
1806760 430
1806770 430
1806780 430
1806790 431
1806800 431
1806810 432
1806820 432
1806830 432
1806840 432
1806850 432
1806860 433
1806870 433
1806880 433
1806890 433
1806900 433
1806910 433
1806920 433
1806930 433
1806940 433
1806950 433
1806960 433
1806970 433
1806980 434
1806990 434
1807000 434
1807010 434
1807020 434
1807030 434
1807040 434
1807050 434
1807060 434
1807070 434
1807080 433
1807090 433
1807100 432
1807110 432
1807120 431
1807130 430
1807140 429
1807150 429
1807160 428
1807170 427
1807180 426
1807190 424
1807200 423
1807210 422
1807220 420
1807230 418
1807240 416
1807250 414
1807260 412
1807270 410
1807280 408
1807290 406
1807300 403
1807310 401
1807320 398
1807330 396
1807340 394
1807350 392
1807360 391
1807370 390
1807380 388
1807390 387
1807400 386
1807410 386
1807420 386
1807430 385
1807440 385
1807450 385
1807460 385
1807470 385
1807480 385
1807490 385
1807500 384
1807510 384
1807520 383
1807530 383
1807540 382
1807550 381
1807560 380
1807570 379
1807580 378
1807590 377
1807600 376
1807610 375
1807620 374
1807630 372
1807640 371
1807650 369
1807660 367
1807670 366
1807680 364
1807690 362
1807700 360
1807710 358
1807720 356
1807730 354
1807740 353
1807750 351
1807760 350
1807770 349
1807780 348
1807790 346
1807800 345
1807810 344
1807820 342
1807830 341
1807840 340
1807850 339
1807860 338
1807870 336
1807880 333
1807890 333
1807900 333
1807910 333
1807920 333
1807930 334
1807940 334
1807950 333
1807960 333
1807970 333
1807980 333
1807990 333
1808000 333
1808010 333
1808020 333
1808030 333
1808040 333
1808050 333
1808060 333
1808070 333
1808080 335
1808090 337
1808100 341
1808110 346
1808120 351
1808130 355
1808140 359
1808150 363
1808160 366
1808170 370
1808180 373
1808190 376
1808200 379
1808210 381
1808220 383
1808230 386
1808240 389
1808250 391
1808260 392
1808270 393
1808280 392
1808290 392
1808300 391
1808310 391
1808320 390
1808330 389
1808340 388
1808350 387
1808360 385
1808370 384
1808380 382
1808390 381
1808400 381
1808410 380
1808420 379
1808430 378
1808440 378
1808450 378
1808460 378
1808470 378
1808480 377
1808490 377
1808500 377
1808510 377
1808520 376
1808530 375
1808540 375
1808550 375
1808560 374
1808570 374
1808580 373
1808590 373
1808600 372
1808610 371
1808620 370
1808630 369
1808640 369
1808650 368
1808660 368
1808670 368
1808680 367
1808690 366
1808700 365
1808710 364
1808720 364
1808730 363
1808740 362
1808750 361
1808760 360
1808770 360
1808780 359
1808790 358
1808800 358
1808810 357
1808820 357
1808830 356
1808840 355
1808850 355
1808860 354
1808870 354
1808880 354
1808890 354
1808900 353
1808910 353
1808920 353
1808930 353
1808940 353
1808950 354
1808960 354
1808970 354
1808980 355
1808990 356
1809000 358
1809010 360
1809020 362
1809030 364
1809040 366
1809050 368
1809060 370
1809070 372
1809080 375
1809090 377
1809100 379
1809110 382
1809120 384
1809130 386
1809140 388
1809150 390
1809160 392
1809170 393
1809180 395
1809190 396
1809200 397
1809210 399
1809220 400
1809230 401
1809240 403
1809250 405
1809260 406
1809270 408
1809280 410
1809290 411
1809300 413
1809310 415
1809320 417
1809330 418
1809340 420
1809350 422
1809360 424
1809370 426
1809380 428
1809390 431
1809400 433
1809410 435
1809420 437
1809430 439
1809440 441
1809450 443
1809460 445
1809470 447
1809480 448
1809490 450
1809500 452
1809510 454
1809520 456
1809530 458
1809540 459
1809550 461
1809560 463
1809570 465
1809580 467
1809590 468
1809600 470
1809610 472
1809620 473
1809630 475
1809640 476
1809650 477
1809660 479
1809670 480
1809680 481
1809690 482
1809700 483
1809710 484
1809720 485
1809730 486
1809740 487
1809750 487
1809760 487
1809770 487
1809780 487
1809790 487
1809800 486
1809810 486
1809820 485
1809830 485
1809840 484
1809850 484
1809860 483
1809870 483
1809880 483
1809890 482
1809900 482
1809910 481
1809920 481
1809930 480
1809940 479
1809950 479
1809960 479
1809970 478
1809980 478
1809990 477
1810000 477
1810010 476
1810020 476
1810030 476
1810040 475
1810050 475
1810060 475
1810070 474
1810080 474
1810090 473
1810100 473
1810110 473
1810120 472
1810130 472
1810140 472
1810150 472
1810160 472
1810170 472
1810180 472
1810190 472
1810200 472
1810210 472
1810220 472
1810230 472
1810240 472
1810250 472
1810260 472
1810270 472
1810280 471
1810290 471
1810300 471
1810310 470
1810320 469
1810330 469
1810340 468
1810350 467
1810360 466
1810370 464
1810380 462
1810390 460
1810400 458
1810410 456
1810420 455
1810430 454
1810440 452
1810450 451
1810460 450
1810470 448
1810480 447
1810490 447
1810500 447
1810510 445
1810520 443
1810530 441
1810540 439
1810550 438
1810560 436
1810570 434
1810580 433
1810590 431
1810600 429
1810610 427
1810620 425
1810630 423
1810640 421
1810650 419
1810660 417
1810670 415
1810680 414
1810690 412
1810700 412
1810710 409
1810720 408
1810730 409
1810740 411
1810750 414
1810760 415
1810770 417
1810780 418
1810790 420
1810800 419
1810810 419
1810820 417
1810830 415
1810840 413
1810850 410
1810860 407
1810870 404
1810880 401
1810890 398
1810900 395
1810910 393
1810920 391
1810930 389
1810940 388
1810950 387
1810960 386
1810970 385
1810980 383
1810990 381
1811000 379
1811010 376
1811020 374
1811030 372
1811040 371
1811050 370
1811060 368
1811070 365
1811080 363
1811090 361
1811100 361
1811110 361
1811120 361
1811130 361
1811140 361
1811150 362
1811160 362
1811170 362
1811180 364
1811190 368
1811200 371
1811210 373
1811220 375
1811230 375
1811240 376
1811250 377
1811260 378
1811270 380
1811280 382
1811290 384
1811300 386
1811310 388
1811320 389
1811330 391
1811340 393
1811350 395
1811360 397
1811370 398
1811380 400
1811390 402
1811400 404
1811410 405
1811420 407
1811430 408
1811440 409
1811450 411
1811460 412
1811470 414
1811480 416
1811490 418
1811500 419
1811510 421
1811520 423
1811530 425
1811540 427
1811550 429
1811560 431
1811570 434
1811580 436
1811590 438
1811600 440
1811610 443
1811620 445
1811630 447
1811640 448
1811650 450
1811660 451
1811670 453
1811680 455
1811690 456
1811700 458
1811710 459
1811720 461
1811730 463
1811740 464
1811750 466
1811760 468
1811770 469
1811780 470
1811790 472
1811800 473
1811810 474
1811820 476
1811830 477
1811840 478
1811850 479
1811860 480
1811870 481
1811880 482
1811890 483
1811900 484
1811910 485
1811920 486
1811930 487
1811940 488
1811950 489
1811960 490
1811970 491
1811980 491
1811990 492
1812000 492
1812010 491
1812020 491
1812030 491
1812040 490
1812050 490
1812060 490
1812070 489
1812080 489
1812090 489
1812100 488
1812110 487
1812120 486
1812130 484
1812140 482
1812150 481
1812160 479
1812170 479
1812180 478
1812190 476
1812200 475
1812210 473
1812220 471
1812230 470
1812240 469
1812250 468
1812260 468
1812270 467
1812280 467
1812290 467
1812300 467
1812310 467
1812320 467
1812330 467
1812340 468
1812350 469
1812360 470
1812370 472
1812380 473
1812390 474
1812400 476
1812410 477
1812420 477
1812430 477
1812440 478
1812450 478
1812460 478
1812470 478
1812480 478
1812490 478
1812500 479
1812510 480
1812520 480
1812530 480
1812540 480
1812550 480
1812560 480
1812570 480
1812580 480
1812590 479
1812600 479
1812610 478
1812620 478
1812630 477
1812640 477
1812650 476
1812660 476
1812670 475
1812680 475
1812690 474
1812700 473
1812710 472
1812720 470
1812730 468
1812740 467
1812750 466
1812760 463
1812770 459
1812780 456
1812790 455
1812800 457
1812810 460
1812820 465
1812830 469
1812840 473
1812850 477
1812860 480
1812870 483
1812880 486
1812890 488
1812900 491
1812910 493
1812920 496
1812930 499
1812940 502
1812950 505
1812960 508
1812970 511
1812980 514
1812990 516
1813000 519
1813010 521
1813020 524
1813030 526
1813040 528
1813050 529
1813060 530
1813070 531
1813080 532
1813090 532
1813100 533
1813110 534
1813120 535
1813130 537
1813140 538
1813150 540
1813160 541
1813170 543
1813180 544
1813190 544
1813200 545
1813210 546
1813220 548
1813230 549
1813240 550
1813250 551
1813260 552
1813270 553
1813280 555
1813290 556
1813300 558
1813310 560
1813320 562
1813330 565
1813340 568
1813350 571
1813360 574
1813370 576
1813380 578
1813390 580
1813400 581
1813410 582
1813420 582
1813430 582
1813440 583
1813450 583
1813460 582
1813470 582
1813480 582
1813490 582
1813500 581
1813510 581
1813520 581
1813530 581
1813540 582
1813550 582
1813560 583
1813570 584
1813580 584
1813590 585
1813600 586
1813610 586
1813620 587
1813630 588
1813640 589
1813650 590
1813660 591
1813670 592
1813680 593
1813690 594
1813700 594
1813710 595
1813720 596
1813730 597
1813740 598
1813750 598
1813760 599
1813770 599
1813780 600
1813790 600
1813800 601
1813810 601
1813820 602
1813830 603
1813840 604
1813850 605
1813860 605
1813870 606
1813880 607
1813890 608
1813900 608
1813910 609
1813920 609
1813930 610
1813940 611
1813950 611
1813960 611
1813970 611
1813980 610
1813990 608
1814000 606
1814010 604
1814020 602
1814030 601
1814040 602
1814050 602
1814060 603
1814070 603
1814080 603
1814090 604
1814100 604
1814110 605
1814120 606
1814130 607
1814140 608
1814150 608
1814160 608
1814170 607
1814180 605
1814190 603
1814200 602
1814210 601
1814220 599
1814230 599
1814240 599
1814250 599
1814260 600
1814270 601
1814280 603
1814290 605
1814300 607
1814310 608
1814320 609
1814330 610
1814340 611
1814350 612
1814360 613
1814370 614
1814380 616
1814390 617
1814400 618
1814410 620
1814420 621
1814430 621
1814440 622
1814450 622
1814460 623
1814470 624
1814480 625
1814490 625
1814500 626
1814510 626
1814520 626
1814530 625
1814540 625
1814550 625
1814560 625
1814570 624
1814580 624
1814590 624
1814600 623
1814610 623
1814620 622
1814630 621
1814640 621
1814650 620
1814660 619
1814670 618
1814680 617
1814690 616
1814700 615
1814710 614
1814720 613
1814730 613
1814740 612
1814750 611
1814760 610
1814770 608
1814780 606
1814790 605
1814800 604
1814810 603
1814820 601
1814830 599
1814840 597
1814850 595
1814860 593
1814870 591
1814880 589
1814890 587
1814900 585
1814910 582
1814920 580
1814930 577
1814940 574
1814950 572
1814960 569
1814970 567
1814980 566
1814990 564
1815000 562
1815010 560
1815020 558
1815030 556
1815040 555
1815050 554
1815060 553
1815070 552
1815080 554
1815090 557
1815100 560
1815110 563
1815120 566
1815130 569
1815140 573
1815150 576
1815160 579
1815170 582
1815180 585
1815190 587
1815200 589
1815210 590
1815220 591
1815230 592
1815240 593
1815250 593
1815260 592
1815270 591
1815280 590
1815290 588
1815300 587
1815310 585
1815320 583
1815330 581
1815340 580
1815350 578
1815360 577
1815370 575
1815380 573
1815390 572
1815400 570
1815410 568
1815420 567
1815430 566
1815440 565
1815450 565
1815460 565
1815470 565
1815480 565
1815490 565
1815500 565
1815510 566
1815520 566
1815530 567
1815540 567
1815550 567
1815560 567
1815570 566
1815580 566
1815590 565
1815600 564
1815610 563
1815620 561
1815630 559
1815640 556
1815650 553
1815660 549
1815670 546
1815680 543
1815690 540
1815700 537
1815710 533
1815720 530
1815730 527
1815740 524
1815750 521
1815760 517
1815770 513
1815780 510
1815790 508
1815800 509
1815810 512
1815820 514
1815830 515
1815840 516
1815850 516
1815860 516
1815870 515
1815880 511
1815890 509
1815900 508
1815910 513
1815920 518
1815930 523
1815940 527
1815950 530
1815960 534
1815970 537
1815980 541
1815990 544
1816000 546
1816010 548
1816020 550
1816030 552
1816040 553
1816050 553
1816060 554
1816070 553
1816080 553
1816090 552
1816100 552
1816110 551
1816120 551
1816130 551
1816140 551
1816150 550
1816160 551
1816170 551
1816180 551
1816190 551
1816200 551
1816210 551
1816220 551
1816230 552
1816240 553
1816250 554
1816260 555
1816270 556
1816280 557
1816290 559
1816300 561
1816310 562
1816320 564
1816330 567
1816340 569
1816350 571
1816360 573
1816370 575
1816380 577
1816390 579
1816400 580
1816410 582
1816420 584
1816430 585
1816440 587
1816450 589
1816460 590
1816470 591
1816480 591
1816490 591
1816500 591
1816510 591
1816520 591
1816530 591
1816540 592
1816550 592
1816560 592
1816570 593
1816580 593
1816590 593
1816600 593
1816610 593
1816620 592
1816630 592
1816640 592
1816650 591
1816660 591
1816670 591
1816680 590
1816690 590
1816700 590
1816710 590
1816720 589
1816730 588
1816740 588
1816750 587
1816760 587
1816770 586
1816780 586
1816790 585
1816800 585
1816810 584
1816820 584
1816830 583
1816840 583
1816850 582
1816860 582
1816870 582
1816880 581
1816890 581
1816900 580
1816910 580
1816920 580
1816930 580
1816940 580
1816950 579
1816960 579
1816970 579
1816980 578
1816990 577
1817000 576
1817010 575
1817020 575
1817030 574
1817040 573
1817050 572
1817060 571
1817070 570
1817080 569
1817090 568
1817100 568
1817110 567
1817120 567
1817130 567
1817140 567
1817150 566
1817160 566
1817170 565
1817180 564
1817190 564
1817200 563
1817210 562
1817220 562
1817230 561
1817240 561
1817250 560
1817260 560
1817270 560
1817280 559
1817290 558
1817300 558
1817310 557
1817320 556
1817330 555
1817340 555
1817350 554
1817360 553
1817370 552
1817380 552
1817390 551
1817400 551
1817410 550
1817420 549
1817430 549
1817440 548
1817450 548
1817460 547
1817470 547
1817480 546
1817490 545
1817500 544
1817510 544
1817520 544
1817530 544
1817540 544
1817550 544
1817560 545
1817570 544
1817580 544
1817590 542
1817600 540
1817610 539
1817620 537
1817630 534
1817640 531
1817650 528
1817660 526
1817670 523
1817680 521
1817690 520
1817700 519
1817710 520
1817720 520
1817730 520
1817740 521
1817750 522
1817760 522
1817770 523
1817780 522
1817790 520
1817800 519
1817810 516
1817820 513
1817830 511
1817840 509
1817850 508
1817860 507
1817870 506
1817880 505
1817890 504
1817900 503
1817910 502
1817920 501
1817930 500
1817940 498
1817950 497
1817960 496
1817970 494
1817980 493
1817990 493
1818000 492
1818010 491
1818020 489
1818030 489
1818040 488
1818050 486
1818060 485
1818070 482
1818080 480
1818090 477
1818100 475
1818110 473
1818120 469
1818130 466
1818140 461
1818150 459
1818160 457
1818170 456
1818180 453
1818190 451
1818200 448
1818210 445
1818220 443
1818230 441
1818240 439
1818250 437
1818260 435
1818270 434
1818280 432
1818290 431
1818300 429
1818310 428
1818320 427
1818330 427
1818340 426
1818350 425
1818360 424
1818370 422
1818380 421
1818390 421
1818400 420
1818410 420
1818420 419
1818430 418
1818440 418
1818450 418
1818460 418
1818470 418
1818480 417
1818490 416
1818500 415
1818510 415
1818520 417
1818530 419
1818540 420
1818550 421
1818560 421
1818570 422
1818580 422
1818590 423
1818600 424
1818610 425
1818620 426
1818630 427
1818640 429
1818650 430
1818660 430
1818670 431
1818680 431
1818690 433
1818700 433
1818710 435
1818720 437
1818730 439
1818740 441
1818750 443
1818760 444
1818770 446
1818780 447
1818790 448
1818800 448
1818810 448
1818820 447
1818830 446
1818840 445
1818850 443
1818860 441
1818870 439
1818880 437
1818890 435
1818900 433
1818910 430
1818920 429
1818930 427
1818940 426
1818950 424
1818960 422
1818970 421
1818980 419
1818990 418
1819000 416
1819010 413
1819020 411
1819030 409
1819040 406
1819050 404
1819060 402
1819070 401
1819080 398
1819090 396
1819100 393
1819110 391
1819120 389
1819130 388
1819140 386
1819150 385
1819160 384
1819170 384
1819180 384
1819190 383
1819200 381
1819210 379
1819220 377
1819230 375
1819240 373
1819250 371
1819260 369
1819270 366
1819280 364
1819290 362
1819300 360
1819310 358
1819320 356
1819330 354
1819340 350
1819350 347
1819360 344
1819370 344
1819380 344
1819390 345
1819400 343
1819410 342
1819420 342
1819430 342
1819440 342
1819450 341
1819460 341
1819470 340
1819480 339
1819490 338
1819500 338
1819510 337
1819520 337
1819530 337
1819540 336
1819550 336
1819560 336
1819570 336
1819580 336
1819590 335
1819600 335
1819610 335
1819620 335
1819630 335
1819640 334
1819650 334
1819660 334
1819670 335
1819680 335
1819690 335
1819700 335
1819710 335
1819720 335
1819730 335
1819740 336
1819750 337
1819760 339
1819770 341
1819780 342
1819790 344
1819800 345
1819810 346
1819820 348
1819830 348
1819840 349
1819850 350
1819860 351
1819870 352
1819880 352
1819890 353
1819900 353
1819910 354
1819920 355
1819930 355
1819940 356
1819950 356
1819960 357
1819970 357
1819980 358
1819990 359
