1800000 383
1800010 380
1800020 378
1800030 375
1800040 373
1800050 372
1800060 371
1800070 372
1800080 372
1800090 373
1800100 373
1800110 373
1800120 374
1800130 374
1800140 374
1800150 374
1800160 374
1800170 374
1800180 374
1800190 375
1800200 374
1800210 374
1800220 374
1800230 373
1800240 372
1800250 369
1800260 367
1800270 365
1800280 364
1800290 365
1800300 367
1800310 370
1800320 374
1800330 377
1800340 379
1800350 381
1800360 383
1800370 384
1800380 385
1800390 385
1800400 385
1800410 385
1800420 385
1800430 384
1800440 383
1800450 382
1800460 381
1800470 380
1800480 379
1800490 378
1800500 378
1800510 377
1800520 377
1800530 377
1800540 378
1800550 378
1800560 377
1800570 377
1800580 376
1800590 376
1800600 376
1800610 375
1800620 375
1800630 374
1800640 374
1800650 373
1800660 372
1800670 371
1800680 371
1800690 370
1800700 369
1800710 369
1800720 368
1800730 368
1800740 367
1800750 366
1800760 366
1800770 365
1800780 364
1800790 364
1800800 363
1800810 362
1800820 362
1800830 362
1800840 362
1800850 362
1800860 361
1800870 361
1800880 361
1800890 361
1800900 359
1800910 358
1800920 356
1800930 356
1800940 356
1800950 357
1800960 357
1800970 358
1800980 359
1800990 359
1801000 359
1801010 359
1801020 359
1801030 359
1801040 359
1801050 359
1801060 359
1801070 359
1801080 359
1801090 358
1801100 358
1801110 358
1801120 358
1801130 357
1801140 357
1801150 356
1801160 356
1801170 355
1801180 355
1801190 355
1801200 354
1801210 353
1801220 353
1801230 353
1801240 353
1801250 353
1801260 352
1801270 352
1801280 351
1801290 350
1801300 349
1801310 348
1801320 346
1801330 345
1801340 344
1801350 343
1801360 341
1801370 338
1801380 335
1801390 336
1801400 336
1801410 337
1801420 335
1801430 334
1801440 332
1801450 331
1801460 330
1801470 329
1801480 328
1801490 327
1801500 326
1801510 326
1801520 325
1801530 324
1801540 324
1801550 324
1801560 323
1801570 323
1801580 323
1801590 322
1801600 322
1801610 322
1801620 322
1801630 322
1801640 322
1801650 322
1801660 322
1801670 322
1801680 322
1801690 322
1801700 322
1801710 322
1801720 323
1801730 323
1801740 323
1801750 322
1801760 322
1801770 322
1801780 322
1801790 322
1801800 322
1801810 322
1801820 322
1801830 322
1801840 322
1801850 322
1801860 322
1801870 322
1801880 322
1801890 322
1801900 322
1801910 322
1801920 322
1801930 322
1801940 322
1801950 322
1801960 322
1801970 322
1801980 322
1801990 322
1802000 322
1802010 322
1802020 322
1802030 322
1802040 322
1802050 322
1802060 322
1802070 322
1802080 321
1802090 321
1802100 321
1802110 321
1802120 321
1802130 321
1802140 321
1802150 321
1802160 321
1802170 321
1802180 321
1802190 321
1802200 321
1802210 321
1802220 321
1802230 321
1802240 321
1802250 321
1802260 321
1802270 321
1802280 321
1802290 321
1802300 321
1802310 321
1802320 320
1802330 320
1802340 320
1802350 320
1802360 320
1802370 320
1802380 320
1802390 320
1802400 320
1802410 320
1802420 320
1802430 319
1802440 318
1802450 318
1802460 319
1802470 320
1802480 321
1802490 321
1802500 321
1802510 320
1802520 320
1802530 320
1802540 321
1802550 322
1802560 322
1802570 322
1802580 321
1802590 321
1802600 320
1802610 320
1802620 320
1802630 320
1802640 320
1802650 320
1802660 320
1802670 320
1802680 320
1802690 320
1802700 320
1802710 320
1802720 320
1802730 320
1802740 320
1802750 320
1802760 320
1802770 320
1802780 320
1802790 320
1802800 319
1802810 319
1802820 319
1802830 319
1802840 319
1802850 319
1802860 319
1802870 319
1802880 318
1802890 318
1802900 318
1802910 318
1802920 318
1802930 318
1802940 318
1802950 318
1802960 318
1802970 318
1802980 318
1802990 318
1803000 318
1803010 318
1803020 318
1803030 318
1803040 318
1803050 318
1803060 318
1803070 318
1803080 318
1803090 318
1803100 318
1803110 318
1803120 318
1803130 318
1803140 318
1803150 318
1803160 318
1803170 318
1803180 318
1803190 318
1803200 318
1803210 318
1803220 318
1803230 318
1803240 317
1803250 317
1803260 317
1803270 317
1803280 317
1803290 317
1803300 317
1803310 317
1803320 317
1803330 317
1803340 317
1803350 317
1803360 317
1803370 317
1803380 317
1803390 317
1803400 317
1803410 317
1803420 317
1803430 317
1803440 317
1803450 317
1803460 317
1803470 317
1803480 317
1803490 317
1803500 317
1803510 316
1803520 316
1803530 315
1803540 315
1803550 315
1803560 315
1803570 315
1803580 316
1803590 316
1803600 317
1803610 317
1803620 317
1803630 317
1803640 316
1803650 316
1803660 316
1803670 316
1803680 316
1803690 316
1803700 316
1803710 316
1803720 316
1803730 316
1803740 316
1803750 316
1803760 315
1803770 315
1803780 315
1803790 316
1803800 316
1803810 316
1803820 316
1803830 316
1803840 316
1803850 316
1803860 315
1803870 315
1803880 315
1803890 315
1803900 315
1803910 315
1803920 315
1803930 315
1803940 315
1803950 315
1803960 315
1803970 315
1803980 315
1803990 315
1804000 315
1804010 315
1804020 315
1804030 315
1804040 315
1804050 315
1804060 315
1804070 315
1804080 315
1804090 314
1804100 314
1804110 314
1804120 314
1804130 314
1804140 314
1804150 314
1804160 314
1804170 314
1804180 314
1804190 314
1804200 314
1804210 314
1804220 314
1804230 314
1804240 314
1804250 314
1804260 314
1804270 314
1804280 313
1804290 313
1804300 313
1804310 313
1804320 313
1804330 313
1804340 313
1804350 313
1804360 313
1804370 313
1804380 313
1804390 312
1804400 311
1804410 310
1804420 310
1804430 311
1804440 313
1804450 313
1804460 314
1804470 314
1804480 313
1804490 313
1804500 313
1804510 314
1804520 314
1804530 313
1804540 313
1804550 313
1804560 314
1804570 314
1804580 314
1804590 314
1804600 314
1804610 315
1804620 315
1804630 316
1804640 316
1804650 317
1804660 317
1804670 316
1804680 316
1804690 315
1804700 315
1804710 315
1804720 315
1804730 314
1804740 314
1804750 314
1804760 314
1804770 314
1804780 314
1804790 314
1804800 314
1804810 314
1804820 313
1804830 313
1804840 313
1804850 313
1804860 313
1804870 313
1804880 313
1804890 313
1804900 313
1804910 313
1804920 313
1804930 313
1804940 313
1804950 313
1804960 313
1804970 313
1804980 313
1804990 313
1805000 313
1805010 313
1805020 313
1805030 313
1805040 314
1805050 314
1805060 314
1805070 313
1805080 313
1805090 312
1805100 312
1805110 312
1805120 312
1805130 312
1805140 312
1805150 312
1805160 312
1805170 312
1805180 312
1805190 312
1805200 312
1805210 312
1805220 312
1805230 312
1805240 312
1805250 312
1805260 312
1805270 312
1805280 312
1805290 312
1805300 312
1805310 312
1805320 312
1805330 312
1805340 312
1805350 312
1805360 312
1805370 312
1805380 312
1805390 312
1805400 312
1805410 312
1805420 312
1805430 312
1805440 312
1805450 312
1805460 312
1805470 312
1805480 312
1805490 312
1805500 312
1805510 312
1805520 312
1805530 313
1805540 313
1805550 313
1805560 313
1805570 314
1805580 314
1805590 314
1805600 315
1805610 315
1805620 316
1805630 317
1805640 317
1805650 316
1805660 316
1805670 315
1805680 316
1805690 316
1805700 316
1805710 317
1805720 317
1805730 317
1805740 317
1805750 317
1805760 318
1805770 318
1805780 318
1805790 318
1805800 319
1805810 319
1805820 320
1805830 320
1805840 321
1805850 323
1805860 323
1805870 324
1805880 324
1805890 324
1805900 324
1805910 324
1805920 324
1805930 324
1805940 324
1805950 325
1805960 325
1805970 325
1805980 325
1805990 326
1806000 326
1806010 326
1806020 326
1806030 327
1806040 327
1806050 327
1806060 327
1806070 327
1806080 327
1806090 327
1806100 327
1806110 328
1806120 328
1806130 328
1806140 328
1806150 328
1806160 328
1806170 328
1806180 328
1806190 328
1806200 328
1806210 328
1806220 327
1806230 327
1806240 327
1806250 327
1806260 326
1806270 326
1806280 326
1806290 326
1806300 326
1806310 326
1806320 326
1806330 326
1806340 326
1806350 327
1806360 327
1806370 327
1806380 327
1806390 327
1806400 327
1806410 327
1806420 327
1806430 327
1806440 327
1806450 327
1806460 327
1806470 327
1806480 327
1806490 327
1806500 326
1806510 326
1806520 326
1806530 326
1806540 325
1806550 325
1806560 325
1806570 325
1806580 324
1806590 324
1806600 324
1806610 324
1806620 324
1806630 324
1806640 323
1806650 323
1806660 323
1806670 323
1806680 323
1806690 323
1806700 323
1806710 323
1806720 323
1806730 323
1806740 323
1806750 323
1806760 323
1806770 323
1806780 323
1806790 323
1806800 323
1806810 323
1806820 323
1806830 322
1806840 322
1806850 321
1806860 321
1806870 320
1806880 320
1806890 319
1806900 319
1806910 318
1806920 318
1806930 318
1806940 317
1806950 317
1806960 316
1806970 316
1806980 315
1806990 315
1807000 315
1807010 315
1807020 315
1807030 315
1807040 315
1807050 315
1807060 315
1807070 315
1807080 315
1807090 314
1807100 314
1807110 314
1807120 315
1807130 315
1807140 315
1807150 316
1807160 319
1807170 323
1807180 327
1807190 331
1807200 332
1807210 332
1807220 333
1807230 333
1807240 333
1807250 333
1807260 333
1807270 332
1807280 332
1807290 332
1807300 332
1807310 332
1807320 331
1807330 331
1807340 331
1807350 330
1807360 330
1807370 329
1807380 328
1807390 328
1807400 327
1807410 327
1807420 326
1807430 325
1807440 325
1807450 324
1807460 323
1807470 323
1807480 322
1807490 322
1807500 321
1807510 321
1807520 321
1807530 320
1807540 320
1807550 319
1807560 319
1807570 319
1807580 319
1807590 319
1807600 318
1807610 318
1807620 317
1807630 317
1807640 317
1807650 317
1807660 317
1807670 317
1807680 317
1807690 317
1807700 317
1807710 317
1807720 317
1807730 317
1807740 317
1807750 318
1807760 318
1807770 318
1807780 318
1807790 318
1807800 318
1807810 319
1807820 320
1807830 322
1807840 323
1807850 324
1807860 325
1807870 326
1807880 329
1807890 331
1807900 333
1807910 334
1807920 336
1807930 339
1807940 342
1807950 345
1807960 347
1807970 348
1807980 349
1807990 350
1808000 351
1808010 352
1808020 353
1808030 354
1808040 355
1808050 356
1808060 357
1808070 357
1808080 357
1808090 358
1808100 358
1808110 358
1808120 358
1808130 359
1808140 359
1808150 359
1808160 358
1808170 358
1808180 358
1808190 358
1808200 357
1808210 357
1808220 356
1808230 355
1808240 355
1808250 354
1808260 354
1808270 354
1808280 353
1808290 353
1808300 353
1808310 353
1808320 354
1808330 354
1808340 354
1808350 355
1808360 356
1808370 357
1808380 357
1808390 358
1808400 359
1808410 360
1808420 361
1808430 361
1808440 362
1808450 363
1808460 364
1808470 365
1808480 365
1808490 366
1808500 367
1808510 367
1808520 368
1808530 368
1808540 368
1808550 370
1808560 371
1808570 372
1808580 372
1808590 372
1808600 373
1808610 373
1808620 374
1808630 374
1808640 374
1808650 375
1808660 375
1808670 376
1808680 376
1808690 376
1808700 377
1808710 377
1808720 377
1808730 378
1808740 378
1808750 378
1808760 378
1808770 378
1808780 378
1808790 378
1808800 377
1808810 377
1808820 377
1808830 376
1808840 376
1808850 376
1808860 376
1808870 375
1808880 375
1808890 375
1808900 374
1808910 374
1808920 373
1808930 373
1808940 373
1808950 372
1808960 372
1808970 371
1808980 371
1808990 370
1809000 370
1809010 370
1809020 369
1809030 369
1809040 369
1809050 368
1809060 368
1809070 368
1809080 367
1809090 367
1809100 366
1809110 366
1809120 365
1809130 365
1809140 364
1809150 364
1809160 363
1809170 362
1809180 362
1809190 361
1809200 361
1809210 361
1809220 360
1809230 360
1809240 359
1809250 359
1809260 360
1809270 361
1809280 361
1809290 362
1809300 362
1809310 363
1809320 365
1809330 366
1809340 368
1809350 370
1809360 372
1809370 374
1809380 376
1809390 378
1809400 380
1809410 383
1809420 385
1809430 387
1809440 388
1809450 390
1809460 391
1809470 391
1809480 393
1809490 394
1809500 395
1809510 397
1809520 398
1809530 398
1809540 399
1809550 399
1809560 399
1809570 400
1809580 400
1809590 401
1809600 401
1809610 402
1809620 402
1809630 402
1809640 402
1809650 402
1809660 402
1809670 402
1809680 402
1809690 402
1809700 402
1809710 402
1809720 402
1809730 401
1809740 400
1809750 401
1809760 402
1809770 402
1809780 402
1809790 403
1809800 404
1809810 405
1809820 405
1809830 405
1809840 405
1809850 406
1809860 406
1809870 405
1809880 404
1809890 403
1809900 402
1809910 401
1809920 400
1809930 400
1809940 399
1809950 398
1809960 396
1809970 394
1809980 392
1809990 391
1810000 390
1810010 389
1810020 388
1810030 386
1810040 384
1810050 381
1810060 379
1810070 377
1810080 375
1810090 372
1810100 370
1810110 369
1810120 366
1810130 364
1810140 362
1810150 360
1810160 358
1810170 357
1810180 356
1810190 354
1810200 352
1810210 351
1810220 349
1810230 347
1810240 345
1810250 343
1810260 340
1810270 338
1810280 336
1810290 335
1810300 334
1810310 334
1810320 334
1810330 334
1810340 335
1810350 335
1810360 335
1810370 335
1810380 335
1810390 335
1810400 335
1810410 335
1810420 336
1810430 336
1810440 337
1810450 338
1810460 339
1810470 341
1810480 343
1810490 346
1810500 348
1810510 350
1810520 353
1810530 355
1810540 358
1810550 361
1810560 364
1810570 367
1810580 369
1810590 372
1810600 375
1810610 377
1810620 379
1810630 379
1810640 380
1810650 382
1810660 387
1810670 391
1810680 393
1810690 395
1810700 397
1810710 399
1810720 401
1810730 403
1810740 405
1810750 407
1810760 409
1810770 411
1810780 413
1810790 414
1810800 416
1810810 418
1810820 419
1810830 421
1810840 422
1810850 424
1810860 425
1810870 426
1810880 427
1810890 428
1810900 429
1810910 431
1810920 432
1810930 433
1810940 435
1810950 436
1810960 436
1810970 437
1810980 438
1810990 438
1811000 438
1811010 437
1811020 436
1811030 435
1811040 434
1811050 433
1811060 432
1811070 431
1811080 430
1811090 429
1811100 429
1811110 429
1811120 430
1811130 430
1811140 430
1811150 431
1811160 433
1811170 434
1811180 436
1811190 437
1811200 439
1811210 440
1811220 441
1811230 441
1811240 440
1811250 439
1811260 437
1811270 435
1811280 433
1811290 431
1811300 429
1811310 426
1811320 424
1811330 422
1811340 420
1811350 418
1811360 416
1811370 413
1811380 411
1811390 408
1811400 406
1811410 404
1811420 401
1811430 399
1811440 396
1811450 394
1811460 392
1811470 389
1811480 387
1811490 387
1811500 390
1811510 395
1811520 399
1811530 402
1811540 405
1811550 406
1811560 408
1811570 409
1811580 410
1811590 411
1811600 411
1811610 413
1811620 415
1811630 418
1811640 419
1811650 421
1811660 422
1811670 424
1811680 426
1811690 429
1811700 431
1811710 433
1811720 435
1811730 437
1811740 440
1811750 442
1811760 445
1811770 448
1811780 451
1811790 454
1811800 457
1811810 460
1811820 463
1811830 466
1811840 469
1811850 472
1811860 474
1811870 477
1811880 479
1811890 481
1811900 483
1811910 485
1811920 487
1811930 489
1811940 490
1811950 492
1811960 494
1811970 496
1811980 497
1811990 499
1812000 500
1812010 502
1812020 503
1812030 505
1812040 507
1812050 509
1812060 510
1812070 512
1812080 513
1812090 514
1812100 515
1812110 516
1812120 517
1812130 518
1812140 519
1812150 519
1812160 520
1812170 520
1812180 520
1812190 520
1812200 520
1812210 520
1812220 521
1812230 521
1812240 521
1812250 520
1812260 520
1812270 520
1812280 521
1812290 521
1812300 522
1812310 523
1812320 524
1812330 525
1812340 526
1812350 526
1812360 527
1812370 527
1812380 527
1812390 527
1812400 526
1812410 526
1812420 525
1812430 525
1812440 523
1812450 522
1812460 521
1812470 520
1812480 520
1812490 519
1812500 519
1812510 519
1812520 520
1812530 521
1812540 522
1812550 522
1812560 522
1812570 522
1812580 523
1812590 525
1812600 526
1812610 528
1812620 532
1812630 536
1812640 539
1812650 543
1812660 546
1812670 549
1812680 552
1812690 555
1812700 557
1812710 560
1812720 561
1812730 562
1812740 562
1812750 562
1812760 563
1812770 563
1812780 563
1812790 564
1812800 564
1812810 564
1812820 564
1812830 563
1812840 563
1812850 562
1812860 561
1812870 560
1812880 559
1812890 559
1812900 558
1812910 558
1812920 556
1812930 555
1812940 553
1812950 550
1812960 548
1812970 546
1812980 544
1812990 542
1813000 541
1813010 539
1813020 539
1813030 539
1813040 540
1813050 541
1813060 541
1813070 542
1813080 543
1813090 544
1813100 545
1813110 546
1813120 547
1813130 549
1813140 552
1813150 555
1813160 557
1813170 560
1813180 563
1813190 566
1813200 568
1813210 570
1813220 571
1813230 571
1813240 571
1813250 571
1813260 570
1813270 570
1813280 569
1813290 569
1813300 569
1813310 569
1813320 570
1813330 570
1813340 570
1813350 570
1813360 570
1813370 570
1813380 569
1813390 568
1813400 567
1813410 566
1813420 566
1813430 567
1813440 567
1813450 568
1813460 569
1813470 571
1813480 573
1813490 576
1813500 580
1813510 584
1813520 588
1813530 592
1813540 596
1813550 600
1813560 604
1813570 606
1813580 607
1813590 607
1813600 606
1813610 606
1813620 607
1813630 608
1813640 609
1813650 610
1813660 611
1813670 613
1813680 615
1813690 616
1813700 618
1813710 619
1813720 620
1813730 621
1813740 622
1813750 623
1813760 624
1813770 625
1813780 625
1813790 625
1813800 626
1813810 626
1813820 626
1813830 626
1813840 626
1813850 626
1813860 626
1813870 625
1813880 625
1813890 625
1813900 624
1813910 624
1813920 624
1813930 623
1813940 623
1813950 622
1813960 621
1813970 620
1813980 619
1813990 618
1814000 616
1814010 614
1814020 611
1814030 610
1814040 609
1814050 607
1814060 605
1814070 602
1814080 600
1814090 601
1814100 601
1814110 602
1814120 603
1814130 603
1814140 604
1814150 605
1814160 607
1814170 608
1814180 610
1814190 611
1814200 612
1814210 614
1814220 615
1814230 615
1814240 616
1814250 616
1814260 616
1814270 616
1814280 616
1814290 615
1814300 615
1814310 614
1814320 614
1814330 613
1814340 611
1814350 610
1814360 609
1814370 607
1814380 605
1814390 602
1814400 600
1814410 597
1814420 595
1814430 592
1814440 589
1814450 585
1814460 581
1814470 578
1814480 576
1814490 575
1814500 574
1814510 574
1814520 573
1814530 573
1814540 573
1814550 573
1814560 574
1814570 575
1814580 576
1814590 577
1814600 576
1814610 576
1814620 575
1814630 574
1814640 574
1814650 573
1814660 573
1814670 573
1814680 572
1814690 572
1814700 573
1814710 575
1814720 576
1814730 578
1814740 579
1814750 581
1814760 584
1814770 587
1814780 589
1814790 591
1814800 593
1814810 595
1814820 596
1814830 598
1814840 599
1814850 601
1814860 602
1814870 603
1814880 603
1814890 603
1814900 602
1814910 601
1814920 599
1814930 598
1814940 597
1814950 596
1814960 594
1814970 593
1814980 592
1814990 591
1815000 589
1815010 588
1815020 586
1815030 585
1815040 584
1815050 583
1815060 582
1815070 580
1815080 579
1815090 577
1815100 576
1815110 574
1815120 572
1815130 570
1815140 569
1815150 567
1815160 565
1815170 563
1815180 562
1815190 561
1815200 560
1815210 559
1815220 558
1815230 557
1815240 557
1815250 557
1815260 556
1815270 556
1815280 555
1815290 555
1815300 555
1815310 554
1815320 554
1815330 553
1815340 552
1815350 551
1815360 550
1815370 550
1815380 549
1815390 547
1815400 546
1815410 544
1815420 543
1815430 542
1815440 541
1815450 541
1815460 541
1815470 540
1815480 539
1815490 537
1815500 536
1815510 535
1815520 534
1815530 533
1815540 532
1815550 531
1815560 530
1815570 530
1815580 529
1815590 527
1815600 527
1815610 526
1815620 525
1815630 525
1815640 524
1815650 523
1815660 522
1815670 521
1815680 521
1815690 521
1815700 521
1815710 520
1815720 520
1815730 519
1815740 519
1815750 520
1815760 520
1815770 519
1815780 519
1815790 519
1815800 518
1815810 518
1815820 518
1815830 518
1815840 518
1815850 519
1815860 519
1815870 519
1815880 519
1815890 519
1815900 519
1815910 520
1815920 520
1815930 520
1815940 520
1815950 520
1815960 520
1815970 521
1815980 521
1815990 522
1816000 522
1816010 522
1816020 523
1816030 523
1816040 524
1816050 524
1816060 525
1816070 526
1816080 527
1816090 528
1816100 528
1816110 528
1816120 528
1816130 528
1816140 528
1816150 528
1816160 528
1816170 528
1816180 528
1816190 528
1816200 528
1816210 529
1816220 529
1816230 529
1816240 529
1816250 528
1816260 528
1816270 528
1816280 527
1816290 526
1816300 525
1816310 525
1816320 524
1816330 524
1816340 524
1816350 524
1816360 523
1816370 523
1816380 523
1816390 523
1816400 523
1816410 523
1816420 523
1816430 523
1816440 524
1816450 524
1816460 524
1816470 524
1816480 523
1816490 522
1816500 521
1816510 520
1816520 519
1816530 517
1816540 517
1816550 516
1816560 515
1816570 514
1816580 513
1816590 513
1816600 512
1816610 511
1816620 510
1816630 509
1816640 507
1816650 506
1816660 504
1816670 503
1816680 502
1816690 502
1816700 501
1816710 500
1816720 499
1816730 497
1816740 495
1816750 494
1816760 492
1816770 492
1816780 492
1816790 491
1816800 491
1816810 491
1816820 492
1816830 492
1816840 492
1816850 491
1816860 491
1816870 490
1816880 489
1816890 487
1816900 485
1816910 484
1816920 482
1816930 481
1816940 480
1816950 480
1816960 480
1816970 478
1816980 476
1816990 473
1817000 470
1817010 468
1817020 467
1817030 465
1817040 463
1817050 463
1817060 462
1817070 461
1817080 460
1817090 459
1817100 458
1817110 457
1817120 455
1817130 453
1817140 451
1817150 448
1817160 446
1817170 445
1817180 445
1817190 444
1817200 444
1817210 443
1817220 443
1817230 442
1817240 440
1817250 437
1817260 435
1817270 432
1817280 430
1817290 428
1817300 427
1817310 425
1817320 423
1817330 421
1817340 420
1817350 418
1817360 418
1817370 417
1817380 416
1817390 416
1817400 415
1817410 414
1817420 414
1817430 415
1817440 416
1817450 417
1817460 418
1817470 419
1817480 420
1817490 419
1817500 419
1817510 418
1817520 417
1817530 416
1817540 415
1817550 414
1817560 413
1817570 412
1817580 410
1817590 409
1817600 407
1817610 405
1817620 404
1817630 403
1817640 403
1817650 402
1817660 400
1817670 398
1817680 395
1817690 392
1817700 390
1817710 389
1817720 388
1817730 388
1817740 387
1817750 386
1817760 384
1817770 381
1817780 379
1817790 377
1817800 374
1817810 372
1817820 370
1817830 368
1817840 367
1817850 365
1817860 362
1817870 360
1817880 358
1817890 356
1817900 355
1817910 353
1817920 352
1817930 351
1817940 351
1817950 352
1817960 355
1817970 360
1817980 364
1817990 367
1818000 369
1818010 370
1818020 371
1818030 372
1818040 373
1818050 374
1818060 375
1818070 375
1818080 374
1818090 372
1818100 372
1818110 371
1818120 370
1818130 367
1818140 365
1818150 363
1818160 362
1818170 361
1818180 359
1818190 358
1818200 358
1818210 358
1818220 357
1818230 357
1818240 355
1818250 354
1818260 352
1818270 350
1818280 349
1818290 348
1818300 348
1818310 348
1818320 348
1818330 348
1818340 347
1818350 347
1818360 346
1818370 346
1818380 346
1818390 346
1818400 346
1818410 346
1818420 347
1818430 347
1818440 348
1818450 348
1818460 348
1818470 347
1818480 347
1818490 347
1818500 346
1818510 346
1818520 345
1818530 345
1818540 344
1818550 343
1818560 342
1818570 342
1818580 341
1818590 340
1818600 339
1818610 338
1818620 337
1818630 337
1818640 336
1818650 335
1818660 335
1818670 334
1818680 333
1818690 333
1818700 332
1818710 332
1818720 332
1818730 331
1818740 331
1818750 330
1818760 330
1818770 330
1818780 330
1818790 330
1818800 330
1818810 331
1818820 331
1818830 332
1818840 332
1818850 333
1818860 334
1818870 335
1818880 336
1818890 336
1818900 337
1818910 338
1818920 338
1818930 339
1818940 339
1818950 340
1818960 340
1818970 340
1818980 341
1818990 341
1819000 341
1819010 342
1819020 342
1819030 342
1819040 342
1819050 343
1819060 343
1819070 343
1819080 343
1819090 344
1819100 343
1819110 343
1819120 343
1819130 343
1819140 343
1819150 342
1819160 342
1819170 342
1819180 342
1819190 342
1819200 341
1819210 341
1819220 341
1819230 341
1819240 340
1819250 340
1819260 340
1819270 339
1819280 339
1819290 339
1819300 338
1819310 338
1819320 337
1819330 337
1819340 336
1819350 336
1819360 335
1819370 334
1819380 334
1819390 334
1819400 333
1819410 333
1819420 333
1819430 332
1819440 332
1819450 332
1819460 332
1819470 331
1819480 331
1819490 330
1819500 330
1819510 329
1819520 328
1819530 327
1819540 327
1819550 327
1819560 326
1819570 326
1819580 325
1819590 324
1819600 323
1819610 322
1819620 321
1819630 320
1819640 319
1819650 318
1819660 317
1819670 316
1819680 315
1819690 314
1819700 313
1819710 312
1819720 311
1819730 310
1819740 309
1819750 308
1819760 308
1819770 307
1819780 306
1819790 306
1819800 305
1819810 305
1819820 304
1819830 303
1819840 302
1819850 301
1819860 301
1819870 300
1819880 300
1819890 299
1819900 299
1819910 299
1819920 299
1819930 299
1819940 298
1819950 298
1819960 298
1819970 298
1819980 298
1819990 298
