1800000 329
1800010 329
1800020 329
1800030 329
1800040 329
1800050 329
1800060 329
1800070 329
1800080 329
1800090 329
1800100 329
1800110 329
1800120 329
1800130 329
1800140 330
1800150 333
1800160 337
1800170 340
1800180 342
1800190 343
1800200 344
1800210 344
1800220 345
1800230 346
1800240 348
1800250 349
1800260 350
1800270 352
1800280 353
1800290 354
1800300 355
1800310 355
1800320 356
1800330 356
1800340 357
1800350 358
1800360 358
1800370 358
1800380 358
1800390 358
1800400 358
1800410 358
1800420 358
1800430 357
1800440 357
1800450 356
1800460 356
1800470 355
1800480 355
1800490 355
1800500 354
1800510 354
1800520 354
1800530 353
1800540 352
1800550 352
1800560 352
1800570 351
1800580 351
1800590 351
1800600 350
1800610 349
1800620 349
1800630 349
1800640 348
1800650 348
1800660 348
1800670 348
1800680 347
1800690 347
1800700 347
1800710 346
1800720 346
1800730 346
1800740 346
1800750 346
1800760 345
1800770 345
1800780 345
1800790 345
1800800 345
1800810 345
1800820 345
1800830 346
1800840 346
1800850 346
1800860 346
1800870 346
1800880 347
1800890 347
1800900 348
1800910 348
1800920 349
1800930 349
1800940 350
1800950 351
1800960 351
1800970 352
1800980 352
1800990 352
1801000 353
1801010 353
1801020 356
1801030 357
1801040 358
1801050 359
1801060 360
1801070 360
1801080 361
1801090 362
1801100 363
1801110 363
1801120 364
1801130 364
1801140 365
1801150 365
1801160 366
1801170 366
1801180 366
1801190 367
1801200 367
1801210 368
1801220 369
1801230 370
1801240 371
1801250 371
1801260 372
1801270 373
1801280 374
1801290 375
1801300 376
1801310 378
1801320 379
1801330 380
1801340 380
1801350 379
1801360 378
1801370 377
1801380 376
1801390 374
1801400 373
1801410 372
1801420 371
1801430 371
1801440 370
1801450 370
1801460 369
1801470 369
1801480 368
1801490 368
1801500 368
1801510 367
1801520 367
1801530 367
1801540 367
1801550 366
1801560 366
1801570 365
1801580 364
1801590 363
1801600 362
1801610 361
1801620 361
1801630 359
1801640 358
1801650 358
1801660 357
1801670 356
1801680 355
1801690 353
1801700 352
1801710 352
1801720 351
1801730 350
1801740 349
1801750 348
1801760 347
1801770 345
1801780 342
1801790 340
1801800 339
1801810 339
1801820 337
1801830 334
1801840 330
1801850 327
1801860 325
1801870 324
1801880 325
1801890 325
1801900 325
1801910 325
1801920 324
1801930 324
1801940 324
1801950 324
1801960 322
1801970 322
1801980 322
1801990 322
1802000 322
1802010 321
1802020 321
1802030 321
1802040 320
1802050 320
1802060 320
1802070 320
1802080 320
1802090 320
1802100 320
1802110 320
1802120 320
1802130 320
1802140 320
1802150 320
1802160 320
1802170 320
1802180 320
1802190 320
1802200 320
1802210 320
1802220 319
1802230 319
1802240 319
1802250 319
1802260 319
1802270 319
1802280 319
1802290 319
1802300 319
1802310 319
1802320 319
1802330 319
1802340 319
1802350 319
1802360 319
1802370 319
1802380 319
1802390 319
1802400 319
1802410 320
1802420 320
1802430 319
1802440 319
1802450 319
1802460 319
1802470 319
1802480 319
1802490 319
1802500 319
1802510 319
1802520 319
1802530 319
1802540 319
1802550 319
1802560 319
1802570 319
1802580 319
1802590 319
1802600 319
1802610 319
1802620 319
1802630 319
1802640 319
1802650 319
1802660 319
1802670 318
1802680 318
1802690 318
1802700 318
1802710 318
1802720 318
1802730 318
1802740 318
1802750 318
1802760 318
1802770 318
1802780 318
1802790 318
1802800 318
1802810 318
1802820 318
1802830 318
1802840 318
1802850 318
1802860 318
1802870 318
1802880 318
1802890 318
1802900 318
1802910 318
1802920 318
1802930 318
1802940 318
1802950 318
1802960 318
1802970 318
1802980 318
1802990 318
1803000 318
1803010 318
1803020 317
1803030 317
1803040 317
1803050 317
1803060 317
1803070 317
1803080 317
1803090 317
1803100 317
1803110 317
1803120 317
1803130 317
1803140 317
1803150 317
1803160 317
1803170 317
1803180 317
1803190 317
1803200 317
1803210 317
1803220 317
1803230 317
1803240 317
1803250 317
1803260 317
1803270 317
1803280 317
1803290 317
1803300 317
1803310 317
1803320 317
1803330 317
1803340 316
1803350 316
1803360 316
1803370 316
1803380 316
1803390 316
1803400 316
1803410 316
1803420 316
1803430 316
1803440 316
1803450 316
1803460 316
1803470 316
1803480 316
1803490 316
1803500 316
1803510 316
1803520 316
1803530 316
1803540 316
1803550 316
1803560 316
1803570 316
1803580 316
1803590 316
1803600 316
1803610 316
1803620 315
1803630 315
1803640 315
1803650 315
1803660 315
1803670 315
1803680 315
1803690 315
1803700 315
1803710 315
1803720 315
1803730 315
1803740 316
1803750 316
1803760 316
1803770 316
1803780 316
1803790 316
1803800 316
1803810 316
1803820 315
1803830 315
1803840 315
1803850 315
1803860 315
1803870 315
1803880 315
1803890 315
1803900 315
1803910 315
1803920 315
1803930 315
1803940 315
1803950 315
1803960 315
1803970 315
1803980 315
1803990 315
1804000 315
1804010 315
1804020 315
1804030 315
1804040 315
1804050 314
1804060 314
1804070 314
1804080 314
1804090 314
1804100 314
1804110 314
1804120 314
1804130 314
1804140 314
1804150 314
1804160 314
1804170 314
1804180 314
1804190 314
1804200 314
1804210 314
1804220 314
1804230 314
1804240 314
1804250 314
1804260 314
1804270 314
1804280 314
1804290 314
1804300 314
1804310 313
1804320 313
1804330 313
1804340 313
1804350 313
1804360 313
1804370 313
1804380 313
1804390 313
1804400 313
1804410 313
1804420 312
1804430 312
1804440 312
1804450 312
1804460 312
1804470 312
1804480 312
1804490 312
1804500 312
1804510 312
1804520 311
1804530 311
1804540 311
1804550 311
1804560 311
1804570 311
1804580 311
1804590 311
1804600 311
1804610 311
1804620 310
1804630 309
1804640 309
1804650 309
1804660 310
1804670 311
1804680 311
1804690 311
1804700 312
1804710 312
1804720 312
1804730 313
1804740 313
1804750 313
1804760 313
1804770 313
1804780 313
1804790 313
1804800 313
1804810 313
1804820 313
1804830 312
1804840 312
1804850 312
1804860 312
1804870 312
1804880 312
1804890 312
1804900 312
1804910 311
1804920 311
1804930 311
1804940 311
1804950 311
1804960 311
1804970 311
1804980 311
1804990 311
1805000 311
1805010 311
1805020 311
1805030 311
1805040 311
1805050 311
1805060 311
1805070 311
1805080 311
1805090 311
1805100 311
1805110 311
1805120 311
1805130 311
1805140 311
1805150 311
1805160 311
1805170 311
1805180 311
1805190 311
1805200 311
1805210 311
1805220 311
1805230 311
1805240 311
1805250 311
1805260 311
1805270 311
1805280 311
1805290 311
1805300 311
1805310 311
1805320 311
1805330 311
1805340 311
1805350 311
1805360 312
1805370 312
1805380 312
1805390 312
1805400 312
1805410 312
1805420 312
1805430 312
1805440 311
1805450 311
1805460 311
1805470 310
1805480 310
1805490 310
1805500 310
1805510 310
1805520 310
1805530 310
1805540 310
1805550 310
1805560 310
1805570 310
1805580 309
1805590 309
1805600 309
1805610 309
1805620 309
1805630 309
1805640 309
1805650 309
1805660 309
1805670 309
1805680 309
1805690 309
1805700 308
1805710 308
1805720 308
1805730 308
1805740 308
1805750 308
1805760 308
1805770 308
1805780 308
1805790 308
1805800 308
1805810 308
1805820 308
1805830 309
1805840 309
1805850 309
1805860 309
1805870 309
1805880 309
1805890 309
1805900 309
1805910 309
1805920 309
1805930 309
1805940 309
1805950 309
1805960 309
1805970 309
1805980 309
1805990 309
1806000 309
1806010 309
1806020 309
1806030 309
1806040 309
1806050 309
1806060 309
1806070 309
1806080 309
1806090 309
1806100 309
1806110 309
1806120 309
1806130 309
1806140 308
1806150 308
1806160 308
1806170 308
1806180 308
1806190 308
1806200 308
1806210 308
1806220 308
1806230 308
1806240 308
1806250 308
1806260 308
1806270 308
1806280 308
1806290 307
1806300 307
1806310 308
1806320 308
1806330 308
1806340 308
1806350 308
1806360 307
1806370 307
1806380 307
1806390 307
1806400 307
1806410 307
1806420 307
1806430 307
1806440 307
1806450 307
1806460 307
1806470 307
1806480 307
1806490 307
1806500 307
1806510 307
1806520 307
1806530 308
1806540 308
1806550 308
1806560 308
1806570 309
1806580 309
1806590 309
1806600 310
1806610 310
1806620 310
1806630 309
1806640 310
1806650 309
1806660 309
1806670 309
1806680 308
1806690 308
1806700 308
1806710 308
1806720 309
1806730 309
1806740 309
1806750 309
1806760 309
1806770 309
1806780 309
1806790 309
1806800 309
1806810 310
1806820 310
1806830 311
1806840 312
1806850 312
1806860 313
1806870 313
1806880 314
1806890 313
1806900 313
1806910 312
1806920 312
1806930 312
1806940 312
1806950 312
1806960 312
1806970 312
1806980 312
1806990 312
1807000 312
1807010 313
1807020 312
1807030 312
1807040 312
1807050 312
1807060 313
1807070 313
1807080 313
1807090 313
1807100 313
1807110 315
1807120 317
1807130 320
1807140 324
1807150 325
1807160 326
1807170 326
1807180 326
1807190 326
1807200 326
1807210 325
1807220 325
1807230 325
1807240 324
1807250 324
1807260 323
1807270 323
1807280 322
1807290 322
1807300 321
1807310 320
1807320 320
1807330 319
1807340 319
1807350 318
1807360 317
1807370 317
1807380 316
1807390 316
1807400 316
1807410 315
1807420 315
1807430 315
1807440 314
1807450 314
1807460 314
1807470 314
1807480 314
1807490 314
1807500 314
1807510 314
1807520 314
1807530 314
1807540 313
1807550 313
1807560 314
1807570 314
1807580 313
1807590 313
1807600 313
1807610 313
1807620 313
1807630 313
1807640 313
1807650 314
1807660 314
1807670 314
1807680 315
1807690 317
1807700 319
1807710 321
1807720 323
1807730 325
1807740 327
1807750 329
1807760 331
1807770 333
1807780 335
1807790 337
1807800 338
1807810 339
1807820 339
1807830 340
1807840 341
1807850 342
1807860 342
1807870 343
1807880 344
1807890 344
1807900 344
1807910 345
1807920 345
1807930 345
1807940 345
1807950 345
1807960 345
1807970 345
1807980 345
1807990 344
1808000 344
1808010 344
1808020 344
1808030 343
1808040 343
1808050 343
1808060 342
1808070 341
1808080 340
1808090 340
1808100 339
1808110 339
1808120 338
1808130 338
1808140 338
1808150 339
1808160 339
1808170 340
1808180 341
1808190 341
1808200 342
1808210 343
1808220 343
1808230 344
1808240 345
1808250 346
1808260 347
1808270 348
1808280 349
1808290 349
1808300 350
1808310 350
1808320 350
1808330 352
1808340 353
1808350 353
1808360 354
1808370 355
1808380 355
1808390 355
1808400 355
1808410 356
1808420 355
1808430 355
1808440 356
1808450 356
1808460 356
1808470 356
1808480 356
1808490 357
1808500 357
1808510 357
1808520 357
1808530 358
1808540 358
1808550 358
1808560 359
1808570 359
1808580 357
1808590 356
1808600 355
1808610 357
1808620 359
1808630 360
1808640 360
1808650 360
1808660 360
1808670 359
1808680 359
1808690 359
1808700 359
1808710 358
1808720 357
1808730 356
1808740 356
1808750 358
1808760 356
1808770 355
1808780 352
1808790 350
1808800 349
1808810 348
1808820 347
1808830 348
1808840 349
1808850 351
1808860 352
1808870 354
1808880 355
1808890 357
1808900 358
1808910 358
1808920 357
1808930 357
1808940 357
1808950 357
1808960 357
1808970 357
1808980 357
1808990 357
1809000 356
1809010 356
1809020 356
1809030 356
1809040 356
1809050 355
1809060 355
1809070 354
1809080 354
1809090 353
1809100 353
1809110 352
1809120 352
1809130 351
1809140 351
1809150 351
1809160 351
1809170 351
1809180 351
1809190 351
1809200 351
1809210 350
1809220 348
1809230 348
1809240 350
1809250 353
1809260 356
1809270 358
1809280 360
1809290 362
1809300 364
1809310 367
1809320 369
1809330 371
1809340 372
1809350 374
1809360 375
1809370 376
1809380 377
1809390 378
1809400 379
1809410 379
1809420 380
1809430 380
1809440 380
1809450 380
1809460 380
1809470 379
1809480 379
1809490 378
1809500 377
1809510 376
1809520 376
1809530 375
1809540 375
1809550 375
1809560 375
1809570 375
1809580 375
1809590 375
1809600 376
1809610 376
1809620 377
1809630 377
1809640 378
1809650 378
1809660 379
1809670 379
1809680 379
1809690 379
1809700 378
1809710 377
1809720 376
1809730 375
1809740 374
1809750 372
1809760 370
1809770 368
1809780 366
1809790 364
1809800 362
1809810 360
1809820 359
1809830 359
1809840 358
1809850 357
1809860 356
1809870 355
1809880 354
1809890 352
1809900 351
1809910 349
1809920 348
1809930 346
1809940 345
1809950 343
1809960 342
1809970 340
1809980 338
1809990 336
1810000 335
1810010 333
1810020 332
1810030 332
1810040 331
1810050 331
1810060 331
1810070 330
1810080 330
1810090 330
1810100 330
1810110 329
1810120 329
1810130 330
1810140 330
1810150 330
1810160 330
1810170 330
1810180 330
1810190 330
1810200 330
1810210 331
1810220 331
1810230 331
1810240 331
1810250 332
1810260 332
1810270 333
1810280 333
1810290 334
1810300 334
1810310 335
1810320 337
1810330 337
1810340 337
1810350 337
1810360 338
1810370 338
1810380 339
1810390 339
1810400 339
1810410 339
1810420 340
1810430 340
1810440 340
1810450 340
1810460 341
1810470 341
1810480 342
1810490 342
1810500 343
1810510 343
1810520 344
1810530 344
1810540 344
1810550 344
1810560 344
1810570 344
1810580 344
1810590 344
1810600 344
1810610 345
1810620 345
1810630 346
1810640 347
1810650 347
1810660 348
1810670 348
1810680 349
1810690 350
1810700 350
1810710 351
1810720 351
1810730 351
1810740 351
1810750 351
1810760 351
1810770 351
1810780 351
1810790 350
1810800 350
1810810 350
1810820 351
1810830 351
1810840 351
1810850 351
1810860 351
1810870 352
1810880 352
1810890 352
1810900 353
1810910 353
1810920 354
1810930 354
1810940 355
1810950 356
1810960 356
1810970 356
1810980 356
1810990 356
1811000 356
1811010 357
1811020 357
1811030 357
1811040 357
1811050 357
1811060 357
1811070 358
1811080 358
1811090 359
1811100 359
1811110 359
1811120 360
1811130 360
1811140 361
1811150 361
1811160 362
1811170 363
1811180 363
1811190 364
1811200 364
1811210 364
1811220 365
1811230 365
1811240 366
1811250 367
1811260 368
1811270 368
1811280 369
1811290 370
1811300 371
1811310 371
1811320 372
1811330 373
1811340 375
1811350 376
1811360 377
1811370 378
1811380 380
1811390 381
1811400 383
1811410 385
1811420 386
1811430 386
1811440 386
1811450 384
1811460 383
1811470 381
1811480 379
1811490 378
1811500 376
1811510 376
1811520 375
1811530 375
1811540 376
1811550 376
1811560 377
1811570 378
1811580 379
1811590 381
1811600 382
1811610 384
1811620 386
1811630 387
1811640 388
1811650 390
1811660 391
1811670 393
1811680 394
1811690 396
1811700 398
1811710 400
1811720 403
1811730 405
1811740 406
1811750 407
1811760 407
1811770 407
1811780 407
1811790 408
1811800 408
1811810 408
1811820 409
1811830 411
1811840 413
1811850 415
1811860 417
1811870 420
1811880 422
1811890 425
1811900 427
1811910 429
1811920 430
1811930 432
1811940 433
1811950 434
1811960 435
1811970 436
1811980 437
1811990 438
1812000 438
1812010 439
1812020 440
1812030 440
1812040 440
1812050 441
1812060 441
1812070 441
1812080 441
1812090 440
1812100 440
1812110 440
1812120 439
1812130 438
1812140 437
1812150 436
1812160 435
1812170 434
1812180 433
1812190 433
1812200 433
1812210 433
1812220 433
1812230 433
1812240 434
1812250 434
1812260 435
1812270 436
1812280 436
1812290 437
1812300 439
1812310 440
1812320 441
1812330 443
1812340 444
1812350 446
1812360 447
1812370 449
1812380 451
1812390 453
1812400 455
1812410 458
1812420 461
1812430 464
1812440 467
1812450 470
1812460 474
1812470 477
1812480 480
1812490 483
1812500 486
1812510 488
1812520 489
1812530 491
1812540 492
1812550 494
1812560 495
1812570 497
1812580 498
1812590 500
1812600 501
1812610 502
1812620 503
1812630 505
1812640 506
1812650 507
1812660 509
1812670 511
1812680 513
1812690 515
1812700 517
1812710 519
1812720 521
1812730 523
1812740 524
1812750 526
1812760 527
1812770 529
1812780 530
1812790 531
1812800 533
1812810 535
1812820 537
1812830 538
1812840 540
1812850 541
1812860 543
1812870 545
1812880 547
1812890 548
1812900 549
1812910 550
1812920 552
1812930 553
1812940 554
1812950 555
1812960 556
1812970 557
1812980 558
1812990 559
1813000 560
1813010 560
1813020 560
1813030 560
1813040 560
1813050 561
1813060 562
1813070 563
1813080 565
1813090 567
1813100 568
1813110 570
1813120 572
1813130 574
1813140 575
1813150 577
1813160 579
1813170 581
1813180 583
1813190 584
1813200 586
1813210 588
1813220 591
1813230 593
1813240 595
1813250 597
1813260 599
1813270 600
1813280 602
1813290 603
1813300 605
1813310 606
1813320 608
1813330 609
1813340 611
1813350 613
1813360 615
1813370 617
1813380 620
1813390 623
1813400 627
1813410 630
1813420 631
1813430 632
1813440 631
1813450 631
1813460 630
1813470 629
1813480 628
1813490 627
1813500 626
1813510 625
1813520 623
1813530 622
1813540 620
1813550 618
1813560 616
1813570 614
1813580 612
1813590 610
1813600 609
1813610 608
1813620 607
1813630 606
1813640 604
1813650 603
1813660 602
1813670 600
1813680 599
1813690 598
1813700 597
1813710 596
1813720 595
1813730 594
1813740 593
1813750 591
1813760 590
1813770 589
1813780 588
1813790 587
1813800 587
1813810 588
1813820 588
1813830 588
1813840 588
1813850 588
1813860 588
1813870 587
1813880 587
1813890 587
1813900 586
1813910 586
1813920 586
1813930 585
1813940 584
1813950 583
1813960 582
1813970 581
1813980 580
1813990 579
1814000 577
1814010 576
1814020 574
1814030 573
1814040 572
1814050 570
1814060 569
1814070 568
1814080 567
1814090 566
1814100 565
1814110 564
1814120 563
1814130 561
1814140 560
1814150 559
1814160 559
1814170 558
1814180 557
1814190 556
1814200 554
1814210 554
1814220 553
1814230 552
1814240 552
1814250 551
1814260 552
1814270 553
1814280 553
1814290 554
1814300 554
1814310 553
1814320 552
1814330 552
1814340 551
1814350 550
1814360 549
1814370 547
1814380 546
1814390 545
1814400 544
1814410 543
1814420 542
1814430 540
1814440 539
1814450 537
1814460 537
1814470 536
1814480 536
1814490 535
1814500 534
1814510 535
1814520 534
1814530 535
1814540 536
1814550 536
1814560 536
1814570 534
1814580 532
1814590 530
1814600 529
1814610 528
1814620 528
1814630 529
1814640 531
1814650 533
1814660 534
1814670 535
1814680 537
1814690 539
1814700 541
1814710 543
1814720 545
1814730 547
1814740 548
1814750 550
1814760 551
1814770 553
1814780 554
1814790 555
1814800 556
1814810 558
1814820 559
1814830 560
1814840 561
1814850 562
1814860 563
1814870 564
1814880 565
1814890 566
1814900 567
1814910 568
1814920 569
1814930 570
1814940 570
1814950 570
1814960 570
1814970 570
1814980 570
1814990 570
1815000 570
1815010 570
1815020 569
1815030 568
1815040 568
1815050 567
1815060 567
1815070 566
1815080 566
1815090 566
1815100 566
1815110 566
1815120 567
1815130 568
1815140 568
1815150 568
1815160 569
1815170 569
1815180 569
1815190 570
1815200 570
1815210 570
1815220 571
1815230 571
1815240 571
1815250 571
1815260 571
1815270 572
1815280 572
1815290 573
1815300 574
1815310 576
1815320 578
1815330 580
1815340 581
1815350 582
1815360 583
1815370 584
1815380 585
1815390 586
1815400 586
1815410 585
1815420 585
1815430 584
1815440 584
1815450 584
1815460 584
1815470 584
1815480 584
1815490 584
1815500 584
1815510 585
1815520 584
1815530 584
1815540 584
1815550 583
1815560 583
1815570 583
1815580 582
1815590 582
1815600 582
1815610 582
1815620 582
1815630 582
1815640 582
1815650 583
1815660 583
1815670 583
1815680 583
1815690 582
1815700 582
1815710 581
1815720 581
1815730 581
1815740 581
1815750 582
1815760 582
1815770 582
1815780 582
1815790 582
1815800 582
1815810 582
1815820 582
1815830 582
1815840 582
1815850 581
1815860 580
1815870 579
1815880 578
1815890 576
1815900 573
1815910 571
1815920 570
1815930 568
1815940 568
1815950 567
1815960 567
1815970 566
1815980 566
1815990 565
1816000 565
1816010 564
1816020 563
1816030 562
1816040 560
1816050 559
1816060 557
1816070 555
1816080 553
1816090 551
1816100 548
1816110 547
1816120 546
1816130 545
1816140 544
1816150 543
1816160 542
1816170 542
1816180 541
1816190 541
1816200 542
1816210 542
1816220 542
1816230 542
1816240 543
1816250 543
1816260 544
1816270 545
1816280 546
1816290 548
1816300 549
1816310 551
1816320 552
1816330 552
1816340 552
1816350 552
1816360 552
1816370 552
1816380 552
1816390 552
1816400 552
1816410 552
1816420 553
1816430 553
1816440 554
1816450 555
1816460 556
1816470 557
1816480 557
1816490 558
1816500 558
1816510 557
1816520 556
1816530 556
1816540 555
1816550 554
1816560 553
1816570 553
1816580 552
1816590 551
1816600 551
1816610 550
1816620 549
1816630 549
1816640 548
1816650 548
1816660 547
1816670 547
1816680 547
1816690 547
1816700 546
1816710 546
1816720 545
1816730 544
1816740 544
1816750 543
1816760 542
1816770 541
1816780 540
1816790 540
1816800 539
1816810 538
1816820 538
1816830 537
1816840 536
1816850 535
1816860 535
1816870 534
1816880 534
1816890 534
1816900 534
1816910 534
1816920 533
1816930 532
1816940 531
1816950 529
1816960 526
1816970 524
1816980 522
1816990 520
1817000 518
1817010 516
1817020 515
1817030 513
1817040 512
1817050 510
1817060 509
1817070 509
1817080 508
1817090 507
1817100 506
1817110 504
1817120 503
1817130 501
1817140 500
1817150 498
1817160 497
1817170 495
1817180 493
1817190 491
1817200 490
1817210 488
1817220 487
1817230 486
1817240 485
1817250 484
1817260 482
1817270 481
1817280 480
1817290 480
1817300 479
1817310 478
1817320 477
1817330 475
1817340 473
1817350 471
1817360 469
1817370 468
1817380 467
1817390 466
1817400 465
1817410 465
1817420 463
1817430 462
1817440 461
1817450 459
1817460 458
1817470 457
1817480 455
1817490 454
1817500 454
1817510 453
1817520 453
1817530 453
1817540 453
1817550 453
1817560 453
1817570 453
1817580 452
1817590 450
1817600 448
1817610 447
1817620 445
1817630 444
1817640 442
1817650 441
1817660 439
1817670 438
1817680 437
1817690 436
1817700 435
1817710 434
1817720 433
1817730 431
1817740 430
1817750 428
1817760 426
1817770 425
1817780 423
1817790 421
1817800 419
1817810 417
1817820 415
1817830 417
1817840 420
1817850 422
1817860 424
1817870 426
1817880 427
1817890 428
1817900 429
1817910 430
1817920 431
1817930 430
1817940 428
1817950 425
1817960 422
1817970 418
1817980 415
1817990 412
1818000 408
1818010 405
1818020 402
1818030 399
1818040 396
1818050 392
1818060 389
1818070 387
1818080 384
1818090 381
1818100 377
1818110 373
1818120 369
1818130 365
1818140 362
1818150 359
1818160 356
1818170 354
1818180 352
1818190 350
1818200 349
1818210 348
1818220 347
1818230 346
1818240 345
1818250 344
1818260 343
1818270 343
1818280 343
1818290 343
1818300 343
1818310 343
1818320 343
1818330 343
1818340 345
1818350 346
1818360 346
1818370 346
1818380 345
1818390 345
1818400 344
1818410 344
1818420 344
1818430 343
1818440 343
1818450 343
1818460 343
1818470 342
1818480 342
1818490 341
1818500 341
1818510 341
1818520 340
1818530 340
1818540 340
1818550 339
1818560 339
1818570 339
1818580 338
1818590 339
1818600 339
1818610 339
1818620 339
1818630 338
1818640 338
1818650 337
1818660 336
1818670 336
1818680 335
1818690 333
1818700 332
1818710 330
1818720 329
1818730 328
1818740 328
1818750 327
1818760 326
1818770 325
1818780 324
1818790 324
1818800 323
1818810 322
1818820 322
1818830 321
1818840 320
1818850 320
1818860 319
1818870 319
1818880 318
1818890 318
1818900 318
1818910 317
1818920 317
1818930 317
1818940 316
1818950 316
1818960 315
1818970 315
1818980 315
1818990 315
1819000 315
1819010 314
1819020 314
1819030 314
1819040 314
1819050 313
1819060 313
1819070 313
1819080 313
1819090 313
1819100 312
1819110 312
1819120 312
1819130 312
1819140 311
1819150 311
1819160 310
1819170 310
1819180 310
1819190 310
1819200 309
1819210 309
1819220 309
1819230 309
1819240 309
1819250 308
1819260 308
1819270 308
1819280 308
1819290 307
1819300 307
1819310 307
1819320 307
1819330 307
1819340 307
1819350 307
1819360 306
1819370 306
1819380 306
1819390 306
1819400 306
1819410 306
1819420 306
1819430 306
1819440 306
1819450 305
1819460 305
1819470 305
1819480 305
1819490 304
1819500 304
1819510 304
1819520 304
1819530 303
1819540 303
1819550 303
1819560 303
1819570 303
1819580 302
1819590 302
1819600 302
1819610 302
1819620 302
1819630 301
1819640 301
1819650 301
1819660 301
1819670 301
1819680 301
1819690 300
1819700 300
1819710 300
1819720 299
1819730 299
1819740 299
1819750 299
1819760 299
1819770 298
1819780 298
1819790 298
1819800 298
1819810 298
1819820 298
1819830 298
1819840 298
1819850 298
1819860 297
1819870 298
1819880 297
1819890 297
1819900 297
1819910 297
1819920 296
1819930 296
1819940 296
1819950 295
1819960 295
1819970 295
1819980 295
1819990 295
