1800000 278
1800010 278
1800020 277
1800030 277
1800040 277
1800050 277
1800060 277
1800070 277
1800080 277
1800090 277
1800100 277
1800110 276
1800120 276
1800130 276
1800140 276
1800150 276
1800160 276
1800170 276
1800180 276
1800190 276
1800200 276
1800210 276
1800220 277
1800230 277
1800240 276
1800250 276
1800260 276
1800270 276
1800280 277
1800290 277
1800300 277
1800310 277
1800320 277
1800330 277
1800340 278
1800350 278
1800360 279
1800370 280
1800380 281
1800390 282
1800400 283
1800410 284
1800420 284
1800430 284
1800440 285
1800450 285
1800460 284
1800470 285
1800480 285
1800490 285
1800500 284
1800510 283
1800520 281
1800530 279
1800540 278
1800550 276
1800560 275
1800570 274
1800580 274
1800590 274
1800600 273
1800610 273
1800620 273
1800630 273
1800640 272
1800650 273
1800660 275
1800670 278
1800680 279
1800690 279
1800700 278
1800710 278
1800720 277
1800730 274
1800740 273
1800750 274
1800760 276
1800770 277
1800780 278
1800790 278
1800800 278
1800810 276
1800820 273
1800830 273
1800840 272
1800850 273
1800860 273
1800870 273
1800880 273
1800890 273
1800900 273
1800910 273
1800920 273
1800930 273
1800940 273
1800950 273
1800960 273
1800970 274
1800980 274
1800990 275
1801000 275
1801010 275
1801020 275
1801030 275
1801040 275
1801050 275
1801060 276
1801070 277
1801080 276
1801090 275
1801100 274
1801110 274
1801120 274
1801130 274
1801140 274
1801150 274
1801160 274
1801170 274
1801180 274
1801190 275
1801200 279
1801210 281
1801220 281
1801230 278
1801240 277
1801250 277
1801260 276
1801270 275
1801280 274
1801290 273
1801300 273
1801310 273
1801320 273
1801330 273
1801340 272
1801350 272
1801360 272
1801370 272
1801380 273
1801390 274
1801400 275
1801410 277
1801420 279
1801430 281
1801440 281
1801450 281
1801460 281
1801470 280
1801480 279
1801490 278
1801500 277
1801510 276
1801520 275
1801530 274
1801540 274
1801550 273
1801560 272
1801570 272
1801580 271
1801590 271
1801600 271
1801610 271
1801620 271
1801630 271
1801640 271
1801650 272
1801660 272
1801670 272
1801680 272
1801690 272
1801700 271
1801710 271
1801720 270
1801730 270
1801740 269
1801750 268
1801760 267
1801770 267
1801780 267
1801790 266
1801800 266
1801810 266
1801820 266
1801830 266
1801840 266
1801850 266
1801860 267
1801870 267
1801880 268
1801890 269
1801900 270
1801910 271
1801920 271
1801930 271
1801940 272
1801950 272
1801960 272
1801970 272
1801980 272
1801990 272
1802000 271
1802010 271
1802020 271
1802030 271
1802040 271
1802050 271
1802060 271
1802070 271
1802080 271
1802090 271
1802100 271
1802110 271
1802120 271
1802130 271
1802140 271
1802150 271
1802160 271
1802170 271
1802180 271
1802190 271
1802200 271
1802210 271
1802220 271
1802230 271
1802240 271
1802250 271
1802260 271
1802270 271
1802280 271
1802290 271
1802300 271
1802310 271
1802320 271
1802330 271
1802340 271
1802350 271
1802360 271
1802370 271
1802380 271
1802390 271
1802400 271
1802410 271
1802420 271
1802430 272
1802440 273
1802450 275
1802460 276
1802470 277
1802480 277
1802490 277
1802500 277
1802510 279
1802520 280
1802530 280
1802540 280
1802550 280
1802560 280
1802570 280
1802580 278
1802590 277
1802600 277
1802610 275
1802620 272
1802630 271
1802640 270
1802650 270
1802660 270
1802670 270
1802680 270
1802690 270
1802700 270
1802710 270
1802720 270
1802730 270
1802740 270
1802750 270
1802760 270
1802770 270
1802780 270
1802790 270
1802800 270
1802810 270
1802820 270
1802830 270
1802840 270
1802850 270
1802860 270
1802870 270
1802880 270
1802890 270
1802900 272
1802910 273
1802920 274
1802930 275
1802940 276
1802950 276
1802960 277
1802970 278
1802980 280
1802990 281
1803000 281
1803010 280
1803020 279
1803030 277
1803040 276
1803050 275
1803060 275
1803070 274
1803080 274
1803090 272
1803100 271
1803110 270
1803120 269
1803130 269
1803140 269
1803150 269
1803160 270
1803170 272
1803180 273
1803190 274
1803200 274
1803210 274
1803220 274
1803230 274
1803240 274
1803250 274
1803260 274
1803270 274
1803280 274
1803290 273
1803300 273
1803310 273
1803320 273
1803330 273
1803340 273
1803350 272
1803360 273
1803370 273
1803380 274
1803390 273
1803400 271
1803410 269
1803420 269
1803430 269
1803440 269
1803450 269
1803460 268
1803470 266
1803480 264
1803490 264
1803500 264
1803510 264
1803520 264
1803530 264
1803540 264
1803550 264
1803560 264
1803570 264
1803580 264
1803590 264
1803600 264
1803610 264
1803620 264
1803630 264
1803640 264
1803650 264
1803660 264
1803670 264
1803680 265
1803690 266
1803700 269
1803710 271
1803720 272
1803730 272
1803740 272
1803750 272
1803760 272
1803770 272
1803780 272
1803790 272
1803800 272
1803810 272
1803820 272
1803830 272
1803840 272
1803850 272
1803860 272
1803870 272
1803880 272
1803890 272
1803900 272
1803910 272
1803920 272
1803930 271
1803940 271
1803950 271
1803960 271
1803970 271
1803980 271
1803990 271
1804000 271
1804010 271
1804020 271
1804030 271
1804040 270
1804050 269
1804060 267
1804070 267
1804080 267
1804090 267
1804100 267
1804110 266
1804120 266
1804130 266
1804140 266
1804150 266
1804160 266
1804170 266
1804180 266
1804190 267
1804200 267
1804210 268
1804220 269
1804230 270
1804240 271
1804250 271
1804260 271
1804270 271
1804280 271
1804290 270
1804300 270
1804310 270
1804320 270
1804330 270
1804340 270
1804350 270
1804360 270
1804370 270
1804380 270
1804390 270
1804400 270
1804410 270
1804420 270
1804430 270
1804440 270
1804450 270
1804460 269
1804470 269
1804480 269
1804490 269
1804500 269
1804510 269
1804520 269
1804530 269
1804540 269
1804550 269
1804560 269
1804570 269
1804580 269
1804590 269
1804600 269
1804610 269
1804620 268
1804630 266
1804640 264
1804650 263
1804660 263
1804670 263
1804680 263
1804690 263
1804700 263
1804710 263
1804720 263
1804730 263
1804740 263
1804750 263
1804760 263
1804770 263
1804780 263
1804790 263
1804800 263
1804810 263
1804820 263
1804830 263
1804840 263
1804850 263
1804860 263
1804870 263
1804880 263
1804890 264
1804900 265
1804910 267
1804920 267
1804930 268
1804940 268
1804950 268
1804960 268
1804970 268
1804980 268
1804990 268
1805000 268
1805010 268
1805020 268
1805030 268
1805040 268
1805050 268
1805060 268
1805070 268
1805080 268
1805090 268
1805100 268
1805110 268
1805120 268
1805130 268
1805140 268
1805150 267
1805160 267
1805170 267
1805180 268
1805190 268
1805200 268
1805210 268
1805220 268
1805230 268
1805240 268
1805250 268
1805260 268
1805270 268
1805280 268
1805290 268
1805300 268
1805310 268
1805320 268
1805330 268
1805340 267
1805350 267
1805360 267
1805370 267
1805380 267
1805390 267
1805400 267
1805410 267
1805420 268
1805430 268
1805440 268
1805450 268
1805460 268
1805470 268
1805480 268
1805490 267
1805500 267
1805510 267
1805520 267
1805530 267
1805540 267
1805550 267
1805560 268
1805570 268
1805580 267
1805590 267
1805600 267
1805610 267
1805620 267
1805630 267
1805640 267
1805650 267
1805660 267
1805670 267
1805680 267
1805690 267
1805700 267
1805710 267
1805720 267
1805730 267
1805740 267
1805750 267
1805760 267
1805770 267
1805780 267
1805790 267
1805800 267
1805810 267
1805820 266
1805830 266
1805840 266
1805850 266
1805860 266
1805870 266
1805880 266
1805890 266
1805900 266
1805910 266
1805920 266
1805930 266
1805940 266
1805950 266
1805960 266
1805970 266
1805980 266
1805990 266
1806000 266
1806010 266
1806020 266
1806030 266
1806040 266
1806050 266
1806060 266
1806070 266
1806080 266
1806090 266
1806100 266
1806110 266
1806120 266
1806130 266
1806140 266
1806150 266
1806160 266
1806170 266
1806180 266
1806190 265
1806200 265
1806210 265
1806220 265
1806230 265
1806240 265
1806250 265
1806260 265
1806270 265
1806280 265
1806290 265
1806300 265
1806310 265
1806320 265
1806330 265
1806340 265
1806350 265
1806360 265
1806370 265
1806380 265
1806390 265
1806400 265
1806410 264
1806420 264
1806430 265
1806440 265
1806450 265
1806460 265
1806470 264
1806480 264
1806490 264
1806500 264
1806510 264
1806520 264
1806530 264
1806540 264
1806550 264
1806560 264
1806570 264
1806580 264
1806590 263
1806600 263
1806610 263
1806620 264
1806630 264
1806640 264
1806650 264
1806660 264
1806670 264
1806680 264
1806690 264
1806700 264
1806710 264
1806720 264
1806730 264
1806740 264
1806750 264
1806760 265
1806770 265
1806780 265
1806790 265
1806800 265
1806810 265
1806820 264
1806830 264
1806840 264
1806850 264
1806860 264
1806870 264
1806880 264
1806890 264
1806900 264
1806910 264
1806920 264
1806930 264
1806940 264
1806950 264
1806960 264
1806970 264
1806980 264
1806990 264
1807000 264
1807010 264
1807020 264
1807030 264
1807040 264
1807050 264
1807060 264
1807070 264
1807080 264
1807090 264
1807100 264
1807110 264
1807120 265
1807130 265
1807140 264
1807150 264
1807160 264
1807170 264
1807180 264
1807190 264
1807200 264
1807210 264
1807220 264
1807230 264
1807240 264
1807250 265
1807260 267
1807270 268
1807280 268
1807290 266
1807300 264
1807310 263
1807320 263
1807330 263
1807340 263
1807350 263
1807360 263
1807370 263
1807380 263
1807390 263
1807400 263
1807410 263
1807420 263
1807430 263
1807440 263
1807450 263
1807460 263
1807470 263
1807480 263
1807490 263
1807500 263
1807510 263
1807520 263
1807530 263
1807540 263
1807550 263
1807560 263
1807570 263
1807580 263
1807590 263
1807600 264
1807610 264
1807620 264
1807630 264
1807640 264
1807650 264
1807660 264
1807670 264
1807680 264
1807690 264
1807700 263
1807710 263
1807720 263
1807730 264
1807740 264
1807750 264
1807760 264
1807770 264
1807780 264
1807790 264
1807800 264
1807810 264
1807820 264
1807830 264
1807840 264
1807850 264
1807860 264
1807870 264
1807880 264
1807890 264
1807900 264
1807910 264
1807920 264
1807930 265
1807940 265
1807950 265
1807960 265
1807970 265
1807980 265
1807990 265
1808000 265
1808010 265
1808020 265
1808030 265
1808040 265
1808050 265
1808060 265
1808070 266
1808080 266
1808090 266
1808100 266
1808110 266
1808120 266
1808130 266
1808140 266
1808150 266
1808160 265
1808170 265
1808180 264
1808190 264
1808200 264
1808210 264
1808220 264
1808230 264
1808240 264
1808250 264
1808260 264
1808270 264
1808280 264
1808290 264
1808300 264
1808310 264
1808320 264
1808330 264
1808340 264
1808350 264
1808360 264
1808370 264
1808380 264
1808390 264
1808400 263
1808410 263
1808420 263
1808430 263
1808440 263
1808450 263
1808460 263
1808470 263
1808480 263
1808490 263
1808500 263
1808510 263
1808520 263
1808530 263
1808540 263
1808550 263
1808560 263
1808570 263
1808580 263
1808590 263
1808600 262
1808610 262
1808620 262
1808630 262
1808640 262
1808650 262
1808660 262
1808670 262
1808680 262
1808690 262
1808700 262
1808710 262
1808720 262
1808730 262
1808740 262
1808750 262
1808760 262
1808770 262
1808780 262
1808790 262
1808800 262
1808810 262
1808820 262
1808830 262
1808840 262
1808850 262
1808860 262
1808870 262
1808880 261
1808890 261
1808900 261
1808910 262
1808920 261
1808930 261
1808940 261
1808950 261
1808960 261
1808970 262
1808980 262
1808990 262
1809000 262
1809010 261
1809020 261
1809030 261
1809040 261
1809050 261
1809060 261
1809070 261
1809080 262
1809090 262
1809100 261
1809110 261
1809120 261
1809130 262
1809140 262
1809150 262
1809160 262
1809170 262
1809180 262
1809190 262
1809200 261
1809210 261
1809220 261
1809230 261
1809240 261
1809250 261
1809260 261
1809270 261
1809280 261
1809290 261
1809300 261
1809310 261
1809320 261
1809330 261
1809340 260
1809350 260
1809360 260
1809370 260
1809380 260
1809390 260
1809400 261
1809410 261
1809420 261
1809430 261
1809440 262
1809450 263
1809460 263
1809470 264
1809480 263
1809490 262
1809500 262
1809510 261
1809520 261
1809530 261
1809540 261
1809550 261
1809560 261
1809570 261
1809580 261
1809590 261
1809600 261
1809610 261
1809620 261
1809630 261
1809640 261
1809650 261
1809660 261
1809670 261
1809680 261
1809690 261
1809700 261
1809710 261
1809720 261
1809730 261
1809740 261
1809750 261
1809760 261
1809770 261
1809780 261
1809790 261
1809800 261
1809810 261
1809820 260
1809830 259
1809840 259
1809850 261
1809860 261
1809870 261
1809880 261
1809890 261
1809900 262
1809910 262
1809920 262
1809930 262
1809940 262
1809950 262
1809960 262
1809970 262
1809980 262
1809990 262
1810000 262
1810010 262
1810020 262
1810030 262
1810040 262
1810050 262
1810060 261
1810070 261
1810080 261
1810090 261
1810100 261
1810110 261
1810120 261
1810130 261
1810140 261
1810150 261
1810160 261
1810170 261
1810180 261
1810190 261
1810200 261
1810210 261
1810220 261
1810230 261
1810240 261
1810250 261
1810260 261
1810270 262
1810280 261
1810290 261
1810300 262
1810310 262
1810320 262
1810330 262
1810340 262
1810350 262
1810360 262
1810370 262
1810380 261
1810390 261
1810400 261
1810410 261
1810420 261
1810430 261
1810440 261
1810450 261
1810460 261
1810470 261
1810480 261
1810490 261
1810500 261
1810510 262
1810520 262
1810530 261
1810540 261
1810550 261
1810560 261
1810570 261
1810580 261
1810590 261
1810600 261
1810610 261
1810620 261
1810630 262
1810640 262
1810650 261
1810660 261
1810670 261
1810680 261
1810690 262
1810700 262
1810710 262
1810720 262
1810730 262
1810740 262
1810750 262
1810760 262
1810770 262
1810780 262
1810790 262
1810800 262
1810810 262
1810820 262
1810830 262
1810840 262
1810850 262
1810860 262
1810870 262
1810880 262
1810890 262
1810900 262
1810910 262
1810920 262
1810930 262
1810940 262
1810950 262
1810960 262
1810970 262
1810980 262
1810990 262
1811000 262
1811010 262
1811020 262
1811030 262
1811040 262
1811050 262
1811060 262
1811070 262
1811080 262
1811090 262
1811100 262
1811110 262
1811120 262
1811130 262
1811140 262
1811150 262
1811160 262
1811170 262
1811180 262
1811190 262
1811200 262
1811210 262
1811220 262
1811230 262
1811240 262
1811250 262
1811260 262
1811270 262
1811280 262
1811290 262
1811300 262
1811310 262
1811320 262
1811330 262
1811340 262
1811350 262
1811360 262
1811370 262
1811380 262
1811390 262
1811400 262
1811410 262
1811420 262
1811430 262
1811440 262
1811450 262
1811460 262
1811470 262
1811480 263
1811490 263
1811500 262
1811510 262
1811520 262
1811530 263
1811540 262
1811550 262
1811560 262
1811570 262
1811580 262
1811590 262
1811600 262
1811610 262
1811620 262
1811630 262
1811640 262
1811650 262
1811660 262
1811670 262
1811680 262
1811690 262
1811700 262
1811710 262
1811720 262
1811730 262
1811740 262
1811750 262
1811760 262
1811770 262
1811780 262
1811790 262
1811800 262
1811810 262
1811820 262
1811830 262
1811840 262
1811850 262
1811860 262
1811870 262
1811880 262
1811890 262
1811900 262
1811910 262
1811920 262
1811930 262
1811940 262
1811950 262
1811960 262
1811970 262
1811980 262
1811990 262
1812000 262
1812010 262
1812020 262
1812030 262
1812040 262
1812050 262
1812060 262
1812070 262
1812080 262
1812090 262
1812100 262
1812110 262
1812120 262
1812130 262
1812140 262
1812150 262
1812160 262
1812170 262
1812180 262
1812190 262
1812200 262
1812210 262
1812220 262
1812230 262
1812240 262
1812250 262
1812260 262
1812270 262
1812280 262
1812290 262
1812300 262
1812310 262
1812320 262
1812330 262
1812340 262
1812350 262
1812360 262
1812370 262
1812380 262
1812390 262
1812400 262
1812410 262
1812420 262
1812430 262
1812440 262
1812450 262
1812460 262
1812470 262
1812480 262
1812490 262
1812500 262
1812510 262
1812520 262
1812530 262
1812540 262
1812550 262
1812560 262
1812570 262
1812580 262
1812590 262
1812600 262
1812610 262
1812620 262
1812630 262
1812640 262
1812650 262
1812660 262
1812670 262
1812680 262
1812690 262
1812700 262
1812710 262
1812720 262
1812730 262
1812740 262
1812750 262
1812760 262
1812770 262
1812780 262
1812790 262
1812800 262
1812810 262
1812820 261
1812830 261
1812840 262
1812850 262
1812860 262
1812870 262
1812880 262
1812890 262
1812900 262
1812910 262
1812920 262
1812930 262
1812940 262
1812950 262
1812960 262
1812970 262
1812980 261
1812990 261
1813000 261
1813010 261
1813020 261
1813030 261
1813040 261
1813050 261
1813060 261
1813070 261
1813080 261
1813090 261
1813100 261
1813110 261
1813120 261
1813130 261
1813140 261
1813150 261
1813160 261
1813170 261
1813180 261
1813190 261
1813200 261
1813210 261
1813220 261
1813230 261
1813240 261
1813250 261
1813260 261
1813270 261
1813280 261
1813290 261
1813300 261
1813310 261
1813320 261
1813330 261
1813340 261
1813350 261
1813360 261
1813370 261
1813380 262
1813390 262
1813400 261
1813410 261
1813420 261
1813430 261
1813440 261
1813450 261
1813460 261
1813470 261
1813480 261
1813490 261
1813500 261
1813510 261
1813520 261
1813530 261
1813540 261
1813550 261
1813560 261
1813570 261
1813580 261
1813590 261
1813600 261
1813610 261
1813620 261
1813630 261
1813640 261
1813650 261
1813660 261
1813670 261
1813680 261
1813690 261
1813700 261
1813710 261
1813720 261
1813730 261
1813740 261
1813750 261
1813760 261
1813770 261
1813780 261
1813790 262
1813800 262
1813810 261
1813820 261
1813830 262
1813840 262
1813850 262
1813860 262
1813870 262
1813880 262
1813890 262
1813900 262
1813910 262
1813920 262
1813930 262
1813940 262
1813950 262
1813960 262
1813970 262
1813980 262
1813990 262
1814000 262
1814010 262
1814020 262
1814030 262
1814040 261
1814050 261
1814060 261
1814070 261
1814080 261
1814090 261
1814100 261
1814110 261
1814120 261
1814130 261
1814140 261
1814150 261
1814160 261
1814170 261
1814180 261
1814190 261
1814200 260
1814210 260
1814220 260
1814230 260
1814240 260
1814250 260
1814260 260
1814270 261
1814280 260
1814290 260
1814300 260
1814310 259
1814320 258
1814330 257
1814340 256
1814350 256
1814360 256
1814370 258
1814380 259
1814390 260
1814400 260
1814410 261
1814420 260
1814430 260
1814440 260
1814450 260
1814460 260
1814470 260
1814480 260
1814490 260
1814500 259
1814510 259
1814520 258
1814530 257
1814540 256
1814550 257
1814560 257
1814570 257
1814580 258
1814590 258
1814600 258
1814610 258
1814620 258
1814630 258
1814640 259
1814650 259
1814660 260
1814670 260
1814680 260
1814690 260
1814700 260
1814710 260
1814720 260
1814730 260
1814740 259
1814750 259
1814760 259
1814770 259
1814780 260
1814790 260
1814800 260
1814810 260
1814820 260
1814830 260
1814840 260
1814850 259
1814860 259
1814870 259
1814880 259
1814890 259
1814900 260
1814910 259
1814920 259
1814930 259
1814940 259
1814950 259
1814960 259
1814970 259
1814980 259
1814990 259
1815000 259
1815010 259
1815020 259
1815030 259
1815040 259
1815050 259
1815060 259
1815070 259
1815080 259
1815090 259
1815100 259
1815110 259
1815120 259
1815130 259
1815140 259
1815150 259
1815160 259
1815170 259
1815180 259
1815190 259
1815200 259
1815210 259
1815220 259
1815230 259
1815240 259
1815250 259
1815260 259
1815270 259
1815280 259
1815290 258
1815300 258
1815310 258
1815320 258
1815330 258
1815340 258
1815350 258
1815360 258
1815370 258
1815380 258
1815390 258
1815400 258
1815410 258
1815420 258
1815430 258
1815440 258
1815450 258
1815460 258
1815470 258
1815480 259
1815490 259
1815500 259
1815510 259
1815520 259
1815530 259
1815540 259
1815550 259
1815560 259
1815570 260
1815580 260
1815590 260
1815600 260
1815610 260
1815620 260
1815630 260
1815640 260
1815650 260
1815660 260
1815670 259
1815680 259
1815690 259
1815700 259
1815710 260
1815720 260
1815730 260
1815740 261
1815750 261
1815760 261
1815770 262
1815780 262
1815790 262
1815800 262
1815810 262
1815820 263
1815830 263
1815840 263
1815850 263
1815860 262
1815870 262
1815880 262
1815890 262
1815900 262
1815910 262
1815920 262
1815930 262
1815940 262
1815950 262
1815960 261
1815970 261
1815980 261
1815990 261
1816000 261
1816010 261
1816020 261
1816030 260
1816040 260
1816050 260
1816060 260
1816070 260
1816080 260
1816090 260
1816100 259
1816110 259
1816120 259
1816130 259
1816140 259
1816150 259
1816160 259
1816170 259
1816180 259
1816190 259
1816200 259
1816210 258
1816220 258
1816230 258
1816240 258
1816250 258
1816260 258
1816270 258
1816280 258
1816290 258
1816300 258
1816310 259
1816320 259
1816330 259
1816340 259
1816350 259
1816360 259
1816370 259
1816380 259
1816390 259
1816400 259
1816410 260
1816420 260
1816430 260
1816440 259
1816450 259
1816460 259
1816470 259
1816480 259
1816490 259
1816500 259
1816510 259
1816520 258
1816530 258
1816540 258
1816550 258
1816560 257
1816570 257
1816580 257
1816590 257
1816600 256
1816610 256
1816620 256
1816630 256
1816640 256
1816650 256
1816660 256
1816670 256
1816680 256
1816690 256
1816700 256
1816710 256
1816720 256
1816730 256
1816740 256
1816750 256
1816760 256
1816770 256
1816780 256
1816790 256
1816800 256
1816810 256
1816820 256
1816830 256
1816840 256
1816850 256
1816860 256
1816870 256
1816880 256
1816890 256
1816900 256
1816910 256
1816920 256
1816930 255
1816940 255
1816950 255
1816960 255
1816970 256
1816980 256
1816990 256
1817000 256
1817010 256
1817020 256
1817030 256
1817040 256
1817050 256
1817060 256
1817070 256
1817080 256
1817090 256
1817100 256
1817110 256
1817120 256
1817130 256
1817140 256
1817150 256
1817160 255
1817170 255
1817180 255
1817190 255
1817200 255
1817210 255
1817220 255
1817230 255
1817240 255
1817250 255
1817260 255
1817270 255
1817280 255
1817290 255
1817300 255
1817310 255
1817320 255
1817330 255
1817340 255
1817350 255
1817360 256
1817370 256
1817380 256
1817390 256
1817400 256
1817410 256
1817420 256
1817430 256
1817440 256
1817450 256
1817460 256
1817470 256
1817480 256
1817490 256
1817500 256
1817510 256
1817520 257
1817530 257
1817540 257
1817550 257
1817560 257
1817570 257
1817580 257
1817590 257
1817600 257
1817610 257
1817620 257
1817630 257
1817640 257
1817650 257
1817660 257
1817670 257
1817680 257
1817690 257
1817700 257
1817710 257
1817720 257
1817730 257
1817740 257
1817750 257
1817760 257
1817770 257
1817780 257
1817790 257
1817800 257
1817810 257
1817820 257
1817830 257
1817840 257
1817850 257
1817860 257
1817870 258
1817880 258
1817890 258
1817900 258
1817910 258
1817920 258
1817930 259
1817940 259
1817950 259
1817960 259
1817970 259
1817980 259
1817990 259
1818000 260
1818010 260
1818020 260
1818030 260
1818040 260
1818050 260
1818060 261
1818070 261
1818080 261
1818090 262
1818100 262
1818110 263
1818120 263
1818130 264
1818140 264
1818150 264
1818160 264
1818170 264
1818180 264
1818190 264
1818200 264
1818210 264
1818220 264
1818230 265
1818240 265
1818250 265
1818260 265
1818270 264
1818280 264
1818290 264
1818300 264
1818310 264
1818320 264
1818330 263
1818340 263
1818350 263
1818360 263
1818370 263
1818380 263
1818390 263
1818400 263
1818410 263
1818420 263
1818430 263
1818440 262
1818450 262
1818460 262
1818470 262
1818480 262
1818490 262
1818500 262
1818510 263
1818520 263
1818530 263
1818540 263
1818550 263
1818560 264
1818570 264
1818580 264
1818590 264
1818600 265
1818610 265
1818620 265
1818630 265
1818640 266
1818650 266
1818660 266
1818670 266
1818680 267
1818690 267
1818700 267
1818710 267
1818720 267
1818730 267
1818740 267
1818750 267
1818760 267
1818770 267
1818780 267
1818790 268
1818800 268
1818810 268
1818820 268
1818830 268
1818840 268
1818850 268
1818860 268
1818870 268
1818880 268
1818890 268
1818900 268
1818910 268
1818920 268
1818930 268
1818940 268
1818950 268
1818960 268
1818970 268
1818980 268
1818990 268
1819000 268
1819010 268
1819020 268
1819030 268
1819040 268
1819050 268
1819060 269
1819070 269
1819080 269
1819090 269
1819100 269
1819110 268
1819120 268
1819130 269
1819140 269
1819150 269
1819160 269
1819170 269
1819180 269
1819190 269
1819200 269
1819210 269
1819220 269
1819230 269
1819240 269
1819250 269
1819260 269
1819270 269
1819280 269
1819290 269
1819300 269
1819310 269
1819320 269
1819330 269
1819340 269
1819350 269
1819360 269
1819370 269
1819380 269
1819390 269
1819400 269
1819410 269
1819420 269
1819430 269
1819440 269
1819450 269
1819460 269
1819470 269
1819480 269
1819490 269
1819500 269
1819510 269
1819520 269
1819530 269
1819540 269
1819550 269
1819560 269
1819570 269
1819580 269
1819590 269
1819600 269
1819610 269
1819620 269
1819630 269
1819640 269
1819650 269
1819660 269
1819670 269
1819680 269
1819690 269
1819700 269
1819710 269
1819720 269
1819730 269
1819740 269
1819750 269
1819760 269
1819770 269
1819780 269
1819790 269
1819800 269
1819810 269
1819820 269
1819830 269
1819840 269
1819850 269
1819860 269
1819870 269
1819880 269
1819890 269
1819900 269
1819910 269
1819920 268
1819930 268
1819940 268
1819950 268
1819960 268
1819970 268
1819980 267
1819990 267
