1800000 332
1800010 331
1800020 331
1800030 331
1800040 330
1800050 330
1800060 330
1800070 330
1800080 329
1800090 329
1800100 329
1800110 329
1800120 328
1800130 328
1800140 328
1800150 328
1800160 328
1800170 328
1800180 328
1800190 328
1800200 327
1800210 327
1800220 327
1800230 327
1800240 327
1800250 327
1800260 327
1800270 327
1800280 327
1800290 327
1800300 327
1800310 328
1800320 328
1800330 329
1800340 330
1800350 331
1800360 331
1800370 332
1800380 332
1800390 332
1800400 333
1800410 333
1800420 334
1800430 334
1800440 334
1800450 335
1800460 335
1800470 335
1800480 333
1800490 331
1800500 328
1800510 327
1800520 327
1800530 327
1800540 327
1800550 328
1800560 331
1800570 333
1800580 335
1800590 337
1800600 338
1800610 338
1800620 338
1800630 338
1800640 338
1800650 338
1800660 338
1800670 338
1800680 338
1800690 338
1800700 337
1800710 337
1800720 336
1800730 335
1800740 334
1800750 334
1800760 333
1800770 332
1800780 332
1800790 331
1800800 331
1800810 330
1800820 330
1800830 329
1800840 328
1800850 326
1800860 325
1800870 325
1800880 324
1800890 324
1800900 324
1800910 323
1800920 323
1800930 323
1800940 323
1800950 323
1800960 323
1800970 323
1800980 323
1800990 323
1801000 322
1801010 322
1801020 322
1801030 322
1801040 322
1801050 322
1801060 322
1801070 322
1801080 322
1801090 322
1801100 322
1801110 322
1801120 322
1801130 322
1801140 321
1801150 321
1801160 320
1801170 319
1801180 319
1801190 318
1801200 318
1801210 318
1801220 317
1801230 317
1801240 317
1801250 316
1801260 316
1801270 316
1801280 316
1801290 316
1801300 316
1801310 316
1801320 316
1801330 316
1801340 316
1801350 317
1801360 317
1801370 317
1801380 317
1801390 317
1801400 317
1801410 317
1801420 317
1801430 317
1801440 317
1801450 318
1801460 319
1801470 319
1801480 320
1801490 320
1801500 320
1801510 320
1801520 320
1801530 320
1801540 320
1801550 321
1801560 321
1801570 321
1801580 321
1801590 322
1801600 321
1801610 321
1801620 321
1801630 321
1801640 321
1801650 321
1801660 321
1801670 321
1801680 321
1801690 321
1801700 321
1801710 321
1801720 321
1801730 321
1801740 321
1801750 321
1801760 321
1801770 321
1801780 321
1801790 321
1801800 320
1801810 320
1801820 320
1801830 320
1801840 320
1801850 320
1801860 320
1801870 320
1801880 320
1801890 320
1801900 320
1801910 320
1801920 320
1801930 320
1801940 319
1801950 319
1801960 319
1801970 319
1801980 319
1801990 319
1802000 319
1802010 319
1802020 319
1802030 318
1802040 318
1802050 318
1802060 318
1802070 318
1802080 318
1802090 317
1802100 317
1802110 317
1802120 317
1802130 317
1802140 316
1802150 316
1802160 316
1802170 316
1802180 315
1802190 315
1802200 315
1802210 315
1802220 314
1802230 314
1802240 314
1802250 314
1802260 314
1802270 313
1802280 313
1802290 313
1802300 313
1802310 312
1802320 312
1802330 312
1802340 312
1802350 312
1802360 312
1802370 311
1802380 311
1802390 311
1802400 311
1802410 310
1802420 310
1802430 310
1802440 309
1802450 308
1802460 308
1802470 308
1802480 308
1802490 308
1802500 308
1802510 308
1802520 308
1802530 308
1802540 307
1802550 307
1802560 306
1802570 305
1802580 305
1802590 304
1802600 304
1802610 303
1802620 303
1802630 303
1802640 302
1802650 302
1802660 302
1802670 301
1802680 301
1802690 301
1802700 300
1802710 300
1802720 300
1802730 300
1802740 299
1802750 299
1802760 299
1802770 299
1802780 299
1802790 298
1802800 298
1802810 298
1802820 298
1802830 297
1802840 297
1802850 297
1802860 297
1802870 297
1802880 297
1802890 297
1802900 296
1802910 296
1802920 296
1802930 296
1802940 296
1802950 296
1802960 296
1802970 296
1802980 295
1802990 295
1803000 295
1803010 294
1803020 294
1803030 294
1803040 293
1803050 293
1803060 293
1803070 293
1803080 293
1803090 293
1803100 293
1803110 293
1803120 293
1803130 293
1803140 293
1803150 293
1803160 293
1803170 293
1803180 293
1803190 293
1803200 293
1803210 293
1803220 293
1803230 293
1803240 293
1803250 293
1803260 293
1803270 293
1803280 293
1803290 293
1803300 293
1803310 293
1803320 293
1803330 292
1803340 292
1803350 292
1803360 291
1803370 291
1803380 291
1803390 291
1803400 291
1803410 291
1803420 291
1803430 290
1803440 290
1803450 290
1803460 290
1803470 290
1803480 291
1803490 291
1803500 290
1803510 290
1803520 290
1803530 290
1803540 290
1803550 290
1803560 290
1803570 290
1803580 290
1803590 290
1803600 290
1803610 290
1803620 290
1803630 290
1803640 290
1803650 290
1803660 290
1803670 290
1803680 290
1803690 290
1803700 290
1803710 290
1803720 290
1803730 290
1803740 291
1803750 291
1803760 291
1803770 292
1803780 292
1803790 292
1803800 293
1803810 294
1803820 295
1803830 296
1803840 296
1803850 296
1803860 296
1803870 296
1803880 295
1803890 295
1803900 295
1803910 295
1803920 295
1803930 294
1803940 294
1803950 294
1803960 294
1803970 294
1803980 294
1803990 293
1804000 293
1804010 293
1804020 293
1804030 293
1804040 293
1804050 293
1804060 293
1804070 293
1804080 292
1804090 292
1804100 292
1804110 293
1804120 293
1804130 293
1804140 293
1804150 293
1804160 293
1804170 293
1804180 292
1804190 292
1804200 292
1804210 292
1804220 292
1804230 292
1804240 292
1804250 292
1804260 292
1804270 292
1804280 292
1804290 292
1804300 292
1804310 292
1804320 292
1804330 293
1804340 293
1804350 293
1804360 293
1804370 293
1804380 293
1804390 294
1804400 294
1804410 294
1804420 293
1804430 293
1804440 292
1804450 291
1804460 289
1804470 287
1804480 287
1804490 286
1804500 286
1804510 286
1804520 286
1804530 286
1804540 286
1804550 286
1804560 286
1804570 286
1804580 285
1804590 285
1804600 285
1804610 285
1804620 285
1804630 285
1804640 285
1804650 284
1804660 284
1804670 284
1804680 284
1804690 284
1804700 284
1804710 284
1804720 284
1804730 284
1804740 284
1804750 284
1804760 285
1804770 285
1804780 285
1804790 285
1804800 285
1804810 285
1804820 285
1804830 285
1804840 285
1804850 285
1804860 285
1804870 286
1804880 286
1804890 286
1804900 286
1804910 286
1804920 285
1804930 285
1804940 285
1804950 285
1804960 285
1804970 285
1804980 284
1804990 284
1805000 284
1805010 284
1805020 284
1805030 284
1805040 284
1805050 284
1805060 284
1805070 284
1805080 284
1805090 284
1805100 284
1805110 284
1805120 284
1805130 284
1805140 283
1805150 283
1805160 283
1805170 282
1805180 282
1805190 282
1805200 281
1805210 281
1805220 281
1805230 281
1805240 280
1805250 280
1805260 280
1805270 280
1805280 279
1805290 279
1805300 279
1805310 279
1805320 279
1805330 279
1805340 279
1805350 278
1805360 278
1805370 277
1805380 277
1805390 277
1805400 277
1805410 277
1805420 276
1805430 276
1805440 276
1805450 276
1805460 276
1805470 275
1805480 275
1805490 275
1805500 275
1805510 275
1805520 275
1805530 275
1805540 275
1805550 275
1805560 275
1805570 275
1805580 275
1805590 274
1805600 274
1805610 274
1805620 274
1805630 274
1805640 274
1805650 274
1805660 274
1805670 274
1805680 274
1805690 273
1805700 273
1805710 273
1805720 273
1805730 273
1805740 273
1805750 273
1805760 273
1805770 273
1805780 273
1805790 273
1805800 273
1805810 273
1805820 272
1805830 272
1805840 272
1805850 272
1805860 272
1805870 272
1805880 272
1805890 272
1805900 272
1805910 272
1805920 272
1805930 272
1805940 272
1805950 272
1805960 272
1805970 272
1805980 272
1805990 272
1806000 272
1806010 272
1806020 271
1806030 271
1806040 271
1806050 271
1806060 271
1806070 271
1806080 271
1806090 271
1806100 271
1806110 271
1806120 271
1806130 271
1806140 271
1806150 271
1806160 271
1806170 271
1806180 271
1806190 271
1806200 271
1806210 271
1806220 271
1806230 271
1806240 271
1806250 271
1806260 271
1806270 271
1806280 271
1806290 271
1806300 271
1806310 270
1806320 270
1806330 270
1806340 271
1806350 271
1806360 271
1806370 271
1806380 270
1806390 270
1806400 270
1806410 270
1806420 270
1806430 270
1806440 270
1806450 270
1806460 270
1806470 270
1806480 270
1806490 270
1806500 270
1806510 270
1806520 270
1806530 270
1806540 270
1806550 270
1806560 270
1806570 270
1806580 270
1806590 270
1806600 270
1806610 269
1806620 269
1806630 269
1806640 269
1806650 269
1806660 269
1806670 269
1806680 269
1806690 269
1806700 269
1806710 269
1806720 269
1806730 269
1806740 269
1806750 269
1806760 269
1806770 269
1806780 269
1806790 269
1806800 269
1806810 269
1806820 269
1806830 269
1806840 269
1806850 269
1806860 269
1806870 269
1806880 269
1806890 269
1806900 269
1806910 269
1806920 269
1806930 269
1806940 269
1806950 269
1806960 269
1806970 269
1806980 269
1806990 269
1807000 269
1807010 269
1807020 269
1807030 269
1807040 269
1807050 269
1807060 269
1807070 268
1807080 268
1807090 268
1807100 268
1807110 268
1807120 268
1807130 268
1807140 268
1807150 268
1807160 268
1807170 268
1807180 268
1807190 268
1807200 268
1807210 268
1807220 268
1807230 268
1807240 268
1807250 268
1807260 268
1807270 268
1807280 267
1807290 267
1807300 267
1807310 267
1807320 267
1807330 267
1807340 267
1807350 267
1807360 267
1807370 267
1807380 267
1807390 267
1807400 267
1807410 267
1807420 267
1807430 267
1807440 267
1807450 267
1807460 267
1807470 267
1807480 267
1807490 267
1807500 267
1807510 267
1807520 267
1807530 267
1807540 266
1807550 266
1807560 266
1807570 266
1807580 266
1807590 266
1807600 266
1807610 266
1807620 266
1807630 266
1807640 266
1807650 266
1807660 266
1807670 266
1807680 266
1807690 266
1807700 266
1807710 266
1807720 266
1807730 266
1807740 266
1807750 266
1807760 266
1807770 266
1807780 266
1807790 266
1807800 266
1807810 266
1807820 266
1807830 266
1807840 266
1807850 266
1807860 266
1807870 266
1807880 266
1807890 266
1807900 266
1807910 266
1807920 266
1807930 266
1807940 266
1807950 265
1807960 265
1807970 265
1807980 266
1807990 267
1808000 268
1808010 267
1808020 266
1808030 265
1808040 265
1808050 265
1808060 265
1808070 265
1808080 265
1808090 265
1808100 265
1808110 265
1808120 265
1808130 265
1808140 265
1808150 265
1808160 266
1808170 266
1808180 266
1808190 266
1808200 266
1808210 266
1808220 266
1808230 266
1808240 266
1808250 266
1808260 266
1808270 266
1808280 266
1808290 266
1808300 266
1808310 266
1808320 266
1808330 266
1808340 266
1808350 265
1808360 265
1808370 265
1808380 265
1808390 266
1808400 266
1808410 265
1808420 265
1808430 265
1808440 265
1808450 265
1808460 265
1808470 266
1808480 266
1808490 265
1808500 265
1808510 265
1808520 265
1808530 265
1808540 265
1808550 265
1808560 265
1808570 265
1808580 265
1808590 265
1808600 265
1808610 265
1808620 265
1808630 265
1808640 265
1808650 265
1808660 265
1808670 265
1808680 265
1808690 265
1808700 265
1808710 265
1808720 265
1808730 265
1808740 265
1808750 265
1808760 265
1808770 265
1808780 265
1808790 265
1808800 265
1808810 265
1808820 265
1808830 265
1808840 265
1808850 265
1808860 265
1808870 265
1808880 265
1808890 265
1808900 264
1808910 264
1808920 264
1808930 264
1808940 264
1808950 264
1808960 264
1808970 264
1808980 264
1808990 264
1809000 264
1809010 264
1809020 264
1809030 264
1809040 264
1809050 264
1809060 264
1809070 264
1809080 264
1809090 264
1809100 264
1809110 264
1809120 264
1809130 264
1809140 264
1809150 264
1809160 264
1809170 264
1809180 264
1809190 264
1809200 264
1809210 264
1809220 264
1809230 264
1809240 264
1809250 264
1809260 264
1809270 264
1809280 264
1809290 264
1809300 264
1809310 264
1809320 263
1809330 263
1809340 263
1809350 263
1809360 263
1809370 263
1809380 263
1809390 263
1809400 264
1809410 264
1809420 264
1809430 264
1809440 264
1809450 264
1809460 264
1809470 264
1809480 264
1809490 264
1809500 264
1809510 264
1809520 264
1809530 264
1809540 264
1809550 263
1809560 263
1809570 263
1809580 263
1809590 263
1809600 263
1809610 263
1809620 263
1809630 263
1809640 263
1809650 263
1809660 263
1809670 263
1809680 263
1809690 263
1809700 263
1809710 263
1809720 263
1809730 263
1809740 263
1809750 263
1809760 263
1809770 263
1809780 263
1809790 263
1809800 263
1809810 263
1809820 263
1809830 263
1809840 263
1809850 263
1809860 263
1809870 263
1809880 263
1809890 263
1809900 262
1809910 261
1809920 261
1809930 261
1809940 261
1809950 261
1809960 261
1809970 261
1809980 261
1809990 261
1810000 261
1810010 261
1810020 261
1810030 261
1810040 261
1810050 261
1810060 261
1810070 261
1810080 261
1810090 261
1810100 261
1810110 261
1810120 261
1810130 261
1810140 261
1810150 261
1810160 260
1810170 260
1810180 260
1810190 261
1810200 261
1810210 262
1810220 261
1810230 260
1810240 260
1810250 260
1810260 261
1810270 261
1810280 261
1810290 261
1810300 261
1810310 260
1810320 260
1810330 260
1810340 260
1810350 260
1810360 260
1810370 260
1810380 260
1810390 260
1810400 260
1810410 260
1810420 260
1810430 260
1810440 259
1810450 259
1810460 259
1810470 259
1810480 259
1810490 259
1810500 259
1810510 259
1810520 259
1810530 259
1810540 259
1810550 259
1810560 259
1810570 259
1810580 259
1810590 259
1810600 259
1810610 259
1810620 259
1810630 259
1810640 259
1810650 259
1810660 259
1810670 259
1810680 259
1810690 259
1810700 259
1810710 259
1810720 259
1810730 259
1810740 259
1810750 259
1810760 259
1810770 258
1810780 258
1810790 258
1810800 258
1810810 258
1810820 258
1810830 258
1810840 258
1810850 258
1810860 258
1810870 258
1810880 258
1810890 258
1810900 258
1810910 258
1810920 258
1810930 257
1810940 256
1810950 257
1810960 257
1810970 258
1810980 258
1810990 258
1811000 258
1811010 258
1811020 258
1811030 258
1811040 258
1811050 258
1811060 258
1811070 258
1811080 258
1811090 258
1811100 258
1811110 258
1811120 258
1811130 257
1811140 257
1811150 257
1811160 257
1811170 257
1811180 257
1811190 257
1811200 257
1811210 257
1811220 257
1811230 257
1811240 257
1811250 257
1811260 257
1811270 257
1811280 257
1811290 257
1811300 257
1811310 257
1811320 257
1811330 258
1811340 258
1811350 258
1811360 258
1811370 258
1811380 258
1811390 258
1811400 258
1811410 258
1811420 258
1811430 258
1811440 257
1811450 257
1811460 257
1811470 257
1811480 257
1811490 257
1811500 257
1811510 257
1811520 257
1811530 257
1811540 257
1811550 257
1811560 257
1811570 257
1811580 257
1811590 256
1811600 256
1811610 256
1811620 256
1811630 256
1811640 256
1811650 256
1811660 256
1811670 256
1811680 256
1811690 256
1811700 256
1811710 256
1811720 256
1811730 256
1811740 256
1811750 256
1811760 256
1811770 256
1811780 256
1811790 256
1811800 256
1811810 256
1811820 256
1811830 256
1811840 256
1811850 256
1811860 256
1811870 256
1811880 256
1811890 256
1811900 256
1811910 256
1811920 256
1811930 256
1811940 256
1811950 256
1811960 256
1811970 256
1811980 255
1811990 255
1812000 255
1812010 255
1812020 255
1812030 255
1812040 255
1812050 255
1812060 255
1812070 255
1812080 255
1812090 255
1812100 255
1812110 255
1812120 255
1812130 256
1812140 255
1812150 255
1812160 255
1812170 255
1812180 256
1812190 256
1812200 256
1812210 256
1812220 256
1812230 256
1812240 256
1812250 256
1812260 256
1812270 255
1812280 255
1812290 255
1812300 255
1812310 255
1812320 255
1812330 255
1812340 255
1812350 255
1812360 255
1812370 255
1812380 255
1812390 255
1812400 255
1812410 255
1812420 255
1812430 254
1812440 255
1812450 255
1812460 255
1812470 255
1812480 255
1812490 255
1812500 255
1812510 255
1812520 255
1812530 255
1812540 255
1812550 255
1812560 255
1812570 255
1812580 255
1812590 255
1812600 255
1812610 255
1812620 255
1812630 254
1812640 254
1812650 254
1812660 254
1812670 254
1812680 254
1812690 254
1812700 254
1812710 254
1812720 254
1812730 254
1812740 254
1812750 254
1812760 254
1812770 254
1812780 254
1812790 254
1812800 254
1812810 254
1812820 254
1812830 254
1812840 254
1812850 254
1812860 254
1812870 254
1812880 253
1812890 253
1812900 253
1812910 253
1812920 253
1812930 253
1812940 253
1812950 253
1812960 253
1812970 253
1812980 253
1812990 253
1813000 253
1813010 253
1813020 253
1813030 253
1813040 253
1813050 253
1813060 253
1813070 253
1813080 253
1813090 253
1813100 253
1813110 253
1813120 253
1813130 253
1813140 253
1813150 253
1813160 253
1813170 253
1813180 253
1813190 253
1813200 253
1813210 253
1813220 253
1813230 252
1813240 252
1813250 252
1813260 252
1813270 252
1813280 252
1813290 252
1813300 252
1813310 252
1813320 252
1813330 252
1813340 252
1813350 252
1813360 252
1813370 252
1813380 252
1813390 252
1813400 252
1813410 252
1813420 252
1813430 252
1813440 252
1813450 252
1813460 252
1813470 252
1813480 252
1813490 252
1813500 252
1813510 251
1813520 251
1813530 251
1813540 251
1813550 251
1813560 251
1813570 251
1813580 251
1813590 251
1813600 251
1813610 251
1813620 251
1813630 251
1813640 251
1813650 251
1813660 251
1813670 251
1813680 251
1813690 251
1813700 251
1813710 251
1813720 251
1813730 251
1813740 251
1813750 251
1813760 251
1813770 250
1813780 250
1813790 250
1813800 250
1813810 250
1813820 250
1813830 250
1813840 250
1813850 250
1813860 250
1813870 250
1813880 250
1813890 250
1813900 250
1813910 250
1813920 250
1813930 250
1813940 250
1813950 250
1813960 250
1813970 250
1813980 249
1813990 249
1814000 249
1814010 249
1814020 249
1814030 249
1814040 249
1814050 249
1814060 249
1814070 249
1814080 249
1814090 249
1814100 249
1814110 249
1814120 249
1814130 249
1814140 249
1814150 249
1814160 249
1814170 249
1814180 249
1814190 249
1814200 248
1814210 248
1814220 248
1814230 248
1814240 248
1814250 248
1814260 248
1814270 248
1814280 248
1814290 248
1814300 248
1814310 248
1814320 248
1814330 248
1814340 248
1814350 248
1814360 248
1814370 248
1814380 248
1814390 248
1814400 248
1814410 247
1814420 247
1814430 247
1814440 247
1814450 247
1814460 247
1814470 247
1814480 247
1814490 247
1814500 247
1814510 247
1814520 247
1814530 247
1814540 247
1814550 247
1814560 247
1814570 247
1814580 247
1814590 247
1814600 247
1814610 247
1814620 247
1814630 247
1814640 247
1814650 246
1814660 246
1814670 246
1814680 246
1814690 246
1814700 246
1814710 246
1814720 246
1814730 246
1814740 246
1814750 246
1814760 246
1814770 246
1814780 246
1814790 246
1814800 246
1814810 246
1814820 246
1814830 246
1814840 246
1814850 246
1814860 245
1814870 245
1814880 245
1814890 245
1814900 245
1814910 245
1814920 245
1814930 245
1814940 245
1814950 245
1814960 245
1814970 245
1814980 245
1814990 245
1815000 245
1815010 245
1815020 245
1815030 245
1815040 245
1815050 244
1815060 244
1815070 244
1815080 244
1815090 244
1815100 244
1815110 244
1815120 244
1815130 244
1815140 244
1815150 244
1815160 244
1815170 244
1815180 244
1815190 244
1815200 244
1815210 244
1815220 244
1815230 244
1815240 244
1815250 244
1815260 244
1815270 244
1815280 243
1815290 243
1815300 243
1815310 243
1815320 243
1815330 243
1815340 243
1815350 243
1815360 243
1815370 243
1815380 243
1815390 243
1815400 243
1815410 243
1815420 243
1815430 243
1815440 243
1815450 243
1815460 243
1815470 243
1815480 243
1815490 243
1815500 242
1815510 242
1815520 242
1815530 242
1815540 242
1815550 242
1815560 242
1815570 242
1815580 242
1815590 242
1815600 242
1815610 242
1815620 242
1815630 242
1815640 242
1815650 242
1815660 242
1815670 242
1815680 242
1815690 242
1815700 242
1815710 242
1815720 242
1815730 241
1815740 241
1815750 241
1815760 241
1815770 241
1815780 241
1815790 241
1815800 241
1815810 241
1815820 241
1815830 241
1815840 241
1815850 241
1815860 241
1815870 241
1815880 241
1815890 241
1815900 241
1815910 241
1815920 241
1815930 241
1815940 241
1815950 240
1815960 241
1815970 241
1815980 240
1815990 240
1816000 240
1816010 240
1816020 240
1816030 240
1816040 240
1816050 240
1816060 240
1816070 240
1816080 240
1816090 240
1816100 240
1816110 240
1816120 240
1816130 240
1816140 240
1816150 240
1816160 240
1816170 240
1816180 240
1816190 239
1816200 239
1816210 239
1816220 239
1816230 239
1816240 239
1816250 239
1816260 239
1816270 239
1816280 239
1816290 239
1816300 239
1816310 239
1816320 239
1816330 239
1816340 239
1816350 239
1816360 239
1816370 239
1816380 239
1816390 239
1816400 239
1816410 239
1816420 239
1816430 238
1816440 238
1816450 238
1816460 238
1816470 238
1816480 238
1816490 238
1816500 238
1816510 238
1816520 238
1816530 238
1816540 238
1816550 238
1816560 238
1816570 238
1816580 238
1816590 238
1816600 238
1816610 238
1816620 238
1816630 238
1816640 238
1816650 237
1816660 237
1816670 237
1816680 237
1816690 237
1816700 237
1816710 237
1816720 237
1816730 237
1816740 237
1816750 237
1816760 237
1816770 237
1816780 237
1816790 237
1816800 237
1816810 237
1816820 237
1816830 237
1816840 236
1816850 236
1816860 236
1816870 236
1816880 236
1816890 236
1816900 236
1816910 236
1816920 236
1816930 236
1816940 236
1816950 236
1816960 236
1816970 236
1816980 236
1816990 236
1817000 236
1817010 236
1817020 236
1817030 236
1817040 236
1817050 236
1817060 236
1817070 235
1817080 235
1817090 235
1817100 235
1817110 235
1817120 235
1817130 235
1817140 235
1817150 235
1817160 235
1817170 235
1817180 235
1817190 235
1817200 235
1817210 235
1817220 235
1817230 235
1817240 235
1817250 234
1817260 234
1817270 235
1817280 235
1817290 235
1817300 234
1817310 234
1817320 234
1817330 234
1817340 234
1817350 234
1817360 234
1817370 234
1817380 234
1817390 234
1817400 234
1817410 234
1817420 234
1817430 234
1817440 234
1817450 234
1817460 234
1817470 234
1817480 234
1817490 233
1817500 233
1817510 233
1817520 233
1817530 233
1817540 233
1817550 233
1817560 233
1817570 233
1817580 233
1817590 233
1817600 233
1817610 233
1817620 233
1817630 233
1817640 233
1817650 233
1817660 233
1817670 233
1817680 233
1817690 233
1817700 233
1817710 233
1817720 232
1817730 232
1817740 232
1817750 232
1817760 232
1817770 232
1817780 232
1817790 232
1817800 232
1817810 232
1817820 232
1817830 232
1817840 232
1817850 232
1817860 232
1817870 232
1817880 232
1817890 232
1817900 232
1817910 232
1817920 232
1817930 231
1817940 232
1817950 232
1817960 232
1817970 232
1817980 231
1817990 231
1818000 231
1818010 231
1818020 231
1818030 231
1818040 231
1818050 231
1818060 231
1818070 231
1818080 231
1818090 231
1818100 231
1818110 231
1818120 231
1818130 231
1818140 231
1818150 231
1818160 231
1818170 230
1818180 230
1818190 230
1818200 230
1818210 230
1818220 230
1818230 230
1818240 230
1818250 230
1818260 230
1818270 230
1818280 230
1818290 230
1818300 230
1818310 230
1818320 230
1818330 229
1818340 229
1818350 229
1818360 230
1818370 229
1818380 229
1818390 229
1818400 229
1818410 229
1818420 229
1818430 229
1818440 229
1818450 229
1818460 229
1818470 229
1818480 229
1818490 229
1818500 229
1818510 229
1818520 229
1818530 229
1818540 229
1818550 229
1818560 228
1818570 228
1818580 228
1818590 228
1818600 228
1818610 228
1818620 228
1818630 228
1818640 228
1818650 228
1818660 228
1818670 228
1818680 228
1818690 228
1818700 228
1818710 228
1818720 228
1818730 228
1818740 228
1818750 228
1818760 228
1818770 227
1818780 227
1818790 227
1818800 227
1818810 227
1818820 227
1818830 227
1818840 227
1818850 227
1818860 227
1818870 227
1818880 227
1818890 227
1818900 227
1818910 227
1818920 227
1818930 227
1818940 227
1818950 227
1818960 227
1818970 227
1818980 227
1818990 226
1819000 226
1819010 226
1819020 226
1819030 226
1819040 226
1819050 226
1819060 226
1819070 226
1819080 226
1819090 226
1819100 226
1819110 226
1819120 226
1819130 226
1819140 226
1819150 226
1819160 226
1819170 225
1819180 225
1819190 225
1819200 225
1819210 225
1819220 225
1819230 225
1819240 225
1819250 225
1819260 225
1819270 225
1819280 225
1819290 225
1819300 225
1819310 225
1819320 225
1819330 225
1819340 225
1819350 225
1819360 225
1819370 225
1819380 225
1819390 225
1819400 225
1819410 225
1819420 225
1819430 225
1819440 225
1819450 224
1819460 224
1819470 224
1819480 224
1819490 224
1819500 224
1819510 224
1819520 224
1819530 224
1819540 224
1819550 224
1819560 224
1819570 224
1819580 224
1819590 224
1819600 224
1819610 224
1819620 224
1819630 224
1819640 224
1819650 223
1819660 223
1819670 223
1819680 223
1819690 223
1819700 223
1819710 223
1819720 223
1819730 223
1819740 223
1819750 223
1819760 223
1819770 223
1819780 223
1819790 223
1819800 223
1819810 223
1819820 223
1819830 223
1819840 223
1819850 223
1819860 223
1819870 223
1819880 223
1819890 223
1819900 223
1819910 223
1819920 223
1819930 223
1819940 223
1819950 223
1819960 222
1819970 222
1819980 222
1819990 222
