1800000 387
1800010 387
1800020 387
1800030 386
1800040 386
1800050 386
1800060 386
1800070 386
1800080 385
1800090 385
1800100 384
1800110 384
1800120 383
1800130 383
1800140 382
1800150 382
1800160 381
1800170 380
1800180 379
1800190 379
1800200 378
1800210 378
1800220 376
1800230 374
1800240 372
1800250 370
1800260 369
1800270 367
1800280 365
1800290 363
1800300 362
1800310 360
1800320 358
1800330 356
1800340 355
1800350 353
1800360 352
1800370 351
1800380 349
1800390 348
1800400 347
1800410 346
1800420 346
1800430 345
1800440 344
1800450 343
1800460 342
1800470 341
1800480 340
1800490 338
1800500 338
1800510 337
1800520 336
1800530 335
1800540 333
1800550 331
1800560 330
1800570 329
1800580 328
1800590 328
1800600 328
1800610 327
1800620 326
1800630 325
1800640 323
1800650 321
1800660 321
1800670 320
1800680 320
1800690 320
1800700 320
1800710 320
1800720 320
1800730 320
1800740 320
1800750 320
1800760 320
1800770 320
1800780 319
1800790 319
1800800 318
1800810 318
1800820 317
1800830 316
1800840 315
1800850 314
1800860 313
1800870 311
1800880 310
1800890 309
1800900 309
1800910 308
1800920 307
1800930 306
1800940 306
1800950 305
1800960 304
1800970 304
1800980 303
1800990 302
1801000 302
1801010 301
1801020 301
1801030 300
1801040 300
1801050 300
1801060 299
1801070 299
1801080 298
1801090 298
1801100 298
1801110 297
1801120 297
1801130 296
1801140 296
1801150 296
1801160 295
1801170 295
1801180 295
1801190 295
1801200 295
1801210 295
1801220 294
1801230 294
1801240 293
1801250 293
1801260 293
1801270 293
1801280 293
1801290 293
1801300 293
1801310 293
1801320 292
1801330 292
1801340 292
1801350 292
1801360 292
1801370 292
1801380 292
1801390 291
1801400 291
1801410 290
1801420 290
1801430 290
1801440 289
1801450 289
1801460 289
1801470 289
1801480 288
1801490 288
1801500 288
1801510 288
1801520 288
1801530 288
1801540 287
1801550 287
1801560 287
1801570 287
1801580 287
1801590 287
1801600 287
1801610 286
1801620 285
1801630 285
1801640 285
1801650 286
1801660 286
1801670 286
1801680 286
1801690 286
1801700 286
1801710 286
1801720 286
1801730 286
1801740 286
1801750 286
1801760 286
1801770 286
1801780 286
1801790 286
1801800 286
1801810 286
1801820 286
1801830 286
1801840 286
1801850 286
1801860 286
1801870 285
1801880 285
1801890 285
1801900 285
1801910 285
1801920 286
1801930 286
1801940 286
1801950 286
1801960 286
1801970 287
1801980 287
1801990 287
1802000 287
1802010 287
1802020 288
1802030 288
1802040 288
1802050 289
1802060 289
1802070 289
1802080 291
1802090 293
1802100 294
1802110 295
1802120 295
1802130 296
1802140 296
1802150 297
1802160 296
1802170 296
1802180 296
1802190 297
1802200 297
1802210 297
1802220 296
1802230 297
1802240 297
1802250 297
1802260 297
1802270 297
1802280 297
1802290 298
1802300 298
1802310 298
1802320 298
1802330 298
1802340 297
1802350 297
1802360 297
1802370 296
1802380 295
1802390 295
1802400 295
1802410 295
1802420 295
1802430 295
1802440 295
1802450 295
1802460 295
1802470 295
1802480 296
1802490 296
1802500 296
1802510 295
1802520 295
1802530 295
1802540 295
1802550 295
1802560 295
1802570 295
1802580 295
1802590 295
1802600 295
1802610 295
1802620 295
1802630 294
1802640 294
1802650 294
1802660 294
1802670 294
1802680 294
1802690 294
1802700 294
1802710 293
1802720 293
1802730 293
1802740 293
1802750 293
1802760 293
1802770 293
1802780 292
1802790 292
1802800 292
1802810 292
1802820 292
1802830 292
1802840 292
1802850 292
1802860 292
1802870 292
1802880 292
1802890 292
1802900 292
1802910 291
1802920 291
1802930 291
1802940 291
1802950 291
1802960 291
1802970 291
1802980 292
1802990 292
1803000 291
1803010 291
1803020 291
1803030 291
1803040 291
1803050 291
1803060 291
1803070 291
1803080 291
1803090 291
1803100 291
1803110 290
1803120 290
1803130 290
1803140 290
1803150 290
1803160 290
1803170 290
1803180 290
1803190 289
1803200 289
1803210 289
1803220 289
1803230 289
1803240 288
1803250 288
1803260 288
1803270 288
1803280 288
1803290 288
1803300 288
1803310 289
1803320 290
1803330 290
1803340 290
1803350 290
1803360 291
1803370 291
1803380 291
1803390 291
1803400 290
1803410 290
1803420 290
1803430 289
1803440 287
1803450 287
1803460 286
1803470 287
1803480 287
1803490 287
1803500 287
1803510 287
1803520 286
1803530 286
1803540 286
1803550 286
1803560 286
1803570 286
1803580 286
1803590 286
1803600 286
1803610 286
1803620 286
1803630 286
1803640 286
1803650 286
1803660 285
1803670 285
1803680 285
1803690 285
1803700 285
1803710 284
1803720 284
1803730 284
1803740 283
1803750 283
1803760 282
1803770 282
1803780 282
1803790 281
1803800 281
1803810 280
1803820 280
1803830 280
1803840 280
1803850 280
1803860 280
1803870 280
1803880 279
1803890 279
1803900 279
1803910 279
1803920 279
1803930 278
1803940 278
1803950 278
1803960 278
1803970 278
1803980 278
1803990 278
1804000 278
1804010 278
1804020 277
1804030 277
1804040 277
1804050 277
1804060 277
1804070 277
1804080 277
1804090 277
1804100 277
1804110 277
1804120 277
1804130 277
1804140 277
1804150 277
1804160 277
1804170 278
1804180 277
1804190 277
1804200 277
1804210 277
1804220 277
1804230 277
1804240 277
1804250 277
1804260 277
1804270 278
1804280 280
1804290 283
1804300 285
1804310 286
1804320 286
1804330 286
1804340 285
1804350 285
1804360 283
1804370 280
1804380 279
1804390 279
1804400 279
1804410 279
1804420 279
1804430 280
1804440 280
1804450 280
1804460 280
1804470 281
1804480 281
1804490 281
1804500 281
1804510 281
1804520 281
1804530 281
1804540 281
1804550 281
1804560 281
1804570 281
1804580 281
1804590 280
1804600 279
1804610 278
1804620 280
1804630 281
1804640 281
1804650 281
1804660 281
1804670 280
1804680 280
1804690 280
1804700 280
1804710 280
1804720 280
1804730 280
1804740 280
1804750 280
1804760 280
1804770 280
1804780 280
1804790 280
1804800 280
1804810 280
1804820 280
1804830 280
1804840 280
1804850 280
1804860 280
1804870 280
1804880 280
1804890 280
1804900 280
1804910 280
1804920 280
1804930 280
1804940 280
1804950 280
1804960 280
1804970 280
1804980 280
1804990 280
1805000 279
1805010 279
1805020 278
1805030 278
1805040 278
1805050 278
1805060 278
1805070 277
1805080 277
1805090 277
1805100 276
1805110 276
1805120 276
1805130 276
1805140 276
1805150 275
1805160 275
1805170 275
1805180 275
1805190 275
1805200 275
1805210 275
1805220 275
1805230 275
1805240 274
1805250 274
1805260 274
1805270 274
1805280 274
1805290 274
1805300 273
1805310 273
1805320 273
1805330 272
1805340 272
1805350 272
1805360 272
1805370 272
1805380 272
1805390 272
1805400 272
1805410 272
1805420 272
1805430 272
1805440 272
1805450 272
1805460 272
1805470 271
1805480 271
1805490 271
1805500 271
1805510 271
1805520 271
1805530 271
1805540 271
1805550 271
1805560 272
1805570 272
1805580 272
1805590 272
1805600 272
1805610 272
1805620 271
1805630 271
1805640 272
1805650 272
1805660 272
1805670 272
1805680 272
1805690 272
1805700 272
1805710 272
1805720 272
1805730 272
1805740 272
1805750 271
1805760 271
1805770 271
1805780 271
1805790 271
1805800 271
1805810 271
1805820 271
1805830 271
1805840 271
1805850 271
1805860 271
1805870 271
1805880 271
1805890 271
1805900 271
1805910 271
1805920 271
1805930 271
1805940 271
1805950 271
1805960 271
1805970 271
1805980 271
1805990 271
1806000 271
1806010 270
1806020 270
1806030 270
1806040 270
1806050 270
1806060 270
1806070 269
1806080 269
1806090 269
1806100 269
1806110 269
1806120 269
1806130 269
1806140 269
1806150 269
1806160 269
1806170 268
1806180 268
1806190 268
1806200 268
1806210 268
1806220 268
1806230 268
1806240 268
1806250 268
1806260 268
1806270 268
1806280 268
1806290 268
1806300 267
1806310 267
1806320 267
1806330 267
1806340 267
1806350 267
1806360 267
1806370 267
1806380 266
1806390 266
1806400 266
1806410 266
1806420 266
1806430 266
1806440 266
1806450 266
1806460 266
1806470 266
1806480 266
1806490 266
1806500 265
1806510 265
1806520 265
1806530 265
1806540 265
1806550 265
1806560 265
1806570 265
1806580 265
1806590 265
1806600 265
1806610 265
1806620 265
1806630 265
1806640 266
1806650 266
1806660 266
1806670 266
1806680 266
1806690 266
1806700 266
1806710 265
1806720 265
1806730 265
1806740 265
1806750 265
1806760 264
1806770 264
1806780 264
1806790 264
1806800 264
1806810 264
1806820 264
1806830 264
1806840 264
1806850 264
1806860 264
1806870 264
1806880 264
1806890 264
1806900 264
1806910 264
1806920 264
1806930 264
1806940 264
1806950 264
1806960 264
1806970 264
1806980 263
1806990 263
1807000 263
1807010 263
1807020 263
1807030 263
1807040 263
1807050 263
1807060 263
1807070 263
1807080 263
1807090 263
1807100 263
1807110 263
1807120 263
1807130 263
1807140 263
1807150 263
1807160 263
1807170 263
1807180 263
1807190 263
1807200 263
1807210 263
1807220 263
1807230 263
1807240 262
1807250 262
1807260 262
1807270 262
1807280 262
1807290 262
1807300 262
1807310 262
1807320 262
1807330 262
1807340 262
1807350 262
1807360 262
1807370 262
1807380 262
1807390 262
1807400 262
1807410 262
1807420 261
1807430 261
1807440 261
1807450 261
1807460 261
1807470 261
1807480 261
1807490 261
1807500 261
1807510 261
1807520 261
1807530 261
1807540 261
1807550 261
1807560 262
1807570 263
1807580 264
1807590 264
1807600 263
1807610 262
1807620 260
1807630 260
1807640 260
1807650 260
1807660 260
1807670 260
1807680 259
1807690 259
1807700 259
1807710 259
1807720 259
1807730 259
1807740 259
1807750 259
1807760 259
1807770 259
1807780 259
1807790 260
1807800 260
1807810 260
1807820 260
1807830 260
1807840 260
1807850 260
1807860 259
1807870 259
1807880 259
1807890 259
1807900 259
1807910 259
1807920 259
1807930 259
1807940 259
1807950 259
1807960 259
1807970 259
1807980 260
1807990 260
1808000 260
1808010 260
1808020 260
1808030 260
1808040 260
1808050 260
1808060 260
1808070 260
1808080 260
1808090 260
1808100 260
1808110 260
1808120 260
1808130 260
1808140 260
1808150 260
1808160 260
1808170 260
1808180 260
1808190 260
1808200 260
1808210 260
1808220 260
1808230 260
1808240 260
1808250 261
1808260 261
1808270 261
1808280 261
1808290 261
1808300 261
1808310 261
1808320 261
1808330 260
1808340 260
1808350 260
1808360 260
1808370 260
1808380 260
1808390 260
1808400 260
1808410 260
1808420 260
1808430 260
1808440 260
1808450 260
1808460 260
1808470 260
1808480 260
1808490 260
1808500 260
1808510 260
1808520 260
1808530 260
1808540 260
1808550 260
1808560 260
1808570 260
1808580 260
1808590 260
1808600 260
1808610 260
1808620 259
1808630 259
1808640 259
1808650 259
1808660 259
1808670 259
1808680 259
1808690 259
1808700 259
1808710 259
1808720 259
1808730 259
1808740 259
1808750 259
1808760 259
1808770 259
1808780 258
1808790 258
1808800 258
1808810 258
1808820 258
1808830 259
1808840 259
1808850 259
1808860 259
1808870 259
1808880 259
1808890 259
1808900 259
1808910 259
1808920 259
1808930 260
1808940 260
1808950 259
1808960 259
1808970 259
1808980 259
1808990 260
1809000 260
1809010 260
1809020 260
1809030 260
1809040 260
1809050 260
1809060 260
1809070 260
1809080 260
1809090 260
1809100 260
1809110 261
1809120 261
1809130 261
1809140 261
1809150 260
1809160 260
1809170 260
1809180 260
1809190 260
1809200 260
1809210 260
1809220 259
1809230 259
1809240 259
1809250 259
1809260 259
1809270 259
1809280 259
1809290 259
1809300 259
1809310 259
1809320 259
1809330 259
1809340 259
1809350 258
1809360 258
1809370 258
1809380 257
1809390 257
1809400 257
1809410 257
1809420 257
1809430 257
1809440 257
1809450 257
1809460 256
1809470 256
1809480 256
1809490 256
1809500 256
1809510 256
1809520 256
1809530 256
1809540 256
1809550 255
1809560 255
1809570 255
1809580 255
1809590 255
1809600 255
1809610 255
1809620 255
1809630 255
1809640 255
1809650 255
1809660 255
1809670 255
1809680 255
1809690 255
1809700 255
1809710 255
1809720 255
1809730 255
1809740 255
1809750 255
1809760 255
1809770 255
1809780 255
1809790 256
1809800 256
1809810 256
1809820 256
1809830 256
1809840 256
1809850 256
1809860 257
1809870 257
1809880 257
1809890 257
1809900 257
1809910 257
1809920 257
1809930 257
1809940 257
1809950 257
1809960 257
1809970 257
1809980 257
1809990 257
1810000 257
1810010 257
1810020 258
1810030 258
1810040 258
1810050 257
1810060 257
1810070 257
1810080 257
1810090 257
1810100 257
1810110 257
1810120 257
1810130 257
1810140 257
1810150 257
1810160 256
1810170 256
1810180 256
1810190 256
1810200 256
1810210 256
1810220 256
1810230 256
1810240 256
1810250 256
1810260 256
1810270 256
1810280 256
1810290 256
1810300 256
1810310 256
1810320 256
1810330 255
1810340 255
1810350 255
1810360 255
1810370 255
1810380 255
1810390 255
1810400 255
1810410 255
1810420 255
1810430 255
1810440 255
1810450 255
1810460 255
1810470 255
1810480 255
1810490 255
1810500 255
1810510 255
1810520 255
1810530 255
1810540 255
1810550 254
1810560 254
1810570 254
1810580 254
1810590 254
1810600 254
1810610 254
1810620 254
1810630 254
1810640 254
1810650 254
1810660 254
1810670 254
1810680 254
1810690 254
1810700 254
1810710 254
1810720 254
1810730 253
1810740 253
1810750 253
1810760 253
1810770 253
1810780 253
1810790 253
1810800 253
1810810 253
1810820 253
1810830 253
1810840 253
1810850 253
1810860 253
1810870 253
1810880 253
1810890 253
1810900 253
1810910 253
1810920 253
1810930 253
1810940 253
1810950 253
1810960 253
1810970 253
1810980 253
1810990 253
1811000 252
1811010 252
1811020 252
1811030 252
1811040 252
1811050 252
1811060 252
1811070 252
1811080 252
1811090 252
1811100 252
1811110 252
1811120 252
1811130 252
1811140 252
1811150 252
1811160 252
1811170 252
1811180 252
1811190 252
1811200 252
1811210 252
1811220 252
1811230 252
1811240 252
1811250 252
1811260 252
1811270 252
1811280 252
1811290 252
1811300 252
1811310 252
1811320 252
1811330 252
1811340 252
1811350 252
1811360 252
1811370 252
1811380 251
1811390 252
1811400 251
1811410 251
1811420 251
1811430 251
1811440 251
1811450 251
1811460 251
1811470 251
1811480 251
1811490 251
1811500 251
1811510 251
1811520 251
1811530 251
1811540 251
1811550 251
1811560 251
1811570 251
1811580 251
1811590 251
1811600 251
1811610 251
1811620 251
1811630 251
1811640 251
1811650 251
1811660 251
1811670 251
1811680 251
1811690 251
1811700 251
1811710 250
1811720 250
1811730 250
1811740 250
1811750 250
1811760 250
1811770 250
1811780 250
1811790 250
1811800 250
1811810 250
1811820 250
1811830 250
1811840 250
1811850 250
1811860 250
1811870 250
1811880 250
1811890 250
1811900 250
1811910 250
1811920 250
1811930 250
1811940 250
1811950 250
1811960 250
1811970 250
1811980 250
1811990 250
1812000 250
1812010 250
1812020 250
1812030 250
1812040 250
1812050 250
1812060 250
1812070 250
1812080 249
1812090 249
1812100 249
1812110 249
1812120 249
1812130 249
1812140 249
1812150 249
1812160 249
1812170 249
1812180 249
1812190 249
1812200 249
1812210 249
1812220 249
1812230 249
1812240 249
1812250 249
1812260 249
1812270 249
1812280 249
1812290 249
1812300 249
1812310 249
1812320 249
1812330 249
1812340 249
1812350 249
1812360 249
1812370 249
1812380 249
1812390 249
1812400 249
1812410 249
1812420 249
1812430 249
1812440 249
1812450 248
1812460 248
1812470 248
1812480 248
1812490 248
1812500 248
1812510 248
1812520 248
1812530 248
1812540 249
1812550 248
1812560 248
1812570 248
1812580 248
1812590 248
1812600 248
1812610 248
1812620 248
1812630 248
1812640 248
1812650 248
1812660 248
1812670 248
1812680 248
1812690 248
1812700 248
1812710 248
1812720 248
1812730 249
1812740 248
1812750 248
1812760 248
1812770 248
1812780 248
1812790 248
1812800 248
1812810 248
1812820 248
1812830 248
1812840 248
1812850 248
1812860 248
1812870 248
1812880 247
1812890 247
1812900 247
1812910 247
1812920 247
1812930 247
1812940 247
1812950 247
1812960 248
1812970 248
1812980 248
1812990 247
1813000 247
1813010 247
1813020 246
1813030 246
1813040 246
1813050 246
1813060 247
1813070 247
1813080 247
1813090 247
1813100 247
1813110 247
1813120 247
1813130 247
1813140 247
1813150 247
1813160 247
1813170 247
1813180 246
1813190 246
1813200 246
1813210 246
1813220 246
1813230 246
1813240 246
1813250 246
1813260 246
1813270 246
1813280 246
1813290 246
1813300 246
1813310 246
1813320 246
1813330 246
1813340 246
1813350 246
1813360 246
1813370 246
1813380 246
1813390 247
1813400 247
1813410 247
1813420 246
1813430 246
1813440 246
1813450 246
1813460 246
1813470 246
1813480 246
1813490 247
1813500 247
1813510 246
1813520 246
1813530 246
1813540 246
1813550 246
1813560 246
1813570 246
1813580 246
1813590 246
1813600 246
1813610 246
1813620 246
1813630 246
1813640 246
1813650 246
1813660 246
1813670 246
1813680 246
1813690 246
1813700 246
1813710 246
1813720 246
1813730 246
1813740 246
1813750 246
1813760 245
1813770 245
1813780 245
1813790 245
1813800 245
1813810 245
1813820 245
1813830 245
1813840 245
1813850 245
1813860 245
1813870 245
1813880 245
1813890 245
1813900 245
1813910 245
1813920 245
1813930 245
1813940 245
1813950 245
1813960 245
1813970 245
1813980 245
1813990 245
1814000 245
1814010 244
1814020 243
1814030 243
1814040 243
1814050 244
1814060 245
1814070 245
1814080 245
1814090 245
1814100 245
1814110 245
1814120 245
1814130 245
1814140 245
1814150 245
1814160 245
1814170 245
1814180 245
1814190 244
1814200 244
1814210 244
1814220 244
1814230 244
1814240 244
1814250 244
1814260 244
1814270 244
1814280 244
1814290 244
1814300 244
1814310 244
1814320 243
1814330 243
1814340 243
1814350 243
1814360 243
1814370 243
1814380 243
1814390 243
1814400 243
1814410 243
1814420 243
1814430 243
1814440 243
1814450 243
1814460 243
1814470 243
1814480 243
1814490 243
1814500 243
1814510 243
1814520 243
1814530 243
1814540 243
1814550 243
1814560 243
1814570 243
1814580 243
1814590 243
1814600 243
1814610 243
1814620 243
1814630 243
1814640 243
1814650 243
1814660 243
1814670 243
1814680 243
1814690 243
1814700 243
1814710 243
1814720 242
1814730 242
1814740 242
1814750 242
1814760 242
1814770 242
1814780 242
1814790 242
1814800 242
1814810 242
1814820 242
1814830 242
1814840 242
1814850 242
1814860 242
1814870 242
1814880 242
1814890 242
1814900 242
1814910 242
1814920 242
1814930 242
1814940 242
1814950 242
1814960 241
1814970 241
1814980 241
1814990 241
1815000 241
1815010 241
1815020 241
1815030 241
1815040 241
1815050 241
1815060 241
1815070 241
1815080 241
1815090 241
1815100 241
1815110 241
1815120 241
1815130 241
1815140 241
1815150 241
1815160 241
1815170 241
1815180 240
1815190 240
1815200 240
1815210 240
1815220 240
1815230 240
1815240 240
1815250 240
1815260 240
1815270 240
1815280 240
1815290 240
1815300 240
1815310 240
1815320 240
1815330 240
1815340 240
1815350 240
1815360 240
1815370 239
1815380 239
1815390 240
1815400 240
1815410 240
1815420 240
1815430 240
1815440 240
1815450 239
1815460 239
1815470 239
1815480 239
1815490 239
1815500 239
1815510 239
1815520 239
1815530 239
1815540 239
1815550 239
1815560 238
1815570 238
1815580 238
1815590 237
1815600 237
1815610 237
1815620 237
1815630 237
1815640 237
1815650 238
1815660 238
1815670 237
1815680 237
1815690 237
1815700 238
1815710 238
1815720 238
1815730 238
1815740 238
1815750 238
1815760 238
1815770 238
1815780 238
1815790 238
1815800 238
1815810 238
1815820 238
1815830 238
1815840 238
1815850 238
1815860 238
1815870 238
1815880 238
1815890 238
1815900 238
1815910 237
1815920 237
1815930 237
1815940 237
1815950 237
1815960 237
1815970 237
1815980 237
1815990 237
1816000 237
1816010 237
1816020 237
1816030 237
1816040 237
1816050 237
1816060 237
1816070 237
1816080 237
1816090 237
1816100 237
1816110 237
1816120 237
1816130 236
1816140 236
1816150 236
1816160 236
1816170 236
1816180 236
1816190 236
1816200 236
1816210 236
1816220 236
1816230 236
1816240 236
1816250 236
1816260 236
1816270 236
1816280 236
1816290 236
1816300 236
1816310 236
1816320 236
1816330 236
1816340 236
1816350 236
1816360 235
1816370 235
1816380 235
1816390 235
1816400 235
1816410 235
1816420 235
1816430 235
1816440 235
1816450 235
1816460 235
1816470 235
1816480 235
1816490 235
1816500 235
1816510 235
1816520 235
1816530 235
1816540 235
1816550 235
1816560 235
1816570 235
1816580 235
1816590 235
1816600 234
1816610 234
1816620 234
1816630 234
1816640 234
1816650 234
1816660 234
1816670 234
1816680 234
1816690 234
1816700 234
1816710 234
1816720 234
1816730 234
1816740 234
1816750 234
1816760 234
1816770 234
1816780 234
1816790 234
1816800 234
1816810 234
1816820 234
1816830 234
1816840 233
1816850 233
1816860 233
1816870 233
1816880 233
1816890 233
1816900 233
1816910 233
1816920 233
1816930 233
1816940 233
1816950 233
1816960 233
1816970 233
1816980 233
1816990 233
1817000 233
1817010 233
1817020 233
1817030 233
1817040 233
1817050 233
1817060 233
1817070 233
1817080 232
1817090 232
1817100 232
1817110 232
1817120 232
1817130 232
1817140 232
1817150 232
1817160 232
1817170 232
1817180 232
1817190 232
1817200 232
1817210 232
1817220 232
1817230 232
1817240 232
1817250 232
1817260 232
1817270 232
1817280 232
1817290 232
1817300 232
1817310 232
1817320 232
1817330 231
1817340 231
1817350 231
1817360 231
1817370 231
1817380 231
1817390 231
1817400 231
1817410 231
1817420 231
1817430 231
1817440 231
1817450 231
1817460 231
1817470 231
1817480 231
1817490 231
1817500 231
1817510 230
1817520 230
1817530 230
1817540 230
1817550 230
1817560 230
1817570 230
1817580 230
1817590 230
1817600 230
1817610 230
1817620 230
1817630 230
1817640 230
1817650 230
1817660 230
1817670 230
1817680 230
1817690 230
1817700 230
1817710 230
1817720 229
1817730 229
1817740 229
1817750 229
1817760 229
1817770 229
1817780 229
1817790 229
1817800 229
1817810 229
1817820 229
1817830 229
1817840 229
1817850 229
1817860 229
1817870 229
1817880 229
1817890 229
1817900 229
1817910 229
1817920 229
1817930 229
1817940 229
1817950 229
1817960 229
1817970 229
1817980 229
1817990 228
1818000 228
1818010 228
1818020 228
1818030 228
1818040 228
1818050 228
1818060 228
1818070 228
1818080 228
1818090 228
1818100 228
1818110 228
1818120 228
1818130 228
1818140 228
1818150 228
1818160 228
1818170 228
1818180 228
1818190 228
1818200 228
1818210 228
1818220 228
1818230 227
1818240 227
1818250 227
1818260 227
1818270 227
1818280 227
1818290 227
1818300 227
1818310 227
1818320 227
1818330 227
1818340 227
1818350 227
1818360 227
1818370 227
1818380 227
1818390 227
1818400 227
1818410 227
1818420 227
1818430 227
1818440 227
1818450 227
1818460 227
1818470 227
1818480 227
1818490 227
1818500 226
1818510 226
1818520 226
1818530 226
1818540 226
1818550 226
1818560 226
1818570 226
1818580 226
1818590 226
1818600 226
1818610 226
1818620 226
1818630 226
1818640 226
1818650 226
1818660 226
1818670 226
1818680 226
1818690 226
1818700 226
1818710 226
1818720 226
1818730 225
1818740 225
1818750 225
1818760 225
1818770 225
1818780 225
1818790 225
1818800 225
1818810 225
1818820 225
1818830 225
1818840 225
1818850 225
1818860 225
1818870 225
1818880 225
1818890 225
1818900 225
1818910 225
1818920 225
1818930 225
1818940 225
1818950 225
1818960 225
1818970 224
1818980 224
1818990 224
1819000 224
1819010 224
1819020 224
1819030 224
1819040 224
1819050 224
1819060 224
1819070 224
1819080 224
1819090 224
1819100 224
1819110 224
1819120 224
1819130 224
1819140 224
1819150 224
1819160 224
1819170 224
1819180 224
1819190 223
1819200 224
1819210 224
1819220 224
1819230 224
1819240 223
1819250 223
1819260 223
1819270 223
1819280 223
1819290 223
1819300 223
1819310 223
1819320 223
1819330 223
1819340 223
1819350 223
1819360 223
1819370 223
1819380 223
1819390 223
1819400 223
1819410 223
1819420 223
1819430 223
1819440 223
1819450 223
1819460 223
1819470 222
1819480 222
1819490 222
1819500 222
1819510 222
1819520 222
1819530 222
1819540 222
1819550 222
1819560 222
1819570 222
1819580 222
1819590 222
1819600 222
1819610 222
1819620 222
1819630 222
1819640 222
1819650 222
1819660 222
1819670 222
1819680 222
1819690 222
1819700 222
1819710 221
1819720 221
1819730 221
1819740 221
1819750 221
1819760 221
1819770 221
1819780 221
1819790 221
1819800 221
1819810 221
1819820 221
1819830 221
1819840 221
1819850 221
1819860 221
1819870 221
1819880 221
1819890 221
1819900 221
1819910 221
1819920 221
1819930 221
1819940 221
1819950 221
1819960 221
1819970 221
1819980 220
1819990 220
