1800000 332
1800010 332
1800020 331
1800030 331
1800040 331
1800050 331
1800060 331
1800070 331
1800080 332
1800090 332
1800100 332
1800110 332
1800120 333
1800130 333
1800140 333
1800150 334
1800160 335
1800170 337
1800180 338
1800190 338
1800200 338
1800210 338
1800220 338
1800230 339
1800240 339
1800250 339
1800260 339
1800270 339
1800280 340
1800290 340
1800300 340
1800310 340
1800320 340
1800330 340
1800340 340
1800350 340
1800360 340
1800370 339
1800380 339
1800390 339
1800400 339
1800410 338
1800420 338
1800430 338
1800440 337
1800450 336
1800460 336
1800470 335
1800480 335
1800490 335
1800500 335
1800510 336
1800520 337
1800530 337
1800540 338
1800550 338
1800560 338
1800570 339
1800580 339
1800590 340
1800600 340
1800610 340
1800620 340
1800630 340
1800640 340
1800650 340
1800660 340
1800670 340
1800680 340
1800690 340
1800700 340
1800710 340
1800720 340
1800730 339
1800740 339
1800750 339
1800760 341
1800770 342
1800780 344
1800790 344
1800800 344
1800810 343
1800820 343
1800830 344
1800840 344
1800850 344
1800860 343
1800870 344
1800880 344
1800890 344
1800900 345
1800910 345
1800920 345
1800930 345
1800940 345
1800950 346
1800960 347
1800970 348
1800980 349
1800990 351
1801000 351
1801010 351
1801020 351
1801030 351
1801040 351
1801050 351
1801060 351
1801070 351
1801080 351
1801090 351
1801100 351
1801110 350
1801120 350
1801130 350
1801140 350
1801150 350
1801160 350
1801170 350
1801180 350
1801190 350
1801200 349
1801210 349
1801220 349
1801230 349
1801240 348
1801250 348
1801260 349
1801270 350
1801280 352
1801290 353
1801300 354
1801310 355
1801320 357
1801330 358
1801340 360
1801350 360
1801360 361
1801370 362
1801380 363
1801390 363
1801400 364
1801410 365
1801420 365
1801430 366
1801440 366
1801450 367
1801460 368
1801470 369
1801480 370
1801490 370
1801500 370
1801510 370
1801520 368
1801530 365
1801540 362
1801550 357
1801560 353
1801570 348
1801580 345
1801590 341
1801600 338
1801610 336
1801620 335
1801630 334
1801640 333
1801650 332
1801660 332
1801670 332
1801680 331
1801690 331
1801700 331
1801710 330
1801720 330
1801730 329
1801740 328
1801750 326
1801760 323
1801770 322
1801780 322
1801790 322
1801800 323
1801810 325
1801820 328
1801830 326
1801840 326
1801850 328
1801860 331
1801870 334
1801880 337
1801890 339
1801900 341
1801910 341
1801920 340
1801930 339
1801940 339
1801950 341
1801960 342
1801970 344
1801980 346
1801990 347
1802000 348
1802010 349
1802020 350
1802030 350
1802040 351
1802050 351
1802060 352
1802070 352
1802080 353
1802090 353
1802100 354
1802110 355
1802120 355
1802130 356
1802140 357
1802150 358
1802160 359
1802170 360
1802180 361
1802190 363
1802200 364
1802210 366
1802220 367
1802230 369
1802240 370
1802250 370
1802260 370
1802270 370
1802280 370
1802290 371
1802300 371
1802310 371
1802320 371
1802330 372
1802340 371
1802350 372
1802360 372
1802370 373
1802380 373
1802390 374
1802400 374
1802410 375
1802420 376
1802430 376
1802440 377
1802450 377
1802460 378
1802470 378
1802480 378
1802490 378
1802500 377
1802510 377
1802520 377
1802530 376
1802540 376
1802550 376
1802560 375
1802570 375
1802580 375
1802590 374
1802600 374
1802610 373
1802620 373
1802630 373
1802640 373
1802650 373
1802660 372
1802670 372
1802680 371
1802690 371
1802700 370
1802710 370
1802720 369
1802730 369
1802740 368
1802750 368
1802760 368
1802770 367
1802780 367
1802790 367
1802800 367
1802810 367
1802820 367
1802830 366
1802840 366
1802850 365
1802860 364
1802870 364
1802880 363
1802890 363
1802900 363
1802910 363
1802920 362
1802930 361
1802940 360
1802950 360
1802960 359
1802970 358
1802980 358
1802990 357
1803000 357
1803010 356
1803020 355
1803030 355
1803040 354
1803050 353
1803060 353
1803070 352
1803080 351
1803090 351
1803100 350
1803110 349
1803120 349
1803130 348
1803140 347
1803150 347
1803160 346
1803170 346
1803180 345
1803190 345
1803200 344
1803210 344
1803220 343
1803230 343
1803240 343
1803250 343
1803260 343
1803270 343
1803280 343
1803290 344
1803300 344
1803310 345
1803320 345
1803330 346
1803340 346
1803350 346
1803360 347
1803370 347
1803380 347
1803390 347
1803400 347
1803410 346
1803420 345
1803430 344
1803440 343
1803450 342
1803460 341
1803470 340
1803480 340
1803490 339
1803500 338
1803510 338
1803520 337
1803530 337
1803540 336
1803550 334
1803560 333
1803570 332
1803580 332
1803590 331
1803600 330
1803610 330
1803620 329
1803630 328
1803640 327
1803650 325
1803660 324
1803670 323
1803680 322
1803690 321
1803700 321
1803710 320
1803720 320
1803730 319
1803740 319
1803750 318
1803760 317
1803770 316
1803780 315
1803790 314
1803800 313
1803810 313
1803820 312
1803830 311
1803840 311
1803850 310
1803860 309
1803870 308
1803880 308
1803890 308
1803900 307
1803910 306
1803920 305
1803930 305
1803940 304
1803950 303
1803960 302
1803970 301
1803980 301
1803990 300
1804000 299
1804010 298
1804020 298
1804030 297
1804040 296
1804050 295
1804060 295
1804070 295
1804080 295
1804090 295
1804100 295
1804110 294
1804120 293
1804130 293
1804140 293
1804150 292
1804160 292
1804170 291
1804180 291
1804190 290
1804200 290
1804210 290
1804220 289
1804230 288
1804240 288
1804250 287
1804260 288
1804270 289
1804280 289
1804290 289
1804300 289
1804310 288
1804320 287
1804330 287
1804340 287
1804350 286
1804360 285
1804370 285
1804380 284
1804390 284
1804400 284
1804410 284
1804420 284
1804430 285
1804440 285
1804450 284
1804460 283
1804470 282
1804480 280
1804490 278
1804500 274
1804510 271
1804520 267
1804530 265
1804540 262
1804550 261
1804560 261
1804570 260
1804580 260
1804590 261
1804600 261
1804610 261
1804620 261
1804630 260
1804640 260
1804650 261
1804660 262
1804670 263
1804680 265
1804690 266
1804700 267
1804710 268
1804720 269
1804730 270
1804740 270
1804750 270
1804760 270
1804770 268
1804780 267
1804790 265
1804800 265
1804810 265
1804820 264
1804830 262
1804840 261
1804850 259
1804860 258
1804870 258
1804880 258
1804890 258
1804900 257
1804910 255
1804920 255
1804930 254
1804940 254
1804950 254
1804960 254
1804970 254
1804980 254
1804990 253
1805000 253
1805010 253
1805020 253
1805030 253
1805040 252
1805050 252
1805060 252
1805070 252
1805080 252
1805090 252
1805100 252
1805110 252
1805120 252
1805130 252
1805140 252
1805150 252
1805160 252
1805170 252
1805180 252
1805190 252
1805200 252
1805210 252
1805220 252
1805230 252
1805240 252
1805250 252
1805260 252
1805270 252
1805280 252
1805290 252
1805300 252
1805310 252
1805320 252
1805330 252
1805340 252
1805350 252
1805360 252
1805370 252
1805380 252
1805390 252
1805400 252
1805410 252
1805420 252
1805430 252
1805440 252
1805450 252
1805460 251
1805470 251
1805480 251
1805490 251
1805500 251
1805510 251
1805520 251
1805530 251
1805540 251
1805550 250
1805560 250
1805570 250
1805580 250
1805590 250
1805600 250
1805610 250
1805620 250
1805630 250
1805640 250
1805650 250
1805660 250
1805670 250
1805680 250
1805690 250
1805700 250
1805710 250
1805720 250
1805730 250
1805740 250
1805750 250
1805760 250
1805770 250
1805780 250
1805790 250
1805800 250
1805810 250
1805820 250
1805830 250
1805840 249
1805850 249
1805860 249
1805870 249
1805880 249
1805890 249
1805900 249
1805910 249
1805920 249
1805930 250
1805940 250
1805950 251
1805960 252
1805970 252
1805980 253
1805990 253
1806000 253
1806010 253
1806020 253
1806030 253
1806040 253
1806050 253
1806060 252
1806070 251
1806080 248
1806090 247
1806100 247
1806110 249
1806120 251
1806130 253
1806140 253
1806150 253
1806160 253
1806170 253
1806180 253
1806190 253
1806200 253
1806210 253
1806220 253
1806230 253
1806240 253
1806250 253
1806260 253
1806270 252
1806280 252
1806290 252
1806300 252
1806310 252
1806320 252
1806330 252
1806340 251
1806350 251
1806360 251
1806370 251
1806380 250
1806390 250
1806400 250
1806410 250
1806420 249
1806430 249
1806440 249
1806450 249
1806460 249
1806470 249
1806480 249
1806490 248
1806500 248
1806510 248
1806520 248
1806530 248
1806540 248
1806550 247
1806560 247
1806570 247
1806580 247
1806590 247
1806600 247
1806610 247
1806620 247
1806630 246
1806640 246
1806650 246
1806660 246
1806670 246
1806680 246
1806690 246
1806700 245
1806710 245
1806720 245
1806730 245
1806740 245
1806750 245
1806760 245
1806770 244
1806780 244
1806790 244
1806800 244
1806810 244
1806820 244
1806830 243
1806840 243
1806850 243
1806860 243
1806870 243
1806880 243
1806890 243
1806900 243
1806910 243
1806920 243
1806930 243
1806940 243
1806950 243
1806960 243
1806970 243
1806980 243
1806990 243
1807000 243
1807010 243
1807020 243
1807030 243
1807040 243
1807050 243
1807060 245
1807070 247
1807080 248
1807090 248
1807100 248
1807110 248
1807120 247
1807130 246
1807140 246
1807150 245
1807160 244
1807170 243
1807180 242
1807190 242
1807200 242
1807210 242
1807220 242
1807230 242
1807240 242
1807250 242
1807260 241
1807270 241
1807280 241
1807290 241
1807300 241
1807310 241
1807320 241
1807330 241
1807340 241
1807350 241
1807360 241
1807370 241
1807380 241
1807390 241
1807400 241
1807410 241
1807420 241
1807430 241
1807440 241
1807450 241
1807460 241
1807470 241
1807480 241
1807490 241
1807500 240
1807510 240
1807520 240
1807530 240
1807540 240
1807550 240
1807560 240
1807570 240
1807580 240
1807590 240
1807600 240
1807610 240
1807620 240
1807630 240
1807640 240
1807650 240
1807660 239
1807670 239
1807680 239
1807690 239
1807700 239
1807710 239
1807720 239
1807730 239
1807740 239
1807750 239
1807760 239
1807770 238
1807780 238
1807790 238
1807800 238
1807810 238
1807820 238
1807830 238
1807840 238
1807850 238
1807860 238
1807870 238
1807880 238
1807890 238
1807900 238
1807910 238
1807920 238
1807930 237
1807940 237
1807950 237
1807960 237
1807970 237
1807980 237
1807990 237
1808000 237
1808010 237
1808020 237
1808030 237
1808040 237
1808050 237
1808060 237
1808070 237
1808080 237
1808090 237
1808100 237
1808110 237
1808120 237
1808130 237
1808140 237
1808150 237
1808160 237
1808170 236
1808180 236
1808190 237
1808200 237
1808210 236
1808220 236
1808230 236
1808240 236
1808250 236
1808260 236
1808270 236
1808280 236
1808290 235
1808300 235
1808310 235
1808320 235
1808330 235
1808340 235
1808350 235
1808360 235
1808370 235
1808380 235
1808390 235
1808400 235
1808410 235
1808420 235
1808430 235
1808440 235
1808450 235
1808460 235
1808470 235
1808480 235
1808490 235
1808500 235
1808510 235
1808520 235
1808530 235
1808540 235
1808550 235
1808560 235
1808570 235
1808580 235
1808590 235
1808600 235
1808610 235
1808620 235
1808630 235
1808640 235
1808650 234
1808660 234
1808670 234
1808680 234
1808690 234
1808700 234
1808710 234
1808720 234
1808730 234
1808740 234
1808750 234
1808760 234
1808770 233
1808780 233
1808790 233
1808800 233
1808810 233
1808820 234
1808830 234
1808840 234
1808850 234
1808860 233
1808870 233
1808880 234
1808890 234
1808900 234
1808910 234
1808920 234
1808930 234
1808940 233
1808950 234
1808960 234
1808970 234
1808980 234
1808990 233
1809000 233
1809010 233
1809020 233
1809030 233
1809040 233
1809050 233
1809060 234
1809070 234
1809080 233
1809090 233
1809100 233
1809110 233
1809120 233
1809130 233
1809140 233
1809150 233
1809160 232
1809170 232
1809180 232
1809190 232
1809200 232
1809210 232
1809220 232
1809230 232
1809240 232
1809250 232
1809260 232
1809270 232
1809280 232
1809290 232
1809300 232
1809310 232
1809320 232
1809330 232
1809340 232
1809350 232
1809360 232
1809370 232
1809380 232
1809390 232
1809400 232
1809410 232
1809420 232
1809430 232
1809440 232
1809450 232
1809460 232
1809470 232
1809480 232
1809490 232
1809500 232
1809510 232
1809520 232
1809530 232
1809540 232
1809550 232
1809560 232
1809570 232
1809580 232
1809590 232
1809600 232
1809610 232
1809620 232
1809630 232
1809640 232
1809650 232
1809660 232
1809670 232
1809680 232
1809690 232
1809700 232
1809710 232
1809720 232
1809730 232
1809740 232
1809750 232
1809760 232
1809770 232
1809780 232
1809790 232
1809800 232
1809810 231
1809820 231
1809830 231
1809840 231
1809850 231
1809860 231
1809870 231
1809880 231
1809890 231
1809900 231
1809910 231
1809920 231
1809930 231
1809940 231
1809950 231
1809960 231
1809970 231
1809980 231
1809990 231
1810000 231
1810010 231
1810020 231
1810030 231
1810040 231
1810050 231
1810060 231
1810070 231
1810080 231
1810090 231
1810100 231
1810110 231
1810120 231
1810130 231
1810140 231
1810150 231
1810160 231
1810170 231
1810180 231
1810190 231
1810200 231
1810210 231
1810220 231
1810230 231
1810240 231
1810250 231
1810260 231
1810270 230
1810280 230
1810290 230
1810300 231
1810310 231
1810320 230
1810330 230
1810340 230
1810350 230
1810360 230
1810370 230
1810380 230
1810390 230
1810400 230
1810410 230
1810420 230
1810430 230
1810440 230
1810450 230
1810460 230
1810470 230
1810480 230
1810490 230
1810500 230
1810510 230
1810520 230
1810530 230
1810540 230
1810550 230
1810560 230
1810570 230
1810580 230
1810590 230
1810600 230
1810610 230
1810620 230
1810630 230
1810640 230
1810650 230
1810660 230
1810670 230
1810680 230
1810690 230
1810700 230
1810710 230
1810720 230
1810730 230
1810740 230
1810750 230
1810760 230
1810770 230
1810780 230
1810790 230
1810800 230
1810810 230
1810820 230
1810830 230
1810840 230
1810850 230
1810860 230
1810870 230
1810880 230
1810890 230
1810900 230
1810910 230
1810920 230
1810930 230
1810940 230
1810950 230
1810960 230
1810970 230
1810980 230
1810990 230
1811000 230
1811010 230
1811020 230
1811030 230
1811040 230
1811050 229
1811060 229
1811070 229
1811080 229
1811090 229
1811100 229
1811110 229
1811120 229
1811130 229
1811140 229
1811150 229
1811160 229
1811170 229
1811180 229
1811190 229
1811200 229
1811210 229
1811220 229
1811230 229
1811240 229
1811250 229
1811260 229
1811270 229
1811280 228
1811290 228
1811300 227
1811310 227
1811320 227
1811330 228
1811340 229
1811350 229
1811360 229
1811370 229
1811380 229
1811390 229
1811400 229
1811410 229
1811420 229
1811430 229
1811440 229
1811450 229
1811460 229
1811470 229
1811480 229
1811490 229
1811500 229
1811510 229
1811520 229
1811530 229
1811540 229
1811550 229
1811560 229
1811570 229
1811580 229
1811590 229
1811600 229
1811610 229
1811620 229
1811630 229
1811640 229
1811650 229
1811660 229
1811670 229
1811680 229
1811690 229
1811700 229
1811710 229
1811720 229
1811730 229
1811740 229
1811750 229
1811760 229
1811770 229
1811780 229
1811790 229
1811800 228
1811810 228
1811820 228
1811830 228
1811840 228
1811850 228
1811860 228
1811870 228
1811880 228
1811890 228
1811900 228
1811910 228
1811920 228
1811930 228
1811940 228
1811950 228
1811960 228
1811970 228
1811980 228
1811990 228
1812000 228
1812010 228
1812020 228
1812030 228
1812040 228
1812050 228
1812060 228
1812070 228
1812080 228
1812090 228
1812100 228
1812110 228
1812120 228
1812130 228
1812140 228
1812150 228
1812160 228
1812170 228
1812180 228
1812190 227
1812200 227
1812210 227
1812220 227
1812230 227
1812240 227
1812250 227
1812260 227
1812270 226
1812280 226
1812290 226
1812300 225
1812310 225
1812320 225
1812330 225
1812340 225
1812350 225
1812360 225
1812370 225
1812380 225
1812390 225
1812400 225
1812410 225
1812420 225
1812430 225
1812440 225
1812450 225
1812460 225
1812470 225
1812480 225
1812490 225
1812500 225
1812510 226
1812520 225
1812530 225
1812540 225
1812550 225
1812560 225
1812570 224
1812580 224
1812590 224
1812600 224
1812610 224
1812620 224
1812630 224
1812640 224
1812650 224
1812660 224
1812670 224
1812680 224
1812690 224
1812700 224
1812710 224
1812720 224
1812730 224
1812740 224
1812750 224
1812760 225
1812770 225
1812780 225
1812790 226
1812800 226
1812810 226
1812820 226
1812830 226
1812840 226
1812850 226
1812860 226
1812870 226
1812880 226
1812890 226
1812900 226
1812910 226
1812920 226
1812930 226
1812940 226
1812950 226
1812960 226
1812970 226
1812980 226
1812990 226
1813000 225
1813010 225
1813020 225
1813030 225
1813040 225
1813050 225
1813060 225
1813070 225
1813080 225
1813090 225
1813100 225
1813110 225
1813120 225
1813130 225
1813140 225
1813150 225
1813160 225
1813170 225
1813180 225
1813190 225
1813200 225
1813210 225
1813220 225
1813230 225
1813240 225
1813250 225
1813260 225
1813270 225
1813280 225
1813290 225
1813300 225
1813310 225
1813320 225
1813330 225
1813340 225
1813350 225
1813360 225
1813370 225
1813380 225
1813390 225
1813400 225
1813410 225
1813420 225
1813430 225
1813440 225
1813450 225
1813460 225
1813470 225
1813480 225
1813490 224
1813500 224
1813510 224
1813520 225
1813530 225
1813540 225
1813550 225
1813560 225
1813570 225
1813580 225
1813590 225
1813600 224
1813610 224
1813620 224
1813630 224
1813640 224
1813650 224
1813660 224
1813670 224
1813680 224
1813690 224
1813700 224
1813710 224
1813720 224
1813730 224
1813740 224
1813750 224
1813760 224
1813770 224
1813780 224
1813790 224
1813800 224
1813810 224
1813820 224
1813830 224
1813840 224
1813850 224
1813860 224
1813870 224
1813880 224
1813890 224
1813900 224
1813910 224
1813920 224
1813930 224
1813940 224
1813950 224
1813960 224
1813970 224
1813980 224
1813990 224
1814000 224
1814010 224
1814020 224
1814030 223
1814040 223
1814050 223
1814060 223
1814070 223
1814080 223
1814090 223
1814100 223
1814110 223
1814120 223
1814130 223
1814140 223
1814150 223
1814160 223
1814170 223
1814180 223
1814190 223
1814200 223
1814210 223
1814220 223
1814230 223
1814240 223
1814250 223
1814260 223
1814270 223
1814280 223
1814290 223
1814300 223
1814310 223
1814320 223
1814330 222
1814340 222
1814350 222
1814360 222
1814370 222
1814380 222
1814390 222
1814400 222
1814410 222
1814420 222
1814430 223
1814440 223
1814450 223
1814460 222
1814470 222
1814480 222
1814490 222
1814500 222
1814510 222
1814520 222
1814530 222
1814540 222
1814550 222
1814560 222
1814570 222
1814580 222
1814590 222
1814600 222
1814610 222
1814620 222
1814630 222
1814640 222
1814650 222
1814660 222
1814670 222
1814680 222
1814690 222
1814700 222
1814710 222
1814720 222
1814730 222
1814740 222
1814750 222
1814760 222
1814770 221
1814780 221
1814790 221
1814800 221
1814810 221
1814820 221
1814830 221
1814840 221
1814850 221
1814860 221
1814870 221
1814880 221
1814890 221
1814900 220
1814910 220
1814920 220
1814930 220
1814940 220
1814950 220
1814960 220
1814970 220
1814980 220
1814990 220
1815000 220
1815010 220
1815020 220
1815030 220
1815040 220
1815050 220
1815060 220
1815070 220
1815080 220
1815090 220
1815100 220
1815110 220
1815120 220
1815130 220
1815140 220
1815150 220
1815160 220
1815170 220
1815180 220
1815190 220
1815200 220
1815210 220
1815220 220
1815230 220
1815240 220
1815250 220
1815260 220
1815270 220
1815280 220
1815290 220
1815300 220
1815310 220
1815320 220
1815330 220
1815340 220
1815350 220
1815360 220
1815370 220
1815380 220
1815390 220
1815400 220
1815410 220
1815420 220
1815430 220
1815440 220
1815450 220
1815460 220
1815470 220
1815480 220
1815490 220
1815500 220
1815510 220
1815520 220
1815530 220
1815540 220
1815550 221
1815560 221
1815570 221
1815580 220
1815590 220
1815600 220
1815610 220
1815620 219
1815630 219
1815640 219
1815650 219
1815660 219
1815670 219
1815680 219
1815690 219
1815700 218
1815710 218
1815720 218
1815730 218
1815740 218
1815750 217
1815760 216
1815770 216
1815780 217
1815790 218
1815800 219
1815810 218
1815820 218
1815830 218
1815840 218
1815850 218
1815860 218
1815870 218
1815880 218
1815890 219
1815900 219
1815910 219
1815920 219
1815930 220
1815940 220
1815950 220
1815960 220
1815970 220
1815980 220
1815990 220
1816000 220
1816010 219
1816020 219
1816030 219
1816040 219
1816050 219
1816060 219
1816070 219
1816080 219
1816090 219
1816100 219
1816110 219
1816120 219
1816130 219
1816140 219
1816150 219
1816160 218
1816170 218
1816180 219
1816190 219
1816200 219
1816210 218
1816220 218
1816230 218
1816240 218
1816250 218
1816260 218
1816270 218
1816280 218
1816290 218
1816300 219
1816310 219
1816320 219
1816330 219
1816340 219
1816350 219
1816360 219
1816370 218
1816380 219
1816390 219
1816400 218
1816410 218
1816420 218
1816430 218
1816440 218
1816450 218
1816460 218
1816470 218
1816480 218
1816490 218
1816500 218
1816510 218
1816520 218
1816530 218
1816540 218
1816550 218
1816560 218
1816570 218
1816580 218
1816590 218
1816600 218
1816610 218
1816620 218
1816630 218
1816640 218
1816650 218
1816660 218
1816670 218
1816680 218
1816690 218
1816700 218
1816710 218
1816720 218
1816730 218
1816740 218
1816750 218
1816760 217
1816770 217
1816780 217
1816790 217
1816800 217
1816810 217
1816820 217
1816830 217
1816840 217
1816850 217
1816860 217
1816870 217
1816880 217
1816890 217
1816900 217
1816910 217
1816920 217
1816930 217
1816940 217
1816950 217
1816960 217
1816970 217
1816980 217
1816990 217
1817000 217
1817010 217
1817020 217
1817030 217
1817040 217
1817050 217
1817060 217
1817070 217
1817080 217
1817090 217
1817100 216
1817110 216
1817120 216
1817130 216
1817140 216
1817150 216
1817160 216
1817170 216
1817180 216
1817190 216
1817200 216
1817210 216
1817220 216
1817230 216
1817240 216
1817250 216
1817260 215
1817270 215
1817280 215
1817290 215
1817300 215
1817310 215
1817320 215
1817330 215
1817340 215
1817350 215
1817360 215
1817370 215
1817380 215
1817390 215
1817400 215
1817410 215
1817420 215
1817430 215
1817440 215
1817450 215
1817460 215
1817470 215
1817480 215
1817490 215
1817500 215
1817510 215
1817520 215
1817530 215
1817540 215
1817550 215
1817560 215
1817570 215
1817580 215
1817590 215
1817600 215
1817610 215
1817620 215
1817630 215
1817640 215
1817650 215
1817660 215
1817670 215
1817680 215
1817690 215
1817700 215
1817710 215
1817720 215
1817730 215
1817740 215
1817750 215
1817760 215
1817770 215
1817780 215
1817790 215
1817800 215
1817810 215
1817820 215
1817830 214
1817840 215
1817850 215
1817860 215
1817870 215
1817880 215
1817890 215
1817900 215
1817910 215
1817920 215
1817930 215
1817940 215
1817950 215
1817960 215
1817970 215
1817980 215
1817990 214
1818000 214
1818010 214
1818020 214
1818030 214
1818040 214
1818050 214
1818060 214
1818070 214
1818080 214
1818090 214
1818100 214
1818110 214
1818120 214
1818130 214
1818140 214
1818150 214
1818160 214
1818170 214
1818180 214
1818190 214
1818200 214
1818210 214
1818220 214
1818230 214
1818240 214
1818250 214
1818260 214
1818270 213
1818280 213
1818290 213
1818300 213
1818310 213
1818320 213
1818330 213
1818340 213
1818350 213
1818360 213
1818370 213
1818380 213
1818390 213
1818400 214
1818410 214
1818420 214
1818430 214
1818440 214
1818450 214
1818460 214
1818470 214
1818480 214
1818490 214
1818500 213
1818510 213
1818520 213
1818530 213
1818540 213
1818550 213
1818560 213
1818570 213
1818580 213
1818590 213
1818600 213
1818610 213
1818620 213
1818630 213
1818640 213
1818650 213
1818660 213
1818670 213
1818680 212
1818690 212
1818700 212
1818710 212
1818720 212
1818730 212
1818740 212
1818750 212
1818760 212
1818770 212
1818780 212
1818790 212
1818800 212
1818810 212
1818820 212
1818830 212
1818840 212
1818850 212
1818860 212
1818870 212
1818880 212
1818890 212
1818900 212
1818910 212
1818920 212
1818930 212
1818940 212
1818950 212
1818960 212
1818970 212
1818980 211
1818990 211
1819000 211
1819010 211
1819020 211
1819030 211
1819040 211
1819050 211
1819060 211
1819070 211
1819080 211
1819090 211
1819100 211
1819110 211
1819120 211
1819130 211
1819140 211
1819150 211
1819160 211
1819170 211
1819180 211
1819190 211
1819200 211
1819210 211
1819220 211
1819230 211
1819240 211
1819250 212
1819260 212
1819270 212
1819280 211
1819290 211
1819300 211
1819310 211
1819320 211
1819330 211
1819340 211
1819350 211
1819360 211
1819370 211
1819380 211
1819390 211
1819400 211
1819410 211
1819420 211
1819430 211
1819440 211
1819450 210
1819460 210
1819470 210
1819480 210
1819490 210
1819500 210
1819510 210
1819520 210
1819530 210
1819540 210
1819550 210
1819560 210
1819570 210
1819580 210
1819590 210
1819600 210
1819610 210
1819620 210
1819630 210
1819640 210
1819650 210
1819660 210
1819670 210
1819680 210
1819690 210
1819700 210
1819710 210
1819720 210
1819730 210
1819740 210
1819750 209
1819760 209
1819770 209
1819780 209
1819790 209
1819800 209
1819810 209
1819820 209
1819830 209
1819840 209
1819850 209
1819860 209
1819870 209
1819880 209
1819890 209
1819900 209
1819910 209
1819920 209
1819930 209
1819940 210
1819950 210
1819960 210
1819970 210
1819980 210
1819990 210
