1800000 347
1800010 347
1800020 347
1800030 347
1800040 347
1800050 347
1800060 347
1800070 347
1800080 347
1800090 347
1800100 348
1800110 348
1800120 348
1800130 348
1800140 348
1800150 348
1800160 348
1800170 349
1800180 349
1800190 349
1800200 350
1800210 350
1800220 350
1800230 351
1800240 351
1800250 351
1800260 351
1800270 351
1800280 350
1800290 350
1800300 349
1800310 349
1800320 348
1800330 348
1800340 348
1800350 347
1800360 347
1800370 346
1800380 346
1800390 345
1800400 345
1800410 344
1800420 344
1800430 344
1800440 344
1800450 344
1800460 345
1800470 345
1800480 345
1800490 346
1800500 346
1800510 346
1800520 347
1800530 348
1800540 349
1800550 352
1800560 354
1800570 355
1800580 356
1800590 357
1800600 357
1800610 357
1800620 356
1800630 355
1800640 355
1800650 354
1800660 354
1800670 354
1800680 354
1800690 353
1800700 353
1800710 352
1800720 352
1800730 352
1800740 352
1800750 353
1800760 355
1800770 356
1800780 358
1800790 360
1800800 361
1800810 362
1800820 363
1800830 363
1800840 363
1800850 363
1800860 364
1800870 364
1800880 365
1800890 365
1800900 366
1800910 366
1800920 367
1800930 368
1800940 369
1800950 369
1800960 369
1800970 370
1800980 370
1800990 370
1801000 371
1801010 372
1801020 372
1801030 373
1801040 373
1801050 373
1801060 374
1801070 374
1801080 374
1801090 374
1801100 374
1801110 374
1801120 374
1801130 374
1801140 373
1801150 373
1801160 372
1801170 372
1801180 372
1801190 372
1801200 372
1801210 371
1801220 371
1801230 370
1801240 369
1801250 369
1801260 369
1801270 370
1801280 371
1801290 372
1801300 372
1801310 373
1801320 373
1801330 374
1801340 374
1801350 375
1801360 375
1801370 376
1801380 377
1801390 378
1801400 379
1801410 379
1801420 379
1801430 379
1801440 379
1801450 378
1801460 378
1801470 377
1801480 376
1801490 375
1801500 374
1801510 373
1801520 371
1801530 370
1801540 369
1801550 367
1801560 366
1801570 364
1801580 361
1801590 358
1801600 355
1801610 353
1801620 350
1801630 349
1801640 349
1801650 350
1801660 350
1801670 350
1801680 350
1801690 350
1801700 349
1801710 349
1801720 350
1801730 350
1801740 350
1801750 350
1801760 350
1801770 350
1801780 351
1801790 351
1801800 351
1801810 351
1801820 351
1801830 351
1801840 351
1801850 349
1801860 347
1801870 347
1801880 345
1801890 344
1801900 343
1801910 344
1801920 346
1801930 347
1801940 350
1801950 352
1801960 354
1801970 356
1801980 357
1801990 358
1802000 359
1802010 360
1802020 361
1802030 361
1802040 362
1802050 363
1802060 364
1802070 366
1802080 368
1802090 370
1802100 372
1802110 373
1802120 375
1802130 376
1802140 377
1802150 379
1802160 380
1802170 380
1802180 381
1802190 381
1802200 381
1802210 382
1802220 382
1802230 383
1802240 385
1802250 386
1802260 388
1802270 389
1802280 390
1802290 392
1802300 393
1802310 395
1802320 396
1802330 397
1802340 398
1802350 399
1802360 400
1802370 401
1802380 402
1802390 402
1802400 402
1802410 402
1802420 402
1802430 402
1802440 401
1802450 401
1802460 400
1802470 400
1802480 399
1802490 398
1802500 397
1802510 396
1802520 395
1802530 394
1802540 393
1802550 392
1802560 392
1802570 392
1802580 392
1802590 392
1802600 391
1802610 390
1802620 389
1802630 388
1802640 387
1802650 385
1802660 384
1802670 383
1802680 383
1802690 382
1802700 381
1802710 381
1802720 380
1802730 380
1802740 380
1802750 380
1802760 380
1802770 381
1802780 381
1802790 381
1802800 380
1802810 380
1802820 377
1802830 374
1802840 372
1802850 371
1802860 371
1802870 373
1802880 373
1802890 373
1802900 372
1802910 372
1802920 371
1802930 370
1802940 369
1802950 368
1802960 367
1802970 366
1802980 365
1802990 364
1803000 362
1803010 361
1803020 360
1803030 359
1803040 358
1803050 358
1803060 357
1803070 356
1803080 356
1803090 355
1803100 355
1803110 354
1803120 353
1803130 352
1803140 352
1803150 351
1803160 351
1803170 350
1803180 350
1803190 350
1803200 349
1803210 349
1803220 348
1803230 348
1803240 347
1803250 346
1803260 346
1803270 345
1803280 345
1803290 345
1803300 345
1803310 344
1803320 344
1803330 344
1803340 344
1803350 344
1803360 344
1803370 344
1803380 344
1803390 344
1803400 344
1803410 344
1803420 344
1803430 344
1803440 344
1803450 345
1803460 345
1803470 345
1803480 345
1803490 345
1803500 345
1803510 344
1803520 343
1803530 342
1803540 341
1803550 340
1803560 339
1803570 338
1803580 337
1803590 336
1803600 336
1803610 334
1803620 333
1803630 332
1803640 331
1803650 330
1803660 329
1803670 327
1803680 325
1803690 323
1803700 322
1803710 321
1803720 320
1803730 319
1803740 319
1803750 319
1803760 317
1803770 316
1803780 315
1803790 313
1803800 311
1803810 311
1803820 310
1803830 310
1803840 310
1803850 310
1803860 310
1803870 310
1803880 310
1803890 310
1803900 310
1803910 310
1803920 310
1803930 310
1803940 309
1803950 308
1803960 308
1803970 307
1803980 307
1803990 306
1804000 306
1804010 306
1804020 306
1804030 307
1804040 307
1804050 306
1804060 304
1804070 303
1804080 302
1804090 301
1804100 300
1804110 299
1804120 299
1804130 298
1804140 298
1804150 297
1804160 297
1804170 296
1804180 294
1804190 293
1804200 293
1804210 293
1804220 293
1804230 293
1804240 293
1804250 293
1804260 293
1804270 293
1804280 293
1804290 292
1804300 292
1804310 292
1804320 291
1804330 290
1804340 289
1804350 288
1804360 287
1804370 287
1804380 286
1804390 285
1804400 285
1804410 284
1804420 283
1804430 283
1804440 282
1804450 281
1804460 281
1804470 280
1804480 280
1804490 278
1804500 277
1804510 276
1804520 275
1804530 274
1804540 272
1804550 269
1804560 267
1804570 265
1804580 264
1804590 263
1804600 263
1804610 263
1804620 263
1804630 264
1804640 264
1804650 264
1804660 264
1804670 262
1804680 260
1804690 258
1804700 257
1804710 257
1804720 257
1804730 257
1804740 257
1804750 257
1804760 257
1804770 257
1804780 256
1804790 256
1804800 256
1804810 255
1804820 255
1804830 255
1804840 255
1804850 255
1804860 254
1804870 254
1804880 254
1804890 254
1804900 254
1804910 254
1804920 254
1804930 254
1804940 253
1804950 253
1804960 253
1804970 253
1804980 253
1804990 253
1805000 253
1805010 253
1805020 253
1805030 253
1805040 253
1805050 253
1805060 253
1805070 252
1805080 252
1805090 252
1805100 252
1805110 252
1805120 252
1805130 252
1805140 252
1805150 252
1805160 252
1805170 252
1805180 252
1805190 252
1805200 252
1805210 252
1805220 252
1805230 252
1805240 252
1805250 252
1805260 252
1805270 252
1805280 252
1805290 252
1805300 251
1805310 251
1805320 251
1805330 251
1805340 251
1805350 251
1805360 251
1805370 251
1805380 251
1805390 250
1805400 250
1805410 250
1805420 250
1805430 250
1805440 250
1805450 250
1805460 250
1805470 250
1805480 250
1805490 250
1805500 250
1805510 250
1805520 250
1805530 250
1805540 250
1805550 250
1805560 250
1805570 250
1805580 250
1805590 250
1805600 250
1805610 250
1805620 250
1805630 250
1805640 250
1805650 250
1805660 249
1805670 249
1805680 249
1805690 249
1805700 249
1805710 249
1805720 249
1805730 249
1805740 249
1805750 249
1805760 249
1805770 249
1805780 249
1805790 249
1805800 249
1805810 249
1805820 249
1805830 249
1805840 249
1805850 249
1805860 249
1805870 249
1805880 249
1805890 248
1805900 248
1805910 248
1805920 248
1805930 248
1805940 248
1805950 248
1805960 248
1805970 248
1805980 248
1805990 248
1806000 248
1806010 248
1806020 248
1806030 248
1806040 249
1806050 249
1806060 247
1806070 247
1806080 246
1806090 247
1806100 248
1806110 249
1806120 249
1806130 249
1806140 249
1806150 249
1806160 250
1806170 250
1806180 250
1806190 250
1806200 250
1806210 250
1806220 250
1806230 251
1806240 251
1806250 251
1806260 251
1806270 250
1806280 250
1806290 250
1806300 251
1806310 251
1806320 251
1806330 251
1806340 251
1806350 251
1806360 251
1806370 251
1806380 250
1806390 250
1806400 250
1806410 250
1806420 250
1806430 250
1806440 251
1806450 250
1806460 250
1806470 250
1806480 250
1806490 250
1806500 250
1806510 250
1806520 250
1806530 250
1806540 249
1806550 249
1806560 249
1806570 249
1806580 249
1806590 248
1806600 248
1806610 248
1806620 248
1806630 247
1806640 247
1806650 247
1806660 247
1806670 246
1806680 246
1806690 246
1806700 245
1806710 245
1806720 245
1806730 244
1806740 244
1806750 244
1806760 243
1806770 243
1806780 243
1806790 243
1806800 242
1806810 242
1806820 242
1806830 242
1806840 241
1806850 241
1806860 241
1806870 241
1806880 241
1806890 241
1806900 241
1806910 241
1806920 241
1806930 241
1806940 241
1806950 241
1806960 241
1806970 241
1806980 241
1806990 241
1807000 241
1807010 241
1807020 241
1807030 241
1807040 241
1807050 241
1807060 241
1807070 241
1807080 241
1807090 241
1807100 241
1807110 242
1807120 242
1807130 241
1807140 241
1807150 241
1807160 241
1807170 241
1807180 241
1807190 241
1807200 241
1807210 241
1807220 241
1807230 241
1807240 241
1807250 241
1807260 241
1807270 241
1807280 241
1807290 241
1807300 241
1807310 241
1807320 241
1807330 241
1807340 241
1807350 241
1807360 241
1807370 240
1807380 240
1807390 240
1807400 240
1807410 240
1807420 240
1807430 240
1807440 240
1807450 240
1807460 240
1807470 240
1807480 240
1807490 240
1807500 240
1807510 240
1807520 240
1807530 240
1807540 240
1807550 240
1807560 240
1807570 240
1807580 239
1807590 239
1807600 239
1807610 239
1807620 239
1807630 239
1807640 239
1807650 239
1807660 239
1807670 239
1807680 239
1807690 239
1807700 239
1807710 238
1807720 239
1807730 239
1807740 238
1807750 238
1807760 238
1807770 238
1807780 238
1807790 238
1807800 238
1807810 238
1807820 238
1807830 238
1807840 238
1807850 238
1807860 237
1807870 237
1807880 237
1807890 237
1807900 237
1807910 237
1807920 237
1807930 237
1807940 237
1807950 237
1807960 237
1807970 237
1807980 237
1807990 237
1808000 237
1808010 237
1808020 237
1808030 237
1808040 237
1808050 237
1808060 238
1808070 238
1808080 237
1808090 238
1808100 238
1808110 237
1808120 237
1808130 236
1808140 236
1808150 236
1808160 236
1808170 236
1808180 236
1808190 236
1808200 237
1808210 238
1808220 237
1808230 237
1808240 236
1808250 236
1808260 236
1808270 235
1808280 235
1808290 236
1808300 236
1808310 235
1808320 235
1808330 235
1808340 235
1808350 234
1808360 234
1808370 234
1808380 234
1808390 234
1808400 234
1808410 234
1808420 234
1808430 234
1808440 234
1808450 234
1808460 234
1808470 234
1808480 234
1808490 234
1808500 234
1808510 234
1808520 234
1808530 234
1808540 234
1808550 234
1808560 234
1808570 234
1808580 234
1808590 234
1808600 234
1808610 234
1808620 234
1808630 234
1808640 234
1808650 234
1808660 234
1808670 234
1808680 234
1808690 234
1808700 234
1808710 234
1808720 234
1808730 234
1808740 233
1808750 233
1808760 233
1808770 233
1808780 233
1808790 233
1808800 233
1808810 233
1808820 233
1808830 233
1808840 233
1808850 233
1808860 233
1808870 232
1808880 232
1808890 232
1808900 232
1808910 232
1808920 232
1808930 232
1808940 232
1808950 232
1808960 232
1808970 232
1808980 232
1808990 232
1809000 232
1809010 232
1809020 232
1809030 232
1809040 232
1809050 232
1809060 232
1809070 232
1809080 232
1809090 232
1809100 232
1809110 232
1809120 232
1809130 232
1809140 232
1809150 232
1809160 232
1809170 232
1809180 232
1809190 232
1809200 232
1809210 232
1809220 232
1809230 232
1809240 232
1809250 232
1809260 232
1809270 232
1809280 231
1809290 231
1809300 231
1809310 231
1809320 232
1809330 232
1809340 232
1809350 232
1809360 232
1809370 232
1809380 232
1809390 232
1809400 232
1809410 232
1809420 232
1809430 232
1809440 232
1809450 232
1809460 232
1809470 232
1809480 232
1809490 232
1809500 232
1809510 232
1809520 231
1809530 231
1809540 231
1809550 231
1809560 231
1809570 231
1809580 231
1809590 231
1809600 231
1809610 231
1809620 231
1809630 231
1809640 231
1809650 231
1809660 231
1809670 231
1809680 231
1809690 231
1809700 231
1809710 231
1809720 231
1809730 231
1809740 231
1809750 231
1809760 231
1809770 231
1809780 231
1809790 231
1809800 231
1809810 231
1809820 231
1809830 231
1809840 231
1809850 231
1809860 231
1809870 231
1809880 231
1809890 231
1809900 231
1809910 231
1809920 231
1809930 231
1809940 231
1809950 231
1809960 230
1809970 230
1809980 230
1809990 230
1810000 230
1810010 230
1810020 230
1810030 230
1810040 230
1810050 229
1810060 229
1810070 230
1810080 230
1810090 230
1810100 230
1810110 230
1810120 230
1810130 231
1810140 231
1810150 231
1810160 231
1810170 231
1810180 231
1810190 231
1810200 231
1810210 231
1810220 231
1810230 230
1810240 231
1810250 231
1810260 231
1810270 231
1810280 231
1810290 230
1810300 230
1810310 230
1810320 230
1810330 230
1810340 230
1810350 230
1810360 230
1810370 230
1810380 230
1810390 230
1810400 230
1810410 230
1810420 230
1810430 230
1810440 230
1810450 230
1810460 230
1810470 230
1810480 230
1810490 230
1810500 230
1810510 230
1810520 230
1810530 230
1810540 230
1810550 230
1810560 230
1810570 230
1810580 230
1810590 230
1810600 230
1810610 230
1810620 230
1810630 229
1810640 229
1810650 229
1810660 229
1810670 229
1810680 229
1810690 229
1810700 229
1810710 229
1810720 229
1810730 229
1810740 229
1810750 229
1810760 229
1810770 229
1810780 229
1810790 229
1810800 229
1810810 229
1810820 229
1810830 229
1810840 229
1810850 229
1810860 229
1810870 229
1810880 229
1810890 229
1810900 229
1810910 229
1810920 229
1810930 229
1810940 229
1810950 229
1810960 229
1810970 229
1810980 229
1810990 229
1811000 229
1811010 229
1811020 229
1811030 228
1811040 227
1811050 227
1811060 226
1811070 226
1811080 226
1811090 227
1811100 227
1811110 227
1811120 226
1811130 226
1811140 226
1811150 226
1811160 226
1811170 226
1811180 226
1811190 226
1811200 226
1811210 226
1811220 227
1811230 228
1811240 228
1811250 227
1811260 226
1811270 226
1811280 226
1811290 227
1811300 227
1811310 227
1811320 227
1811330 228
1811340 228
1811350 228
1811360 228
1811370 228
1811380 228
1811390 228
1811400 229
1811410 229
1811420 228
1811430 228
1811440 228
1811450 228
1811460 228
1811470 228
1811480 228
1811490 228
1811500 228
1811510 228
1811520 228
1811530 228
1811540 228
1811550 228
1811560 228
1811570 228
1811580 228
1811590 228
1811600 227
1811610 227
1811620 227
1811630 228
1811640 228
1811650 228
1811660 228
1811670 228
1811680 228
1811690 228
1811700 228
1811710 228
1811720 228
1811730 228
1811740 228
1811750 228
1811760 228
1811770 228
1811780 228
1811790 228
1811800 228
1811810 228
1811820 228
1811830 229
1811840 229
1811850 229
1811860 228
1811870 228
1811880 228
1811890 228
1811900 228
1811910 228
1811920 228
1811930 227
1811940 227
1811950 227
1811960 227
1811970 227
1811980 227
1811990 227
1812000 226
1812010 226
1812020 226
1812030 225
1812040 225
1812050 226
1812060 225
1812070 225
1812080 225
1812090 225
1812100 225
1812110 225
1812120 225
1812130 225
1812140 225
1812150 225
1812160 225
1812170 225
1812180 225
1812190 225
1812200 225
1812210 226
1812220 226
1812230 226
1812240 226
1812250 226
1812260 226
1812270 225
1812280 226
1812290 226
1812300 226
1812310 226
1812320 225
1812330 225
1812340 225
1812350 226
1812360 226
1812370 226
1812380 226
1812390 226
1812400 226
1812410 226
1812420 226
1812430 225
1812440 225
1812450 225
1812460 226
1812470 226
1812480 226
1812490 226
1812500 226
1812510 226
1812520 226
1812530 226
1812540 226
1812550 226
1812560 226
1812570 226
1812580 226
1812590 226
1812600 226
1812610 226
1812620 226
1812630 226
1812640 226
1812650 226
1812660 226
1812670 226
1812680 226
1812690 226
1812700 226
1812710 226
1812720 226
1812730 226
1812740 226
1812750 226
1812760 226
1812770 226
1812780 226
1812790 226
1812800 226
1812810 225
1812820 225
1812830 225
1812840 225
1812850 225
1812860 225
1812870 225
1812880 225
1812890 225
1812900 225
1812910 225
1812920 225
1812930 225
1812940 225
1812950 225
1812960 225
1812970 225
1812980 225
1812990 225
1813000 225
1813010 225
1813020 225
1813030 225
1813040 225
1813050 225
1813060 225
1813070 225
1813080 225
1813090 225
1813100 225
1813110 225
1813120 225
1813130 225
1813140 225
1813150 225
1813160 225
1813170 224
1813180 224
1813190 224
1813200 224
1813210 224
1813220 224
1813230 224
1813240 224
1813250 224
1813260 224
1813270 224
1813280 224
1813290 224
1813300 224
1813310 224
1813320 224
1813330 224
1813340 224
1813350 224
1813360 224
1813370 224
1813380 224
1813390 224
1813400 224
1813410 224
1813420 224
1813430 224
1813440 224
1813450 224
1813460 224
1813470 224
1813480 224
1813490 224
1813500 224
1813510 224
1813520 224
1813530 224
1813540 224
1813550 224
1813560 224
1813570 224
1813580 224
1813590 224
1813600 224
1813610 224
1813620 224
1813630 224
1813640 224
1813650 224
1813660 224
1813670 224
1813680 224
1813690 224
1813700 224
1813710 224
1813720 224
1813730 224
1813740 224
1813750 224
1813760 224
1813770 224
1813780 224
1813790 224
1813800 224
1813810 224
1813820 224
1813830 224
1813840 223
1813850 223
1813860 223
1813870 223
1813880 223
1813890 223
1813900 223
1813910 223
1813920 223
1813930 223
1813940 223
1813950 223
1813960 223
1813970 223
1813980 223
1813990 223
1814000 223
1814010 223
1814020 223
1814030 223
1814040 223
1814050 223
1814060 223
1814070 223
1814080 223
1814090 223
1814100 223
1814110 222
1814120 222
1814130 222
1814140 222
1814150 222
1814160 222
1814170 222
1814180 222
1814190 222
1814200 222
1814210 222
1814220 222
1814230 222
1814240 222
1814250 222
1814260 222
1814270 222
1814280 222
1814290 222
1814300 222
1814310 222
1814320 222
1814330 222
1814340 222
1814350 222
1814360 222
1814370 222
1814380 222
1814390 222
1814400 222
1814410 222
1814420 222
1814430 222
1814440 222
1814450 221
1814460 221
1814470 221
1814480 221
1814490 221
1814500 221
1814510 221
1814520 221
1814530 221
1814540 221
1814550 221
1814560 221
1814570 222
1814580 222
1814590 221
1814600 221
1814610 221
1814620 221
1814630 221
1814640 221
1814650 221
1814660 221
1814670 221
1814680 221
1814690 221
1814700 221
1814710 221
1814720 221
1814730 221
1814740 221
1814750 221
1814760 221
1814770 221
1814780 221
1814790 221
1814800 221
1814810 221
1814820 220
1814830 220
1814840 220
1814850 220
1814860 220
1814870 220
1814880 220
1814890 220
1814900 220
1814910 220
1814920 220
1814930 220
1814940 220
1814950 220
1814960 220
1814970 220
1814980 220
1814990 220
1815000 220
1815010 220
1815020 220
1815030 220
1815040 220
1815050 220
1815060 220
1815070 219
1815080 219
1815090 219
1815100 219
1815110 219
1815120 219
1815130 219
1815140 219
1815150 219
1815160 219
1815170 219
1815180 219
1815190 219
1815200 219
1815210 219
1815220 219
1815230 219
1815240 219
1815250 219
1815260 219
1815270 219
1815280 219
1815290 219
1815300 219
1815310 219
1815320 219
1815330 219
1815340 220
1815350 220
1815360 220
1815370 220
1815380 220
1815390 220
1815400 220
1815410 219
1815420 219
1815430 219
1815440 219
1815450 219
1815460 219
1815470 219
1815480 219
1815490 219
1815500 219
1815510 219
1815520 219
1815530 219
1815540 219
1815550 219
1815560 219
1815570 219
1815580 220
1815590 220
1815600 220
1815610 220
1815620 220
1815630 219
1815640 219
1815650 219
1815660 219
1815670 219
1815680 219
1815690 219
1815700 218
1815710 218
1815720 219
1815730 219
1815740 219
1815750 219
1815760 219
1815770 219
1815780 219
1815790 219
1815800 219
1815810 219
1815820 219
1815830 219
1815840 219
1815850 218
1815860 218
1815870 218
1815880 218
1815890 218
1815900 217
1815910 216
1815920 216
1815930 216
1815940 217
1815950 218
1815960 218
1815970 218
1815980 218
1815990 218
1816000 218
1816010 219
1816020 219
1816030 219
1816040 219
1816050 219
1816060 219
1816070 219
1816080 219
1816090 219
1816100 219
1816110 219
1816120 219
1816130 219
1816140 219
1816150 219
1816160 219
1816170 219
1816180 218
1816190 218
1816200 218
1816210 218
1816220 218
1816230 218
1816240 218
1816250 218
1816260 218
1816270 218
1816280 218
1816290 218
1816300 218
1816310 218
1816320 218
1816330 218
1816340 218
1816350 218
1816360 218
1816370 218
1816380 218
1816390 218
1816400 218
1816410 218
1816420 218
1816430 218
1816440 218
1816450 218
1816460 218
1816470 218
1816480 218
1816490 218
1816500 218
1816510 218
1816520 218
1816530 218
1816540 218
1816550 218
1816560 218
1816570 218
1816580 218
1816590 217
1816600 217
1816610 218
1816620 218
1816630 218
1816640 218
1816650 218
1816660 217
1816670 218
1816680 218
1816690 218
1816700 218
1816710 218
1816720 218
1816730 218
1816740 218
1816750 217
1816760 217
1816770 217
1816780 218
1816790 217
1816800 217
1816810 217
1816820 217
1816830 217
1816840 217
1816850 217
1816860 217
1816870 217
1816880 217
1816890 216
1816900 216
1816910 216
1816920 216
1816930 216
1816940 216
1816950 216
1816960 216
1816970 216
1816980 216
1816990 216
1817000 216
1817010 216
1817020 216
1817030 216
1817040 216
1817050 216
1817060 216
1817070 216
1817080 216
1817090 216
1817100 216
1817110 216
1817120 216
1817130 216
1817140 216
1817150 216
1817160 216
1817170 216
1817180 216
1817190 216
1817200 216
1817210 216
1817220 216
1817230 216
1817240 216
1817250 216
1817260 216
1817270 216
1817280 216
1817290 216
1817300 215
1817310 215
1817320 215
1817330 215
1817340 215
1817350 215
1817360 215
1817370 215
1817380 215
1817390 215
1817400 215
1817410 215
1817420 215
1817430 215
1817440 215
1817450 215
1817460 215
1817470 215
1817480 215
1817490 215
1817500 214
1817510 214
1817520 214
1817530 214
1817540 214
1817550 214
1817560 214
1817570 214
1817580 214
1817590 214
1817600 214
1817610 214
1817620 214
1817630 214
1817640 214
1817650 214
1817660 214
1817670 214
1817680 214
1817690 214
1817700 214
1817710 214
1817720 214
1817730 214
1817740 214
1817750 214
1817760 214
1817770 214
1817780 214
1817790 214
1817800 214
1817810 214
1817820 214
1817830 214
1817840 214
1817850 214
1817860 214
1817870 214
1817880 214
1817890 214
1817900 214
1817910 214
1817920 214
1817930 214
1817940 214
1817950 214
1817960 214
1817970 214
1817980 214
1817990 214
1818000 214
1818010 214
1818020 214
1818030 214
1818040 214
1818050 214
1818060 214
1818070 214
1818080 214
1818090 214
1818100 214
1818110 214
1818120 214
1818130 214
1818140 214
1818150 214
1818160 214
1818170 214
1818180 214
1818190 214
1818200 214
1818210 214
1818220 214
1818230 214
1818240 214
1818250 214
1818260 214
1818270 214
1818280 213
1818290 213
1818300 213
1818310 213
1818320 213
1818330 213
1818340 213
1818350 213
1818360 213
1818370 213
1818380 213
1818390 213
1818400 213
1818410 213
1818420 213
1818430 213
1818440 213
1818450 213
1818460 213
1818470 213
1818480 213
1818490 213
1818500 213
1818510 213
1818520 213
1818530 213
1818540 213
1818550 213
1818560 213
1818570 213
1818580 213
1818590 213
1818600 213
1818610 213
1818620 213
1818630 213
1818640 213
1818650 213
1818660 213
1818670 213
1818680 213
1818690 213
1818700 213
1818710 213
1818720 213
1818730 213
1818740 213
1818750 212
1818760 212
1818770 212
1818780 212
1818790 212
1818800 212
1818810 212
1818820 212
1818830 212
1818840 212
1818850 212
1818860 212
1818870 212
1818880 212
1818890 212
1818900 212
1818910 212
1818920 212
1818930 212
1818940 212
1818950 212
1818960 212
1818970 212
1818980 212
1818990 212
1819000 212
1819010 212
1819020 212
1819030 212
1819040 212
1819050 212
1819060 212
1819070 212
1819080 212
1819090 211
1819100 211
1819110 211
1819120 211
1819130 211
1819140 211
1819150 211
1819160 211
1819170 211
1819180 211
1819190 211
1819200 211
1819210 211
1819220 211
1819230 211
1819240 211
1819250 211
1819260 211
1819270 211
1819280 211
1819290 211
1819300 211
1819310 211
1819320 211
1819330 211
1819340 211
1819350 211
1819360 211
1819370 211
1819380 211
1819390 211
1819400 211
1819410 211
1819420 211
1819430 211
1819440 211
1819450 210
1819460 210
1819470 210
1819480 210
1819490 210
1819500 210
1819510 210
1819520 210
1819530 210
1819540 210
1819550 210
1819560 210
1819570 210
1819580 210
1819590 210
1819600 210
1819610 210
1819620 210
1819630 210
1819640 210
1819650 210
1819660 210
1819670 210
1819680 210
1819690 210
1819700 210
1819710 210
1819720 210
1819730 210
1819740 210
1819750 209
1819760 209
1819770 209
1819780 209
1819790 209
1819800 209
1819810 209
1819820 209
1819830 209
1819840 209
1819850 209
1819860 209
1819870 209
1819880 209
1819890 209
1819900 209
1819910 209
1819920 209
1819930 209
1819940 209
1819950 209
1819960 209
1819970 209
1819980 209
1819990 209
