1800000 464
1800010 463
1800020 463
1800030 462
1800040 461
1800050 460
1800060 459
1800070 458
1800080 458
1800090 457
1800100 457
1800110 456
1800120 455
1800130 455
1800140 454
1800150 453
1800160 453
1800170 452
1800180 451
1800190 450
1800200 449
1800210 449
1800220 448
1800230 447
1800240 447
1800250 446
1800260 445
1800270 445
1800280 444
1800290 444
1800300 443
1800310 443
1800320 443
1800330 443
1800340 442
1800350 442
1800360 442
1800370 442
1800380 441
1800390 441
1800400 441
1800410 441
1800420 441
1800430 441
1800440 441
1800450 442
1800460 442
1800470 443
1800480 443
1800490 444
1800500 444
1800510 445
1800520 445
1800530 446
1800540 446
1800550 447
1800560 448
1800570 449
1800580 450
1800590 451
1800600 452
1800610 453
1800620 454
1800630 455
1800640 456
1800650 457
1800660 458
1800670 459
1800680 461
1800690 462
1800700 463
1800710 463
1800720 464
1800730 464
1800740 464
1800750 465
1800760 465
1800770 466
1800780 466
1800790 466
1800800 465
1800810 464
1800820 464
1800830 463
1800840 463
1800850 462
1800860 462
1800870 462
1800880 462
1800890 462
1800900 461
1800910 461
1800920 461
1800930 461
1800940 461
1800950 461
1800960 461
1800970 461
1800980 461
1800990 461
1801000 461
1801010 461
1801020 461
1801030 461
1801040 461
1801050 461
1801060 461
1801070 461
1801080 462
1801090 462
1801100 462
1801110 463
1801120 463
1801130 464
1801140 465
1801150 466
1801160 467
1801170 468
1801180 469
1801190 469
1801200 470
1801210 470
1801220 470
1801230 470
1801240 471
1801250 471
1801260 470
1801270 470
1801280 470
1801290 470
1801300 470
1801310 469
1801320 469
1801330 468
1801340 468
1801350 468
1801360 468
1801370 467
1801380 467
1801390 467
1801400 466
1801410 466
1801420 465
1801430 465
1801440 465
1801450 465
1801460 465
1801470 465
1801480 465
1801490 465
1801500 465
1801510 465
1801520 465
1801530 465
1801540 465
1801550 465
1801560 465
1801570 465
1801580 465
1801590 465
1801600 465
1801610 465
1801620 465
1801630 465
1801640 465
1801650 465
1801660 464
1801670 464
1801680 464
1801690 464
1801700 464
1801710 464
1801720 464
1801730 464
1801740 464
1801750 465
1801760 466
1801770 466
1801780 466
1801790 466
1801800 466
1801810 466
1801820 466
1801830 466
1801840 466
1801850 467
1801860 467
1801870 467
1801880 467
1801890 466
1801900 466
1801910 466
1801920 466
1801930 466
1801940 466
1801950 466
1801960 466
1801970 466
1801980 466
1801990 466
1802000 466
1802010 467
1802020 467
1802030 467
1802040 467
1802050 466
1802060 465
1802070 464
1802080 464
1802090 463
1802100 463
1802110 462
1802120 462
1802130 462
1802140 462
1802150 461
1802160 461
1802170 461
1802180 460
1802190 460
1802200 460
1802210 460
1802220 460
1802230 460
1802240 460
1802250 460
1802260 459
1802270 459
1802280 459
1802290 459
1802300 458
1802310 457
1802320 456
1802330 456
1802340 456
1802350 456
1802360 456
1802370 456
1802380 456
1802390 455
1802400 455
1802410 454
1802420 454
1802430 453
1802440 453
1802450 453
1802460 453
1802470 453
1802480 453
1802490 453
1802500 453
1802510 453
1802520 453
1802530 453
1802540 452
1802550 451
1802560 451
1802570 450
1802580 451
1802590 452
1802600 453
1802610 454
1802620 455
1802630 456
1802640 456
1802650 457
1802660 457
1802670 458
1802680 458
1802690 459
1802700 459
1802710 459
1802720 459
1802730 459
1802740 459
1802750 459
1802760 460
1802770 461
1802780 462
1802790 463
1802800 464
1802810 464
1802820 465
1802830 466
1802840 466
1802850 466
1802860 466
1802870 467
1802880 467
1802890 467
1802900 467
1802910 468
1802920 468
1802930 468
1802940 467
1802950 467
1802960 467
1802970 467
1802980 467
1802990 466
1803000 466
1803010 465
1803020 465
1803030 464
1803040 463
1803050 462
1803060 461
1803070 460
1803080 458
1803090 457
1803100 456
1803110 455
1803120 453
1803130 451
1803140 448
1803150 446
1803160 445
1803170 443
1803180 442
1803190 440
1803200 439
1803210 438
1803220 437
1803230 436
1803240 435
1803250 433
1803260 431
1803270 429
1803280 426
1803290 423
1803300 420
1803310 417
1803320 415
1803330 413
1803340 411
1803350 408
1803360 406
1803370 403
1803380 401
1803390 399
1803400 397
1803410 395
1803420 393
1803430 391
1803440 389
1803450 388
1803460 387
1803470 386
1803480 385
1803490 384
1803500 383
1803510 381
1803520 380
1803530 379
1803540 377
1803550 376
1803560 375
1803570 373
1803580 372
1803590 371
1803600 370
1803610 369
1803620 368
1803630 367
1803640 365
1803650 364
1803660 363
1803670 362
1803680 361
1803690 360
1803700 358
1803710 357
1803720 356
1803730 354
1803740 353
1803750 351
1803760 350
1803770 348
1803780 346
1803790 344
1803800 342
1803810 341
1803820 339
1803830 337
1803840 335
1803850 333
1803860 331
1803870 330
1803880 329
1803890 327
1803900 325
1803910 323
1803920 322
1803930 320
1803940 319
1803950 317
1803960 315
1803970 313
1803980 311
1803990 309
1804000 307
1804010 306
1804020 304
1804030 303
1804040 302
1804050 301
1804060 300
1804070 299
1804080 297
1804090 296
1804100 294
1804110 293
1804120 292
1804130 290
1804140 289
1804150 288
1804160 287
1804170 286
1804180 285
1804190 285
1804200 284
1804210 284
1804220 283
1804230 283
1804240 283
1804250 283
1804260 282
1804270 281
1804280 280
1804290 279
1804300 279
1804310 278
1804320 277
1804330 276
1804340 275
1804350 274
1804360 274
1804370 273
1804380 272
1804390 272
1804400 271
1804410 271
1804420 270
1804430 269
1804440 269
1804450 268
1804460 267
1804470 267
1804480 267
1804490 266
1804500 266
1804510 266
1804520 266
1804530 266
1804540 265
1804550 265
1804560 265
1804570 265
1804580 264
1804590 264
1804600 264
1804610 264
1804620 264
1804630 263
1804640 263
1804650 263
1804660 263
1804670 263
1804680 262
1804690 262
1804700 262
1804710 262
1804720 262
1804730 262
1804740 261
1804750 261
1804760 261
1804770 261
1804780 261
1804790 261
1804800 261
1804810 261
1804820 261
1804830 260
1804840 260
1804850 260
1804860 260
1804870 260
1804880 259
1804890 259
1804900 259
1804910 259
1804920 259
1804930 258
1804940 258
1804950 258
1804960 258
1804970 258
1804980 258
1804990 258
1805000 257
1805010 257
1805020 257
1805030 257
1805040 257
1805050 257
1805060 257
1805070 257
1805080 256
1805090 256
1805100 256
1805110 256
1805120 256
1805130 256
1805140 255
1805150 255
1805160 255
1805170 255
1805180 255
1805190 255
1805200 255
1805210 254
1805220 254
1805230 254
1805240 254
1805250 254
1805260 254
1805270 254
1805280 253
1805290 253
1805300 253
1805310 253
1805320 253
1805330 252
1805340 252
1805350 252
1805360 252
1805370 252
1805380 251
1805390 251
1805400 251
1805410 251
1805420 251
1805430 251
1805440 251
1805450 251
1805460 250
1805470 250
1805480 250
1805490 250
1805500 250
1805510 249
1805520 249
1805530 249
1805540 249
1805550 248
1805560 248
1805570 248
1805580 248
1805590 248
1805600 248
1805610 248
1805620 248
1805630 248
1805640 248
1805650 247
1805660 246
1805670 246
1805680 246
1805690 246
1805700 246
1805710 246
1805720 246
1805730 246
1805740 246
1805750 246
1805760 246
1805770 246
1805780 246
1805790 246
1805800 245
1805810 245
1805820 245
1805830 245
1805840 245
1805850 245
1805860 245
1805870 245
1805880 245
1805890 245
1805900 245
1805910 245
1805920 245
1805930 244
1805940 244
1805950 244
1805960 244
1805970 244
1805980 244
1805990 244
1806000 243
1806010 243
1806020 242
1806030 242
1806040 242
1806050 242
1806060 242
1806070 242
1806080 242
1806090 242
1806100 242
1806110 242
1806120 241
1806130 241
1806140 241
1806150 241
1806160 241
1806170 241
1806180 241
1806190 241
1806200 240
1806210 240
1806220 240
1806230 240
1806240 240
1806250 240
1806260 240
1806270 240
1806280 240
1806290 240
1806300 240
1806310 240
1806320 240
1806330 240
1806340 240
1806350 240
1806360 239
1806370 239
1806380 239
1806390 239
1806400 238
1806410 238
1806420 238
1806430 238
1806440 238
1806450 238
1806460 238
1806470 238
1806480 238
1806490 238
1806500 238
1806510 238
1806520 238
1806530 238
1806540 238
1806550 238
1806560 238
1806570 238
1806580 238
1806590 238
1806600 238
1806610 238
1806620 238
1806630 238
1806640 238
1806650 238
1806660 238
1806670 238
1806680 238
1806690 238
1806700 238
1806710 238
1806720 238
1806730 238
1806740 238
1806750 237
1806760 237
1806770 237
1806780 237
1806790 237
1806800 237
1806810 237
1806820 237
1806830 237
1806840 237
1806850 237
1806860 237
1806870 237
1806880 237
1806890 237
1806900 237
1806910 237
1806920 237
1806930 237
1806940 237
1806950 237
1806960 237
1806970 237
1806980 237
1806990 236
1807000 236
1807010 236
1807020 236
1807030 236
1807040 236
1807050 236
1807060 236
1807070 236
1807080 236
1807090 235
1807100 235
1807110 235
1807120 235
1807130 235
1807140 235
1807150 235
1807160 235
1807170 235
1807180 235
1807190 235
1807200 235
1807210 234
1807220 234
1807230 234
1807240 234
1807250 234
1807260 234
1807270 234
1807280 234
1807290 234
1807300 233
1807310 233
1807320 233
1807330 233
1807340 233
1807350 233
1807360 233
1807370 233
1807380 233
1807390 233
1807400 233
1807410 233
1807420 233
1807430 233
1807440 233
1807450 233
1807460 233
1807470 233
1807480 233
1807490 233
1807500 233
1807510 233
1807520 233
1807530 233
1807540 233
1807550 233
1807560 233
1807570 233
1807580 233
1807590 233
1807600 233
1807610 233
1807620 233
1807630 233
1807640 233
1807650 233
1807660 233
1807670 233
1807680 233
1807690 233
1807700 232
1807710 232
1807720 232
1807730 232
1807740 232
1807750 232
1807760 232
1807770 232
1807780 232
1807790 232
1807800 232
1807810 232
1807820 232
1807830 232
1807840 232
1807850 232
1807860 232
1807870 233
1807880 234
1807890 235
1807900 235
1807910 233
1807920 232
1807930 231
1807940 231
1807950 231
1807960 231
1807970 231
1807980 231
1807990 231
1808000 231
1808010 231
1808020 231
1808030 231
1808040 231
1808050 231
1808060 231
1808070 231
1808080 231
1808090 231
1808100 231
1808110 231
1808120 231
1808130 231
1808140 231
1808150 231
1808160 231
1808170 231
1808180 231
1808190 231
1808200 231
1808210 231
1808220 231
1808230 231
1808240 231
1808250 231
1808260 231
1808270 231
1808280 231
1808290 231
1808300 231
1808310 231
1808320 232
1808330 232
1808340 232
1808350 232
1808360 232
1808370 232
1808380 232
1808390 232
1808400 233
1808410 232
1808420 232
1808430 232
1808440 232
1808450 231
1808460 231
1808470 230
1808480 230
1808490 230
1808500 230
1808510 230
1808520 230
1808530 229
1808540 229
1808550 229
1808560 230
1808570 230
1808580 229
1808590 230
1808600 230
1808610 230
1808620 230
1808630 230
1808640 230
1808650 229
1808660 229
1808670 229
1808680 229
1808690 229
1808700 229
1808710 229
1808720 229
1808730 229
1808740 229
1808750 229
1808760 229
1808770 229
1808780 229
1808790 229
1808800 229
1808810 229
1808820 228
1808830 228
1808840 228
1808850 228
1808860 228
1808870 228
1808880 228
1808890 228
1808900 228
1808910 228
1808920 228
1808930 228
1808940 228
1808950 228
1808960 228
1808970 228
1808980 228
1808990 228
1809000 228
1809010 228
1809020 228
1809030 228
1809040 228
1809050 228
1809060 228
1809070 228
1809080 228
1809090 228
1809100 228
1809110 228
1809120 228
1809130 228
1809140 228
1809150 228
1809160 228
1809170 228
1809180 228
1809190 228
1809200 228
1809210 228
1809220 228
1809230 228
1809240 228
1809250 228
1809260 228
1809270 228
1809280 227
1809290 227
1809300 227
1809310 227
1809320 227
1809330 227
1809340 227
1809350 227
1809360 227
1809370 227
1809380 227
1809390 227
1809400 227
1809410 227
1809420 227
1809430 227
1809440 227
1809450 227
1809460 227
1809470 227
1809480 227
1809490 227
1809500 227
1809510 227
1809520 227
1809530 227
1809540 227
1809550 228
1809560 227
1809570 227
1809580 227
1809590 227
1809600 227
1809610 227
1809620 227
1809630 227
1809640 227
1809650 227
1809660 227
1809670 227
1809680 227
1809690 227
1809700 227
1809710 227
1809720 227
1809730 227
1809740 227
1809750 227
1809760 227
1809770 227
1809780 227
1809790 227
1809800 227
1809810 227
1809820 227
1809830 227
1809840 227
1809850 227
1809860 227
1809870 227
1809880 226
1809890 226
1809900 226
1809910 227
1809920 227
1809930 227
1809940 227
1809950 227
1809960 226
1809970 226
1809980 226
1809990 226
1810000 226
1810010 226
1810020 226
1810030 226
1810040 226
1810050 226
1810060 226
1810070 226
1810080 226
1810090 226
1810100 226
1810110 226
1810120 226
1810130 226
1810140 226
1810150 226
1810160 226
1810170 226
1810180 226
1810190 226
1810200 226
1810210 226
1810220 226
1810230 226
1810240 226
1810250 226
1810260 226
1810270 226
1810280 226
1810290 226
1810300 226
1810310 226
1810320 226
1810330 226
1810340 226
1810350 226
1810360 225
1810370 225
1810380 226
1810390 226
1810400 226
1810410 226
1810420 226
1810430 226
1810440 226
1810450 226
1810460 226
1810470 226
1810480 226
1810490 226
1810500 226
1810510 226
1810520 226
1810530 226
1810540 226
1810550 226
1810560 226
1810570 226
1810580 226
1810590 226
1810600 226
1810610 226
1810620 225
1810630 225
1810640 226
1810650 225
1810660 225
1810670 225
1810680 225
1810690 225
1810700 225
1810710 225
1810720 225
1810730 225
1810740 225
1810750 225
1810760 225
1810770 225
1810780 225
1810790 225
1810800 225
1810810 225
1810820 225
1810830 225
1810840 225
1810850 225
1810860 225
1810870 225
1810880 225
1810890 225
1810900 225
1810910 225
1810920 225
1810930 225
1810940 225
1810950 225
1810960 225
1810970 225
1810980 225
1810990 225
1811000 225
1811010 225
1811020 225
1811030 225
1811040 225
1811050 225
1811060 225
1811070 225
1811080 225
1811090 225
1811100 225
1811110 225
1811120 225
1811130 225
1811140 225
1811150 225
1811160 225
1811170 225
1811180 225
1811190 225
1811200 225
1811210 225
1811220 225
1811230 225
1811240 225
1811250 225
1811260 225
1811270 225
1811280 225
1811290 225
1811300 225
1811310 225
1811320 225
1811330 225
1811340 225
1811350 225
1811360 225
1811370 225
1811380 225
1811390 224
1811400 224
1811410 224
1811420 224
1811430 224
1811440 224
1811450 224
1811460 224
1811470 224
1811480 224
1811490 224
1811500 224
1811510 224
1811520 224
1811530 224
1811540 224
1811550 224
1811560 224
1811570 224
1811580 224
1811590 224
1811600 224
1811610 224
1811620 224
1811630 224
1811640 224
1811650 224
1811660 224
1811670 224
1811680 224
1811690 224
1811700 224
1811710 224
1811720 224
1811730 224
1811740 224
1811750 224
1811760 224
1811770 224
1811780 224
1811790 224
1811800 224
1811810 224
1811820 224
1811830 224
1811840 224
1811850 224
1811860 224
1811870 224
1811880 224
1811890 224
1811900 224
1811910 224
1811920 224
1811930 224
1811940 224
1811950 224
1811960 224
1811970 224
1811980 224
1811990 224
1812000 224
1812010 224
1812020 224
1812030 224
1812040 224
1812050 224
1812060 224
1812070 224
1812080 224
1812090 224
1812100 224
1812110 224
1812120 224
1812130 224
1812140 224
1812150 224
1812160 224
1812170 224
1812180 224
1812190 224
1812200 224
1812210 224
1812220 224
1812230 224
1812240 224
1812250 224
1812260 224
1812270 223
1812280 223
1812290 223
1812300 223
1812310 224
1812320 224
1812330 224
1812340 224
1812350 224
1812360 224
1812370 223
1812380 223
1812390 223
1812400 223
1812410 223
1812420 223
1812430 223
1812440 223
1812450 223
1812460 223
1812470 223
1812480 223
1812490 223
1812500 223
1812510 223
1812520 223
1812530 223
1812540 223
1812550 222
1812560 222
1812570 222
1812580 223
1812590 223
1812600 223
1812610 223
1812620 223
1812630 223
1812640 222
1812650 222
1812660 222
1812670 222
1812680 222
1812690 222
1812700 222
1812710 222
1812720 222
1812730 222
1812740 222
1812750 222
1812760 222
1812770 222
1812780 222
1812790 222
1812800 222
1812810 222
1812820 222
1812830 222
1812840 222
1812850 222
1812860 222
1812870 222
1812880 222
1812890 222
1812900 222
1812910 222
1812920 222
1812930 222
1812940 222
1812950 222
1812960 222
1812970 222
1812980 222
1812990 222
1813000 222
1813010 222
1813020 222
1813030 222
1813040 222
1813050 222
1813060 222
1813070 222
1813080 222
1813090 222
1813100 222
1813110 221
1813120 221
1813130 221
1813140 221
1813150 221
1813160 221
1813170 221
1813180 221
1813190 221
1813200 221
1813210 221
1813220 221
1813230 221
1813240 221
1813250 221
1813260 221
1813270 221
1813280 221
1813290 221
1813300 221
1813310 221
1813320 221
1813330 221
1813340 221
1813350 221
1813360 221
1813370 221
1813380 221
1813390 221
1813400 221
1813410 221
1813420 221
1813430 221
1813440 221
1813450 221
1813460 221
1813470 221
1813480 221
1813490 221
1813500 221
1813510 221
1813520 221
1813530 221
1813540 220
1813550 220
1813560 220
1813570 220
1813580 220
1813590 220
1813600 220
1813610 220
1813620 220
1813630 220
1813640 220
1813650 220
1813660 220
1813670 220
1813680 220
1813690 220
1813700 220
1813710 220
1813720 220
1813730 220
1813740 220
1813750 220
1813760 220
1813770 220
1813780 220
1813790 220
1813800 220
1813810 220
1813820 220
1813830 220
1813840 220
1813850 220
1813860 220
1813870 220
1813880 220
1813890 220
1813900 220
1813910 220
1813920 220
1813930 220
1813940 220
1813950 220
1813960 220
1813970 220
1813980 220
1813990 220
1814000 220
1814010 220
1814020 220
1814030 220
1814040 220
1814050 220
1814060 220
1814070 220
1814080 220
1814090 220
1814100 220
1814110 219
1814120 219
1814130 219
1814140 219
1814150 219
1814160 219
1814170 219
1814180 219
1814190 219
1814200 219
1814210 219
1814220 219
1814230 219
1814240 219
1814250 219
1814260 219
1814270 219
1814280 219
1814290 219
1814300 219
1814310 219
1814320 219
1814330 219
1814340 219
1814350 219
1814360 219
1814370 219
1814380 219
1814390 219
1814400 219
1814410 219
1814420 219
1814430 219
1814440 219
1814450 219
1814460 218
1814470 218
1814480 218
1814490 218
1814500 218
1814510 218
1814520 218
1814530 218
1814540 218
1814550 218
1814560 218
1814570 218
1814580 218
1814590 219
1814600 218
1814610 218
1814620 218
1814630 218
1814640 218
1814650 218
1814660 218
1814670 218
1814680 218
1814690 218
1814700 218
1814710 218
1814720 218
1814730 218
1814740 218
1814750 218
1814760 218
1814770 217
1814780 218
1814790 218
1814800 218
1814810 218
1814820 218
1814830 218
1814840 218
1814850 218
1814860 218
1814870 218
1814880 218
1814890 218
1814900 218
1814910 218
1814920 218
1814930 218
1814940 218
1814950 218
1814960 218
1814970 218
1814980 218
1814990 218
1815000 218
1815010 218
1815020 218
1815030 219
1815040 218
1815050 219
1815060 220
1815070 222
1815080 222
1815090 222
1815100 221
1815110 220
1815120 219
1815130 218
1815140 219
1815150 219
1815160 219
1815170 219
1815180 219
1815190 219
1815200 219
1815210 219
1815220 219
1815230 219
1815240 220
1815250 221
1815260 220
1815270 219
1815280 218
1815290 218
1815300 217
1815310 217
1815320 216
1815330 216
1815340 216
1815350 216
1815360 217
1815370 217
1815380 217
1815390 218
1815400 219
1815410 219
1815420 218
1815430 217
1815440 216
1815450 215
1815460 215
1815470 214
1815480 214
1815490 213
1815500 213
1815510 213
1815520 213
1815530 213
1815540 213
1815550 214
1815560 214
1815570 214
1815580 214
1815590 214
1815600 214
1815610 214
1815620 213
1815630 212
1815640 212
1815650 212
1815660 212
1815670 212
1815680 212
1815690 212
1815700 212
1815710 212
1815720 212
1815730 212
1815740 212
1815750 212
1815760 212
1815770 213
1815780 214
1815790 215
1815800 216
1815810 217
1815820 217
1815830 217
1815840 217
1815850 217
1815860 217
1815870 217
1815880 217
1815890 217
1815900 217
1815910 217
1815920 217
1815930 217
1815940 217
1815950 217
1815960 217
1815970 217
1815980 217
1815990 217
1816000 216
1816010 216
1816020 216
1816030 216
1816040 216
1816050 216
1816060 216
1816070 216
1816080 216
1816090 216
1816100 216
1816110 216
1816120 216
1816130 216
1816140 216
1816150 216
1816160 216
1816170 216
1816180 216
1816190 216
1816200 216
1816210 216
1816220 216
1816230 216
1816240 216
1816250 216
1816260 216
1816270 216
1816280 216
1816290 216
1816300 216
1816310 216
1816320 216
1816330 216
1816340 216
1816350 216
1816360 216
1816370 216
1816380 216
1816390 216
1816400 216
1816410 216
1816420 216
1816430 216
1816440 216
1816450 216
1816460 216
1816470 216
1816480 216
1816490 216
1816500 216
1816510 215
1816520 215
1816530 214
1816540 214
1816550 214
1816560 215
1816570 215
1816580 215
1816590 215
1816600 216
1816610 216
1816620 215
1816630 215
1816640 215
1816650 215
1816660 215
1816670 215
1816680 215
1816690 214
1816700 214
1816710 214
1816720 214
1816730 214
1816740 214
1816750 214
1816760 214
1816770 215
1816780 215
1816790 215
1816800 215
1816810 215
1816820 214
1816830 214
1816840 214
1816850 214
1816860 214
1816870 214
1816880 214
1816890 213
1816900 213
1816910 213
1816920 212
1816930 211
1816940 211
1816950 212
1816960 213
1816970 213
1816980 213
1816990 212
1817000 212
1817010 212
1817020 212
1817030 212
1817040 212
1817050 213
1817060 213
1817070 214
1817080 214
1817090 214
1817100 214
1817110 214
1817120 214
1817130 214
1817140 214
1817150 214
1817160 214
1817170 214
1817180 214
1817190 214
1817200 214
1817210 214
1817220 214
1817230 213
1817240 213
1817250 213
1817260 213
1817270 213
1817280 213
1817290 213
1817300 213
1817310 213
1817320 213
1817330 213
1817340 213
1817350 213
1817360 213
1817370 213
1817380 213
1817390 213
1817400 213
1817410 213
1817420 213
1817430 213
1817440 213
1817450 213
1817460 213
1817470 213
1817480 213
1817490 213
1817500 213
1817510 213
1817520 213
1817530 213
1817540 213
1817550 212
1817560 212
1817570 212
1817580 213
1817590 213
1817600 213
1817610 213
1817620 213
1817630 213
1817640 213
1817650 212
1817660 212
1817670 212
1817680 212
1817690 212
1817700 212
1817710 212
1817720 212
1817730 212
1817740 212
1817750 212
1817760 212
1817770 212
1817780 212
1817790 212
1817800 212
1817810 212
1817820 211
1817830 212
1817840 212
1817850 212
1817860 211
1817870 212
1817880 212
1817890 212
1817900 212
1817910 212
1817920 212
1817930 212
1817940 212
1817950 212
1817960 212
1817970 212
1817980 212
1817990 212
1818000 212
1818010 212
1818020 212
1818030 212
1818040 212
1818050 212
1818060 212
1818070 212
1818080 212
1818090 212
1818100 212
1818110 211
1818120 211
1818130 211
1818140 211
1818150 211
1818160 211
1818170 211
1818180 211
1818190 211
1818200 211
1818210 211
1818220 211
1818230 211
1818240 211
1818250 211
1818260 211
1818270 211
1818280 211
1818290 211
1818300 211
1818310 211
1818320 211
1818330 211
1818340 211
1818350 211
1818360 211
1818370 211
1818380 211
1818390 211
1818400 211
1818410 211
1818420 211
1818430 211
1818440 211
1818450 211
1818460 211
1818470 211
1818480 211
1818490 211
1818500 211
1818510 211
1818520 211
1818530 211
1818540 211
1818550 211
1818560 211
1818570 211
1818580 210
1818590 210
1818600 210
1818610 210
1818620 210
1818630 210
1818640 210
1818650 210
1818660 210
1818670 210
1818680 210
1818690 210
1818700 210
1818710 211
1818720 210
1818730 210
1818740 210
1818750 210
1818760 210
1818770 210
1818780 210
1818790 210
1818800 210
1818810 210
1818820 210
1818830 210
1818840 210
1818850 210
1818860 210
1818870 210
1818880 210
1818890 210
1818900 210
1818910 210
1818920 210
1818930 210
1818940 210
1818950 210
1818960 210
1818970 210
1818980 210
1818990 210
1819000 210
1819010 210
1819020 210
1819030 210
1819040 210
1819050 210
1819060 210
1819070 210
1819080 210
1819090 210
1819100 210
1819110 210
1819120 210
1819130 210
1819140 210
1819150 210
1819160 210
1819170 210
1819180 210
1819190 210
1819200 210
1819210 210
1819220 210
1819230 210
1819240 210
1819250 209
1819260 209
1819270 209
1819280 209
1819290 209
1819300 209
1819310 209
1819320 209
1819330 209
1819340 209
1819350 209
1819360 209
1819370 209
1819380 209
1819390 209
1819400 209
1819410 209
1819420 209
1819430 209
1819440 209
1819450 209
1819460 209
1819470 209
1819480 209
1819490 209
1819500 209
1819510 209
1819520 209
1819530 209
1819540 209
1819550 209
1819560 209
1819570 209
1819580 209
1819590 209
1819600 209
1819610 209
1819620 209
1819630 209
1819640 209
1819650 209
1819660 209
1819670 209
1819680 209
1819690 209
1819700 209
1819710 209
1819720 209
1819730 209
1819740 208
1819750 208
1819760 208
1819770 208
1819780 208
1819790 208
1819800 208
1819810 208
1819820 208
1819830 208
1819840 208
1819850 208
1819860 208
1819870 208
1819880 208
1819890 208
1819900 208
1819910 208
1819920 208
1819930 208
1819940 207
1819950 207
1819960 207
1819970 207
1819980 207
1819990 207
