1800000 484
1800010 486
1800020 488
1800030 490
1800040 492
1800050 494
1800060 496
1800070 498
1800080 500
1800090 502
1800100 504
1800110 506
1800120 507
1800130 509
1800140 512
1800150 515
1800160 519
1800170 522
1800180 526
1800190 528
1800200 530
1800210 531
1800220 533
1800230 533
1800240 533
1800250 532
1800260 531
1800270 531
1800280 530
1800290 529
1800300 528
1800310 527
1800320 525
1800330 523
1800340 520
1800350 517
1800360 514
1800370 511
1800380 508
1800390 505
1800400 502
1800410 500
1800420 497
1800430 494
1800440 490
1800450 486
1800460 483
1800470 480
1800480 478
1800490 477
1800500 477
1800510 477
1800520 477
1800530 478
1800540 478
1800550 479
1800560 481
1800570 483
1800580 485
1800590 488
1800600 490
1800610 493
1800620 496
1800630 498
1800640 500
1800650 502
1800660 504
1800670 507
1800680 509
1800690 511
1800700 513
1800710 514
1800720 514
1800730 514
1800740 514
1800750 514
1800760 513
1800770 513
1800780 512
1800790 512
1800800 511
1800810 511
1800820 510
1800830 510
1800840 509
1800850 509
1800860 509
1800870 508
1800880 508
1800890 507
1800900 507
1800910 506
1800920 505
1800930 504
1800940 503
1800950 502
1800960 501
1800970 500
1800980 499
1800990 498
1801000 497
1801010 497
1801020 496
1801030 495
1801040 494
1801050 493
1801060 493
1801070 492
1801080 491
1801090 491
1801100 490
1801110 490
1801120 489
1801130 487
1801140 486
1801150 484
1801160 483
1801170 482
1801180 481
1801190 481
1801200 480
1801210 479
1801220 477
1801230 476
1801240 475
1801250 475
1801260 474
1801270 473
1801280 472
1801290 472
1801300 471
1801310 470
1801320 469
1801330 468
1801340 468
1801350 467
1801360 467
1801370 466
1801380 465
1801390 465
1801400 463
1801410 463
1801420 462
1801430 461
1801440 460
1801450 459
1801460 457
1801470 456
1801480 455
1801490 454
1801500 453
1801510 452
1801520 451
1801530 450
1801540 449
1801550 449
1801560 449
1801570 448
1801580 447
1801590 446
1801600 446
1801610 445
1801620 446
1801630 446
1801640 447
1801650 447
1801660 447
1801670 447
1801680 447
1801690 447
1801700 447
1801710 447
1801720 446
1801730 445
1801740 444
1801750 443
1801760 443
1801770 443
1801780 443
1801790 442
1801800 441
1801810 441
1801820 440
1801830 440
1801840 439
1801850 438
1801860 435
1801870 432
1801880 428
1801890 426
1801900 425
1801910 424
1801920 424
1801930 426
1801940 427
1801950 429
1801960 431
1801970 432
1801980 432
1801990 433
1802000 433
1802010 433
1802020 433
1802030 433
1802040 432
1802050 432
1802060 432
1802070 431
1802080 431
1802090 431
1802100 432
1802110 433
1802120 435
1802130 436
1802140 437
1802150 438
1802160 439
1802170 438
1802180 438
1802190 437
1802200 437
1802210 436
1802220 434
1802230 432
1802240 430
1802250 427
1802260 424
1802270 421
1802280 417
1802290 414
1802300 412
1802310 411
1802320 409
1802330 408
1802340 407
1802350 406
1802360 406
1802370 406
1802380 406
1802390 406
1802400 406
1802410 406
1802420 406
1802430 406
1802440 406
1802450 405
1802460 405
1802470 403
1802480 402
1802490 401
1802500 400
1802510 399
1802520 398
1802530 397
1802540 396
1802550 396
1802560 395
1802570 394
1802580 394
1802590 393
1802600 392
1802610 391
1802620 391
1802630 390
1802640 390
1802650 390
1802660 389
1802670 389
1802680 389
1802690 389
1802700 388
1802710 388
1802720 388
1802730 388
1802740 389
1802750 389
1802760 389
1802770 390
1802780 390
1802790 390
1802800 390
1802810 389
1802820 389
1802830 389
1802840 389
1802850 388
1802860 388
1802870 388
1802880 388
1802890 388
1802900 388
1802910 387
1802920 386
1802930 385
1802940 385
1802950 384
1802960 384
1802970 383
1802980 383
1802990 383
1803000 382
1803010 382
1803020 382
1803030 382
1803040 382
1803050 382
1803060 381
1803070 381
1803080 381
1803090 380
1803100 380
1803110 379
1803120 379
1803130 378
1803140 378
1803150 377
1803160 376
1803170 376
1803180 375
1803190 374
1803200 373
1803210 372
1803220 371
1803230 370
1803240 369
1803250 368
1803260 367
1803270 366
1803280 365
1803290 364
1803300 363
1803310 362
1803320 362
1803330 361
1803340 360
1803350 359
1803360 358
1803370 357
1803380 356
1803390 355
1803400 354
1803410 353
1803420 352
1803430 351
1803440 350
1803450 349
1803460 349
1803470 348
1803480 347
1803490 346
1803500 345
1803510 344
1803520 343
1803530 342
1803540 341
1803550 340
1803560 339
1803570 338
1803580 336
1803590 335
1803600 334
1803610 333
1803620 332
1803630 332
1803640 331
1803650 330
1803660 328
1803670 324
1803680 321
1803690 320
1803700 319
1803710 319
1803720 319
1803730 317
1803740 317
1803750 316
1803760 315
1803770 313
1803780 312
1803790 311
1803800 310
1803810 308
1803820 307
1803830 306
1803840 306
1803850 305
1803860 304
1803870 303
1803880 302
1803890 301
1803900 300
1803910 299
1803920 299
1803930 298
1803940 296
1803950 295
1803960 294
1803970 292
1803980 291
1803990 290
1804000 290
1804010 289
1804020 288
1804030 287
1804040 286
1804050 285
1804060 284
1804070 284
1804080 283
1804090 282
1804100 282
1804110 281
1804120 281
1804130 280
1804140 280
1804150 280
1804160 279
1804170 278
1804180 277
1804190 276
1804200 276
1804210 275
1804220 275
1804230 275
1804240 274
1804250 274
1804260 273
1804270 273
1804280 273
1804290 272
1804300 272
1804310 272
1804320 271
1804330 271
1804340 271
1804350 270
1804360 270
1804370 270
1804380 270
1804390 270
1804400 269
1804410 269
1804420 269
1804430 269
1804440 268
1804450 268
1804460 267
1804470 267
1804480 266
1804490 266
1804500 265
1804510 265
1804520 265
1804530 264
1804540 264
1804550 263
1804560 263
1804570 262
1804580 261
1804590 261
1804600 260
1804610 260
1804620 260
1804630 259
1804640 259
1804650 258
1804660 258
1804670 258
1804680 257
1804690 257
1804700 257
1804710 256
1804720 256
1804730 256
1804740 255
1804750 255
1804760 255
1804770 254
1804780 254
1804790 254
1804800 254
1804810 253
1804820 253
1804830 253
1804840 253
1804850 252
1804860 252
1804870 251
1804880 251
1804890 251
1804900 251
1804910 250
1804920 250
1804930 250
1804940 250
1804950 250
1804960 250
1804970 249
1804980 249
1804990 249
1805000 249
1805010 249
1805020 249
1805030 249
1805040 249
1805050 249
1805060 249
1805070 249
1805080 249
1805090 249
1805100 249
1805110 249
1805120 249
1805130 249
1805140 249
1805150 249
1805160 249
1805170 249
1805180 249
1805190 249
1805200 249
1805210 249
1805220 249
1805230 249
1805240 249
1805250 249
1805260 249
1805270 249
1805280 249
1805290 249
1805300 249
1805310 249
1805320 249
1805330 249
1805340 248
1805350 248
1805360 248
1805370 248
1805380 248
1805390 248
1805400 247
1805410 247
1805420 247
1805430 247
1805440 247
1805450 247
1805460 247
1805470 246
1805480 246
1805490 246
1805500 246
1805510 246
1805520 245
1805530 245
1805540 244
1805550 244
1805560 244
1805570 244
1805580 243
1805590 243
1805600 243
1805610 243
1805620 242
1805630 242
1805640 242
1805650 242
1805660 242
1805670 242
1805680 242
1805690 242
1805700 242
1805710 242
1805720 242
1805730 242
1805740 242
1805750 242
1805760 242
1805770 242
1805780 242
1805790 241
1805800 241
1805810 241
1805820 241
1805830 242
1805840 242
1805850 242
1805860 242
1805870 242
1805880 242
1805890 242
1805900 242
1805910 242
1805920 242
1805930 242
1805940 242
1805950 242
1805960 242
1805970 242
1805980 242
1805990 242
1806000 242
1806010 243
1806020 243
1806030 243
1806040 242
1806050 242
1806060 242
1806070 242
1806080 241
1806090 240
1806100 240
1806110 239
1806120 239
1806130 238
1806140 238
1806150 237
1806160 238
1806170 238
1806180 239
1806190 239
1806200 239
1806210 239
1806220 239
1806230 239
1806240 239
1806250 239
1806260 238
1806270 238
1806280 238
1806290 236
1806300 234
1806310 232
1806320 232
1806330 232
1806340 232
1806350 232
1806360 232
1806370 232
1806380 232
1806390 232
1806400 232
1806410 232
1806420 232
1806430 232
1806440 232
1806450 231
1806460 231
1806470 230
1806480 230
1806490 230
1806500 230
1806510 230
1806520 231
1806530 232
1806540 233
1806550 233
1806560 234
1806570 234
1806580 234
1806590 235
1806600 235
1806610 234
1806620 234
1806630 233
1806640 233
1806650 232
1806660 231
1806670 230
1806680 229
1806690 229
1806700 229
1806710 229
1806720 229
1806730 229
1806740 229
1806750 229
1806760 229
1806770 229
1806780 229
1806790 229
1806800 229
1806810 229
1806820 229
1806830 229
1806840 229
1806850 229
1806860 229
1806870 229
1806880 230
1806890 230
1806900 230
1806910 230
1806920 230
1806930 230
1806940 230
1806950 230
1806960 230
1806970 231
1806980 231
1806990 231
1807000 231
1807010 231
1807020 232
1807030 233
1807040 234
1807050 234
1807060 235
1807070 234
1807080 234
1807090 235
1807100 235
1807110 234
1807120 234
1807130 234
1807140 235
1807150 235
1807160 234
1807170 234
1807180 233
1807190 232
1807200 231
1807210 231
1807220 232
1807230 232
1807240 232
1807250 230
1807260 229
1807270 228
1807280 228
1807290 228
1807300 228
1807310 228
1807320 228
1807330 228
1807340 228
1807350 228
1807360 228
1807370 228
1807380 228
1807390 228
1807400 228
1807410 228
1807420 228
1807430 227
1807440 227
1807450 227
1807460 227
1807470 227
1807480 227
1807490 227
1807500 227
1807510 227
1807520 227
1807530 227
1807540 227
1807550 227
1807560 227
1807570 227
1807580 227
1807590 226
1807600 226
1807610 227
1807620 226
1807630 226
1807640 226
1807650 226
1807660 226
1807670 226
1807680 226
1807690 226
1807700 226
1807710 226
1807720 225
1807730 225
1807740 225
1807750 225
1807760 225
1807770 225
1807780 225
1807790 226
1807800 226
1807810 226
1807820 226
1807830 226
1807840 226
1807850 225
1807860 225
1807870 225
1807880 225
1807890 225
1807900 225
1807910 225
1807920 225
1807930 225
1807940 225
1807950 225
1807960 225
1807970 225
1807980 225
1807990 225
1808000 225
1808010 225
1808020 225
1808030 225
1808040 225
1808050 226
1808060 226
1808070 226
1808080 226
1808090 226
1808100 226
1808110 226
1808120 226
1808130 226
1808140 226
1808150 225
1808160 225
1808170 225
1808180 225
1808190 225
1808200 225
1808210 225
1808220 225
1808230 225
1808240 225
1808250 225
1808260 225
1808270 225
1808280 225
1808290 225
1808300 225
1808310 225
1808320 225
1808330 225
1808340 225
1808350 225
1808360 225
1808370 226
1808380 226
1808390 226
1808400 226
1808410 226
1808420 227
1808430 227
1808440 227
1808450 227
1808460 227
1808470 226
1808480 226
1808490 226
1808500 225
1808510 225
1808520 225
1808530 225
1808540 225
1808550 225
1808560 225
1808570 224
1808580 224
1808590 224
1808600 224
1808610 224
1808620 224
1808630 224
1808640 223
1808650 223
1808660 223
1808670 223
1808680 223
1808690 223
1808700 223
1808710 223
1808720 223
1808730 223
1808740 222
1808750 222
1808760 222
1808770 222
1808780 222
1808790 222
1808800 222
1808810 222
1808820 222
1808830 222
1808840 222
1808850 222
1808860 222
1808870 222
1808880 222
1808890 222
1808900 222
1808910 222
1808920 222
1808930 222
1808940 222
1808950 222
1808960 222
1808970 222
1808980 222
1808990 222
1809000 222
1809010 222
1809020 222
1809030 222
1809040 222
1809050 222
1809060 222
1809070 222
1809080 222
1809090 222
1809100 222
1809110 221
1809120 221
1809130 221
1809140 221
1809150 221
1809160 221
1809170 221
1809180 221
1809190 221
1809200 221
1809210 221
1809220 221
1809230 221
1809240 220
1809250 221
1809260 221
1809270 220
1809280 220
1809290 220
1809300 220
1809310 220
1809320 220
1809330 220
1809340 221
1809350 221
1809360 220
1809370 220
1809380 220
1809390 220
1809400 220
1809410 220
1809420 220
1809430 221
1809440 221
1809450 221
1809460 220
1809470 221
1809480 221
1809490 221
1809500 221
1809510 222
1809520 222
1809530 222
1809540 222
1809550 223
1809560 223
1809570 223
1809580 223
1809590 223
1809600 224
1809610 224
1809620 224
1809630 223
1809640 221
1809650 221
1809660 221
1809670 221
1809680 221
1809690 221
1809700 220
1809710 220
1809720 220
1809730 220
1809740 220
1809750 219
1809760 219
1809770 219
1809780 219
1809790 219
1809800 219
1809810 219
1809820 219
1809830 219
1809840 219
1809850 219
1809860 219
1809870 219
1809880 219
1809890 219
1809900 219
1809910 218
1809920 218
1809930 218
1809940 218
1809950 218
1809960 218
1809970 218
1809980 218
1809990 218
1810000 218
1810010 218
1810020 218
1810030 218
1810040 218
1810050 218
1810060 218
1810070 218
1810080 217
1810090 217
1810100 217
1810110 217
1810120 217
1810130 217
1810140 217
1810150 217
1810160 217
1810170 217
1810180 217
1810190 217
1810200 217
1810210 217
1810220 217
1810230 217
1810240 217
1810250 217
1810260 217
1810270 217
1810280 217
1810290 217
1810300 216
1810310 216
1810320 216
1810330 216
1810340 216
1810350 216
1810360 216
1810370 216
1810380 216
1810390 216
1810400 216
1810410 216
1810420 216
1810430 216
1810440 216
1810450 216
1810460 216
1810470 216
1810480 216
1810490 216
1810500 216
1810510 216
1810520 216
1810530 216
1810540 216
1810550 216
1810560 216
1810570 216
1810580 216
1810590 216
1810600 216
1810610 216
1810620 216
1810630 216
1810640 216
1810650 216
1810660 216
1810670 217
1810680 217
1810690 217
1810700 217
1810710 217
1810720 216
1810730 216
1810740 216
1810750 215
1810760 215
1810770 215
1810780 215
1810790 215
1810800 215
1810810 215
1810820 215
1810830 215
1810840 215
1810850 214
1810860 214
1810870 214
1810880 214
1810890 214
1810900 214
1810910 214
1810920 214
1810930 214
1810940 214
1810950 214
1810960 214
1810970 214
1810980 214
1810990 214
1811000 214
1811010 214
1811020 214
1811030 214
1811040 214
1811050 214
1811060 214
1811070 214
1811080 214
1811090 214
1811100 214
1811110 213
1811120 213
1811130 213
1811140 213
1811150 213
1811160 213
1811170 213
1811180 213
1811190 213
1811200 213
1811210 213
1811220 213
1811230 213
1811240 213
1811250 213
1811260 213
1811270 213
1811280 214
1811290 214
1811300 214
1811310 214
1811320 213
1811330 213
1811340 213
1811350 213
1811360 213
1811370 213
1811380 213
1811390 213
1811400 213
1811410 213
1811420 213
1811430 213
1811440 213
1811450 213
1811460 213
1811470 213
1811480 213
1811490 213
1811500 213
1811510 212
1811520 212
1811530 212
1811540 212
1811550 212
1811560 212
1811570 212
1811580 212
1811590 212
1811600 212
1811610 212
1811620 213
1811630 213
1811640 212
1811650 212
1811660 212
1811670 212
1811680 212
1811690 212
1811700 212
1811710 212
1811720 211
1811730 211
1811740 211
1811750 211
1811760 211
1811770 211
1811780 211
1811790 211
1811800 211
1811810 211
1811820 211
1811830 211
1811840 211
1811850 211
1811860 211
1811870 211
1811880 211
1811890 211
1811900 211
1811910 211
1811920 211
1811930 211
1811940 211
1811950 211
1811960 211
1811970 211
1811980 211
1811990 211
1812000 211
1812010 211
1812020 211
1812030 210
1812040 210
1812050 210
1812060 210
1812070 210
1812080 210
1812090 210
1812100 210
1812110 210
1812120 210
1812130 210
1812140 210
1812150 210
1812160 210
1812170 210
1812180 210
1812190 210
1812200 210
1812210 210
1812220 210
1812230 210
1812240 210
1812250 210
1812260 210
1812270 210
1812280 210
1812290 210
1812300 210
1812310 209
1812320 209
1812330 209
1812340 209
1812350 209
1812360 209
1812370 209
1812380 209
1812390 209
1812400 209
1812410 209
1812420 209
1812430 209
1812440 209
1812450 209
1812460 209
1812470 209
1812480 209
1812490 209
1812500 209
1812510 209
1812520 209
1812530 209
1812540 209
1812550 209
1812560 209
1812570 209
1812580 209
1812590 208
1812600 208
1812610 208
1812620 208
1812630 208
1812640 208
1812650 208
1812660 208
1812670 208
1812680 208
1812690 208
1812700 208
1812710 208
1812720 208
1812730 208
1812740 208
1812750 208
1812760 208
1812770 208
1812780 208
1812790 208
1812800 208
1812810 208
1812820 208
1812830 208
1812840 208
1812850 208
1812860 208
1812870 208
1812880 208
1812890 208
1812900 208
1812910 209
1812920 209
1812930 209
1812940 208
1812950 207
1812960 207
1812970 208
1812980 208
1812990 208
1813000 208
1813010 207
1813020 207
1813030 207
1813040 207
1813050 207
1813060 207
1813070 207
1813080 207
1813090 207
1813100 207
1813110 207
1813120 207
1813130 207
1813140 207
1813150 207
1813160 207
1813170 207
1813180 207
1813190 208
1813200 208
1813210 208
1813220 208
1813230 208
1813240 207
1813250 207
1813260 207
1813270 207
1813280 207
1813290 207
1813300 207
1813310 207
1813320 207
1813330 207
1813340 207
1813350 207
1813360 207
1813370 207
1813380 207
1813390 207
1813400 207
1813410 207
1813420 207
1813430 207
1813440 207
1813450 207
1813460 207
1813470 207
1813480 207
1813490 207
1813500 207
1813510 207
1813520 207
1813530 207
1813540 207
1813550 207
1813560 207
1813570 207
1813580 207
1813590 208
1813600 209
1813610 209
1813620 209
1813630 208
1813640 208
1813650 208
1813660 209
1813670 209
1813680 209
1813690 208
1813700 208
1813710 208
1813720 208
1813730 207
1813740 207
1813750 207
1813760 207
1813770 207
1813780 207
1813790 207
1813800 207
1813810 207
1813820 207
1813830 207
1813840 207
1813850 207
1813860 207
1813870 207
1813880 207
1813890 207
1813900 207
1813910 207
1813920 207
1813930 207
1813940 207
1813950 207
1813960 207
1813970 207
1813980 207
1813990 207
1814000 207
1814010 207
1814020 207
1814030 206
1814040 207
1814050 207
1814060 207
1814070 207
1814080 207
1814090 207
1814100 207
1814110 207
1814120 207
1814130 207
1814140 207
1814150 207
1814160 207
1814170 207
1814180 207
1814190 207
1814200 206
1814210 206
1814220 206
1814230 206
1814240 206
1814250 206
1814260 206
1814270 206
1814280 206
1814290 206
1814300 206
1814310 206
1814320 206
1814330 206
1814340 206
1814350 206
1814360 206
1814370 206
1814380 207
1814390 207
1814400 207
1814410 207
1814420 207
1814430 207
1814440 207
1814450 207
1814460 207
1814470 207
1814480 207
1814490 207
1814500 207
1814510 207
1814520 207
1814530 207
1814540 207
1814550 207
1814560 207
1814570 207
1814580 207
1814590 208
1814600 208
1814610 208
1814620 207
1814630 207
1814640 207
1814650 207
1814660 207
1814670 207
1814680 207
1814690 207
1814700 207
1814710 207
1814720 207
1814730 207
1814740 206
1814750 206
1814760 206
1814770 206
1814780 206
1814790 206
1814800 206
1814810 206
1814820 207
1814830 206
1814840 206
1814850 206
1814860 206
1814870 206
1814880 206
1814890 206
1814900 206
1814910 206
1814920 206
1814930 206
1814940 206
1814950 206
1814960 206
1814970 206
1814980 206
1814990 206
1815000 206
1815010 206
1815020 206
1815030 206
1815040 206
1815050 206
1815060 206
1815070 206
1815080 206
1815090 206
1815100 205
1815110 204
1815120 204
1815130 203
1815140 203
1815150 203
1815160 204
1815170 205
1815180 205
1815190 205
1815200 205
1815210 205
1815220 205
1815230 205
1815240 205
1815250 205
1815260 206
1815270 206
1815280 206
1815290 206
1815300 205
1815310 205
1815320 205
1815330 204
1815340 203
1815350 203
1815360 203
1815370 203
1815380 203
1815390 203
1815400 203
1815410 203
1815420 203
1815430 203
1815440 203
1815450 203
1815460 203
1815470 203
1815480 203
1815490 203
1815500 203
1815510 203
1815520 204
1815530 204
1815540 204
1815550 204
1815560 204
1815570 205
1815580 205
1815590 205
1815600 205
1815610 205
1815620 205
1815630 205
1815640 205
1815650 205
1815660 205
1815670 205
1815680 205
1815690 205
1815700 205
1815710 205
1815720 205
1815730 205
1815740 205
1815750 205
1815760 205
1815770 205
1815780 205
1815790 205
1815800 204
1815810 204
1815820 204
1815830 204
1815840 204
1815850 204
1815860 204
1815870 205
1815880 205
1815890 205
1815900 205
1815910 205
1815920 205
1815930 205
1815940 205
1815950 205
1815960 205
1815970 205
1815980 205
1815990 205
1816000 205
1816010 204
1816020 204
1816030 204
1816040 204
1816050 204
1816060 204
1816070 204
1816080 204
1816090 204
1816100 204
1816110 204
1816120 204
1816130 204
1816140 204
1816150 204
1816160 205
1816170 205
1816180 205
1816190 205
1816200 205
1816210 205
1816220 205
1816230 204
1816240 204
1816250 204
1816260 204
1816270 204
1816280 204
1816290 205
1816300 205
1816310 204
1816320 204
1816330 204
1816340 205
1816350 205
1816360 205
1816370 205
1816380 204
1816390 204
1816400 204
1816410 204
1816420 204
1816430 204
1816440 204
1816450 203
1816460 203
1816470 204
1816480 204
1816490 204
1816500 204
1816510 204
1816520 204
1816530 204
1816540 204
1816550 204
1816560 204
1816570 204
1816580 204
1816590 204
1816600 204
1816610 204
1816620 204
1816630 204
1816640 204
1816650 204
1816660 204
1816670 204
1816680 204
1816690 203
1816700 203
1816710 203
1816720 203
1816730 203
1816740 203
1816750 203
1816760 203
1816770 203
1816780 203
1816790 203
1816800 203
1816810 203
1816820 203
1816830 203
1816840 203
1816850 203
1816860 203
1816870 203
1816880 203
1816890 203
1816900 203
1816910 203
1816920 203
1816930 203
1816940 203
1816950 203
1816960 203
1816970 203
1816980 203
1816990 203
1817000 203
1817010 203
1817020 203
1817030 203
1817040 203
1817050 203
1817060 203
1817070 203
1817080 203
1817090 203
1817100 203
1817110 203
1817120 203
1817130 203
1817140 203
1817150 203
1817160 203
1817170 203
1817180 203
1817190 203
1817200 203
1817210 204
1817220 204
1817230 204
1817240 204
1817250 203
1817260 203
1817270 203
1817280 203
1817290 203
1817300 203
1817310 203
1817320 203
1817330 203
1817340 203
1817350 203
1817360 203
1817370 203
1817380 203
1817390 203
1817400 203
1817410 203
1817420 203
1817430 203
1817440 203
1817450 203
1817460 203
1817470 203
1817480 203
1817490 203
1817500 203
1817510 203
1817520 203
1817530 203
1817540 203
1817550 203
1817560 203
1817570 203
1817580 203
1817590 203
1817600 203
1817610 203
1817620 203
1817630 203
1817640 203
1817650 203
1817660 203
1817670 203
1817680 203
1817690 203
1817700 203
1817710 203
1817720 203
1817730 203
1817740 203
1817750 203
1817760 203
1817770 203
1817780 203
1817790 203
1817800 203
1817810 203
1817820 203
1817830 203
1817840 203
1817850 203
1817860 203
1817870 203
1817880 203
1817890 203
1817900 203
1817910 203
1817920 203
1817930 203
1817940 203
1817950 203
1817960 203
1817970 203
1817980 203
1817990 202
1818000 202
1818010 202
1818020 202
1818030 202
1818040 202
1818050 202
1818060 202
1818070 203
1818080 203
1818090 203
1818100 203
1818110 203
1818120 203
1818130 203
1818140 203
1818150 203
1818160 203
1818170 203
1818180 203
1818190 203
1818200 203
1818210 203
1818220 203
1818230 203
1818240 203
1818250 203
1818260 203
1818270 203
1818280 203
1818290 203
1818300 203
1818310 203
1818320 203
1818330 203
1818340 203
1818350 202
1818360 202
1818370 202
1818380 202
1818390 202
1818400 202
1818410 202
1818420 202
1818430 202
1818440 202
1818450 202
1818460 202
1818470 202
1818480 202
1818490 202
1818500 202
1818510 202
1818520 202
1818530 201
1818540 201
1818550 201
1818560 201
1818570 201
1818580 201
1818590 201
1818600 202
1818610 202
1818620 202
1818630 201
1818640 201
1818650 201
1818660 201
1818670 201
1818680 201
1818690 202
1818700 202
1818710 202
1818720 202
1818730 201
1818740 201
1818750 201
1818760 201
1818770 201
1818780 201
1818790 201
1818800 201
1818810 201
1818820 201
1818830 201
1818840 201
1818850 201
1818860 201
1818870 201
1818880 201
1818890 201
1818900 201
1818910 201
1818920 201
1818930 201
1818940 201
1818950 201
1818960 201
1818970 201
1818980 201
1818990 201
1819000 201
1819010 201
1819020 202
1819030 202
1819040 202
1819050 202
1819060 202
1819070 202
1819080 202
1819090 202
1819100 202
1819110 202
1819120 202
1819130 202
1819140 202
1819150 202
1819160 202
1819170 202
1819180 202
1819190 202
1819200 202
1819210 201
1819220 201
1819230 201
1819240 201
1819250 201
1819260 201
1819270 201
1819280 201
1819290 201
1819300 201
1819310 201
1819320 201
1819330 201
1819340 201
1819350 201
1819360 201
1819370 201
1819380 201
1819390 201
1819400 201
1819410 201
1819420 201
1819430 201
1819440 201
1819450 201
1819460 201
1819470 201
1819480 201
1819490 201
1819500 201
1819510 201
1819520 201
1819530 201
1819540 201
1819550 201
1819560 201
1819570 201
1819580 201
1819590 201
1819600 201
1819610 200
1819620 200
1819630 200
1819640 200
1819650 200
1819660 200
1819670 200
1819680 199
1819690 199
1819700 199
1819710 199
1819720 200
1819730 200
1819740 200
1819750 199
1819760 199
1819770 199
1819780 199
1819790 199
1819800 199
1819810 199
1819820 199
1819830 199
1819840 199
1819850 199
1819860 199
1819870 198
1819880 198
1819890 198
1819900 198
1819910 198
1819920 198
1819930 198
1819940 198
1819950 199
1819960 199
1819970 197
1819980 197
1819990 198
