1800000 361
1800010 357
1800020 354
1800030 352
1800040 351
1800050 351
1800060 350
1800070 349
1800080 348
1800090 347
1800100 346
1800110 346
1800120 346
1800130 345
1800140 344
1800150 344
1800160 343
1800170 341
1800180 340
1800190 339
1800200 337
1800210 336
1800220 334
1800230 332
1800240 329
1800250 327
1800260 325
1800270 323
1800280 321
1800290 319
1800300 317
1800310 314
1800320 311
1800330 308
1800340 305
1800350 303
1800360 300
1800370 298
1800380 296
1800390 295
1800400 294
1800410 293
1800420 293
1800430 293
1800440 292
1800450 292
1800460 292
1800470 292
1800480 292
1800490 292
1800500 293
1800510 293
1800520 294
1800530 295
1800540 297
1800550 300
1800560 303
1800570 306
1800580 310
1800590 313
1800600 317
1800610 320
1800620 322
1800630 324
1800640 326
1800650 328
1800660 331
1800670 334
1800680 337
1800690 341
1800700 344
1800710 348
1800720 350
1800730 353
1800740 356
1800750 359
1800760 362
1800770 365
1800780 367
1800790 370
1800800 372
1800810 375
1800820 377
1800830 379
1800840 381
1800850 382
1800860 384
1800870 386
1800880 388
1800890 390
1800900 392
1800910 394
1800920 396
1800930 397
1800940 399
1800950 401
1800960 404
1800970 407
1800980 410
1800990 414
1801000 418
1801010 422
1801020 426
1801030 429
1801040 432
1801050 435
1801060 438
1801070 440
1801080 442
1801090 443
1801100 445
1801110 447
1801120 449
1801130 450
1801140 451
1801150 452
1801160 455
1801170 457
1801180 461
1801190 465
1801200 468
1801210 472
1801220 475
1801230 479
1801240 482
1801250 485
1801260 489
1801270 492
1801280 495
1801290 498
1801300 501
1801310 504
1801320 507
1801330 510
1801340 513
1801350 516
1801360 518
1801370 521
1801380 524
1801390 526
1801400 529
1801410 531
1801420 534
1801430 536
1801440 538
1801450 540
1801460 542
1801470 544
1801480 547
1801490 549
1801500 551
1801510 553
1801520 555
1801530 557
1801540 559
1801550 561
1801560 563
1801570 565
1801580 567
1801590 568
1801600 570
1801610 571
1801620 573
1801630 574
1801640 575
1801650 576
1801660 576
1801670 576
1801680 576
1801690 575
1801700 575
1801710 574
1801720 573
1801730 572
1801740 571
1801750 569
1801760 568
1801770 567
1801780 565
1801790 564
1801800 562
1801810 561
1801820 560
1801830 558
1801840 557
1801850 556
1801860 555
1801870 553
1801880 552
1801890 550
1801900 548
1801910 547
1801920 545
1801930 544
1801940 543
1801950 541
1801960 540
1801970 539
1801980 537
1801990 536
1802000 535
1802010 533
1802020 532
1802030 530
1802040 529
1802050 528
1802060 526
1802070 525
1802080 524
1802090 523
1802100 521
1802110 520
1802120 519
1802130 518
1802140 517
1802150 516
1802160 515
1802170 514
1802180 512
1802190 510
1802200 508
1802210 505
1802220 503
1802230 500
1802240 497
1802250 494
1802260 492
1802270 489
1802280 487
1802290 485
1802300 484
1802310 482
1802320 480
1802330 478
1802340 477
1802350 475
1802360 473
1802370 472
1802380 470
1802390 468
1802400 466
1802410 464
1802420 462
1802430 460
1802440 459
1802450 457
1802460 456
1802470 455
1802480 454
1802490 452
1802500 451
1802510 450
1802520 449
1802530 448
1802540 447
1802550 445
1802560 444
1802570 442
1802580 439
1802590 437
1802600 434
1802610 432
1802620 429
1802630 427
1802640 424
1802650 421
1802660 418
1802670 415
1802680 413
1802690 411
1802700 410
1802710 409
1802720 408
1802730 406
1802740 404
1802750 402
1802760 399
1802770 396
1802780 394
1802790 391
1802800 389
1802810 387
1802820 385
1802830 383
1802840 381
1802850 379
1802860 377
1802870 375
1802880 373
1802890 371
1802900 368
1802910 365
1802920 361
1802930 357
1802940 354
1802950 350
1802960 346
1802970 343
1802980 341
1802990 339
1803000 337
1803010 335
1803020 334
1803030 332
1803040 331
1803050 330
1803060 329
1803070 328
1803080 328
1803090 327
1803100 326
1803110 325
1803120 325
1803130 324
1803140 324
1803150 323
1803160 322
1803170 321
1803180 321
1803190 320
1803200 320
1803210 320
1803220 319
1803230 318
1803240 318
1803250 317
1803260 316
1803270 314
1803280 313
1803290 312
1803300 311
1803310 309
1803320 308
1803330 307
1803340 305
1803350 304
1803360 303
1803370 302
1803380 300
1803390 298
1803400 297
1803410 296
1803420 296
1803430 296
1803440 295
1803450 295
1803460 295
1803470 294
1803480 294
1803490 293
1803500 292
1803510 291
1803520 290
1803530 289
1803540 288
1803550 287
1803560 286
1803570 284
1803580 281
1803590 279
1803600 277
1803610 275
1803620 274
1803630 272
1803640 272
1803650 271
1803660 271
1803670 270
1803680 269
1803690 268
1803700 268
1803710 268
1803720 268
1803730 268
1803740 267
1803750 266
1803760 264
1803770 263
1803780 262
1803790 260
1803800 258
1803810 257
1803820 256
1803830 254
1803840 252
1803850 250
1803860 250
1803870 249
1803880 249
1803890 249
1803900 249
1803910 249
1803920 248
1803930 248
1803940 247
1803950 246
1803960 245
1803970 244
1803980 242
1803990 241
1804000 241
1804010 241
1804020 240
1804030 240
1804040 239
1804050 239
1804060 240
1804070 241
1804080 241
1804090 242
1804100 242
1804110 242
1804120 242
1804130 242
1804140 242
1804150 242
1804160 242
1804170 242
1804180 242
1804190 242
1804200 242
1804210 241
1804220 241
1804230 241
1804240 241
1804250 241
1804260 241
1804270 241
1804280 241
1804290 241
1804300 242
1804310 242
1804320 242
1804330 242
1804340 242
1804350 242
1804360 242
1804370 242
1804380 242
1804390 242
1804400 242
1804410 242
1804420 243
1804430 243
1804440 243
1804450 243
1804460 242
1804470 241
1804480 241
1804490 240
1804500 240
1804510 240
1804520 240
1804530 241
1804540 241
1804550 241
1804560 241
1804570 241
1804580 241
1804590 241
1804600 241
1804610 241
1804620 241
1804630 241
1804640 241
1804650 241
1804660 241
1804670 242
1804680 243
1804690 244
1804700 246
1804710 248
1804720 252
1804730 260
1804740 265
1804750 270
1804760 272
1804770 273
1804780 273
1804790 272
1804800 271
1804810 270
1804820 270
1804830 269
1804840 268
1804850 267
1804860 266
1804870 265
1804880 264
1804890 264
1804900 263
1804910 262
1804920 261
1804930 260
1804940 259
1804950 258
1804960 257
1804970 257
1804980 256
1804990 255
1805000 254
1805010 254
1805020 253
1805030 253
1805040 252
1805050 252
1805060 251
1805070 250
1805080 250
1805090 248
1805100 247
1805110 247
1805120 246
1805130 246
1805140 246
1805150 245
1805160 244
1805170 244
1805180 245
1805190 245
1805200 245
1805210 244
1805220 244
1805230 244
1805240 244
1805250 244
1805260 244
1805270 243
1805280 243
1805290 242
1805300 242
1805310 242
1805320 241
1805330 241
1805340 240
1805350 240
1805360 240
1805370 239
1805380 239
1805390 239
1805400 239
1805410 239
1805420 239
1805430 239
1805440 239
1805450 238
1805460 238
1805470 238
1805480 237
1805490 237
1805500 237
1805510 237
1805520 237
1805530 237
1805540 237
1805550 238
1805560 238
1805570 238
1805580 238
1805590 238
1805600 238
1805610 238
1805620 238
1805630 238
1805640 238
1805650 237
1805660 237
1805670 237
1805680 237
1805690 237
1805700 237
1805710 237
1805720 237
1805730 236
1805740 236
1805750 236
1805760 236
1805770 236
1805780 236
1805790 235
1805800 235
1805810 235
1805820 235
1805830 235
1805840 235
1805850 235
1805860 235
1805870 235
1805880 235
1805890 235
1805900 235
1805910 235
1805920 235
1805930 235
1805940 235
1805950 235
1805960 235
1805970 235
1805980 235
1805990 235
1806000 235
1806010 235
1806020 235
1806030 235
1806040 235
1806050 235
1806060 235
1806070 235
1806080 235
1806090 235
1806100 235
1806110 235
1806120 235
1806130 235
1806140 235
1806150 235
1806160 235
1806170 236
1806180 235
1806190 235
1806200 235
1806210 235
1806220 235
1806230 234
1806240 234
1806250 234
1806260 234
1806270 234
1806280 234
1806290 234
1806300 235
1806310 235
1806320 235
1806330 235
1806340 235
1806350 235
1806360 235
1806370 235
1806380 235
1806390 235
1806400 235
1806410 236
1806420 235
1806430 235
1806440 234
1806450 235
1806460 235
1806470 235
1806480 235
1806490 235
1806500 235
1806510 235
1806520 235
1806530 235
1806540 235
1806550 235
1806560 235
1806570 234
1806580 234
1806590 234
1806600 234
1806610 233
1806620 233
1806630 233
1806640 233
1806650 233
1806660 232
1806670 232
1806680 232
1806690 232
1806700 232
1806710 232
1806720 233
1806730 233
1806740 233
1806750 233
1806760 233
1806770 232
1806780 232
1806790 232
1806800 232
1806810 232
1806820 232
1806830 232
1806840 232
1806850 232
1806860 232
1806870 232
1806880 233
1806890 232
1806900 232
1806910 232
1806920 232
1806930 232
1806940 232
1806950 232
1806960 232
1806970 232
1806980 232
1806990 232
1807000 232
1807010 232
1807020 232
1807030 232
1807040 232
1807050 232
1807060 232
1807070 232
1807080 232
1807090 232
1807100 232
1807110 231
1807120 231
1807130 231
1807140 231
1807150 231
1807160 231
1807170 231
1807180 231
1807190 231
1807200 231
1807210 231
1807220 231
1807230 231
1807240 231
1807250 231
1807260 231
1807270 231
1807280 231
1807290 231
1807300 231
1807310 231
1807320 231
1807330 231
1807340 230
1807350 230
1807360 230
1807370 230
1807380 230
1807390 230
1807400 230
1807410 230
1807420 230
1807430 230
1807440 230
1807450 230
1807460 230
1807470 230
1807480 230
1807490 230
1807500 230
1807510 230
1807520 230
1807530 230
1807540 230
1807550 230
1807560 229
1807570 229
1807580 229
1807590 228
1807600 228
1807610 228
1807620 228
1807630 228
1807640 228
1807650 228
1807660 228
1807670 228
1807680 228
1807690 228
1807700 228
1807710 228
1807720 228
1807730 227
1807740 227
1807750 228
1807760 228
1807770 228
1807780 228
1807790 228
1807800 228
1807810 227
1807820 227
1807830 227
1807840 227
1807850 227
1807860 227
1807870 227
1807880 227
1807890 227
1807900 227
1807910 227
1807920 227
1807930 227
1807940 227
1807950 227
1807960 226
1807970 226
1807980 226
1807990 226
1808000 226
1808010 226
1808020 226
1808030 226
1808040 226
1808050 226
1808060 226
1808070 226
1808080 225
1808090 225
1808100 225
1808110 225
1808120 225
1808130 225
1808140 225
1808150 225
1808160 225
1808170 225
1808180 225
1808190 225
1808200 225
1808210 225
1808220 225
1808230 226
1808240 226
1808250 225
1808260 225
1808270 225
1808280 225
1808290 225
1808300 225
1808310 225
1808320 225
1808330 225
1808340 225
1808350 225
1808360 225
1808370 225
1808380 225
1808390 225
1808400 225
1808410 225
1808420 225
1808430 225
1808440 225
1808450 225
1808460 225
1808470 225
1808480 225
1808490 225
1808500 225
1808510 225
1808520 225
1808530 225
1808540 224
1808550 224
1808560 224
1808570 224
1808580 224
1808590 224
1808600 224
1808610 224
1808620 224
1808630 224
1808640 224
1808650 223
1808660 222
1808670 223
1808680 223
1808690 224
1808700 225
1808710 226
1808720 228
1808730 228
1808740 227
1808750 225
1808760 224
1808770 223
1808780 223
1808790 223
1808800 223
1808810 223
1808820 223
1808830 223
1808840 223
1808850 223
1808860 223
1808870 223
1808880 222
1808890 222
1808900 222
1808910 222
1808920 222
1808930 222
1808940 222
1808950 222
1808960 222
1808970 222
1808980 222
1808990 222
1809000 222
1809010 222
1809020 222
1809030 222
1809040 222
1809050 222
1809060 222
1809070 222
1809080 222
1809090 222
1809100 222
1809110 222
1809120 222
1809130 222
1809140 222
1809150 222
1809160 222
1809170 222
1809180 222
1809190 221
1809200 221
1809210 221
1809220 221
1809230 221
1809240 221
1809250 221
1809260 221
1809270 221
1809280 221
1809290 221
1809300 221
1809310 221
1809320 221
1809330 221
1809340 221
1809350 221
1809360 221
1809370 221
1809380 221
1809390 221
1809400 221
1809410 220
1809420 220
1809430 220
1809440 218
1809450 218
1809460 219
1809470 219
1809480 219
1809490 219
1809500 220
1809510 220
1809520 220
1809530 220
1809540 220
1809550 220
1809560 220
1809570 220
1809580 220
1809590 220
1809600 220
1809610 220
1809620 220
1809630 220
1809640 220
1809650 220
1809660 219
1809670 219
1809680 219
1809690 219
1809700 219
1809710 219
1809720 219
1809730 218
1809740 218
1809750 218
1809760 218
1809770 218
1809780 218
1809790 219
1809800 219
1809810 219
1809820 218
1809830 218
1809840 218
1809850 218
1809860 218
1809870 218
1809880 218
1809890 218
1809900 218
1809910 218
1809920 218
1809930 218
1809940 218
1809950 218
1809960 218
1809970 218
1809980 218
1809990 218
1810000 218
1810010 217
1810020 217
1810030 217
1810040 217
1810050 217
1810060 217
1810070 217
1810080 217
1810090 217
1810100 217
1810110 217
1810120 217
1810130 217
1810140 217
1810150 217
1810160 217
1810170 217
1810180 217
1810190 217
1810200 217
1810210 217
1810220 217
1810230 217
1810240 217
1810250 217
1810260 217
1810270 217
1810280 217
1810290 217
1810300 217
1810310 217
1810320 216
1810330 216
1810340 217
1810350 217
1810360 217
1810370 217
1810380 216
1810390 216
1810400 216
1810410 216
1810420 216
1810430 216
1810440 216
1810450 216
1810460 216
1810470 216
1810480 216
1810490 216
1810500 216
1810510 216
1810520 216
1810530 215
1810540 216
1810550 216
1810560 216
1810570 216
1810580 215
1810590 215
1810600 215
1810610 215
1810620 215
1810630 216
1810640 216
1810650 216
1810660 215
1810670 215
1810680 215
1810690 215
1810700 215
1810710 215
1810720 215
1810730 215
1810740 215
1810750 215
1810760 215
1810770 215
1810780 214
1810790 214
1810800 214
1810810 214
1810820 214
1810830 214
1810840 214
1810850 214
1810860 214
1810870 214
1810880 214
1810890 214
1810900 214
1810910 214
1810920 214
1810930 214
1810940 214
1810950 214
1810960 214
1810970 214
1810980 214
1810990 214
1811000 214
1811010 214
1811020 214
1811030 214
1811040 214
1811050 215
1811060 215
1811070 215
1811080 215
1811090 214
1811100 214
1811110 214
1811120 213
1811130 213
1811140 213
1811150 213
1811160 213
1811170 213
1811180 213
1811190 213
1811200 213
1811210 213
1811220 213
1811230 213
1811240 213
1811250 213
1811260 213
1811270 213
1811280 213
1811290 213
1811300 213
1811310 213
1811320 213
1811330 213
1811340 213
1811350 213
1811360 213
1811370 212
1811380 212
1811390 212
1811400 212
1811410 212
1811420 212
1811430 212
1811440 212
1811450 212
1811460 212
1811470 212
1811480 212
1811490 212
1811500 212
1811510 212
1811520 212
1811530 212
1811540 212
1811550 212
1811560 212
1811570 212
1811580 212
1811590 211
1811600 211
1811610 211
1811620 211
1811630 211
1811640 211
1811650 211
1811660 211
1811670 211
1811680 211
1811690 211
1811700 211
1811710 211
1811720 211
1811730 211
1811740 211
1811750 211
1811760 211
1811770 211
1811780 210
1811790 210
1811800 210
1811810 210
1811820 210
1811830 210
1811840 210
1811850 210
1811860 210
1811870 210
1811880 210
1811890 210
1811900 210
1811910 210
1811920 210
1811930 210
1811940 210
1811950 210
1811960 210
1811970 210
1811980 210
1811990 210
1812000 210
1812010 210
1812020 210
1812030 210
1812040 210
1812050 210
1812060 210
1812070 210
1812080 210
1812090 209
1812100 209
1812110 209
1812120 209
1812130 209
1812140 209
1812150 209
1812160 209
1812170 209
1812180 209
1812190 209
1812200 209
1812210 209
1812220 209
1812230 209
1812240 209
1812250 209
1812260 208
1812270 208
1812280 208
1812290 208
1812300 208
1812310 209
1812320 209
1812330 209
1812340 209
1812350 209
1812360 208
1812370 208
1812380 208
1812390 208
1812400 208
1812410 208
1812420 208
1812430 208
1812440 208
1812450 208
1812460 208
1812470 208
1812480 208
1812490 207
1812500 207
1812510 207
1812520 207
1812530 207
1812540 207
1812550 207
1812560 207
1812570 207
1812580 207
1812590 207
1812600 207
1812610 207
1812620 207
1812630 207
1812640 207
1812650 207
1812660 207
1812670 207
1812680 207
1812690 207
1812700 206
1812710 206
1812720 206
1812730 206
1812740 206
1812750 206
1812760 206
1812770 206
1812780 206
1812790 206
1812800 206
1812810 206
1812820 206
1812830 206
1812840 206
1812850 206
1812860 206
1812870 206
1812880 206
1812890 206
1812900 207
1812910 207
1812920 207
1812930 207
1812940 207
1812950 207
1812960 206
1812970 206
1812980 206
1812990 206
1813000 206
1813010 206
1813020 206
1813030 206
1813040 206
1813050 206
1813060 206
1813070 206
1813080 206
1813090 206
1813100 206
1813110 207
1813120 207
1813130 207
1813140 206
1813150 206
1813160 207
1813170 207
1813180 207
1813190 207
1813200 206
1813210 206
1813220 206
1813230 206
1813240 206
1813250 206
1813260 206
1813270 206
1813280 206
1813290 206
1813300 206
1813310 206
1813320 206
1813330 205
1813340 205
1813350 205
1813360 205
1813370 205
1813380 205
1813390 205
1813400 205
1813410 205
1813420 205
1813430 205
1813440 205
1813450 205
1813460 205
1813470 205
1813480 205
1813490 205
1813500 205
1813510 205
1813520 205
1813530 205
1813540 205
1813550 205
1813560 205
1813570 205
1813580 205
1813590 205
1813600 205
1813610 205
1813620 205
1813630 205
1813640 205
1813650 205
1813660 205
1813670 204
1813680 204
1813690 204
1813700 204
1813710 204
1813720 204
1813730 204
1813740 204
1813750 204
1813760 204
1813770 204
1813780 204
1813790 204
1813800 204
1813810 204
1813820 204
1813830 204
1813840 204
1813850 204
1813860 204
1813870 204
1813880 203
1813890 203
1813900 203
1813910 203
1813920 203
1813930 203
1813940 203
1813950 203
1813960 203
1813970 203
1813980 203
1813990 203
1814000 202
1814010 202
1814020 202
1814030 201
1814040 201
1814050 202
1814060 201
1814070 201
1814080 200
1814090 200
1814100 200
1814110 200
1814120 200
1814130 200
1814140 199
1814150 198
1814160 198
1814170 199
1814180 199
1814190 199
1814200 199
1814210 199
1814220 200
1814230 200
1814240 200
1814250 200
1814260 200
1814270 200
1814280 200
1814290 200
1814300 200
1814310 200
1814320 200
1814330 200
1814340 200
1814350 199
1814360 200
1814370 200
1814380 201
1814390 201
1814400 201
1814410 201
1814420 201
1814430 201
1814440 201
1814450 201
1814460 201
1814470 201
1814480 201
1814490 201
1814500 201
1814510 201
1814520 201
1814530 201
1814540 201
1814550 201
1814560 202
1814570 203
1814580 203
1814590 203
1814600 202
1814610 202
1814620 201
1814630 201
1814640 201
1814650 201
1814660 201
1814670 201
1814680 201
1814690 201
1814700 201
1814710 201
1814720 201
1814730 201
1814740 201
1814750 201
1814760 201
1814770 201
1814780 201
1814790 201
1814800 201
1814810 201
1814820 201
1814830 201
1814840 201
1814850 201
1814860 201
1814870 201
1814880 201
1814890 201
1814900 201
1814910 201
1814920 201
1814930 201
1814940 201
1814950 201
1814960 201
1814970 201
1814980 201
1814990 201
1815000 201
1815010 201
1815020 202
1815030 203
1815040 203
1815050 203
1815060 203
1815070 202
1815080 202
1815090 203
1815100 203
1815110 203
1815120 203
1815130 204
1815140 203
1815150 203
1815160 202
1815170 202
1815180 202
1815190 202
1815200 202
1815210 202
1815220 201
1815230 201
1815240 201
1815250 201
1815260 201
1815270 201
1815280 200
1815290 200
1815300 200
1815310 200
1815320 200
1815330 200
1815340 200
1815350 200
1815360 200
1815370 200
1815380 200
1815390 200
1815400 200
1815410 200
1815420 200
1815430 200
1815440 200
1815450 200
1815460 200
1815470 200
1815480 200
1815490 200
1815500 200
1815510 200
1815520 200
1815530 200
1815540 200
1815550 200
1815560 199
1815570 199
1815580 199
1815590 199
1815600 199
1815610 199
1815620 199
1815630 199
1815640 199
1815650 199
1815660 199
1815670 199
1815680 199
1815690 199
1815700 199
1815710 199
1815720 199
1815730 199
1815740 199
1815750 199
1815760 199
1815770 199
1815780 199
1815790 199
1815800 199
1815810 199
1815820 199
1815830 200
1815840 201
1815850 201
1815860 200
1815870 200
1815880 200
1815890 201
1815900 201
1815910 201
1815920 201
1815930 200
1815940 200
1815950 200
1815960 200
1815970 199
1815980 199
1815990 199
1816000 199
1816010 199
1816020 199
1816030 199
1816040 199
1816050 199
1816060 199
1816070 199
1816080 199
1816090 199
1816100 199
1816110 199
1816120 199
1816130 199
1816140 198
1816150 198
1816160 198
1816170 198
1816180 198
1816190 198
1816200 198
1816210 198
1816220 198
1816230 198
1816240 198
1816250 198
1816260 198
1816270 198
1816280 198
1816290 198
1816300 198
1816310 198
1816320 198
1816330 198
1816340 198
1816350 198
1816360 198
1816370 198
1816380 198
1816390 198
1816400 198
1816410 198
1816420 198
1816430 198
1816440 198
1816450 198
1816460 198
1816470 198
1816480 198
1816490 198
1816500 198
1816510 198
1816520 198
1816530 198
1816540 198
1816550 198
1816560 198
1816570 198
1816580 198
1816590 198
1816600 198
1816610 198
1816620 198
1816630 198
1816640 198
1816650 198
1816660 198
1816670 198
1816680 198
1816690 198
1816700 198
1816710 198
1816720 198
1816730 198
1816740 198
1816750 198
1816760 198
1816770 198
1816780 198
1816790 198
1816800 198
1816810 198
1816820 198
1816830 198
1816840 197
1816850 197
1816860 197
1816870 197
1816880 197
1816890 197
1816900 197
1816910 197
1816920 197
1816930 197
1816940 197
1816950 197
1816960 197
1816970 197
1816980 197
1816990 197
1817000 197
1817010 197
1817020 197
1817030 197
1817040 197
1817050 197
1817060 197
1817070 197
1817080 197
1817090 197
1817100 197
1817110 197
1817120 197
1817130 197
1817140 197
1817150 197
1817160 197
1817170 197
1817180 197
1817190 197
1817200 197
1817210 197
1817220 197
1817230 197
1817240 197
1817250 197
1817260 197
1817270 197
1817280 197
1817290 197
1817300 197
1817310 197
1817320 197
1817330 197
1817340 197
1817350 197
1817360 197
1817370 197
1817380 197
1817390 197
1817400 197
1817410 197
1817420 197
1817430 197
1817440 197
1817450 197
1817460 197
1817470 197
1817480 197
1817490 197
1817500 197
1817510 196
1817520 196
1817530 196
1817540 196
1817550 196
1817560 196
1817570 196
1817580 196
1817590 196
1817600 196
1817610 196
1817620 196
1817630 196
1817640 196
1817650 196
1817660 196
1817670 196
1817680 196
1817690 196
1817700 196
1817710 196
1817720 196
1817730 196
1817740 196
1817750 196
1817760 196
1817770 196
1817780 196
1817790 196
1817800 196
1817810 196
1817820 196
1817830 196
1817840 196
1817850 196
1817860 196
1817870 196
1817880 196
1817890 196
1817900 196
1817910 196
1817920 196
1817930 196
1817940 196
1817950 196
1817960 196
1817970 196
1817980 196
1817990 196
1818000 196
1818010 196
1818020 196
1818030 196
1818040 196
1818050 196
1818060 196
1818070 196
1818080 196
1818090 196
1818100 196
1818110 196
1818120 196
1818130 196
1818140 196
1818150 196
1818160 196
1818170 196
1818180 196
1818190 196
1818200 196
1818210 196
1818220 196
1818230 196
1818240 196
1818250 196
1818260 196
1818270 196
1818280 196
1818290 196
1818300 196
1818310 196
1818320 196
1818330 196
1818340 196
1818350 196
1818360 196
1818370 196
1818380 195
1818390 195
1818400 196
1818410 196
1818420 196
1818430 196
1818440 196
1818450 196
1818460 196
1818470 196
1818480 196
1818490 195
1818500 195
1818510 195
1818520 195
1818530 195
1818540 195
1818550 195
1818560 195
1818570 195
1818580 195
1818590 195
1818600 195
1818610 195
1818620 195
1818630 195
1818640 195
1818650 195
1818660 196
1818670 196
1818680 195
1818690 195
1818700 196
1818710 196
1818720 196
1818730 196
1818740 196
1818750 196
1818760 195
1818770 195
1818780 195
1818790 195
1818800 195
1818810 195
1818820 195
1818830 195
1818840 195
1818850 195
1818860 195
1818870 195
1818880 195
1818890 195
1818900 195
1818910 195
1818920 195
1818930 195
1818940 195
1818950 195
1818960 195
1818970 195
1818980 195
1818990 195
1819000 195
1819010 195
1819020 195
1819030 195
1819040 195
1819050 195
1819060 195
1819070 195
1819080 195
1819090 195
1819100 195
1819110 195
1819120 195
1819130 195
1819140 195
1819150 195
1819160 195
1819170 195
1819180 195
1819190 195
1819200 195
1819210 195
1819220 195
1819230 195
1819240 195
1819250 196
1819260 196
1819270 195
1819280 195
1819290 195
1819300 195
1819310 195
1819320 195
1819330 195
1819340 195
1819350 195
1819360 195
1819370 195
1819380 195
1819390 195
1819400 195
1819410 195
1819420 195
1819430 195
1819440 195
1819450 195
1819460 195
1819470 195
1819480 195
1819490 195
1819500 195
1819510 195
1819520 195
1819530 195
1819540 195
1819550 195
1819560 195
1819570 195
1819580 195
1819590 195
1819600 195
1819610 195
1819620 195
1819630 195
1819640 195
1819650 195
1819660 195
1819670 195
1819680 195
1819690 195
1819700 195
1819710 195
1819720 195
1819730 195
1819740 195
1819750 195
1819760 195
1819770 195
1819780 195
1819790 195
1819800 195
1819810 195
1819820 195
1819830 195
1819840 195
1819850 195
1819860 195
1819870 195
1819880 195
1819890 195
1819900 194
1819910 194
1819920 194
1819930 194
1819940 194
1819950 194
1819960 194
1819970 194
1819980 194
1819990 194
