1800000 306
1800010 305
1800020 304
1800030 303
1800040 302
1800050 301
1800060 299
1800070 298
1800080 296
1800090 295
1800100 294
1800110 292
1800120 291
1800130 289
1800140 288
1800150 286
1800160 284
1800170 282
1800180 281
1800190 279
1800200 277
1800210 274
1800220 270
1800230 266
1800240 263
1800250 261
1800260 261
1800270 260
1800280 260
1800290 260
1800300 260
1800310 260
1800320 260
1800330 259
1800340 259
1800350 259
1800360 258
1800370 257
1800380 257
1800390 256
1800400 256
1800410 256
1800420 256
1800430 256
1800440 257
1800450 258
1800460 258
1800470 259
1800480 259
1800490 259
1800500 259
1800510 259
1800520 259
1800530 259
1800540 259
1800550 259
1800560 259
1800570 259
1800580 259
1800590 259
1800600 259
1800610 259
1800620 259
1800630 259
1800640 259
1800650 259
1800660 259
1800670 259
1800680 258
1800690 258
1800700 258
1800710 258
1800720 258
1800730 258
1800740 258
1800750 258
1800760 258
1800770 258
1800780 258
1800790 257
1800800 257
1800810 257
1800820 257
1800830 257
1800840 257
1800850 257
1800860 258
1800870 259
1800880 260
1800890 262
1800900 265
1800910 268
1800920 272
1800930 275
1800940 278
1800950 280
1800960 281
1800970 283
1800980 284
1800990 286
1801000 287
1801010 289
1801020 291
1801030 293
1801040 296
1801050 298
1801060 300
1801070 303
1801080 305
1801090 307
1801100 309
1801110 311
1801120 314
1801130 316
1801140 318
1801150 320
1801160 322
1801170 325
1801180 328
1801190 330
1801200 333
1801210 336
1801220 340
1801230 344
1801240 347
1801250 351
1801260 355
1801270 358
1801280 362
1801290 366
1801300 372
1801310 377
1801320 380
1801330 382
1801340 384
1801350 385
1801360 385
1801370 386
1801380 387
1801390 387
1801400 387
1801410 385
1801420 384
1801430 383
1801440 382
1801450 382
1801460 381
1801470 381
1801480 383
1801490 384
1801500 386
1801510 388
1801520 389
1801530 390
1801540 392
1801550 393
1801560 394
1801570 394
1801580 394
1801590 394
1801600 394
1801610 395
1801620 396
1801630 398
1801640 399
1801650 400
1801660 402
1801670 404
1801680 406
1801690 408
1801700 411
1801710 413
1801720 414
1801730 415
1801740 416
1801750 416
1801760 415
1801770 415
1801780 412
1801790 409
1801800 406
1801810 403
1801820 400
1801830 396
1801840 394
1801850 391
1801860 388
1801870 386
1801880 385
1801890 384
1801900 383
1801910 382
1801920 382
1801930 383
1801940 383
1801950 383
1801960 383
1801970 383
1801980 383
1801990 382
1802000 380
1802010 379
1802020 378
1802030 376
1802040 375
1802050 374
1802060 373
1802070 372
1802080 372
1802090 372
1802100 372
1802110 373
1802120 373
1802130 373
1802140 373
1802150 373
1802160 373
1802170 373
1802180 373
1802190 373
1802200 373
1802210 372
1802220 371
1802230 371
1802240 370
1802250 371
1802260 371
1802270 371
1802280 372
1802290 372
1802300 371
1802310 371
1802320 370
1802330 370
1802340 370
1802350 370
1802360 370
1802370 369
1802380 370
1802390 370
1802400 371
1802410 371
1802420 371
1802430 371
1802440 370
1802450 370
1802460 370
1802470 371
1802480 373
1802490 375
1802500 374
1802510 369
1802520 363
1802530 359
1802540 356
1802550 354
1802560 353
1802570 352
1802580 351
1802590 351
1802600 351
1802610 351
1802620 350
1802630 348
1802640 346
1802650 344
1802660 343
1802670 342
1802680 342
1802690 341
1802700 341
1802710 341
1802720 340
1802730 340
1802740 340
1802750 340
1802760 340
1802770 340
1802780 339
1802790 338
1802800 336
1802810 334
1802820 331
1802830 329
1802840 327
1802850 324
1802860 321
1802870 318
1802880 316
1802890 314
1802900 312
1802910 309
1802920 307
1802930 304
1802940 302
1802950 299
1802960 295
1802970 292
1802980 289
1802990 287
1803000 284
1803010 282
1803020 279
1803030 277
1803040 275
1803050 273
1803060 271
1803070 267
1803080 263
1803090 259
1803100 254
1803110 251
1803120 249
1803130 248
1803140 247
1803150 246
1803160 245
1803170 244
1803180 244
1803190 244
1803200 245
1803210 246
1803220 247
1803230 247
1803240 248
1803250 248
1803260 248
1803270 248
1803280 248
1803290 249
1803300 249
1803310 250
1803320 252
1803330 252
1803340 253
1803350 252
1803360 252
1803370 253
1803380 254
1803390 255
1803400 257
1803410 258
1803420 260
1803430 263
1803440 266
1803450 270
1803460 274
1803470 278
1803480 281
1803490 284
1803500 285
1803510 287
1803520 288
1803530 290
1803540 292
1803550 294
1803560 295
1803570 297
1803580 298
1803590 300
1803600 301
1803610 303
1803620 305
1803630 306
1803640 308
1803650 310
1803660 312
1803670 315
1803680 317
1803690 319
1803700 322
1803710 324
1803720 326
1803730 329
1803740 332
1803750 334
1803760 337
1803770 340
1803780 343
1803790 346
1803800 348
1803810 351
1803820 354
1803830 356
1803840 359
1803850 362
1803860 365
1803870 367
1803880 369
1803890 371
1803900 370
1803910 368
1803920 366
1803930 364
1803940 362
1803950 360
1803960 359
1803970 358
1803980 357
1803990 356
1804000 355
1804010 353
1804020 352
1804030 350
1804040 347
1804050 343
1804060 339
1804070 335
1804080 332
1804090 330
1804100 328
1804110 330
1804120 332
1804130 334
1804140 337
1804150 340
1804160 344
1804170 348
1804180 352
1804190 355
1804200 360
1804210 364
1804220 368
1804230 371
1804240 375
1804250 378
1804260 381
1804270 383
1804280 385
1804290 387
1804300 389
1804310 391
1804320 393
1804330 395
1804340 396
1804350 397
1804360 397
1804370 397
1804380 397
1804390 397
1804400 397
1804410 397
1804420 398
1804430 398
1804440 399
1804450 400
1804460 401
1804470 401
1804480 402
1804490 402
1804500 402
1804510 402
1804520 402
1804530 401
1804540 401
1804550 400
1804560 400
1804570 399
1804580 399
1804590 398
1804600 397
1804610 397
1804620 396
1804630 395
1804640 395
1804650 394
1804660 393
1804670 393
1804680 392
1804690 391
1804700 390
1804710 390
1804720 390
1804730 390
1804740 391
1804750 391
1804760 392
1804770 392
1804780 392
1804790 391
1804800 391
1804810 390
1804820 390
1804830 389
1804840 388
1804850 387
1804860 386
1804870 385
1804880 384
1804890 384
1804900 383
1804910 382
1804920 381
1804930 380
1804940 379
1804950 378
1804960 378
1804970 377
1804980 376
1804990 375
1805000 374
1805010 372
1805020 371
1805030 370
1805040 369
1805050 368
1805060 367
1805070 365
1805080 364
1805090 364
1805100 363
1805110 361
1805120 359
1805130 356
1805140 353
1805150 350
1805160 348
1805170 348
1805180 347
1805190 348
1805200 347
1805210 346
1805220 344
1805230 343
1805240 342
1805250 341
1805260 340
1805270 339
1805280 337
1805290 334
1805300 332
1805310 331
1805320 330
1805330 329
1805340 328
1805350 328
1805360 327
1805370 327
1805380 327
1805390 326
1805400 326
1805410 326
1805420 325
1805430 324
1805440 324
1805450 324
1805460 324
1805470 324
1805480 324
1805490 323
1805500 322
1805510 322
1805520 321
1805530 321
1805540 320
1805550 320
1805560 320
1805570 319
1805580 318
1805590 318
1805600 318
1805610 318
1805620 318
1805630 317
1805640 317
1805650 316
1805660 316
1805670 316
1805680 315
1805690 315
1805700 315
1805710 315
1805720 315
1805730 314
1805740 313
1805750 313
1805760 312
1805770 312
1805780 311
1805790 311
1805800 310
1805810 309
1805820 309
1805830 309
1805840 308
1805850 308
1805860 307
1805870 306
1805880 305
1805890 304
1805900 304
1805910 303
1805920 303
1805930 303
1805940 302
1805950 302
1805960 301
1805970 300
1805980 300
1805990 299
1806000 299
1806010 298
1806020 298
1806030 297
1806040 297
1806050 297
1806060 297
1806070 297
1806080 297
1806090 297
1806100 297
1806110 298
1806120 299
1806130 300
1806140 301
1806150 302
1806160 303
1806170 304
1806180 304
1806190 304
1806200 305
1806210 304
1806220 303
1806230 300
1806240 296
1806250 294
1806260 293
1806270 293
1806280 295
1806290 299
1806300 302
1806310 305
1806320 310
1806330 314
1806340 318
1806350 321
1806360 325
1806370 328
1806380 330
1806390 332
1806400 334
1806410 335
1806420 336
1806430 337
1806440 338
1806450 339
1806460 339
1806470 339
1806480 339
1806490 338
1806500 337
1806510 337
1806520 337
1806530 337
1806540 336
1806550 335
1806560 334
1806570 334
1806580 333
1806590 333
1806600 332
1806610 331
1806620 331
1806630 331
1806640 330
1806650 330
1806660 329
1806670 328
1806680 328
1806690 328
1806700 328
1806710 329
1806720 328
1806730 327
1806740 326
1806750 325
1806760 325
1806770 324
1806780 324
1806790 324
1806800 324
1806810 323
1806820 322
1806830 321
1806840 320
1806850 318
1806860 317
1806870 316
1806880 315
1806890 313
1806900 312
1806910 311
1806920 309
1806930 308
1806940 306
1806950 306
1806960 307
1806970 307
1806980 307
1806990 307
1807000 307
1807010 306
1807020 305
1807030 305
1807040 305
1807050 305
1807060 305
1807070 305
1807080 306
1807090 307
1807100 308
1807110 308
1807120 309
1807130 309
1807140 309
1807150 309
1807160 309
1807170 309
1807180 308
1807190 308
1807200 307
1807210 306
1807220 305
1807230 305
1807240 304
1807250 304
1807260 303
1807270 303
1807280 303
1807290 302
1807300 302
1807310 301
1807320 301
1807330 300
1807340 300
1807350 299
1807360 299
1807370 298
1807380 298
1807390 297
1807400 297
1807410 296
1807420 295
1807430 295
1807440 294
1807450 294
1807460 293
1807470 293
1807480 292
1807490 291
1807500 290
1807510 290
1807520 289
1807530 289
1807540 288
1807550 287
1807560 287
1807570 286
1807580 285
1807590 284
1807600 283
1807610 281
1807620 281
1807630 279
1807640 278
1807650 276
1807660 275
1807670 273
1807680 273
1807690 272
1807700 271
1807710 269
1807720 268
1807730 267
1807740 267
1807750 266
1807760 265
1807770 264
1807780 264
1807790 263
1807800 262
1807810 262
1807820 262
1807830 261
1807840 261
1807850 260
1807860 260
1807870 260
1807880 259
1807890 259
1807900 258
1807910 258
1807920 257
1807930 257
1807940 256
1807950 256
1807960 256
1807970 255
1807980 254
1807990 254
1808000 253
1808010 253
1808020 253
1808030 253
1808040 253
1808050 253
1808060 253
1808070 252
1808080 252
1808090 252
1808100 252
1808110 252
1808120 252
1808130 252
1808140 252
1808150 252
1808160 253
1808170 253
1808180 253
1808190 253
1808200 254
1808210 254
1808220 254
1808230 254
1808240 254
1808250 254
1808260 254
1808270 254
1808280 254
1808290 254
1808300 254
1808310 254
1808320 254
1808330 254
1808340 254
1808350 254
1808360 254
1808370 254
1808380 253
1808390 253
1808400 252
1808410 252
1808420 251
1808430 251
1808440 251
1808450 251
1808460 251
1808470 250
1808480 250
1808490 249
1808500 249
1808510 248
1808520 247
1808530 246
1808540 246
1808550 245
1808560 245
1808570 244
1808580 243
1808590 242
1808600 242
1808610 241
1808620 241
1808630 240
1808640 240
1808650 239
1808660 239
1808670 238
1808680 238
1808690 237
1808700 236
1808710 236
1808720 236
1808730 236
1808740 237
1808750 237
1808760 237
1808770 237
1808780 238
1808790 238
1808800 238
1808810 238
1808820 237
1808830 237
1808840 237
1808850 237
1808860 236
1808870 236
1808880 236
1808890 235
1808900 235
1808910 234
1808920 234
1808930 233
1808940 233
1808950 232
1808960 232
1808970 232
1808980 232
1808990 232
1809000 231
1809010 231
1809020 231
1809030 231
1809040 231
1809050 231
1809060 231
1809070 231
1809080 231
1809090 231
1809100 231
1809110 230
1809120 230
1809130 229
1809140 229
1809150 229
1809160 229
1809170 228
1809180 228
1809190 228
1809200 228
1809210 227
1809220 226
1809230 226
1809240 226
1809250 227
1809260 228
1809270 228
1809280 227
1809290 227
1809300 226
1809310 227
1809320 227
1809330 227
1809340 227
1809350 227
1809360 227
1809370 227
1809380 227
1809390 227
1809400 227
1809410 227
1809420 227
1809430 227
1809440 227
1809450 227
1809460 227
1809470 227
1809480 227
1809490 227
1809500 227
1809510 227
1809520 227
1809530 227
1809540 227
1809550 227
1809560 227
1809570 227
1809580 227
1809590 227
1809600 227
1809610 227
1809620 227
1809630 227
1809640 226
1809650 226
1809660 226
1809670 226
1809680 226
1809690 226
1809700 226
1809710 226
1809720 226
1809730 226
1809740 226
1809750 226
1809760 225
1809770 225
1809780 225
1809790 225
1809800 224
1809810 224
1809820 224
1809830 224
1809840 224
1809850 224
1809860 224
1809870 224
1809880 224
1809890 224
1809900 224
1809910 224
1809920 224
1809930 224
1809940 224
1809950 223
1809960 223
1809970 223
1809980 223
1809990 223
1810000 222
1810010 222
1810020 222
1810030 222
1810040 222
1810050 222
1810060 222
1810070 222
1810080 221
1810090 220
1810100 220
1810110 220
1810120 221
1810130 221
1810140 221
1810150 220
1810160 220
1810170 220
1810180 220
1810190 220
1810200 220
1810210 220
1810220 220
1810230 220
1810240 220
1810250 220
1810260 220
1810270 220
1810280 219
1810290 219
1810300 219
1810310 219
1810320 219
1810330 219
1810340 219
1810350 219
1810360 219
1810370 219
1810380 219
1810390 219
1810400 219
1810410 219
1810420 219
1810430 218
1810440 218
1810450 218
1810460 218
1810470 218
1810480 218
1810490 218
1810500 218
1810510 218
1810520 218
1810530 218
1810540 218
1810550 218
1810560 218
1810570 217
1810580 217
1810590 217
1810600 217
1810610 217
1810620 217
1810630 217
1810640 216
1810650 216
1810660 216
1810670 216
1810680 216
1810690 216
1810700 216
1810710 216
1810720 216
1810730 216
1810740 216
1810750 215
1810760 215
1810770 215
1810780 215
1810790 215
1810800 215
1810810 215
1810820 215
1810830 215
1810840 215
1810850 215
1810860 215
1810870 214
1810880 214
1810890 214
1810900 214
1810910 214
1810920 214
1810930 214
1810940 214
1810950 214
1810960 214
1810970 214
1810980 214
1810990 214
1811000 214
1811010 214
1811020 213
1811030 213
1811040 213
1811050 213
1811060 213
1811070 213
1811080 213
1811090 213
1811100 213
1811110 213
1811120 213
1811130 213
1811140 213
1811150 213
1811160 213
1811170 213
1811180 213
1811190 213
1811200 213
1811210 212
1811220 212
1811230 213
1811240 213
1811250 213
1811260 213
1811270 213
1811280 213
1811290 212
1811300 211
1811310 211
1811320 212
1811330 212
1811340 213
1811350 213
1811360 213
1811370 213
1811380 213
1811390 213
1811400 212
1811410 212
1811420 212
1811430 212
1811440 212
1811450 212
1811460 212
1811470 212
1811480 212
1811490 212
1811500 211
1811510 211
1811520 211
1811530 211
1811540 211
1811550 211
1811560 211
1811570 211
1811580 211
1811590 211
1811600 211
1811610 211
1811620 211
1811630 211
1811640 211
1811650 211
1811660 211
1811670 211
1811680 211
1811690 211
1811700 211
1811710 211
1811720 211
1811730 211
1811740 211
1811750 211
1811760 211
1811770 211
1811780 211
1811790 211
1811800 211
1811810 211
1811820 211
1811830 211
1811840 210
1811850 210
1811860 210
1811870 210
1811880 210
1811890 210
1811900 210
1811910 210
1811920 210
1811930 210
1811940 210
1811950 210
1811960 210
1811970 210
1811980 210
1811990 210
1812000 210
1812010 210
1812020 210
1812030 210
1812040 210
1812050 210
1812060 209
1812070 209
1812080 209
1812090 209
1812100 209
1812110 209
1812120 209
1812130 209
1812140 209
1812150 209
1812160 209
1812170 209
1812180 209
1812190 209
1812200 209
1812210 209
1812220 209
1812230 209
1812240 209
1812250 209
1812260 209
1812270 209
1812280 208
1812290 208
1812300 209
1812310 209
1812320 208
1812330 208
1812340 208
1812350 208
1812360 208
1812370 208
1812380 208
1812390 208
1812400 208
1812410 208
1812420 208
1812430 208
1812440 208
1812450 208
1812460 208
1812470 208
1812480 208
1812490 208
1812500 208
1812510 208
1812520 208
1812530 207
1812540 207
1812550 207
1812560 207
1812570 207
1812580 208
1812590 208
1812600 208
1812610 208
1812620 208
1812630 208
1812640 208
1812650 208
1812660 208
1812670 208
1812680 208
1812690 208
1812700 208
1812710 208
1812720 208
1812730 208
1812740 208
1812750 208
1812760 208
1812770 208
1812780 208
1812790 208
1812800 207
1812810 207
1812820 207
1812830 207
1812840 207
1812850 207
1812860 207
1812870 207
1812880 207
1812890 207
1812900 207
1812910 206
1812920 206
1812930 206
1812940 206
1812950 206
1812960 206
1812970 206
1812980 206
1812990 206
1813000 206
1813010 206
1813020 206
1813030 206
1813040 206
1813050 206
1813060 206
1813070 206
1813080 205
1813090 205
1813100 205
1813110 205
1813120 205
1813130 205
1813140 205
1813150 205
1813160 205
1813170 205
1813180 205
1813190 205
1813200 205
1813210 205
1813220 205
1813230 205
1813240 205
1813250 205
1813260 205
1813270 205
1813280 205
1813290 205
1813300 205
1813310 205
1813320 205
1813330 205
1813340 205
1813350 205
1813360 205
1813370 205
1813380 205
1813390 205
1813400 205
1813410 205
1813420 205
1813430 205
1813440 205
1813450 205
1813460 205
1813470 205
1813480 205
1813490 205
1813500 205
1813510 205
1813520 205
1813530 205
1813540 205
1813550 205
1813560 204
1813570 204
1813580 204
1813590 204
1813600 204
1813610 204
1813620 204
1813630 204
1813640 204
1813650 204
1813660 203
1813670 203
1813680 203
1813690 203
1813700 203
1813710 203
1813720 203
1813730 203
1813740 203
1813750 202
1813760 202
1813770 202
1813780 202
1813790 202
1813800 202
1813810 202
1813820 202
1813830 202
1813840 202
1813850 202
1813860 202
1813870 202
1813880 202
1813890 202
1813900 202
1813910 202
1813920 202
1813930 202
1813940 201
1813950 202
1813960 202
1813970 201
1813980 201
1813990 201
1814000 201
1814010 201
1814020 201
1814030 201
1814040 201
1814050 201
1814060 201
1814070 201
1814080 201
1814090 201
1814100 201
1814110 201
1814120 201
1814130 201
1814140 201
1814150 201
1814160 201
1814170 201
1814180 201
1814190 201
1814200 201
1814210 201
1814220 201
1814230 201
1814240 201
1814250 201
1814260 201
1814270 201
1814280 201
1814290 201
1814300 201
1814310 200
1814320 200
1814330 200
1814340 200
1814350 200
1814360 200
1814370 200
1814380 200
1814390 200
1814400 200
1814410 200
1814420 200
1814430 200
1814440 200
1814450 200
1814460 200
1814470 200
1814480 199
1814490 199
1814500 199
1814510 199
1814520 199
1814530 199
1814540 199
1814550 199
1814560 199
1814570 199
1814580 199
1814590 199
1814600 199
1814610 199
1814620 199
1814630 198
1814640 198
1814650 198
1814660 198
1814670 198
1814680 198
1814690 198
1814700 198
1814710 198
1814720 198
1814730 198
1814740 198
1814750 198
1814760 198
1814770 198
1814780 198
1814790 198
1814800 198
1814810 198
1814820 198
1814830 198
1814840 198
1814850 198
1814860 198
1814870 198
1814880 198
1814890 198
1814900 198
1814910 198
1814920 199
1814930 199
1814940 199
1814950 198
1814960 198
1814970 197
1814980 197
1814990 197
1815000 197
1815010 197
1815020 197
1815030 197
1815040 197
1815050 197
1815060 197
1815070 197
1815080 196
1815090 195
1815100 195
1815110 195
1815120 196
1815130 196
1815140 197
1815150 197
1815160 197
1815170 197
1815180 197
1815190 197
1815200 197
1815210 197
1815220 197
1815230 197
1815240 197
1815250 197
1815260 197
1815270 197
1815280 197
1815290 197
1815300 198
1815310 198
1815320 198
1815330 198
1815340 198
1815350 198
1815360 198
1815370 198
1815380 198
1815390 198
1815400 198
1815410 198
1815420 198
1815430 198
1815440 199
1815450 199
1815460 198
1815470 198
1815480 198
1815490 198
1815500 198
1815510 198
1815520 198
1815530 198
1815540 198
1815550 198
1815560 198
1815570 198
1815580 198
1815590 198
1815600 198
1815610 198
1815620 198
1815630 198
1815640 198
1815650 198
1815660 198
1815670 198
1815680 198
1815690 198
1815700 198
1815710 198
1815720 198
1815730 197
1815740 197
1815750 197
1815760 197
1815770 197
1815780 197
1815790 197
1815800 197
1815810 197
1815820 197
1815830 197
1815840 197
1815850 197
1815860 197
1815870 197
1815880 197
1815890 197
1815900 197
1815910 197
1815920 197
1815930 197
1815940 197
1815950 197
1815960 197
1815970 197
1815980 197
1815990 197
1816000 197
1816010 197
1816020 197
1816030 197
1816040 197
1816050 197
1816060 197
1816070 197
1816080 197
1816090 197
1816100 197
1816110 197
1816120 197
1816130 197
1816140 197
1816150 197
1816160 197
1816170 197
1816180 197
1816190 197
1816200 197
1816210 197
1816220 197
1816230 197
1816240 197
1816250 197
1816260 197
1816270 197
1816280 196
1816290 196
1816300 196
1816310 196
1816320 196
1816330 196
1816340 196
1816350 196
1816360 196
1816370 196
1816380 196
1816390 196
1816400 196
1816410 196
1816420 196
1816430 196
1816440 196
1816450 196
1816460 196
1816470 196
1816480 196
1816490 196
1816500 196
1816510 196
1816520 197
1816530 197
1816540 197
1816550 197
1816560 197
1816570 197
1816580 196
1816590 196
1816600 196
1816610 196
1816620 196
1816630 196
1816640 196
1816650 196
1816660 196
1816670 196
1816680 196
1816690 196
1816700 196
1816710 196
1816720 196
1816730 196
1816740 196
1816750 196
1816760 196
1816770 196
1816780 196
1816790 196
1816800 196
1816810 196
1816820 196
1816830 196
1816840 196
1816850 196
1816860 196
1816870 197
1816880 197
1816890 197
1816900 197
1816910 197
1816920 197
1816930 197
1816940 197
1816950 197
1816960 197
1816970 197
1816980 197
1816990 196
1817000 196
1817010 196
1817020 196
1817030 196
1817040 196
1817050 196
1817060 195
1817070 195
1817080 195
1817090 195
1817100 195
1817110 195
1817120 195
1817130 195
1817140 195
1817150 195
1817160 195
1817170 195
1817180 195
1817190 195
1817200 195
1817210 195
1817220 195
1817230 195
1817240 195
1817250 195
1817260 195
1817270 195
1817280 195
1817290 195
1817300 195
1817310 195
1817320 195
1817330 195
1817340 195
1817350 195
1817360 195
1817370 195
1817380 195
1817390 195
1817400 195
1817410 195
1817420 195
1817430 195
1817440 195
1817450 195
1817460 195
1817470 195
1817480 195
1817490 195
1817500 195
1817510 195
1817520 195
1817530 195
1817540 195
1817550 195
1817560 195
1817570 195
1817580 195
1817590 195
1817600 195
1817610 195
1817620 195
1817630 195
1817640 195
1817650 195
1817660 195
1817670 195
1817680 195
1817690 195
1817700 195
1817710 195
1817720 195
1817730 195
1817740 195
1817750 195
1817760 195
1817770 195
1817780 195
1817790 195
1817800 195
1817810 194
1817820 194
1817830 194
1817840 194
1817850 194
1817860 194
1817870 194
1817880 194
1817890 194
1817900 194
1817910 194
1817920 194
1817930 194
1817940 194
1817950 194
1817960 194
1817970 194
1817980 194
1817990 194
1818000 194
1818010 194
1818020 194
1818030 194
1818040 194
1818050 194
1818060 194
1818070 194
1818080 194
1818090 194
1818100 194
1818110 194
1818120 194
1818130 194
1818140 194
1818150 194
1818160 194
1818170 194
1818180 194
1818190 194
1818200 194
1818210 194
1818220 194
1818230 194
1818240 194
1818250 194
1818260 194
1818270 193
1818280 193
1818290 193
1818300 193
1818310 193
1818320 193
1818330 193
1818340 193
1818350 193
1818360 193
1818370 193
1818380 193
1818390 193
1818400 193
1818410 193
1818420 193
1818430 193
1818440 193
1818450 193
1818460 193
1818470 193
1818480 193
1818490 193
1818500 194
1818510 194
1818520 194
1818530 194
1818540 194
1818550 193
1818560 193
1818570 193
1818580 193
1818590 193
1818600 193
1818610 193
1818620 193
1818630 193
1818640 193
1818650 193
1818660 193
1818670 193
1818680 193
1818690 193
1818700 193
1818710 193
1818720 193
1818730 193
1818740 193
1818750 193
1818760 193
1818770 193
1818780 193
1818790 193
1818800 193
1818810 193
1818820 193
1818830 193
1818840 193
1818850 193
1818860 193
1818870 193
1818880 193
1818890 193
1818900 193
1818910 193
1818920 193
1818930 193
1818940 193
1818950 193
1818960 193
1818970 193
1818980 193
1818990 193
1819000 193
1819010 193
1819020 193
1819030 193
1819040 193
1819050 193
1819060 193
1819070 193
1819080 193
1819090 193
1819100 193
1819110 193
1819120 193
1819130 193
1819140 193
1819150 193
1819160 193
1819170 193
1819180 193
1819190 193
1819200 193
1819210 193
1819220 193
1819230 193
1819240 193
1819250 192
1819260 192
1819270 192
1819280 192
1819290 192
1819300 192
1819310 192
1819320 192
1819330 192
1819340 192
1819350 192
1819360 192
1819370 192
1819380 192
1819390 192
1819400 192
1819410 192
1819420 192
1819430 192
1819440 192
1819450 192
1819460 192
1819470 192
1819480 192
1819490 192
1819500 192
1819510 192
1819520 192
1819530 192
1819540 192
1819550 192
1819560 192
1819570 192
1819580 192
1819590 192
1819600 192
1819610 192
1819620 192
1819630 192
1819640 192
1819650 192
1819660 192
1819670 192
1819680 192
1819690 192
1819700 192
1819710 192
1819720 192
1819730 192
1819740 192
1819750 192
1819760 192
1819770 192
1819780 192
1819790 192
1819800 192
1819810 192
1819820 192
1819830 192
1819840 192
1819850 192
1819860 192
1819870 192
1819880 192
1819890 192
1819900 192
1819910 192
1819920 192
1819930 192
1819940 192
1819950 192
1819960 192
1819970 192
1819980 192
1819990 192
