1800000 340
1800010 338
1800020 336
1800030 334
1800040 332
1800050 330
1800060 328
1800070 325
1800080 323
1800090 320
1800100 317
1800110 315
1800120 312
1800130 309
1800140 307
1800150 304
1800160 301
1800170 299
1800180 297
1800190 296
1800200 294
1800210 292
1800220 289
1800230 286
1800240 284
1800250 281
1800260 279
1800270 277
1800280 275
1800290 274
1800300 273
1800310 271
1800320 269
1800330 266
1800340 263
1800350 261
1800360 260
1800370 260
1800380 259
1800390 259
1800400 259
1800410 259
1800420 259
1800430 259
1800440 259
1800450 259
1800460 259
1800470 258
1800480 258
1800490 258
1800500 258
1800510 258
1800520 258
1800530 257
1800540 258
1800550 258
1800560 258
1800570 258
1800580 258
1800590 258
1800600 258
1800610 258
1800620 258
1800630 258
1800640 258
1800650 257
1800660 257
1800670 257
1800680 257
1800690 257
1800700 257
1800710 257
1800720 257
1800730 256
1800740 256
1800750 255
1800760 254
1800770 254
1800780 254
1800790 255
1800800 255
1800810 255
1800820 255
1800830 255
1800840 255
1800850 255
1800860 255
1800870 255
1800880 255
1800890 255
1800900 256
1800910 256
1800920 256
1800930 256
1800940 256
1800950 257
1800960 257
1800970 257
1800980 256
1800990 256
1801000 256
1801010 256
1801020 256
1801030 256
1801040 256
1801050 256
1801060 256
1801070 256
1801080 256
1801090 256
1801100 256
1801110 256
1801120 256
1801130 256
1801140 256
1801150 256
1801160 256
1801170 256
1801180 256
1801190 255
1801200 256
1801210 256
1801220 256
1801230 255
1801240 255
1801250 255
1801260 255
1801270 255
1801280 255
1801290 255
1801300 255
1801310 255
1801320 255
1801330 255
1801340 255
1801350 255
1801360 254
1801370 254
1801380 254
1801390 254
1801400 254
1801410 254
1801420 254
1801430 254
1801440 255
1801450 255
1801460 255
1801470 256
1801480 256
1801490 257
1801500 258
1801510 260
1801520 261
1801530 262
1801540 263
1801550 265
1801560 267
1801570 267
1801580 268
1801590 269
1801600 270
1801610 271
1801620 271
1801630 270
1801640 269
1801650 268
1801660 267
1801670 265
1801680 264
1801690 262
1801700 261
1801710 260
1801720 259
1801730 258
1801740 257
1801750 256
1801760 255
1801770 255
1801780 254
1801790 254
1801800 254
1801810 253
1801820 253
1801830 253
1801840 252
1801850 252
1801860 252
1801870 252
1801880 251
1801890 251
1801900 251
1801910 251
1801920 251
1801930 251
1801940 251
1801950 251
1801960 251
1801970 251
1801980 251
1801990 251
1802000 251
1802010 251
1802020 251
1802030 251
1802040 251
1802050 251
1802060 251
1802070 251
1802080 251
1802090 251
1802100 251
1802110 251
1802120 251
1802130 251
1802140 251
1802150 251
1802160 251
1802170 251
1802180 251
1802190 251
1802200 250
1802210 250
1802220 250
1802230 250
1802240 250
1802250 250
1802260 249
1802270 250
1802280 250
1802290 249
1802300 249
1802310 249
1802320 249
1802330 249
1802340 249
1802350 249
1802360 249
1802370 249
1802380 249
1802390 249
1802400 249
1802410 249
1802420 249
1802430 249
1802440 250
1802450 250
1802460 250
1802470 250
1802480 250
1802490 250
1802500 250
1802510 251
1802520 251
1802530 252
1802540 253
1802550 254
1802560 255
1802570 256
1802580 258
1802590 259
1802600 260
1802610 261
1802620 261
1802630 262
1802640 263
1802650 263
1802660 263
1802670 263
1802680 263
1802690 263
1802700 262
1802710 262
1802720 261
1802730 261
1802740 261
1802750 261
1802760 261
1802770 261
1802780 259
1802790 256
1802800 254
1802810 251
1802820 250
1802830 249
1802840 248
1802850 248
1802860 248
1802870 247
1802880 247
1802890 246
1802900 246
1802910 245
1802920 246
1802930 247
1802940 249
1802950 252
1802960 255
1802970 259
1802980 264
1802990 266
1803000 268
1803010 270
1803020 272
1803030 273
1803040 276
1803050 279
1803060 284
1803070 289
1803080 293
1803090 298
1803100 302
1803110 305
1803120 308
1803130 309
1803140 309
1803150 309
1803160 310
1803170 312
1803180 315
1803190 317
1803200 321
1803210 325
1803220 329
1803230 332
1803240 335
1803250 338
1803260 340
1803270 342
1803280 343
1803290 344
1803300 344
1803310 344
1803320 345
1803330 345
1803340 345
1803350 346
1803360 347
1803370 348
1803380 349
1803390 350
1803400 351
1803410 353
1803420 354
1803430 355
1803440 356
1803450 358
1803460 359
1803470 360
1803480 361
1803490 362
1803500 361
1803510 360
1803520 358
1803530 357
1803540 355
1803550 354
1803560 352
1803570 350
1803580 349
1803590 348
1803600 349
1803610 352
1803620 356
1803630 359
1803640 363
1803650 366
1803660 369
1803670 372
1803680 375
1803690 378
1803700 381
1803710 384
1803720 387
1803730 390
1803740 393
1803750 395
1803760 397
1803770 400
1803780 401
1803790 403
1803800 405
1803810 406
1803820 406
1803830 406
1803840 406
1803850 405
1803860 405
1803870 405
1803880 404
1803890 404
1803900 404
1803910 404
1803920 403
1803930 402
1803940 402
1803950 401
1803960 401
1803970 401
1803980 401
1803990 401
1804000 401
1804010 401
1804020 400
1804030 400
1804040 401
1804050 401
1804060 401
1804070 402
1804080 402
1804090 402
1804100 402
1804110 403
1804120 403
1804130 403
1804140 403
1804150 403
1804160 403
1804170 404
1804180 404
1804190 404
1804200 402
1804210 399
1804220 397
1804230 396
1804240 396
1804250 395
1804260 395
1804270 395
1804280 394
1804290 394
1804300 394
1804310 395
1804320 395
1804330 397
1804340 398
1804350 400
1804360 401
1804370 403
1804380 404
1804390 406
1804400 407
1804410 409
1804420 411
1804430 413
1804440 415
1804450 416
1804460 418
1804470 419
1804480 421
1804490 423
1804500 425
1804510 426
1804520 428
1804530 429
1804540 430
1804550 430
1804560 430
1804570 429
1804580 429
1804590 428
1804600 428
1804610 428
1804620 428
1804630 428
1804640 428
1804650 429
1804660 430
1804670 431
1804680 432
1804690 432
1804700 432
1804710 433
1804720 432
1804730 432
1804740 432
1804750 431
1804760 431
1804770 431
1804780 430
1804790 430
1804800 430
1804810 430
1804820 430
1804830 429
1804840 429
1804850 428
1804860 427
1804870 426
1804880 426
1804890 425
1804900 424
1804910 423
1804920 422
1804930 421
1804940 420
1804950 419
1804960 419
1804970 419
1804980 419
1804990 418
1805000 418
1805010 417
1805020 416
1805030 414
1805040 413
1805050 412
1805060 411
1805070 410
1805080 410
1805090 409
1805100 408
1805110 407
1805120 406
1805130 405
1805140 404
1805150 402
1805160 399
1805170 396
1805180 393
1805190 390
1805200 386
1805210 382
1805220 380
1805230 381
1805240 383
1805250 387
1805260 390
1805270 393
1805280 395
1805290 397
1805300 397
1805310 396
1805320 395
1805330 394
1805340 392
1805350 391
1805360 390
1805370 389
1805380 388
1805390 387
1805400 385
1805410 383
1805420 382
1805430 381
1805440 382
1805450 382
1805460 383
1805470 383
1805480 382
1805490 381
1805500 378
1805510 377
1805520 376
1805530 377
1805540 377
1805550 377
1805560 377
1805570 377
1805580 377
1805590 377
1805600 376
1805610 376
1805620 376
1805630 376
1805640 376
1805650 376
1805660 376
1805670 376
1805680 375
1805690 375
1805700 375
1805710 376
1805720 377
1805730 378
1805740 379
1805750 379
1805760 378
1805770 378
1805780 378
1805790 377
1805800 376
1805810 375
1805820 374
1805830 373
1805840 372
1805850 371
1805860 369
1805870 368
1805880 368
1805890 368
1805900 367
1805910 365
1805920 363
1805930 363
1805940 361
1805950 359
1805960 357
1805970 355
1805980 353
1805990 353
1806000 352
1806010 351
1806020 349
1806030 346
1806040 342
1806050 339
1806060 337
1806070 335
1806080 334
1806090 333
1806100 332
1806110 332
1806120 332
1806130 332
1806140 334
1806150 336
1806160 337
1806170 338
1806180 339
1806190 339
1806200 339
1806210 339
1806220 338
1806230 335
1806240 331
1806250 325
1806260 321
1806270 320
1806280 319
1806290 321
1806300 324
1806310 328
1806320 333
1806330 338
1806340 342
1806350 344
1806360 346
1806370 347
1806380 349
1806390 350
1806400 352
1806410 354
1806420 355
1806430 356
1806440 357
1806450 358
1806460 359
1806470 360
1806480 361
1806490 361
1806500 361
1806510 361
1806520 360
1806530 360
1806540 360
1806550 359
1806560 358
1806570 357
1806580 357
1806590 356
1806600 355
1806610 355
1806620 354
1806630 353
1806640 353
1806650 352
1806660 351
1806670 351
1806680 351
1806690 350
1806700 350
1806710 350
1806720 349
1806730 349
1806740 348
1806750 348
1806760 347
1806770 347
1806780 347
1806790 346
1806800 346
1806810 346
1806820 345
1806830 345
1806840 345
1806850 345
1806860 345
1806870 344
1806880 344
1806890 344
1806900 343
1806910 343
1806920 342
1806930 341
1806940 341
1806950 341
1806960 340
1806970 340
1806980 339
1806990 338
1807000 337
1807010 336
1807020 335
1807030 334
1807040 333
1807050 331
1807060 330
1807070 328
1807080 327
1807090 326
1807100 325
1807110 324
1807120 323
1807130 322
1807140 321
1807150 320
1807160 319
1807170 318
1807180 318
1807190 317
1807200 316
1807210 316
1807220 315
1807230 315
1807240 315
1807250 314
1807260 314
1807270 313
1807280 313
1807290 312
1807300 312
1807310 311
1807320 311
1807330 310
1807340 310
1807350 309
1807360 309
1807370 308
1807380 308
1807390 307
1807400 307
1807410 306
1807420 306
1807430 306
1807440 305
1807450 305
1807460 305
1807470 304
1807480 304
1807490 304
1807500 303
1807510 303
1807520 303
1807530 302
1807540 302
1807550 302
1807560 302
1807570 301
1807580 301
1807590 301
1807600 301
1807610 300
1807620 300
1807630 299
1807640 299
1807650 299
1807660 298
1807670 298
1807680 297
1807690 297
1807700 297
1807710 296
1807720 296
1807730 295
1807740 295
1807750 294
1807760 293
1807770 292
1807780 292
1807790 292
1807800 291
1807810 291
1807820 291
1807830 291
1807840 290
1807850 290
1807860 290
1807870 289
1807880 289
1807890 289
1807900 288
1807910 288
1807920 287
1807930 287
1807940 286
1807950 286
1807960 286
1807970 286
1807980 286
1807990 286
1808000 285
1808010 285
1808020 285
1808030 285
1808040 284
1808050 284
1808060 283
1808070 282
1808080 282
1808090 282
1808100 281
1808110 281
1808120 281
1808130 280
1808140 279
1808150 279
1808160 279
1808170 278
1808180 278
1808190 278
1808200 277
1808210 277
1808220 277
1808230 276
1808240 276
1808250 275
1808260 275
1808270 274
1808280 274
1808290 274
1808300 273
1808310 273
1808320 273
1808330 273
1808340 272
1808350 272
1808360 271
1808370 270
1808380 269
1808390 269
1808400 268
1808410 268
1808420 268
1808430 267
1808440 268
1808450 268
1808460 268
1808470 268
1808480 268
1808490 268
1808500 268
1808510 269
1808520 269
1808530 269
1808540 269
1808550 269
1808560 269
1808570 268
1808580 268
1808590 267
1808600 266
1808610 265
1808620 264
1808630 263
1808640 263
1808650 262
1808660 261
1808670 260
1808680 259
1808690 258
1808700 257
1808710 256
1808720 255
1808730 255
1808740 254
1808750 253
1808760 253
1808770 252
1808780 252
1808790 252
1808800 251
1808810 251
1808820 251
1808830 250
1808840 250
1808850 250
1808860 250
1808870 249
1808880 249
1808890 249
1808900 249
1808910 249
1808920 249
1808930 248
1808940 248
1808950 248
1808960 248
1808970 248
1808980 247
1808990 247
1809000 246
1809010 246
1809020 245
1809030 245
1809040 244
1809050 243
1809060 243
1809070 242
1809080 242
1809090 241
1809100 241
1809110 240
1809120 240
1809130 239
1809140 239
1809150 238
1809160 238
1809170 238
1809180 238
1809190 237
1809200 237
1809210 236
1809220 236
1809230 236
1809240 235
1809250 235
1809260 235
1809270 235
1809280 235
1809290 234
1809300 234
1809310 234
1809320 234
1809330 234
1809340 233
1809350 233
1809360 233
1809370 233
1809380 233
1809390 233
1809400 233
1809410 232
1809420 232
1809430 232
1809440 232
1809450 232
1809460 232
1809470 232
1809480 232
1809490 232
1809500 232
1809510 232
1809520 232
1809530 231
1809540 231
1809550 231
1809560 231
1809570 230
1809580 230
1809590 230
1809600 229
1809610 229
1809620 229
1809630 229
1809640 229
1809650 229
1809660 229
1809670 228
1809680 228
1809690 228
1809700 228
1809710 227
1809720 227
1809730 226
1809740 226
1809750 226
1809760 226
1809770 226
1809780 226
1809790 227
1809800 226
1809810 226
1809820 226
1809830 226
1809840 226
1809850 226
1809860 226
1809870 226
1809880 226
1809890 226
1809900 226
1809910 226
1809920 225
1809930 225
1809940 225
1809950 225
1809960 225
1809970 225
1809980 224
1809990 224
1810000 224
1810010 224
1810020 224
1810030 223
1810040 223
1810050 223
1810060 223
1810070 223
1810080 223
1810090 223
1810100 223
1810110 223
1810120 223
1810130 223
1810140 223
1810150 223
1810160 223
1810170 222
1810180 222
1810190 222
1810200 222
1810210 222
1810220 222
1810230 222
1810240 222
1810250 222
1810260 222
1810270 222
1810280 221
1810290 221
1810300 221
1810310 220
1810320 220
1810330 220
1810340 220
1810350 220
1810360 220
1810370 220
1810380 220
1810390 220
1810400 219
1810410 219
1810420 219
1810430 219
1810440 219
1810450 219
1810460 219
1810470 219
1810480 219
1810490 219
1810500 219
1810510 219
1810520 219
1810530 219
1810540 218
1810550 218
1810560 218
1810570 218
1810580 218
1810590 218
1810600 217
1810610 217
1810620 217
1810630 217
1810640 217
1810650 217
1810660 217
1810670 217
1810680 216
1810690 216
1810700 216
1810710 216
1810720 216
1810730 216
1810740 216
1810750 216
1810760 216
1810770 216
1810780 216
1810790 216
1810800 216
1810810 216
1810820 217
1810830 216
1810840 216
1810850 216
1810860 216
1810870 216
1810880 216
1810890 216
1810900 216
1810910 216
1810920 216
1810930 216
1810940 216
1810950 216
1810960 215
1810970 215
1810980 215
1810990 215
1811000 215
1811010 214
1811020 214
1811030 214
1811040 214
1811050 214
1811060 214
1811070 214
1811080 214
1811090 213
1811100 213
1811110 213
1811120 213
1811130 213
1811140 213
1811150 213
1811160 213
1811170 213
1811180 213
1811190 212
1811200 212
1811210 212
1811220 212
1811230 212
1811240 212
1811250 212
1811260 212
1811270 212
1811280 212
1811290 212
1811300 212
1811310 212
1811320 212
1811330 212
1811340 212
1811350 212
1811360 212
1811370 212
1811380 212
1811390 211
1811400 211
1811410 211
1811420 211
1811430 211
1811440 212
1811450 212
1811460 212
1811470 211
1811480 211
1811490 211
1811500 211
1811510 211
1811520 211
1811530 211
1811540 211
1811550 211
1811560 210
1811570 210
1811580 210
1811590 210
1811600 210
1811610 210
1811620 210
1811630 210
1811640 210
1811650 210
1811660 210
1811670 210
1811680 210
1811690 210
1811700 210
1811710 210
1811720 210
1811730 210
1811740 210
1811750 210
1811760 210
1811770 210
1811780 210
1811790 210
1811800 210
1811810 210
1811820 209
1811830 209
1811840 209
1811850 209
1811860 209
1811870 209
1811880 209
1811890 209
1811900 209
1811910 209
1811920 209
1811930 209
1811940 209
1811950 209
1811960 209
1811970 209
1811980 209
1811990 209
1812000 209
1812010 209
1812020 209
1812030 209
1812040 209
1812050 209
1812060 209
1812070 209
1812080 209
1812090 209
1812100 209
1812110 209
1812120 209
1812130 209
1812140 209
1812150 209
1812160 208
1812170 208
1812180 208
1812190 208
1812200 208
1812210 208
1812220 208
1812230 208
1812240 208
1812250 208
1812260 208
1812270 208
1812280 207
1812290 207
1812300 207
1812310 207
1812320 207
1812330 207
1812340 207
1812350 207
1812360 207
1812370 207
1812380 207
1812390 207
1812400 207
1812410 207
1812420 207
1812430 207
1812440 207
1812450 207
1812460 207
1812470 207
1812480 207
1812490 207
1812500 207
1812510 207
1812520 207
1812530 207
1812540 207
1812550 207
1812560 207
1812570 207
1812580 207
1812590 207
1812600 207
1812610 207
1812620 207
1812630 207
1812640 207
1812650 207
1812660 207
1812670 207
1812680 207
1812690 207
1812700 207
1812710 207
1812720 207
1812730 207
1812740 207
1812750 207
1812760 207
1812770 206
1812780 206
1812790 206
1812800 206
1812810 206
1812820 206
1812830 206
1812840 206
1812850 206
1812860 206
1812870 206
1812880 206
1812890 206
1812900 206
1812910 206
1812920 206
1812930 206
1812940 206
1812950 206
1812960 206
1812970 206
1812980 206
1812990 206
1813000 206
1813010 206
1813020 206
1813030 206
1813040 206
1813050 206
1813060 206
1813070 206
1813080 206
1813090 206
1813100 206
1813110 206
1813120 206
1813130 206
1813140 206
1813150 206
1813160 206
1813170 206
1813180 206
1813190 206
1813200 206
1813210 206
1813220 205
1813230 205
1813240 205
1813250 205
1813260 205
1813270 205
1813280 205
1813290 205
1813300 205
1813310 205
1813320 205
1813330 205
1813340 205
1813350 205
1813360 205
1813370 205
1813380 204
1813390 204
1813400 204
1813410 204
1813420 204
1813430 204
1813440 204
1813450 204
1813460 204
1813470 204
1813480 204
1813490 204
1813500 204
1813510 204
1813520 204
1813530 204
1813540 204
1813550 204
1813560 204
1813570 204
1813580 204
1813590 204
1813600 204
1813610 204
1813620 204
1813630 204
1813640 204
1813650 204
1813660 204
1813670 204
1813680 204
1813690 204
1813700 204
1813710 204
1813720 204
1813730 204
1813740 204
1813750 204
1813760 204
1813770 204
1813780 204
1813790 204
1813800 204
1813810 204
1813820 203
1813830 204
1813840 203
1813850 203
1813860 203
1813870 202
1813880 202
1813890 202
1813900 202
1813910 202
1813920 202
1813930 202
1813940 201
1813950 201
1813960 201
1813970 201
1813980 201
1813990 200
1814000 200
1814010 200
1814020 200
1814030 201
1814040 201
1814050 201
1814060 201
1814070 200
1814080 200
1814090 200
1814100 200
1814110 199
1814120 200
1814130 200
1814140 200
1814150 200
1814160 199
1814170 199
1814180 199
1814190 199
1814200 200
1814210 200
1814220 199
1814230 199
1814240 199
1814250 199
1814260 199
1814270 199
1814280 199
1814290 200
1814300 200
1814310 200
1814320 200
1814330 200
1814340 200
1814350 200
1814360 199
1814370 199
1814380 200
1814390 200
1814400 200
1814410 200
1814420 200
1814430 200
1814440 200
1814450 200
1814460 200
1814470 200
1814480 200
1814490 200
1814500 200
1814510 200
1814520 200
1814530 199
1814540 199
1814550 199
1814560 199
1814570 199
1814580 199
1814590 199
1814600 199
1814610 199
1814620 199
1814630 199
1814640 199
1814650 199
1814660 199
1814670 199
1814680 199
1814690 199
1814700 198
1814710 198
1814720 198
1814730 198
1814740 198
1814750 198
1814760 198
1814770 198
1814780 198
1814790 198
1814800 198
1814810 198
1814820 198
1814830 198
1814840 198
1814850 198
1814860 198
1814870 198
1814880 198
1814890 198
1814900 198
1814910 198
1814920 198
1814930 198
1814940 198
1814950 198
1814960 198
1814970 198
1814980 198
1814990 198
1815000 198
1815010 198
1815020 198
1815030 198
1815040 198
1815050 198
1815060 198
1815070 198
1815080 198
1815090 198
1815100 198
1815110 198
1815120 197
1815130 197
1815140 197
1815150 197
1815160 197
1815170 197
1815180 197
1815190 197
1815200 197
1815210 197
1815220 197
1815230 197
1815240 197
1815250 197
1815260 197
1815270 197
1815280 197
1815290 197
1815300 197
1815310 197
1815320 197
1815330 197
1815340 197
1815350 197
1815360 197
1815370 196
1815380 196
1815390 196
1815400 196
1815410 196
1815420 194
1815430 194
1815440 194
1815450 195
1815460 196
1815470 197
1815480 196
1815490 196
1815500 196
1815510 196
1815520 196
1815530 196
1815540 196
1815550 196
1815560 196
1815570 196
1815580 196
1815590 196
1815600 195
1815610 195
1815620 196
1815630 196
1815640 196
1815650 196
1815660 196
1815670 196
1815680 196
1815690 196
1815700 197
1815710 197
1815720 197
1815730 197
1815740 197
1815750 197
1815760 197
1815770 197
1815780 197
1815790 197
1815800 197
1815810 197
1815820 197
1815830 197
1815840 197
1815850 197
1815860 197
1815870 197
1815880 197
1815890 197
1815900 197
1815910 197
1815920 197
1815930 197
1815940 197
1815950 197
1815960 197
1815970 197
1815980 197
1815990 197
1816000 197
1816010 197
1816020 197
1816030 197
1816040 197
1816050 197
1816060 197
1816070 197
1816080 197
1816090 197
1816100 197
1816110 196
1816120 196
1816130 196
1816140 196
1816150 196
1816160 196
1816170 196
1816180 196
1816190 196
1816200 196
1816210 196
1816220 196
1816230 196
1816240 196
1816250 196
1816260 196
1816270 196
1816280 196
1816290 196
1816300 196
1816310 196
1816320 196
1816330 196
1816340 196
1816350 196
1816360 196
1816370 196
1816380 196
1816390 196
1816400 196
1816410 196
1816420 196
1816430 196
1816440 196
1816450 196
1816460 196
1816470 195
1816480 195
1816490 196
1816500 196
1816510 196
1816520 196
1816530 196
1816540 196
1816550 195
1816560 195
1816570 195
1816580 195
1816590 195
1816600 195
1816610 195
1816620 195
1816630 195
1816640 195
1816650 195
1816660 195
1816670 195
1816680 195
1816690 195
1816700 195
1816710 195
1816720 195
1816730 195
1816740 195
1816750 195
1816760 195
1816770 195
1816780 195
1816790 195
1816800 195
1816810 195
1816820 195
1816830 195
1816840 195
1816850 195
1816860 195
1816870 195
1816880 195
1816890 195
1816900 195
1816910 195
1816920 195
1816930 195
1816940 195
1816950 195
1816960 195
1816970 195
1816980 195
1816990 195
1817000 195
1817010 195
1817020 195
1817030 195
1817040 195
1817050 195
1817060 195
1817070 195
1817080 195
1817090 195
1817100 195
1817110 195
1817120 195
1817130 195
1817140 195
1817150 195
1817160 195
1817170 195
1817180 195
1817190 196
1817200 196
1817210 196
1817220 196
1817230 195
1817240 195
1817250 196
1817260 196
1817270 196
1817280 196
1817290 196
1817300 196
1817310 195
1817320 195
1817330 195
1817340 194
1817350 194
1817360 194
1817370 194
1817380 194
1817390 194
1817400 194
1817410 194
1817420 194
1817430 194
1817440 194
1817450 194
1817460 194
1817470 194
1817480 194
1817490 194
1817500 194
1817510 194
1817520 194
1817530 194
1817540 194
1817550 194
1817560 194
1817570 194
1817580 194
1817590 194
1817600 194
1817610 194
1817620 194
1817630 194
1817640 194
1817650 194
1817660 194
1817670 194
1817680 194
1817690 194
1817700 194
1817710 194
1817720 194
1817730 194
1817740 194
1817750 194
1817760 194
1817770 194
1817780 193
1817790 193
1817800 193
1817810 193
1817820 193
1817830 193
1817840 193
1817850 193
1817860 193
1817870 193
1817880 193
1817890 193
1817900 193
1817910 193
1817920 193
1817930 193
1817940 193
1817950 193
1817960 193
1817970 193
1817980 193
1817990 193
1818000 193
1818010 193
1818020 193
1818030 194
1818040 194
1818050 194
1818060 194
1818070 194
1818080 194
1818090 193
1818100 193
1818110 193
1818120 193
1818130 193
1818140 193
1818150 193
1818160 193
1818170 193
1818180 193
1818190 193
1818200 193
1818210 193
1818220 193
1818230 193
1818240 193
1818250 193
1818260 193
1818270 193
1818280 193
1818290 193
1818300 193
1818310 193
1818320 193
1818330 193
1818340 193
1818350 193
1818360 193
1818370 193
1818380 193
1818390 193
1818400 193
1818410 193
1818420 193
1818430 193
1818440 193
1818450 193
1818460 193
1818470 193
1818480 193
1818490 193
1818500 193
1818510 193
1818520 192
1818530 192
1818540 192
1818550 193
1818560 193
1818570 193
1818580 193
1818590 193
1818600 193
1818610 193
1818620 192
1818630 192
1818640 192
1818650 192
1818660 192
1818670 192
1818680 192
1818690 192
1818700 192
1818710 192
1818720 192
1818730 192
1818740 192
1818750 192
1818760 193
1818770 193
1818780 193
1818790 193
1818800 193
1818810 193
1818820 192
1818830 192
1818840 192
1818850 192
1818860 192
1818870 192
1818880 192
1818890 192
1818900 192
1818910 192
1818920 192
1818930 192
1818940 192
1818950 192
1818960 192
1818970 192
1818980 192
1818990 192
1819000 192
1819010 192
1819020 192
1819030 192
1819040 192
1819050 192
1819060 192
1819070 192
1819080 192
1819090 192
1819100 192
1819110 192
1819120 192
1819130 192
1819140 192
1819150 192
1819160 192
1819170 192
1819180 192
1819190 192
1819200 192
1819210 192
1819220 192
1819230 192
1819240 192
1819250 192
1819260 192
1819270 192
1819280 192
1819290 192
1819300 192
1819310 192
1819320 192
1819330 192
1819340 192
1819350 192
1819360 192
1819370 192
1819380 192
1819390 192
1819400 192
1819410 192
1819420 192
1819430 192
1819440 192
1819450 192
1819460 192
1819470 192
1819480 192
1819490 192
1819500 192
1819510 192
1819520 191
1819530 191
1819540 191
1819550 191
1819560 191
1819570 191
1819580 191
1819590 191
1819600 191
1819610 191
1819620 191
1819630 191
1819640 191
1819650 191
1819660 191
1819670 191
1819680 191
1819690 191
1819700 191
1819710 191
1819720 191
1819730 191
1819740 191
1819750 191
1819760 191
1819770 191
1819780 191
1819790 191
1819800 191
1819810 191
1819820 191
1819830 191
1819840 191
1819850 191
1819860 191
1819870 191
1819880 191
1819890 191
1819900 191
1819910 191
1819920 191
1819930 191
1819940 191
1819950 191
1819960 191
1819970 191
1819980 191
1819990 191
