1800000 337
1800010 338
1800020 339
1800030 341
1800040 342
1800050 344
1800060 345
1800070 347
1800080 348
1800090 350
1800100 352
1800110 354
1800120 356
1800130 358
1800140 360
1800150 361
1800160 362
1800170 363
1800180 364
1800190 365
1800200 366
1800210 367
1800220 369
1800230 371
1800240 373
1800250 375
1800260 377
1800270 378
1800280 379
1800290 381
1800300 382
1800310 382
1800320 383
1800330 383
1800340 383
1800350 384
1800360 384
1800370 385
1800380 385
1800390 386
1800400 386
1800410 387
1800420 388
1800430 388
1800440 389
1800450 390
1800460 390
1800470 391
1800480 392
1800490 393
1800500 393
1800510 394
1800520 394
1800530 395
1800540 396
1800550 396
1800560 397
1800570 397
1800580 398
1800590 398
1800600 399
1800610 399
1800620 399
1800630 400
1800640 400
1800650 401
1800660 401
1800670 401
1800680 401
1800690 402
1800700 402
1800710 402
1800720 403
1800730 403
1800740 404
1800750 404
1800760 404
1800770 404
1800780 404
1800790 404
1800800 403
1800810 403
1800820 403
1800830 403
1800840 403
1800850 403
1800860 403
1800870 403
1800880 403
1800890 403
1800900 403
1800910 404
1800920 404
1800930 404
1800940 404
1800950 403
1800960 403
1800970 402
1800980 402
1800990 401
1801000 401
1801010 401
1801020 401
1801030 401
1801040 400
1801050 398
1801060 396
1801070 394
1801080 392
1801090 390
1801100 388
1801110 387
1801120 385
1801130 384
1801140 383
1801150 381
1801160 380
1801170 379
1801180 378
1801190 376
1801200 375
1801210 374
1801220 373
1801230 371
1801240 370
1801250 369
1801260 367
1801270 366
1801280 364
1801290 362
1801300 360
1801310 357
1801320 354
1801330 350
1801340 348
1801350 346
1801360 345
1801370 344
1801380 343
1801390 342
1801400 341
1801410 340
1801420 339
1801430 339
1801440 339
1801450 340
1801460 340
1801470 340
1801480 339
1801490 339
1801500 339
1801510 339
1801520 338
1801530 338
1801540 338
1801550 338
1801560 338
1801570 338
1801580 338
1801590 338
1801600 337
1801610 337
1801620 337
1801630 337
1801640 336
1801650 336
1801660 336
1801670 335
1801680 335
1801690 334
1801700 333
1801710 332
1801720 331
1801730 330
1801740 329
1801750 327
1801760 325
1801770 323
1801780 321
1801790 317
1801800 315
1801810 313
1801820 311
1801830 310
1801840 308
1801850 307
1801860 306
1801870 305
1801880 304
1801890 303
1801900 303
1801910 303
1801920 304
1801930 304
1801940 306
1801950 307
1801960 309
1801970 310
1801980 311
1801990 312
1802000 313
1802010 314
1802020 315
1802030 316
1802040 317
1802050 318
1802060 319
1802070 320
1802080 321
1802090 323
1802100 324
1802110 325
1802120 326
1802130 327
1802140 327
1802150 328
1802160 328
1802170 329
1802180 329
1802190 331
1802200 331
1802210 332
1802220 332
1802230 333
1802240 333
1802250 333
1802260 332
1802270 332
1802280 331
1802290 330
1802300 328
1802310 327
1802320 325
1802330 322
1802340 320
1802350 318
1802360 315
1802370 313
1802380 311
1802390 309
1802400 305
1802410 302
1802420 299
1802430 300
1802440 302
1802450 306
1802460 309
1802470 311
1802480 313
1802490 315
1802500 317
1802510 319
1802520 321
1802530 323
1802540 325
1802550 327
1802560 329
1802570 331
1802580 332
1802590 333
1802600 334
1802610 336
1802620 338
1802630 339
1802640 341
1802650 342
1802660 344
1802670 345
1802680 347
1802690 348
1802700 350
1802710 351
1802720 352
1802730 353
1802740 355
1802750 356
1802760 357
1802770 358
1802780 360
1802790 361
1802800 363
1802810 364
1802820 366
1802830 367
1802840 368
1802850 369
1802860 370
1802870 371
1802880 372
1802890 373
1802900 374
1802910 375
1802920 376
1802930 377
1802940 378
1802950 379
1802960 380
1802970 381
1802980 382
1802990 383
1803000 384
1803010 385
1803020 387
1803030 388
1803040 389
1803050 390
1803060 390
1803070 391
1803080 391
1803090 392
1803100 392
1803110 393
1803120 393
1803130 394
1803140 394
1803150 394
1803160 394
1803170 394
1803180 394
1803190 394
1803200 394
1803210 394
1803220 394
1803230 394
1803240 394
1803250 394
1803260 394
1803270 394
1803280 394
1803290 394
1803300 394
1803310 394
1803320 394
1803330 394
1803340 394
1803350 394
1803360 394
1803370 394
1803380 393
1803390 393
1803400 392
1803410 391
1803420 390
1803430 388
1803440 388
1803450 389
1803460 391
1803470 393
1803480 394
1803490 395
1803500 395
1803510 396
1803520 396
1803530 395
1803540 395
1803550 395
1803560 394
1803570 394
1803580 394
1803590 395
1803600 395
1803610 396
1803620 397
1803630 398
1803640 398
1803650 398
1803660 397
1803670 397
1803680 397
1803690 396
1803700 396
1803710 395
1803720 395
1803730 394
1803740 393
1803750 392
1803760 391
1803770 391
1803780 391
1803790 393
1803800 395
1803810 397
1803820 399
1803830 401
1803840 404
1803850 406
1803860 408
1803870 410
1803880 412
1803890 413
1803900 414
1803910 414
1803920 415
1803930 416
1803940 417
1803950 418
1803960 419
1803970 420
1803980 421
1803990 422
1804000 423
1804010 424
1804020 425
1804030 426
1804040 427
1804050 428
1804060 429
1804070 430
1804080 431
1804090 432
1804100 433
1804110 434
1804120 434
1804130 434
1804140 434
1804150 434
1804160 434
1804170 434
1804180 433
1804190 433
1804200 433
1804210 434
1804220 434
1804230 434
1804240 435
1804250 435
1804260 435
1804270 435
1804280 434
1804290 434
1804300 434
1804310 434
1804320 434
1804330 434
1804340 434
1804350 433
1804360 433
1804370 433
1804380 433
1804390 433
1804400 433
1804410 433
1804420 433
1804430 434
1804440 434
1804450 434
1804460 434
1804470 435
1804480 435
1804490 436
1804500 436
1804510 437
1804520 438
1804530 439
1804540 439
1804550 439
1804560 438
1804570 438
1804580 438
1804590 437
1804600 437
1804610 437
1804620 437
1804630 437
1804640 437
1804650 437
1804660 437
1804670 437
1804680 438
1804690 438
1804700 439
1804710 439
1804720 439
1804730 439
1804740 439
1804750 439
1804760 439
1804770 440
1804780 440
1804790 440
1804800 440
1804810 440
1804820 440
1804830 440
1804840 440
1804850 440
1804860 440
1804870 439
1804880 439
1804890 439
1804900 439
1804910 439
1804920 440
1804930 440
1804940 440
1804950 440
1804960 440
1804970 440
1804980 440
1804990 440
1805000 440
1805010 440
1805020 440
1805030 440
1805040 440
1805050 440
1805060 441
1805070 441
1805080 441
1805090 441
1805100 442
1805110 442
1805120 442
1805130 443
1805140 443
1805150 444
1805160 445
1805170 445
1805180 445
1805190 444
1805200 444
1805210 443
1805220 442
1805230 442
1805240 441
1805250 440
1805260 439
1805270 439
1805280 438
1805290 438
1805300 437
1805310 437
1805320 437
1805330 436
1805340 436
1805350 436
1805360 435
1805370 435
1805380 434
1805390 434
1805400 433
1805410 432
1805420 430
1805430 428
1805440 427
1805450 426
1805460 426
1805470 427
1805480 428
1805490 429
1805500 431
1805510 434
1805520 436
1805530 438
1805540 440
1805550 441
1805560 443
1805570 445
1805580 447
1805590 448
1805600 450
1805610 451
1805620 452
1805630 453
1805640 453
1805650 454
1805660 454
1805670 455
1805680 455
1805690 456
1805700 455
1805710 455
1805720 455
1805730 455
1805740 455
1805750 455
1805760 455
1805770 454
1805780 454
1805790 453
1805800 453
1805810 452
1805820 452
1805830 451
1805840 450
1805850 450
1805860 449
1805870 449
1805880 449
1805890 449
1805900 449
1805910 449
1805920 449
1805930 449
1805940 448
1805950 447
1805960 446
1805970 445
1805980 444
1805990 444
1806000 443
1806010 442
1806020 441
1806030 439
1806040 438
1806050 437
1806060 435
1806070 434
1806080 433
1806090 432
1806100 431
1806110 430
1806120 428
1806130 427
1806140 425
1806150 424
1806160 422
1806170 421
1806180 419
1806190 417
1806200 415
1806210 414
1806220 413
1806230 411
1806240 409
1806250 407
1806260 405
1806270 403
1806280 402
1806290 399
1806300 397
1806310 394
1806320 391
1806330 388
1806340 384
1806350 380
1806360 376
1806370 372
1806380 367
1806390 363
1806400 360
1806410 356
1806420 353
1806430 350
1806440 348
1806450 346
1806460 345
1806470 343
1806480 342
1806490 342
1806500 341
1806510 341
1806520 340
1806530 339
1806540 337
1806550 335
1806560 332
1806570 330
1806580 327
1806590 325
1806600 322
1806610 320
1806620 317
1806630 314
1806640 312
1806650 309
1806660 307
1806670 305
1806680 304
1806690 302
1806700 302
1806710 301
1806720 301
1806730 301
1806740 300
1806750 300
1806760 300
1806770 299
1806780 299
1806790 299
1806800 299
1806810 299
1806820 298
1806830 298
1806840 298
1806850 298
1806860 298
1806870 297
1806880 297
1806890 296
1806900 296
1806910 295
1806920 295
1806930 295
1806940 294
1806950 294
1806960 294
1806970 294
1806980 293
1806990 293
1807000 293
1807010 293
1807020 293
1807030 293
1807040 293
1807050 292
1807060 292
1807070 291
1807080 291
1807090 290
1807100 290
1807110 290
1807120 289
1807130 289
1807140 289
1807150 289
1807160 289
1807170 288
1807180 288
1807190 288
1807200 288
1807210 288
1807220 288
1807230 288
1807240 288
1807250 288
1807260 288
1807270 289
1807280 289
1807290 289
1807300 290
1807310 291
1807320 292
1807330 293
1807340 294
1807350 296
1807360 296
1807370 297
1807380 298
1807390 299
1807400 299
1807410 300
1807420 301
1807430 302
1807440 304
1807450 306
1807460 309
1807470 312
1807480 315
1807490 318
1807500 321
1807510 323
1807520 326
1807530 329
1807540 331
1807550 333
1807560 335
1807570 336
1807580 336
1807590 336
1807600 336
1807610 336
1807620 336
1807630 336
1807640 336
1807650 335
1807660 336
1807670 336
1807680 337
1807690 337
1807700 337
1807710 336
1807720 336
1807730 335
1807740 335
1807750 336
1807760 336
1807770 337
1807780 338
1807790 339
1807800 339
1807810 339
1807820 339
1807830 339
1807840 337
1807850 335
1807860 333
1807870 332
1807880 331
1807890 329
1807900 328
1807910 327
1807920 325
1807930 324
1807940 323
1807950 322
1807960 322
1807970 322
1807980 322
1807990 323
1808000 323
1808010 324
1808020 323
1808030 322
1808040 321
1808050 320
1808060 319
1808070 318
1808080 317
1808090 317
1808100 316
1808110 316
1808120 316
1808130 316
1808140 315
1808150 314
1808160 313
1808170 312
1808180 310
1808190 307
1808200 304
1808210 301
1808220 300
1808230 299
1808240 298
1808250 298
1808260 298
1808270 298
1808280 300
1808290 302
1808300 305
1808310 308
1808320 311
1808330 312
1808340 313
1808350 312
1808360 312
1808370 311
1808380 311
1808390 310
1808400 309
1808410 309
1808420 308
1808430 307
1808440 307
1808450 306
1808460 305
1808470 304
1808480 303
1808490 302
1808500 301
1808510 301
1808520 300
1808530 299
1808540 298
1808550 296
1808560 294
1808570 293
1808580 292
1808590 291
1808600 290
1808610 289
1808620 288
1808630 287
1808640 286
1808650 284
1808660 283
1808670 282
1808680 281
1808690 280
1808700 278
1808710 277
1808720 276
1808730 275
1808740 274
1808750 274
1808760 273
1808770 272
1808780 272
1808790 271
1808800 270
1808810 269
1808820 269
1808830 268
1808840 267
1808850 266
1808860 266
1808870 265
1808880 265
1808890 264
1808900 263
1808910 262
1808920 261
1808930 260
1808940 259
1808950 258
1808960 257
1808970 256
1808980 254
1808990 253
1809000 252
1809010 252
1809020 251
1809030 250
1809040 250
1809050 249
1809060 248
1809070 248
1809080 248
1809090 247
1809100 245
1809110 244
1809120 243
1809130 243
1809140 242
1809150 242
1809160 241
1809170 241
1809180 240
1809190 240
1809200 240
1809210 239
1809220 239
1809230 239
1809240 238
1809250 238
1809260 238
1809270 238
1809280 238
1809290 237
1809300 237
1809310 237
1809320 237
1809330 237
1809340 237
1809350 236
1809360 236
1809370 236
1809380 235
1809390 235
1809400 235
1809410 235
1809420 235
1809430 235
1809440 234
1809450 234
1809460 234
1809470 234
1809480 234
1809490 234
1809500 234
1809510 233
1809520 233
1809530 233
1809540 233
1809550 233
1809560 233
1809570 233
1809580 233
1809590 233
1809600 233
1809610 233
1809620 233
1809630 233
1809640 233
1809650 233
1809660 233
1809670 232
1809680 232
1809690 233
1809700 233
1809710 233
1809720 233
1809730 232
1809740 232
1809750 232
1809760 232
1809770 231
1809780 231
1809790 231
1809800 231
1809810 231
1809820 230
1809830 230
1809840 230
1809850 229
1809860 228
1809870 228
1809880 228
1809890 228
1809900 227
1809910 227
1809920 227
1809930 226
1809940 226
1809950 226
1809960 226
1809970 225
1809980 225
1809990 225
1810000 225
1810010 225
1810020 225
1810030 225
1810040 225
1810050 225
1810060 225
1810070 225
1810080 225
1810090 225
1810100 225
1810110 225
1810120 225
1810130 224
1810140 225
1810150 225
1810160 225
1810170 226
1810180 226
1810190 227
1810200 227
1810210 227
1810220 227
1810230 227
1810240 228
1810250 228
1810260 229
1810270 229
1810280 230
1810290 231
1810300 232
1810310 233
1810320 234
1810330 234
1810340 235
1810350 235
1810360 236
1810370 236
1810380 236
1810390 236
1810400 236
1810410 236
1810420 236
1810430 236
1810440 235
1810450 235
1810460 234
1810470 234
1810480 233
1810490 233
1810500 233
1810510 232
1810520 232
1810530 232
1810540 232
1810550 231
1810560 231
1810570 228
1810580 226
1810590 224
1810600 224
1810610 225
1810620 226
1810630 227
1810640 227
1810650 227
1810660 226
1810670 226
1810680 225
1810690 225
1810700 225
1810710 224
1810720 224
1810730 224
1810740 223
1810750 223
1810760 222
1810770 222
1810780 221
1810790 221
1810800 221
1810810 220
1810820 220
1810830 219
1810840 219
1810850 219
1810860 218
1810870 218
1810880 217
1810890 217
1810900 216
1810910 216
1810920 215
1810930 215
1810940 214
1810950 214
1810960 213
1810970 213
1810980 213
1810990 213
1811000 213
1811010 212
1811020 212
1811030 212
1811040 212
1811050 211
1811060 211
1811070 211
1811080 211
1811090 211
1811100 210
1811110 210
1811120 210
1811130 210
1811140 210
1811150 210
1811160 209
1811170 209
1811180 209
1811190 209
1811200 209
1811210 209
1811220 209
1811230 209
1811240 209
1811250 209
1811260 209
1811270 209
1811280 209
1811290 209
1811300 209
1811310 209
1811320 209
1811330 209
1811340 208
1811350 208
1811360 208
1811370 208
1811380 208
1811390 208
1811400 208
1811410 208
1811420 208
1811430 208
1811440 208
1811450 208
1811460 207
1811470 207
1811480 207
1811490 207
1811500 207
1811510 207
1811520 207
1811530 207
1811540 207
1811550 207
1811560 207
1811570 206
1811580 206
1811590 206
1811600 206
1811610 206
1811620 206
1811630 206
1811640 206
1811650 206
1811660 206
1811670 206
1811680 206
1811690 206
1811700 206
1811710 206
1811720 206
1811730 206
1811740 206
1811750 206
1811760 206
1811770 206
1811780 206
1811790 205
1811800 205
1811810 205
1811820 205
1811830 205
1811840 205
1811850 205
1811860 205
1811870 205
1811880 205
1811890 205
1811900 205
1811910 205
1811920 205
1811930 204
1811940 204
1811950 204
1811960 204
1811970 204
1811980 204
1811990 204
1812000 204
1812010 204
1812020 204
1812030 204
1812040 204
1812050 204
1812060 204
1812070 204
1812080 204
1812090 204
1812100 204
1812110 204
1812120 204
1812130 204
1812140 204
1812150 204
1812160 205
1812170 204
1812180 203
1812190 203
1812200 204
1812210 205
1812220 205
1812230 205
1812240 205
1812250 205
1812260 205
1812270 205
1812280 205
1812290 205
1812300 205
1812310 205
1812320 205
1812330 205
1812340 205
1812350 205
1812360 205
1812370 205
1812380 205
1812390 205
1812400 205
1812410 205
1812420 205
1812430 204
1812440 204
1812450 204
1812460 204
1812470 204
1812480 204
1812490 204
1812500 204
1812510 204
1812520 205
1812530 205
1812540 205
1812550 205
1812560 206
1812570 205
1812580 205
1812590 204
1812600 204
1812610 204
1812620 204
1812630 204
1812640 204
1812650 204
1812660 204
1812670 204
1812680 204
1812690 204
1812700 204
1812710 204
1812720 204
1812730 204
1812740 204
1812750 204
1812760 204
1812770 204
1812780 204
1812790 204
1812800 204
1812810 204
1812820 203
1812830 203
1812840 203
1812850 203
1812860 203
1812870 203
1812880 203
1812890 203
1812900 203
1812910 203
1812920 203
1812930 203
1812940 203
1812950 203
1812960 203
1812970 203
1812980 203
1812990 203
1813000 203
1813010 203
1813020 203
1813030 203
1813040 203
1813050 203
1813060 203
1813070 202
1813080 202
1813090 202
1813100 202
1813110 202
1813120 203
1813130 203
1813140 203
1813150 203
1813160 203
1813170 202
1813180 202
1813190 202
1813200 202
1813210 202
1813220 202
1813230 202
1813240 202
1813250 202
1813260 202
1813270 202
1813280 202
1813290 202
1813300 202
1813310 202
1813320 202
1813330 202
1813340 202
1813350 202
1813360 202
1813370 202
1813380 202
1813390 202
1813400 202
1813410 202
1813420 202
1813430 202
1813440 202
1813450 202
1813460 202
1813470 202
1813480 202
1813490 202
1813500 202
1813510 202
1813520 202
1813530 202
1813540 202
1813550 202
1813560 202
1813570 202
1813580 202
1813590 202
1813600 202
1813610 202
1813620 201
1813630 201
1813640 201
1813650 201
1813660 202
1813670 201
1813680 201
1813690 201
1813700 201
1813710 201
1813720 201
1813730 201
1813740 201
1813750 201
1813760 202
1813770 201
1813780 201
1813790 201
1813800 201
1813810 201
1813820 201
1813830 201
1813840 201
1813850 201
1813860 201
1813870 201
1813880 201
1813890 201
1813900 201
1813910 201
1813920 201
1813930 201
1813940 201
1813950 201
1813960 201
1813970 201
1813980 201
1813990 201
1814000 201
1814010 201
1814020 200
1814030 200
1814040 200
1814050 200
1814060 200
1814070 199
1814080 199
1814090 199
1814100 199
1814110 198
1814120 198
1814130 198
1814140 197
1814150 197
1814160 197
1814170 197
1814180 197
1814190 197
1814200 197
1814210 197
1814220 198
1814230 198
1814240 197
1814250 197
1814260 197
1814270 197
1814280 197
1814290 197
1814300 197
1814310 197
1814320 197
1814330 197
1814340 197
1814350 197
1814360 197
1814370 197
1814380 197
1814390 197
1814400 197
1814410 197
1814420 197
1814430 197
1814440 197
1814450 197
1814460 197
1814470 197
1814480 197
1814490 197
1814500 197
1814510 197
1814520 197
1814530 197
1814540 197
1814550 196
1814560 196
1814570 196
1814580 196
1814590 196
1814600 196
1814610 196
1814620 196
1814630 196
1814640 196
1814650 196
1814660 196
1814670 196
1814680 196
1814690 196
1814700 196
1814710 195
1814720 196
1814730 196
1814740 196
1814750 196
1814760 196
1814770 197
1814780 197
1814790 197
1814800 197
1814810 197
1814820 197
1814830 197
1814840 197
1814850 197
1814860 198
1814870 198
1814880 198
1814890 196
1814900 196
1814910 196
1814920 195
1814930 195
1814940 196
1814950 196
1814960 196
1814970 196
1814980 196
1814990 196
1815000 196
1815010 196
1815020 196
1815030 197
1815040 196
1815050 196
1815060 196
1815070 196
1815080 196
1815090 195
1815100 195
1815110 195
1815120 195
1815130 195
1815140 195
1815150 195
1815160 195
1815170 195
1815180 195
1815190 195
1815200 194
1815210 194
1815220 195
1815230 195
1815240 195
1815250 195
1815260 195
1815270 195
1815280 195
1815290 195
1815300 195
1815310 195
1815320 195
1815330 195
1815340 195
1815350 195
1815360 195
1815370 195
1815380 195
1815390 195
1815400 195
1815410 195
1815420 195
1815430 195
1815440 195
1815450 195
1815460 195
1815470 195
1815480 195
1815490 195
1815500 195
1815510 194
1815520 194
1815530 194
1815540 194
1815550 194
1815560 194
1815570 194
1815580 194
1815590 194
1815600 194
1815610 194
1815620 194
1815630 194
1815640 194
1815650 194
1815660 194
1815670 193
1815680 193
1815690 193
1815700 193
1815710 194
1815720 194
1815730 194
1815740 194
1815750 194
1815760 194
1815770 194
1815780 194
1815790 194
1815800 194
1815810 194
1815820 194
1815830 194
1815840 194
1815850 194
1815860 194
1815870 194
1815880 194
1815890 194
1815900 194
1815910 194
1815920 194
1815930 194
1815940 194
1815950 194
1815960 194
1815970 194
1815980 194
1815990 194
1816000 194
1816010 194
1816020 194
1816030 194
1816040 194
1816050 194
1816060 194
1816070 194
1816080 194
1816090 194
1816100 194
1816110 194
1816120 194
1816130 194
1816140 194
1816150 194
1816160 194
1816170 194
1816180 194
1816190 193
1816200 192
1816210 192
1816220 193
1816230 193
1816240 194
1816250 194
1816260 194
1816270 194
1816280 194
1816290 194
1816300 194
1816310 194
1816320 194
1816330 194
1816340 194
1816350 194
1816360 194
1816370 194
1816380 194
1816390 194
1816400 193
1816410 193
1816420 193
1816430 193
1816440 192
1816450 192
1816460 192
1816470 192
1816480 192
1816490 192
1816500 192
1816510 191
1816520 190
1816530 191
1816540 191
1816550 192
1816560 192
1816570 193
1816580 193
1816590 193
1816600 193
1816610 193
1816620 192
1816630 192
1816640 192
1816650 192
1816660 192
1816670 192
1816680 193
1816690 193
1816700 193
1816710 193
1816720 193
1816730 193
1816740 193
1816750 193
1816760 193
1816770 193
1816780 193
1816790 193
1816800 192
1816810 192
1816820 192
1816830 192
1816840 192
1816850 192
1816860 192
1816870 192
1816880 192
1816890 192
1816900 192
1816910 192
1816920 192
1816930 192
1816940 192
1816950 192
1816960 193
1816970 193
1816980 193
1816990 193
1817000 193
1817010 193
1817020 193
1817030 193
1817040 193
1817050 192
1817060 192
1817070 192
1817080 192
1817090 192
1817100 192
1817110 192
1817120 192
1817130 192
1817140 192
1817150 192
1817160 192
1817170 192
1817180 192
1817190 192
1817200 192
1817210 192
1817220 192
1817230 192
1817240 192
1817250 192
1817260 192
1817270 192
1817280 192
1817290 192
1817300 192
1817310 192
1817320 192
1817330 192
1817340 192
1817350 192
1817360 192
1817370 192
1817380 192
1817390 192
1817400 192
1817410 192
1817420 192
1817430 192
1817440 192
1817450 192
1817460 192
1817470 192
1817480 192
1817490 192
1817500 192
1817510 192
1817520 192
1817530 192
1817540 192
1817550 192
1817560 192
1817570 192
1817580 192
1817590 192
1817600 192
1817610 192
1817620 192
1817630 191
1817640 191
1817650 191
1817660 191
1817670 191
1817680 191
1817690 191
1817700 191
1817710 191
1817720 191
1817730 191
1817740 191
1817750 191
1817760 191
1817770 191
1817780 191
1817790 191
1817800 191
1817810 191
1817820 191
1817830 191
1817840 191
1817850 191
1817860 191
1817870 191
1817880 191
1817890 191
1817900 191
1817910 191
1817920 191
1817930 191
1817940 191
1817950 191
1817960 191
1817970 191
1817980 191
1817990 191
1818000 191
1818010 191
1818020 191
1818030 191
1818040 193
1818050 193
1818060 192
1818070 192
1818080 192
1818090 192
1818100 192
1818110 192
1818120 192
1818130 192
1818140 191
1818150 191
1818160 191
1818170 191
1818180 191
1818190 191
1818200 191
1818210 191
1818220 191
1818230 191
1818240 191
1818250 191
1818260 191
1818270 191
1818280 191
1818290 191
1818300 191
1818310 191
1818320 190
1818330 190
1818340 190
1818350 190
1818360 190
1818370 190
1818380 190
1818390 190
1818400 190
1818410 190
1818420 190
1818430 190
1818440 190
1818450 190
1818460 190
1818470 190
1818480 190
1818490 190
1818500 190
1818510 190
1818520 190
1818530 190
1818540 190
1818550 190
1818560 190
1818570 190
1818580 190
1818590 190
1818600 190
1818610 190
1818620 190
1818630 190
1818640 190
1818650 190
1818660 190
1818670 190
1818680 190
1818690 190
1818700 190
1818710 190
1818720 190
1818730 190
1818740 190
1818750 190
1818760 190
1818770 190
1818780 190
1818790 190
1818800 190
1818810 190
1818820 190
1818830 190
1818840 190
1818850 190
1818860 190
1818870 190
1818880 190
1818890 190
1818900 190
1818910 190
1818920 190
1818930 189
1818940 189
1818950 189
1818960 189
1818970 189
1818980 189
1818990 189
1819000 190
1819010 190
1819020 190
1819030 190
1819040 190
1819050 190
1819060 190
1819070 190
1819080 190
1819090 190
1819100 189
1819110 189
1819120 189
1819130 189
1819140 189
1819150 189
1819160 189
1819170 189
1819180 189
1819190 189
1819200 189
1819210 189
1819220 189
1819230 189
1819240 189
1819250 189
1819260 189
1819270 189
1819280 189
1819290 189
1819300 189
1819310 189
1819320 189
1819330 189
1819340 189
1819350 189
1819360 189
1819370 189
1819380 190
1819390 189
1819400 189
1819410 189
1819420 189
1819430 189
1819440 189
1819450 189
1819460 189
1819470 189
1819480 189
1819490 189
1819500 189
1819510 189
1819520 189
1819530 190
1819540 190
1819550 190
1819560 190
1819570 190
1819580 189
1819590 189
1819600 189
1819610 189
1819620 189
1819630 189
1819640 189
1819650 189
1819660 189
1819670 189
1819680 189
1819690 189
1819700 189
1819710 189
1819720 189
1819730 189
1819740 189
1819750 189
1819760 189
1819770 189
1819780 189
1819790 189
1819800 189
1819810 189
1819820 189
1819830 189
1819840 189
1819850 189
1819860 189
1819870 189
1819880 189
1819890 188
1819900 188
1819910 188
1819920 188
1819930 188
1819940 188
1819950 188
1819960 188
1819970 188
1819980 188
1819990 188
