1800000 345
1800010 345
1800020 344
1800030 344
1800040 344
1800050 345
1800060 345
1800070 346
1800080 347
1800090 348
1800100 349
1800110 351
1800120 352
1800130 353
1800140 354
1800150 355
1800160 356
1800170 357
1800180 358
1800190 359
1800200 360
1800210 360
1800220 361
1800230 361
1800240 361
1800250 362
1800260 362
1800270 362
1800280 362
1800290 363
1800300 363
1800310 363
1800320 363
1800330 362
1800340 362
1800350 362
1800360 362
1800370 362
1800380 361
1800390 361
1800400 361
1800410 360
1800420 360
1800430 359
1800440 359
1800450 358
1800460 357
1800470 356
1800480 355
1800490 354
1800500 353
1800510 352
1800520 351
1800530 349
1800540 346
1800550 346
1800560 345
1800570 344
1800580 343
1800590 343
1800600 342
1800610 342
1800620 342
1800630 343
1800640 344
1800650 346
1800660 349
1800670 351
1800680 354
1800690 356
1800700 359
1800710 361
1800720 363
1800730 365
1800740 367
1800750 368
1800760 369
1800770 370
1800780 371
1800790 371
1800800 372
1800810 373
1800820 373
1800830 374
1800840 374
1800850 375
1800860 375
1800870 375
1800880 376
1800890 376
1800900 376
1800910 377
1800920 377
1800930 377
1800940 377
1800950 378
1800960 378
1800970 378
1800980 378
1800990 378
1801000 378
1801010 378
1801020 378
1801030 378
1801040 378
1801050 378
1801060 378
1801070 378
1801080 378
1801090 378
1801100 378
1801110 377
1801120 377
1801130 376
1801140 376
1801150 376
1801160 375
1801170 375
1801180 374
1801190 374
1801200 373
1801210 372
1801220 372
1801230 371
1801240 371
1801250 369
1801260 368
1801270 366
1801280 365
1801290 364
1801300 363
1801310 362
1801320 361
1801330 360
1801340 360
1801350 359
1801360 359
1801370 358
1801380 358
1801390 357
1801400 357
1801410 357
1801420 356
1801430 356
1801440 355
1801450 355
1801460 354
1801470 354
1801480 354
1801490 353
1801500 353
1801510 353
1801520 352
1801530 352
1801540 352
1801550 351
1801560 351
1801570 351
1801580 351
1801590 350
1801600 350
1801610 350
1801620 350
1801630 350
1801640 351
1801650 351
1801660 351
1801670 351
1801680 351
1801690 351
1801700 352
1801710 352
1801720 352
1801730 353
1801740 353
1801750 354
1801760 354
1801770 354
1801780 355
1801790 355
1801800 356
1801810 356
1801820 356
1801830 356
1801840 357
1801850 357
1801860 357
1801870 357
1801880 358
1801890 358
1801900 358
1801910 359
1801920 359
1801930 360
1801940 361
1801950 361
1801960 362
1801970 362
1801980 362
1801990 363
1802000 363
1802010 364
1802020 364
1802030 365
1802040 365
1802050 365
1802060 366
1802070 366
1802080 366
1802090 367
1802100 367
1802110 368
1802120 368
1802130 368
1802140 368
1802150 369
1802160 369
1802170 369
1802180 369
1802190 370
1802200 370
1802210 370
1802220 370
1802230 371
1802240 371
1802250 371
1802260 371
1802270 371
1802280 372
1802290 372
1802300 372
1802310 372
1802320 373
1802330 373
1802340 373
1802350 373
1802360 373
1802370 373
1802380 373
1802390 373
1802400 373
1802410 373
1802420 373
1802430 373
1802440 373
1802450 373
1802460 373
1802470 373
1802480 373
1802490 373
1802500 373
1802510 373
1802520 373
1802530 372
1802540 372
1802550 372
1802560 371
1802570 371
1802580 370
1802590 370
1802600 369
1802610 368
1802620 368
1802630 367
1802640 366
1802650 366
1802660 366
1802670 366
1802680 365
1802690 365
1802700 365
1802710 365
1802720 366
1802730 367
1802740 368
1802750 370
1802760 372
1802770 373
1802780 375
1802790 377
1802800 378
1802810 380
1802820 381
1802830 383
1802840 384
1802850 386
1802860 387
1802870 389
1802880 390
1802890 391
1802900 393
1802910 394
1802920 395
1802930 397
1802940 398
1802950 399
1802960 399
1802970 400
1802980 401
1802990 402
1803000 403
1803010 404
1803020 405
1803030 406
1803040 406
1803050 407
1803060 408
1803070 408
1803080 409
1803090 410
1803100 411
1803110 413
1803120 414
1803130 416
1803140 417
1803150 418
1803160 419
1803170 420
1803180 421
1803190 422
1803200 423
1803210 423
1803220 424
1803230 424
1803240 425
1803250 426
1803260 426
1803270 427
1803280 427
1803290 428
1803300 428
1803310 429
1803320 429
1803330 430
1803340 430
1803350 430
1803360 431
1803370 431
1803380 432
1803390 432
1803400 433
1803410 433
1803420 433
1803430 434
1803440 434
1803450 434
1803460 435
1803470 435
1803480 435
1803490 435
1803500 435
1803510 435
1803520 435
1803530 435
1803540 435
1803550 435
1803560 435
1803570 435
1803580 434
1803590 434
1803600 434
1803610 434
1803620 433
1803630 433
1803640 433
1803650 433
1803660 432
1803670 432
1803680 432
1803690 431
1803700 431
1803710 430
1803720 430
1803730 430
1803740 429
1803750 429
1803760 428
1803770 428
1803780 428
1803790 427
1803800 427
1803810 426
1803820 426
1803830 425
1803840 425
1803850 424
1803860 424
1803870 423
1803880 422
1803890 422
1803900 421
1803910 420
1803920 420
1803930 419
1803940 418
1803950 417
1803960 416
1803970 415
1803980 415
1803990 414
1804000 413
1804010 413
1804020 412
1804030 411
1804040 410
1804050 409
1804060 408
1804070 407
1804080 406
1804090 405
1804100 404
1804110 403
1804120 403
1804130 402
1804140 401
1804150 401
1804160 400
1804170 399
1804180 399
1804190 398
1804200 398
1804210 397
1804220 396
1804230 396
1804240 395
1804250 395
1804260 394
1804270 393
1804280 393
1804290 392
1804300 392
1804310 392
1804320 391
1804330 391
1804340 391
1804350 390
1804360 390
1804370 390
1804380 389
1804390 389
1804400 389
1804410 389
1804420 388
1804430 388
1804440 388
1804450 388
1804460 388
1804470 388
1804480 388
1804490 388
1804500 388
1804510 387
1804520 387
1804530 387
1804540 386
1804550 386
1804560 386
1804570 385
1804580 385
1804590 384
1804600 384
1804610 384
1804620 383
1804630 383
1804640 383
1804650 382
1804660 382
1804670 382
1804680 381
1804690 381
1804700 381
1804710 381
1804720 381
1804730 380
1804740 380
1804750 380
1804760 380
1804770 380
1804780 380
1804790 380
1804800 379
1804810 379
1804820 379
1804830 379
1804840 379
1804850 379
1804860 379
1804870 380
1804880 380
1804890 380
1804900 380
1804910 381
1804920 381
1804930 381
1804940 381
1804950 382
1804960 382
1804970 382
1804980 383
1804990 383
1805000 384
1805010 384
1805020 385
1805030 386
1805040 386
1805050 387
1805060 387
1805070 388
1805080 389
1805090 389
1805100 390
1805110 391
1805120 391
1805130 392
1805140 393
1805150 393
1805160 394
1805170 395
1805180 395
1805190 396
1805200 396
1805210 397
1805220 397
1805230 398
1805240 399
1805250 400
1805260 400
1805270 402
1805280 403
1805290 404
1805300 404
1805310 405
1805320 405
1805330 406
1805340 406
1805350 407
1805360 407
1805370 408
1805380 408
1805390 409
1805400 409
1805410 410
1805420 410
1805430 410
1805440 411
1805450 411
1805460 411
1805470 412
1805480 413
1805490 414
1805500 414
1805510 415
1805520 416
1805530 417
1805540 418
1805550 418
1805560 419
1805570 419
1805580 420
1805590 420
1805600 421
1805610 421
1805620 421
1805630 422
1805640 422
1805650 422
1805660 423
1805670 423
1805680 424
1805690 424
1805700 424
1805710 425
1805720 426
1805730 426
1805740 427
1805750 427
1805760 428
1805770 429
1805780 429
1805790 430
1805800 430
1805810 431
1805820 432
1805830 432
1805840 433
1805850 433
1805860 434
1805870 434
1805880 435
1805890 436
1805900 436
1805910 437
1805920 438
1805930 438
1805940 439
1805950 440
1805960 440
1805970 441
1805980 441
1805990 442
1806000 443
1806010 443
1806020 444
1806030 445
1806040 445
1806050 446
1806060 447
1806070 447
1806080 448
1806090 449
1806100 450
1806110 451
1806120 452
1806130 453
1806140 454
1806150 455
1806160 456
1806170 457
1806180 457
1806190 458
1806200 459
1806210 459
1806220 460
1806230 460
1806240 461
1806250 462
1806260 463
1806270 464
1806280 465
1806290 466
1806300 467
1806310 468
1806320 468
1806330 469
1806340 469
1806350 470
1806360 470
1806370 470
1806380 471
1806390 471
1806400 471
1806410 472
1806420 472
1806430 473
1806440 473
1806450 473
1806460 474
1806470 474
1806480 474
1806490 475
1806500 475
1806510 475
1806520 475
1806530 476
1806540 476
1806550 476
1806560 476
1806570 477
1806580 477
1806590 478
1806600 478
1806610 478
1806620 478
1806630 479
1806640 479
1806650 480
1806660 480
1806670 480
1806680 481
1806690 481
1806700 482
1806710 482
1806720 482
1806730 483
1806740 483
1806750 484
1806760 484
1806770 485
1806780 485
1806790 486
1806800 486
1806810 487
1806820 487
1806830 487
1806840 487
1806850 488
1806860 488
1806870 488
1806880 488
1806890 489
1806900 489
1806910 489
1806920 489
1806930 490
1806940 490
1806950 490
1806960 490
1806970 491
1806980 491
1806990 491
1807000 491
1807010 491
1807020 491
1807030 492
1807040 492
1807050 492
1807060 492
1807070 493
1807080 493
1807090 493
1807100 494
1807110 494
1807120 494
1807130 495
1807140 495
1807150 496
1807160 496
1807170 496
1807180 497
1807190 497
1807200 497
1807210 497
1807220 497
1807230 497
1807240 497
1807250 498
1807260 498
1807270 498
1807280 499
1807290 499
1807300 500
1807310 500
1807320 500
1807330 500
1807340 500
1807350 500
1807360 500
1807370 500
1807380 500
1807390 501
1807400 501
1807410 501
1807420 501
1807430 501
1807440 502
1807450 502
1807460 502
1807470 503
1807480 503
1807490 503
1807500 504
1807510 504
1807520 504
1807530 505
1807540 505
1807550 505
1807560 506
1807570 507
1807580 507
1807590 508
1807600 509
1807610 510
1807620 510
1807630 511
1807640 512
1807650 513
1807660 514
1807670 515
1807680 517
1807690 518
1807700 519
1807710 521
1807720 523
1807730 525
1807740 526
1807750 529
1807760 531
1807770 533
1807780 535
1807790 537
1807800 539
1807810 540
1807820 541
1807830 540
1807840 539
1807850 538
1807860 536
1807870 535
1807880 533
1807890 532
1807900 531
1807910 530
1807920 528
1807930 527
1807940 525
1807950 523
1807960 521
1807970 519
1807980 517
1807990 514
1808000 512
1808010 509
1808020 507
1808030 505
1808040 503
1808050 500
1808060 498
1808070 495
1808080 493
1808090 490
1808100 488
1808110 485
1808120 483
1808130 480
1808140 478
1808150 475
1808160 473
1808170 471
1808180 469
1808190 468
1808200 466
1808210 465
1808220 464
1808230 464
1808240 463
1808250 463
1808260 463
1808270 462
1808280 462
1808290 461
1808300 461
1808310 460
1808320 459
1808330 458
1808340 457
1808350 456
1808360 455
1808370 454
1808380 453
1808390 452
1808400 451
1808410 450
1808420 448
1808430 447
1808440 446
1808450 445
1808460 444
1808470 443
1808480 442
1808490 441
1808500 440
1808510 438
1808520 437
1808530 436
1808540 435
1808550 433
1808560 432
1808570 431
1808580 430
1808590 429
1808600 428
1808610 427
1808620 427
1808630 426
1808640 425
1808650 425
1808660 424
1808670 424
1808680 423
1808690 423
1808700 423
1808710 422
1808720 422
1808730 421
1808740 421
1808750 421
1808760 421
1808770 420
1808780 420
1808790 419
1808800 418
1808810 416
1808820 415
1808830 414
1808840 412
1808850 410
1808860 407
1808870 403
1808880 400
1808890 397
1808900 395
1808910 393
1808920 392
1808930 391
1808940 390
1808950 389
1808960 388
1808970 386
1808980 385
1808990 384
1809000 383
1809010 382
1809020 381
1809030 380
1809040 380
1809050 378
1809060 377
1809070 376
1809080 375
1809090 375
1809100 374
1809110 373
1809120 372
1809130 372
1809140 371
1809150 370
1809160 370
1809170 369
1809180 368
1809190 367
1809200 367
1809210 366
1809220 365
1809230 365
1809240 364
1809250 363
1809260 363
1809270 362
1809280 361
1809290 361
1809300 361
1809310 360
1809320 359
1809330 358
1809340 357
1809350 357
1809360 356
1809370 355
1809380 355
1809390 354
1809400 353
1809410 353
1809420 352
1809430 352
1809440 351
1809450 351
1809460 350
1809470 350
1809480 349
1809490 349
1809500 348
1809510 347
1809520 347
1809530 346
1809540 346
1809550 345
1809560 345
1809570 344
1809580 344
1809590 343
1809600 343
1809610 342
1809620 341
1809630 340
1809640 339
1809650 338
1809660 337
1809670 335
1809680 334
1809690 333
1809700 331
1809710 330
1809720 329
1809730 328
1809740 327
1809750 325
1809760 324
1809770 322
1809780 320
1809790 319
1809800 318
1809810 317
1809820 316
1809830 315
1809840 313
1809850 312
1809860 312
1809870 310
1809880 309
1809890 307
1809900 305
1809910 303
1809920 302
1809930 300
1809940 299
1809950 298
1809960 297
1809970 295
1809980 293
1809990 292
1810000 290
1810010 289
1810020 287
1810030 285
1810040 283
1810050 281
1810060 279
1810070 278
1810080 277
1810090 276
1810100 275
1810110 274
1810120 273
1810130 273
1810140 273
1810150 272
1810160 272
1810170 272
1810180 272
1810190 271
1810200 271
1810210 271
1810220 271
1810230 271
1810240 271
1810250 270
1810260 269
1810270 268
1810280 268
1810290 268
1810300 267
1810310 267
1810320 266
1810330 265
1810340 265
1810350 264
1810360 264
1810370 263
1810380 263
1810390 263
1810400 262
1810410 262
1810420 262
1810430 261
1810440 261
1810450 261
1810460 261
1810470 260
1810480 260
1810490 259
1810500 259
1810510 258
1810520 258
1810530 257
1810540 257
1810550 257
1810560 256
1810570 255
1810580 255
1810590 255
1810600 254
1810610 254
1810620 254
1810630 253
1810640 253
1810650 253
1810660 253
1810670 252
1810680 252
1810690 252
1810700 251
1810710 251
1810720 251
1810730 250
1810740 250
1810750 250
1810760 249
1810770 249
1810780 249
1810790 248
1810800 248
1810810 248
1810820 247
1810830 247
1810840 247
1810850 246
1810860 246
1810870 246
1810880 245
1810890 245
1810900 245
1810910 245
1810920 244
1810930 244
1810940 244
1810950 244
1810960 243
1810970 243
1810980 242
1810990 242
1811000 241
1811010 241
1811020 241
1811030 241
1811040 240
1811050 240
1811060 240
1811070 240
1811080 239
1811090 239
1811100 239
1811110 239
1811120 238
1811130 238
1811140 238
1811150 237
1811160 237
1811170 237
1811180 237
1811190 236
1811200 236
1811210 236
1811220 236
1811230 236
1811240 236
1811250 236
1811260 236
1811270 235
1811280 235
1811290 234
1811300 234
1811310 234
1811320 234
1811330 234
1811340 233
1811350 233
1811360 233
1811370 232
1811380 232
1811390 232
1811400 232
1811410 232
1811420 231
1811430 231
1811440 231
1811450 231
1811460 230
1811470 230
1811480 230
1811490 230
1811500 230
1811510 229
1811520 229
1811530 229
1811540 229
1811550 229
1811560 228
1811570 228
1811580 228
1811590 228
1811600 228
1811610 227
1811620 227
1811630 227
1811640 227
1811650 227
1811660 226
1811670 226
1811680 226
1811690 226
1811700 225
1811710 225
1811720 225
1811730 225
1811740 225
1811750 224
1811760 224
1811770 224
1811780 224
1811790 224
1811800 224
1811810 224
1811820 223
1811830 223
1811840 223
1811850 222
1811860 222
1811870 222
1811880 222
1811890 222
1811900 221
1811910 221
1811920 221
1811930 221
1811940 220
1811950 220
1811960 220
1811970 220
1811980 220
1811990 220
1812000 219
1812010 219
1812020 219
1812030 219
1812040 219
1812050 219
1812060 218
1812070 218
1812080 218
1812090 218
1812100 218
1812110 217
1812120 217
1812130 217
1812140 217
1812150 217
1812160 217
1812170 217
1812180 218
1812190 219
1812200 219
1812210 218
1812220 217
1812230 215
1812240 215
1812250 214
1812260 214
1812270 214
1812280 214
1812290 214
1812300 214
1812310 213
1812320 213
1812330 213
1812340 213
1812350 212
1812360 212
1812370 212
1812380 212
1812390 212
1812400 212
1812410 212
1812420 211
1812430 211
1812440 211
1812450 210
1812460 210
1812470 210
1812480 210
1812490 209
1812500 209
1812510 209
1812520 209
1812530 209
1812540 209
1812550 209
1812560 209
1812570 208
1812580 208
1812590 208
1812600 208
1812610 208
1812620 208
1812630 207
1812640 207
1812650 207
1812660 207
1812670 207
1812680 207
1812690 207
1812700 206
1812710 206
1812720 206
1812730 206
1812740 206
1812750 206
1812760 206
1812770 206
1812780 206
1812790 206
1812800 206
1812810 206
1812820 206
1812830 205
1812840 205
1812850 205
1812860 205
1812870 205
1812880 205
1812890 205
1812900 205
1812910 204
1812920 204
1812930 204
1812940 204
1812950 204
1812960 204
1812970 203
1812980 203
1812990 203
1813000 203
1813010 203
1813020 202
1813030 202
1813040 202
1813050 202
1813060 202
1813070 202
1813080 201
1813090 201
1813100 201
1813110 201
1813120 201
1813130 201
1813140 201
1813150 201
1813160 201
1813170 200
1813180 200
1813190 200
1813200 199
1813210 199
1813220 199
1813230 199
1813240 199
1813250 199
1813260 199
1813270 198
1813280 198
1813290 198
1813300 198
1813310 198
1813320 198
1813330 197
1813340 197
1813350 197
1813360 197
1813370 197
1813380 197
1813390 197
1813400 197
1813410 197
1813420 196
1813430 196
1813440 196
1813450 196
1813460 196
1813470 196
1813480 196
1813490 195
1813500 195
1813510 195
1813520 195
1813530 195
1813540 195
1813550 195
1813560 195
1813570 195
1813580 194
1813590 194
1813600 194
1813610 194
1813620 194
1813630 194
1813640 194
1813650 194
1813660 194
1813670 194
1813680 194
1813690 194
1813700 194
1813710 194
1813720 194
1813730 194
1813740 193
1813750 193
1813760 193
1813770 193
1813780 193
1813790 193
1813800 193
1813810 193
1813820 193
1813830 193
1813840 193
1813850 193
1813860 193
1813870 193
1813880 193
1813890 193
1813900 193
1813910 193
1813920 193
1813930 193
1813940 193
1813950 193
1813960 193
1813970 193
1813980 193
1813990 193
1814000 193
1814010 192
1814020 192
1814030 192
1814040 192
1814050 192
1814060 192
1814070 191
1814080 191
1814090 191
1814100 191
1814110 191
1814120 191
1814130 191
1814140 191
1814150 191
1814160 191
1814170 191
1814180 190
1814190 190
1814200 190
1814210 190
1814220 190
1814230 190
1814240 190
1814250 190
1814260 190
1814270 190
1814280 190
1814290 190
1814300 190
1814310 190
1814320 190
1814330 190
1814340 190
1814350 190
1814360 190
1814370 190
1814380 190
1814390 190
1814400 190
1814410 190
1814420 190
1814430 190
1814440 190
1814450 190
1814460 190
1814470 190
1814480 190
1814490 190
1814500 190
1814510 190
1814520 190
1814530 190
1814540 190
1814550 190
1814560 190
1814570 190
1814580 190
1814590 190
1814600 190
1814610 190
1814620 190
1814630 190
1814640 190
1814650 190
1814660 190
1814670 190
1814680 190
1814690 190
1814700 191
1814710 191
1814720 191
1814730 191
1814740 191
1814750 191
1814760 191
1814770 191
1814780 191
1814790 191
1814800 191
1814810 191
1814820 191
1814830 191
1814840 191
1814850 191
1814860 191
1814870 191
1814880 191
1814890 191
1814900 191
1814910 191
1814920 191
1814930 191
1814940 191
1814950 191
1814960 191
1814970 190
1814980 190
1814990 190
1815000 190
1815010 190
1815020 190
1815030 190
1815040 191
1815050 192
1815060 191
1815070 190
1815080 190
1815090 190
1815100 190
1815110 190
1815120 190
1815130 190
1815140 190
1815150 190
1815160 190
1815170 190
1815180 190
1815190 190
1815200 190
1815210 190
1815220 190
1815230 190
1815240 190
1815250 190
1815260 190
1815270 190
1815280 190
1815290 190
1815300 190
1815310 190
1815320 189
1815330 189
1815340 189
1815350 189
1815360 189
1815370 189
1815380 189
1815390 189
1815400 189
1815410 189
1815420 189
1815430 189
1815440 189
1815450 189
1815460 189
1815470 189
1815480 189
1815490 189
1815500 189
1815510 189
1815520 189
1815530 189
1815540 189
1815550 189
1815560 189
1815570 189
1815580 189
1815590 189
1815600 189
1815610 189
1815620 189
1815630 189
1815640 189
1815650 189
1815660 189
1815670 189
1815680 189
1815690 189
1815700 189
1815710 189
1815720 189
1815730 189
1815740 189
1815750 189
1815760 189
1815770 189
1815780 189
1815790 189
1815800 189
1815810 189
1815820 189
1815830 189
1815840 189
1815850 189
1815860 189
1815870 189
1815880 189
1815890 189
1815900 189
1815910 189
1815920 189
1815930 189
1815940 189
1815950 189
1815960 189
1815970 189
1815980 189
1815990 189
1816000 189
1816010 189
1816020 189
1816030 189
1816040 189
1816050 189
1816060 189
1816070 189
1816080 189
1816090 189
1816100 189
1816110 189
1816120 189
1816130 189
1816140 189
1816150 189
1816160 189
1816170 189
1816180 189
1816190 189
1816200 189
1816210 189
1816220 188
1816230 188
1816240 188
1816250 188
1816260 188
1816270 188
1816280 188
1816290 188
1816300 188
1816310 188
1816320 188
1816330 188
1816340 188
1816350 188
1816360 188
1816370 188
1816380 188
1816390 188
1816400 188
1816410 188
1816420 188
1816430 188
1816440 188
1816450 188
1816460 188
1816470 188
1816480 188
1816490 188
1816500 188
1816510 189
1816520 189
1816530 189
1816540 189
1816550 189
1816560 188
1816570 188
1816580 188
1816590 188
1816600 188
1816610 188
1816620 188
1816630 188
1816640 188
1816650 188
1816660 188
1816670 188
1816680 188
1816690 188
1816700 188
1816710 188
1816720 188
1816730 188
1816740 188
1816750 188
1816760 187
1816770 187
1816780 187
1816790 187
1816800 187
1816810 187
1816820 187
1816830 187
1816840 187
1816850 187
1816860 187
1816870 187
1816880 187
1816890 187
1816900 187
1816910 187
1816920 187
1816930 187
1816940 187
1816950 187
1816960 187
1816970 187
1816980 187
1816990 187
1817000 187
1817010 187
1817020 187
1817030 187
1817040 187
1817050 187
1817060 187
1817070 187
1817080 187
1817090 187
1817100 187
1817110 187
1817120 187
1817130 187
1817140 187
1817150 187
1817160 187
1817170 187
1817180 187
1817190 187
1817200 187
1817210 187
1817220 187
1817230 187
1817240 187
1817250 187
1817260 187
1817270 187
1817280 187
1817290 187
1817300 187
1817310 187
1817320 187
1817330 187
1817340 187
1817350 187
1817360 187
1817370 187
1817380 187
1817390 187
1817400 187
1817410 187
1817420 187
1817430 187
1817440 187
1817450 187
1817460 187
1817470 187
1817480 187
1817490 187
1817500 187
1817510 187
1817520 187
1817530 187
1817540 187
1817550 187
1817560 187
1817570 187
1817580 187
1817590 187
1817600 187
1817610 187
1817620 187
1817630 187
1817640 187
1817650 187
1817660 187
1817670 187
1817680 187
1817690 187
1817700 188
1817710 188
1817720 188
1817730 188
1817740 188
1817750 187
1817760 187
1817770 186
1817780 186
1817790 187
1817800 187
1817810 187
1817820 187
1817830 187
1817840 187
1817850 187
1817860 187
1817870 187
1817880 187
1817890 187
1817900 187
1817910 187
1817920 187
1817930 187
1817940 187
1817950 187
1817960 187
1817970 187
1817980 187
1817990 187
1818000 187
1818010 187
1818020 187
1818030 187
1818040 187
1818050 187
1818060 187
1818070 187
1818080 187
1818090 187
1818100 187
1818110 187
1818120 187
1818130 187
1818140 187
1818150 187
1818160 187
1818170 187
1818180 187
1818190 187
1818200 187
1818210 187
1818220 187
1818230 187
1818240 187
1818250 187
1818260 187
1818270 187
1818280 187
1818290 187
1818300 187
1818310 187
1818320 187
1818330 187
1818340 187
1818350 187
1818360 187
1818370 187
1818380 187
1818390 187
1818400 187
1818410 187
1818420 187
1818430 187
1818440 187
1818450 187
1818460 187
1818470 187
1818480 187
1818490 187
1818500 187
1818510 187
1818520 187
1818530 187
1818540 187
1818550 187
1818560 187
1818570 187
1818580 187
1818590 187
1818600 187
1818610 187
1818620 187
1818630 187
1818640 186
1818650 186
1818660 186
1818670 186
1818680 186
1818690 186
1818700 186
1818710 186
1818720 186
1818730 186
1818740 186
1818750 186
1818760 186
1818770 186
1818780 186
1818790 186
1818800 186
1818810 186
1818820 186
1818830 186
1818840 185
1818850 185
1818860 186
1818870 186
1818880 186
1818890 186
1818900 186
1818910 187
1818920 187
1818930 187
1818940 187
1818950 188
1818960 188
1818970 188
1818980 188
1818990 188
1819000 187
1819010 186
1819020 186
1819030 185
1819040 185
1819050 185
1819060 185
1819070 185
1819080 185
1819090 185
1819100 185
1819110 185
1819120 185
1819130 185
1819140 185
1819150 185
1819160 185
1819170 185
1819180 185
1819190 185
1819200 185
1819210 185
1819220 185
1819230 185
1819240 185
1819250 185
1819260 185
1819270 186
1819280 187
1819290 187
1819300 186
1819310 185
1819320 185
1819330 185
1819340 185
1819350 185
1819360 185
1819370 185
1819380 185
1819390 185
1819400 185
1819410 185
1819420 185
1819430 184
1819440 184
1819450 184
1819460 184
1819470 184
1819480 184
1819490 184
1819500 184
1819510 184
1819520 184
1819530 184
1819540 184
1819550 184
1819560 184
1819570 184
1819580 184
1819590 184
1819600 184
1819610 184
1819620 184
1819630 184
1819640 184
1819650 184
1819660 184
1819670 184
1819680 184
1819690 184
1819700 184
1819710 184
1819720 184
1819730 184
1819740 184
1819750 184
1819760 184
1819770 184
1819780 184
1819790 184
1819800 184
1819810 184
1819820 184
1819830 184
1819840 184
1819850 184
1819860 184
1819870 184
1819880 184
1819890 184
1819900 184
1819910 184
1819920 184
1819930 184
1819940 184
1819950 184
1819960 184
1819970 184
1819980 184
1819990 184
