1800000 427
1800010 427
1800020 427
1800030 427
1800040 428
1800050 428
1800060 428
1800070 428
1800080 429
1800090 429
1800100 429
1800110 429
1800120 430
1800130 430
1800140 431
1800150 431
1800160 431
1800170 432
1800180 432
1800190 431
1800200 431
1800210 431
1800220 431
1800230 431
1800240 431
1800250 431
1800260 431
1800270 431
1800280 431
1800290 431
1800300 431
1800310 431
1800320 431
1800330 431
1800340 431
1800350 431
1800360 431
1800370 431
1800380 431
1800390 431
1800400 431
1800410 430
1800420 430
1800430 430
1800440 430
1800450 430
1800460 430
1800470 430
1800480 430
1800490 430
1800500 430
1800510 429
1800520 429
1800530 429
1800540 429
1800550 429
1800560 429
1800570 429
1800580 429
1800590 430
1800600 430
1800610 430
1800620 430
1800630 430
1800640 430
1800650 430
1800660 429
1800670 429
1800680 429
1800690 429
1800700 429
1800710 429
1800720 429
1800730 428
1800740 428
1800750 428
1800760 428
1800770 428
1800780 428
1800790 428
1800800 428
1800810 427
1800820 427
1800830 427
1800840 426
1800850 426
1800860 425
1800870 425
1800880 424
1800890 424
1800900 424
1800910 424
1800920 423
1800930 423
1800940 423
1800950 423
1800960 422
1800970 422
1800980 422
1800990 422
1801000 422
1801010 421
1801020 421
1801030 421
1801040 421
1801050 420
1801060 420
1801070 419
1801080 419
1801090 419
1801100 418
1801110 418
1801120 418
1801130 417
1801140 417
1801150 417
1801160 417
1801170 417
1801180 417
1801190 417
1801200 417
1801210 416
1801220 416
1801230 416
1801240 416
1801250 416
1801260 416
1801270 416
1801280 416
1801290 416
1801300 416
1801310 416
1801320 415
1801330 415
1801340 415
1801350 415
1801360 414
1801370 414
1801380 414
1801390 413
1801400 413
1801410 412
1801420 412
1801430 412
1801440 411
1801450 411
1801460 411
1801470 410
1801480 410
1801490 410
1801500 410
1801510 409
1801520 409
1801530 408
1801540 408
1801550 408
1801560 407
1801570 407
1801580 406
1801590 406
1801600 406
1801610 405
1801620 405
1801630 405
1801640 405
1801650 405
1801660 405
1801670 405
1801680 404
1801690 404
1801700 404
1801710 404
1801720 404
1801730 404
1801740 404
1801750 404
1801760 404
1801770 404
1801780 404
1801790 404
1801800 403
1801810 403
1801820 403
1801830 402
1801840 402
1801850 402
1801860 402
1801870 401
1801880 401
1801890 400
1801900 400
1801910 399
1801920 399
1801930 399
1801940 398
1801950 398
1801960 398
1801970 397
1801980 397
1801990 397
1802000 396
1802010 396
1802020 395
1802030 395
1802040 395
1802050 394
1802060 394
1802070 394
1802080 394
1802090 393
1802100 393
1802110 393
1802120 392
1802130 392
1802140 391
1802150 391
1802160 390
1802170 389
1802180 388
1802190 387
1802200 386
1802210 385
1802220 384
1802230 383
1802240 383
1802250 382
1802260 381
1802270 381
1802280 380
1802290 380
1802300 379
1802310 378
1802320 378
1802330 377
1802340 377
1802350 376
1802360 375
1802370 375
1802380 374
1802390 373
1802400 372
1802410 371
1802420 370
1802430 369
1802440 368
1802450 367
1802460 366
1802470 366
1802480 365
1802490 365
1802500 364
1802510 364
1802520 363
1802530 363
1802540 362
1802550 362
1802560 361
1802570 360
1802580 360
1802590 360
1802600 359
1802610 359
1802620 359
1802630 358
1802640 358
1802650 358
1802660 357
1802670 357
1802680 357
1802690 356
1802700 356
1802710 356
1802720 356
1802730 355
1802740 355
1802750 355
1802760 354
1802770 354
1802780 354
1802790 354
1802800 353
1802810 353
1802820 353
1802830 352
1802840 352
1802850 352
1802860 351
1802870 351
1802880 350
1802890 350
1802900 350
1802910 350
1802920 349
1802930 349
1802940 349
1802950 348
1802960 348
1802970 348
1802980 348
1802990 347
1803000 347
1803010 347
1803020 346
1803030 346
1803040 346
1803050 345
1803060 344
1803070 344
1803080 344
1803090 343
1803100 343
1803110 342
1803120 342
1803130 341
1803140 341
1803150 340
1803160 340
1803170 339
1803180 339
1803190 338
1803200 338
1803210 337
1803220 337
1803230 337
1803240 336
1803250 336
1803260 335
1803270 335
1803280 334
1803290 334
1803300 334
1803310 333
1803320 333
1803330 333
1803340 332
1803350 332
1803360 332
1803370 331
1803380 331
1803390 331
1803400 330
1803410 330
1803420 330
1803430 329
1803440 329
1803450 328
1803460 328
1803470 327
1803480 327
1803490 326
1803500 326
1803510 326
1803520 326
1803530 326
1803540 325
1803550 325
1803560 325
1803570 325
1803580 324
1803590 324
1803600 324
1803610 324
1803620 324
1803630 324
1803640 324
1803650 323
1803660 323
1803670 323
1803680 323
1803690 323
1803700 323
1803710 323
1803720 323
1803730 323
1803740 323
1803750 324
1803760 324
1803770 324
1803780 324
1803790 324
1803800 324
1803810 324
1803820 324
1803830 324
1803840 324
1803850 324
1803860 323
1803870 323
1803880 323
1803890 323
1803900 323
1803910 323
1803920 323
1803930 322
1803940 322
1803950 322
1803960 323
1803970 323
1803980 323
1803990 323
1804000 323
1804010 323
1804020 324
1804030 324
1804040 324
1804050 325
1804060 325
1804070 325
1804080 325
1804090 325
1804100 326
1804110 326
1804120 327
1804130 327
1804140 328
1804150 328
1804160 328
1804170 329
1804180 330
1804190 330
1804200 331
1804210 332
1804220 334
1804230 335
1804240 336
1804250 337
1804260 338
1804270 340
1804280 341
1804290 343
1804300 345
1804310 347
1804320 349
1804330 351
1804340 353
1804350 355
1804360 357
1804370 358
1804380 360
1804390 361
1804400 361
1804410 361
1804420 361
1804430 361
1804440 361
1804450 361
1804460 361
1804470 360
1804480 360
1804490 360
1804500 359
1804510 359
1804520 359
1804530 359
1804540 359
1804550 359
1804560 359
1804570 359
1804580 359
1804590 358
1804600 358
1804610 358
1804620 358
1804630 358
1804640 359
1804650 359
1804660 360
1804670 361
1804680 362
1804690 363
1804700 364
1804710 365
1804720 366
1804730 366
1804740 366
1804750 366
1804760 366
1804770 365
1804780 365
1804790 365
1804800 365
1804810 365
1804820 365
1804830 365
1804840 365
1804850 365
1804860 365
1804870 365
1804880 365
1804890 365
1804900 365
1804910 366
1804920 368
1804930 369
1804940 370
1804950 370
1804960 369
1804970 368
1804980 368
1804990 367
1805000 366
1805010 366
1805020 366
1805030 366
1805040 366
1805050 367
1805060 367
1805070 367
1805080 367
1805090 367
1805100 367
1805110 368
1805120 368
1805130 368
1805140 368
1805150 367
1805160 368
1805170 368
1805180 368
1805190 368
1805200 368
1805210 368
1805220 367
1805230 367
1805240 367
1805250 368
1805260 368
1805270 368
1805280 369
1805290 370
1805300 371
1805310 372
1805320 374
1805330 376
1805340 378
1805350 381
1805360 383
1805370 386
1805380 388
1805390 389
1805400 391
1805410 392
1805420 393
1805430 394
1805440 395
1805450 397
1805460 398
1805470 399
1805480 401
1805490 403
1805500 404
1805510 406
1805520 408
1805530 410
1805540 412
1805550 414
1805560 416
1805570 418
1805580 421
1805590 423
1805600 425
1805610 427
1805620 430
1805630 432
1805640 434
1805650 437
1805660 439
1805670 442
1805680 444
1805690 446
1805700 448
1805710 449
1805720 449
1805730 450
1805740 451
1805750 453
1805760 455
1805770 457
1805780 460
1805790 462
1805800 464
1805810 465
1805820 465
1805830 466
1805840 467
1805850 468
1805860 469
1805870 470
1805880 471
1805890 472
1805900 473
1805910 473
1805920 473
1805930 473
1805940 473
1805950 472
1805960 471
1805970 470
1805980 468
1805990 467
1806000 465
1806010 464
1806020 464
1806030 465
1806040 467
1806050 470
1806060 472
1806070 475
1806080 477
1806090 480
1806100 482
1806110 484
1806120 487
1806130 489
1806140 490
1806150 491
1806160 493
1806170 494
1806180 495
1806190 496
1806200 497
1806210 497
1806220 498
1806230 499
1806240 499
1806250 500
1806260 501
1806270 502
1806280 503
1806290 504
1806300 505
1806310 506
1806320 506
1806330 507
1806340 508
1806350 508
1806360 509
1806370 509
1806380 509
1806390 509
1806400 510
1806410 510
1806420 510
1806430 511
1806440 511
1806450 512
1806460 513
1806470 513
1806480 514
1806490 514
1806500 514
1806510 515
1806520 516
1806530 517
1806540 518
1806550 519
1806560 520
1806570 521
1806580 521
1806590 521
1806600 520
1806610 520
1806620 520
1806630 520
1806640 521
1806650 521
1806660 521
1806670 522
1806680 522
1806690 523
1806700 523
1806710 523
1806720 523
1806730 523
1806740 523
1806750 524
1806760 524
1806770 524
1806780 524
1806790 525
1806800 525
1806810 526
1806820 526
1806830 527
1806840 527
1806850 527
1806860 528
1806870 528
1806880 529
1806890 529
1806900 529
1806910 529
1806920 530
1806930 530
1806940 530
1806950 530
1806960 530
1806970 530
1806980 530
1806990 530
1807000 530
1807010 530
1807020 530
1807030 530
1807040 530
1807050 529
1807060 529
1807070 528
1807080 528
1807090 528
1807100 528
1807110 528
1807120 529
1807130 529
1807140 528
1807150 528
1807160 528
1807170 528
1807180 528
1807190 527
1807200 527
1807210 527
1807220 527
1807230 527
1807240 527
1807250 527
1807260 527
1807270 527
1807280 527
1807290 528
1807300 528
1807310 528
1807320 528
1807330 529
1807340 529
1807350 530
1807360 530
1807370 531
1807380 531
1807390 532
1807400 533
1807410 534
1807420 536
1807430 538
1807440 540
1807450 541
1807460 543
1807470 544
1807480 546
1807490 547
1807500 548
1807510 549
1807520 550
1807530 551
1807540 552
1807550 553
1807560 554
1807570 555
1807580 556
1807590 557
1807600 559
1807610 560
1807620 562
1807630 563
1807640 565
1807650 566
1807660 568
1807670 569
1807680 570
1807690 571
1807700 572
1807710 572
1807720 573
1807730 574
1807740 575
1807750 575
1807760 576
1807770 577
1807780 578
1807790 578
1807800 579
1807810 580
1807820 581
1807830 581
1807840 582
1807850 583
1807860 584
1807870 585
1807880 586
1807890 587
1807900 588
1807910 589
1807920 590
1807930 591
1807940 592
1807950 593
1807960 594
1807970 594
1807980 595
1807990 596
1808000 597
1808010 598
1808020 599
1808030 600
1808040 601
1808050 602
1808060 604
1808070 605
1808080 606
1808090 607
1808100 608
1808110 609
1808120 610
1808130 611
1808140 612
1808150 613
1808160 614
1808170 615
1808180 616
1808190 617
1808200 618
1808210 618
1808220 619
1808230 620
1808240 621
1808250 621
1808260 622
1808270 623
1808280 623
1808290 624
1808300 624
1808310 625
1808320 626
1808330 626
1808340 627
1808350 627
1808360 628
1808370 628
1808380 629
1808390 630
1808400 631
1808410 631
1808420 632
1808430 633
1808440 634
1808450 634
1808460 634
1808470 634
1808480 634
1808490 634
1808500 634
1808510 634
1808520 634
1808530 634
1808540 634
1808550 633
1808560 632
1808570 632
1808580 632
1808590 632
1808600 632
1808610 632
1808620 631
1808630 631
1808640 630
1808650 629
1808660 629
1808670 628
1808680 627
1808690 626
1808700 627
1808710 626
1808720 626
1808730 625
1808740 624
1808750 623
1808760 622
1808770 621
1808780 620
1808790 619
1808800 618
1808810 618
1808820 618
1808830 618
1808840 617
1808850 617
1808860 616
1808870 615
1808880 615
1808890 614
1808900 613
1808910 611
1808920 610
1808930 608
1808940 607
1808950 605
1808960 603
1808970 602
1808980 600
1808990 598
1809000 597
1809010 595
1809020 594
1809030 592
1809040 590
1809050 588
1809060 586
1809070 584
1809080 582
1809090 580
1809100 578
1809110 577
1809120 576
1809130 575
1809140 574
1809150 573
1809160 571
1809170 570
1809180 569
1809190 568
1809200 567
1809210 566
1809220 565
1809230 565
1809240 565
1809250 564
1809260 564
1809270 564
1809280 564
1809290 564
1809300 565
1809310 565
1809320 566
1809330 566
1809340 566
1809350 566
1809360 566
1809370 566
1809380 566
1809390 565
1809400 564
1809410 564
1809420 563
1809430 561
1809440 560
1809450 558
1809460 557
1809470 556
1809480 554
1809490 552
1809500 551
1809510 549
1809520 548
1809530 547
1809540 546
1809550 545
1809560 544
1809570 542
1809580 541
1809590 540
1809600 539
1809610 538
1809620 537
1809630 535
1809640 534
1809650 533
1809660 532
1809670 531
1809680 530
1809690 529
1809700 528
1809710 527
1809720 525
1809730 524
1809740 523
1809750 522
1809760 520
1809770 519
1809780 517
1809790 516
1809800 515
1809810 514
1809820 513
1809830 512
1809840 511
1809850 511
1809860 511
1809870 512
1809880 513
1809890 514
1809900 515
1809910 516
1809920 518
1809930 519
1809940 521
1809950 522
1809960 522
1809970 521
1809980 520
1809990 519
1810000 517
1810010 516
1810020 515
1810030 515
1810040 514
1810050 513
1810060 511
1810070 509
1810080 507
1810090 505
1810100 503
1810110 501
1810120 499
1810130 497
1810140 496
1810150 494
1810160 492
1810170 490
1810180 488
1810190 486
1810200 484
1810210 482
1810220 480
1810230 478
1810240 476
1810250 474
1810260 472
1810270 470
1810280 469
1810290 466
1810300 464
1810310 462
1810320 459
1810330 457
1810340 455
1810350 452
1810360 450
1810370 448
1810380 445
1810390 443
1810400 442
1810410 440
1810420 437
1810430 435
1810440 432
1810450 429
1810460 427
1810470 424
1810480 421
1810490 418
1810500 416
1810510 414
1810520 413
1810530 411
1810540 410
1810550 410
1810560 409
1810570 407
1810580 405
1810590 404
1810600 403
1810610 402
1810620 401
1810630 401
1810640 400
1810650 399
1810660 398
1810670 397
1810680 397
1810690 396
1810700 395
1810710 394
1810720 394
1810730 393
1810740 392
1810750 392
1810760 392
1810770 391
1810780 391
1810790 390
1810800 389
1810810 385
1810820 381
1810830 376
1810840 372
1810850 367
1810860 362
1810870 350
1810880 336
1810890 323
1810900 320
1810910 319
1810920 319
1810930 319
1810940 319
1810950 319
1810960 319
1810970 319
1810980 319
1810990 319
1811000 319
1811010 319
1811020 319
1811030 319
1811040 319
1811050 319
1811060 318
1811070 318
1811080 319
1811090 319
1811100 319
1811110 319
1811120 319
1811130 319
1811140 319
1811150 319
1811160 319
1811170 319
1811180 319
1811190 319
1811200 318
1811210 318
1811220 319
1811230 321
1811240 324
1811250 326
1811260 327
1811270 333
1811280 340
1811290 348
1811300 354
1811310 358
1811320 360
1811330 361
1811340 361
1811350 360
1811360 359
1811370 359
1811380 358
1811390 355
1811400 352
1811410 350
1811420 346
1811430 342
1811440 338
1811450 333
1811460 328
1811470 324
1811480 320
1811490 316
1811500 311
1811510 306
1811520 303
1811530 300
1811540 298
1811550 296
1811560 295
1811570 294
1811580 293
1811590 291
1811600 290
1811610 289
1811620 288
1811630 287
1811640 286
1811650 286
1811660 285
1811670 285
1811680 285
1811690 285
1811700 286
1811710 286
1811720 286
1811730 286
1811740 286
1811750 286
1811760 286
1811770 285
1811780 285
1811790 286
1811800 286
1811810 286
1811820 286
1811830 287
1811840 288
1811850 288
1811860 289
1811870 289
1811880 288
1811890 288
1811900 287
1811910 286
1811920 286
1811930 286
1811940 285
1811950 285
1811960 284
1811970 283
1811980 282
1811990 281
1812000 280
1812010 279
1812020 278
1812030 277
1812040 275
1812050 273
1812060 271
1812070 269
1812080 267
1812090 266
1812100 265
1812110 264
1812120 264
1812130 263
1812140 263
1812150 263
1812160 262
1812170 262
1812180 262
1812190 262
1812200 261
1812210 261
1812220 260
1812230 260
1812240 260
1812250 259
1812260 259
1812270 259
1812280 259
1812290 258
1812300 258
1812310 257
1812320 257
1812330 257
1812340 257
1812350 257
1812360 257
1812370 257
1812380 257
1812390 257
1812400 256
1812410 256
1812420 255
1812430 255
1812440 255
1812450 254
1812460 254
1812470 253
1812480 253
1812490 253
1812500 252
1812510 252
1812520 251
1812530 251
1812540 251
1812550 250
1812560 250
1812570 250
1812580 250
1812590 250
1812600 250
1812610 250
1812620 250
1812630 250
1812640 250
1812650 250
1812660 250
1812670 250
1812680 250
1812690 249
1812700 249
1812710 249
1812720 249
1812730 249
1812740 248
1812750 248
1812760 248
1812770 248
1812780 248
1812790 248
1812800 248
1812810 248
1812820 248
1812830 248
1812840 247
1812850 247
1812860 247
1812870 247
1812880 246
1812890 246
1812900 245
1812910 245
1812920 244
1812930 244
1812940 243
1812950 242
1812960 241
1812970 240
1812980 239
1812990 238
1813000 237
1813010 237
1813020 236
1813030 235
1813040 234
1813050 233
1813060 232
1813070 232
1813080 231
1813090 231
1813100 230
1813110 230
1813120 229
1813130 229
1813140 228
1813150 228
1813160 228
1813170 228
1813180 227
1813190 227
1813200 227
1813210 227
1813220 226
1813230 226
1813240 226
1813250 226
1813260 226
1813270 226
1813280 226
1813290 226
1813300 225
1813310 225
1813320 225
1813330 225
1813340 225
1813350 225
1813360 225
1813370 224
1813380 224
1813390 224
1813400 223
1813410 223
1813420 222
1813430 221
1813440 221
1813450 220
1813460 219
1813470 219
1813480 218
1813490 217
1813500 216
1813510 216
1813520 215
1813530 215
1813540 214
1813550 214
1813560 213
1813570 213
1813580 213
1813590 213
1813600 212
1813610 212
1813620 212
1813630 212
1813640 212
1813650 212
1813660 212
1813670 212
1813680 211
1813690 211
1813700 210
1813710 210
1813720 209
1813730 209
1813740 209
1813750 209
1813760 209
1813770 209
1813780 209
1813790 209
1813800 209
1813810 209
1813820 209
1813830 209
1813840 208
1813850 208
1813860 207
1813870 209
1813880 211
1813890 213
1813900 214
1813910 214
1813920 214
1813930 214
1813940 214
1813950 214
1813960 214
1813970 213
1813980 212
1813990 209
1814000 206
1814010 203
1814020 202
1814030 202
1814040 201
1814050 201
1814060 201
1814070 201
1814080 200
1814090 200
1814100 200
1814110 199
1814120 199
1814130 199
1814140 199
1814150 199
1814160 198
1814170 198
1814180 198
1814190 198
1814200 198
1814210 198
1814220 198
1814230 198
1814240 198
1814250 198
1814260 198
1814270 198
1814280 197
1814290 197
1814300 197
1814310 197
1814320 197
1814330 198
1814340 198
1814350 198
1814360 198
1814370 198
1814380 198
1814390 199
1814400 199
1814410 199
1814420 200
1814430 200
1814440 200
1814450 201
1814460 201
1814470 201
1814480 201
1814490 201
1814500 202
1814510 202
1814520 202
1814530 202
1814540 202
1814550 202
1814560 202
1814570 202
1814580 202
1814590 202
1814600 202
1814610 202
1814620 202
1814630 202
1814640 202
1814650 202
1814660 202
1814670 202
1814680 202
1814690 202
1814700 201
1814710 201
1814720 201
1814730 201
1814740 201
1814750 201
1814760 200
1814770 200
1814780 200
1814790 200
1814800 200
1814810 200
1814820 200
1814830 200
1814840 200
1814850 201
1814860 201
1814870 201
1814880 201
1814890 201
1814900 201
1814910 201
1814920 201
1814930 201
1814940 201
1814950 202
1814960 202
1814970 202
1814980 202
1814990 201
1815000 201
1815010 202
1815020 201
1815030 201
1815040 201
1815050 201
1815060 201
1815070 201
1815080 201
1815090 200
1815100 200
1815110 200
1815120 200
1815130 200
1815140 199
1815150 199
1815160 199
1815170 199
1815180 199
1815190 199
1815200 199
1815210 199
1815220 198
1815230 198
1815240 198
1815250 198
1815260 198
1815270 198
1815280 198
1815290 198
1815300 198
1815310 198
1815320 198
1815330 198
1815340 198
1815350 197
1815360 197
1815370 197
1815380 197
1815390 196
1815400 196
1815410 196
1815420 196
1815430 196
1815440 196
1815450 196
1815460 196
1815470 196
1815480 196
1815490 196
1815500 196
1815510 196
1815520 196
1815530 196
1815540 196
1815550 196
1815560 196
1815570 196
1815580 194
1815590 191
1815600 190
1815610 191
1815620 192
1815630 194
1815640 194
1815650 194
1815660 194
1815670 194
1815680 194
1815690 194
1815700 194
1815710 194
1815720 193
1815730 193
1815740 193
1815750 193
1815760 193
1815770 193
1815780 193
1815790 193
1815800 193
1815810 193
1815820 193
1815830 193
1815840 193
1815850 193
1815860 193
1815870 193
1815880 192
1815890 192
1815900 192
1815910 192
1815920 192
1815930 192
1815940 192
1815950 192
1815960 192
1815970 192
1815980 192
1815990 191
1816000 191
1816010 191
1816020 191
1816030 191
1816040 191
1816050 191
1816060 191
1816070 191
1816080 191
1816090 191
1816100 191
1816110 191
1816120 191
1816130 191
1816140 191
1816150 190
1816160 190
1816170 190
1816180 190
1816190 190
1816200 190
1816210 190
1816220 190
1816230 190
1816240 190
1816250 190
1816260 190
1816270 189
1816280 189
1816290 189
1816300 189
1816310 188
1816320 188
1816330 187
1816340 187
1816350 187
1816360 187
1816370 187
1816380 187
1816390 187
1816400 186
1816410 186
1816420 186
1816430 186
1816440 185
1816450 186
1816460 186
1816470 186
1816480 186
1816490 186
1816500 185
1816510 185
1816520 185
1816530 185
1816540 185
1816550 185
1816560 185
1816570 185
1816580 185
1816590 185
1816600 185
1816610 185
1816620 185
1816630 185
1816640 185
1816650 185
1816660 185
1816670 186
1816680 185
1816690 185
1816700 184
1816710 184
1816720 184
1816730 184
1816740 182
1816750 181
1816760 183
1816770 184
1816780 185
1816790 185
1816800 185
1816810 185
1816820 184
1816830 184
1816840 184
1816850 184
1816860 184
1816870 184
1816880 184
1816890 184
1816900 184
1816910 184
1816920 184
1816930 184
1816940 184
1816950 184
1816960 184
1816970 184
1816980 184
1816990 184
1817000 184
1817010 184
1817020 184
1817030 184
1817040 184
1817050 184
1817060 184
1817070 184
1817080 184
1817090 184
1817100 184
1817110 184
1817120 183
1817130 183
1817140 183
1817150 183
1817160 183
1817170 183
1817180 183
1817190 183
1817200 183
1817210 183
1817220 183
1817230 183
1817240 183
1817250 183
1817260 183
1817270 183
1817280 183
1817290 183
1817300 183
1817310 183
1817320 183
1817330 183
1817340 183
1817350 183
1817360 183
1817370 183
1817380 183
1817390 183
1817400 183
1817410 183
1817420 183
1817430 183
1817440 183
1817450 183
1817460 183
1817470 183
1817480 183
1817490 183
1817500 183
1817510 183
1817520 183
1817530 183
1817540 183
1817550 183
1817560 183
1817570 183
1817580 183
1817590 183
1817600 183
1817610 183
1817620 183
1817630 183
1817640 183
1817650 183
1817660 183
1817670 183
1817680 183
1817690 183
1817700 183
1817710 183
1817720 183
1817730 183
1817740 183
1817750 183
1817760 183
1817770 183
1817780 183
1817790 183
1817800 183
1817810 183
1817820 183
1817830 182
1817840 182
1817850 182
1817860 182
1817870 182
1817880 182
1817890 182
1817900 182
1817910 182
1817920 182
1817930 182
1817940 182
1817950 182
1817960 182
1817970 182
1817980 182
1817990 182
1818000 182
1818010 182
1818020 182
1818030 182
1818040 182
1818050 182
1818060 182
1818070 182
1818080 182
1818090 182
1818100 182
1818110 182
1818120 182
1818130 182
1818140 182
1818150 182
1818160 182
1818170 182
1818180 182
1818190 182
1818200 182
1818210 182
1818220 182
1818230 182
1818240 182
1818250 182
1818260 182
1818270 182
1818280 182
1818290 182
1818300 182
1818310 182
1818320 182
1818330 182
1818340 182
1818350 182
1818360 182
1818370 182
1818380 182
1818390 182
1818400 182
1818410 182
1818420 182
1818430 182
1818440 183
1818450 183
1818460 183
1818470 183
1818480 183
1818490 182
1818500 182
1818510 182
1818520 182
1818530 182
1818540 182
1818550 182
1818560 182
1818570 182
1818580 182
1818590 182
1818600 182
1818610 182
1818620 182
1818630 182
1818640 182
1818650 182
1818660 182
1818670 182
1818680 182
1818690 182
1818700 182
1818710 182
1818720 182
1818730 182
1818740 182
1818750 182
1818760 182
1818770 182
1818780 182
1818790 182
1818800 182
1818810 182
1818820 182
1818830 182
1818840 182
1818850 182
1818860 182
1818870 182
1818880 182
1818890 182
1818900 182
1818910 181
1818920 181
1818930 181
1818940 181
1818950 181
1818960 181
1818970 181
1818980 181
1818990 181
1819000 181
1819010 181
1819020 181
1819030 181
1819040 181
1819050 181
1819060 181
1819070 181
1819080 181
1819090 181
1819100 182
1819110 182
1819120 183
1819130 184
1819140 185
1819150 186
1819160 186
1819170 186
1819180 186
1819190 185
1819200 185
1819210 183
1819220 182
1819230 181
1819240 181
1819250 181
1819260 181
1819270 181
1819280 181
1819290 181
1819300 181
1819310 181
1819320 182
1819330 181
1819340 181
1819350 181
1819360 181
1819370 181
1819380 181
1819390 181
1819400 181
1819410 181
1819420 181
1819430 182
1819440 182
1819450 182
1819460 182
1819470 182
1819480 182
1819490 181
1819500 181
1819510 181
1819520 181
1819530 181
1819540 181
1819550 181
1819560 181
1819570 181
1819580 181
1819590 181
1819600 181
1819610 181
1819620 181
1819630 181
1819640 181
1819650 181
1819660 181
1819670 181
1819680 181
1819690 181
1819700 181
1819710 181
1819720 181
1819730 181
1819740 181
1819750 181
1819760 181
1819770 181
1819780 181
1819790 181
1819800 181
1819810 181
1819820 181
1819830 181
1819840 181
1819850 181
1819860 181
1819870 181
1819880 181
1819890 181
1819900 181
1819910 181
1819920 181
1819930 181
1819940 181
1819950 181
1819960 180
1819970 180
1819980 180
1819990 180
