1800000 401
1800010 400
1800020 400
1800030 400
1800040 400
1800050 400
1800060 400
1800070 400
1800080 400
1800090 400
1800100 400
1800110 400
1800120 400
1800130 400
1800140 400
1800150 400
1800160 400
1800170 400
1800180 401
1800190 401
1800200 401
1800210 401
1800220 401
1800230 402
1800240 402
1800250 402
1800260 402
1800270 402
1800280 403
1800290 403
1800300 403
1800310 403
1800320 403
1800330 403
1800340 403
1800350 403
1800360 403
1800370 403
1800380 402
1800390 402
1800400 402
1800410 402
1800420 402
1800430 402
1800440 402
1800450 402
1800460 402
1800470 402
1800480 402
1800490 402
1800500 402
1800510 402
1800520 403
1800530 403
1800540 403
1800550 403
1800560 403
1800570 403
1800580 402
1800590 402
1800600 402
1800610 402
1800620 402
1800630 401
1800640 401
1800650 401
1800660 402
1800670 402
1800680 402
1800690 402
1800700 402
1800710 402
1800720 402
1800730 402
1800740 402
1800750 402
1800760 402
1800770 402
1800780 402
1800790 402
1800800 402
1800810 402
1800820 402
1800830 402
1800840 402
1800850 402
1800860 402
1800870 402
1800880 402
1800890 402
1800900 402
1800910 402
1800920 402
1800930 402
1800940 402
1800950 402
1800960 402
1800970 402
1800980 402
1800990 401
1801000 401
1801010 401
1801020 401
1801030 401
1801040 401
1801050 402
1801060 402
1801070 402
1801080 402
1801090 402
1801100 402
1801110 402
1801120 402
1801130 402
1801140 402
1801150 402
1801160 402
1801170 402
1801180 401
1801190 401
1801200 401
1801210 401
1801220 401
1801230 401
1801240 400
1801250 400
1801260 400
1801270 399
1801280 399
1801290 398
1801300 398
1801310 397
1801320 397
1801330 397
1801340 396
1801350 396
1801360 395
1801370 395
1801380 394
1801390 394
1801400 394
1801410 394
1801420 394
1801430 394
1801440 394
1801450 394
1801460 394
1801470 394
1801480 394
1801490 394
1801500 394
1801510 393
1801520 393
1801530 392
1801540 391
1801550 390
1801560 389
1801570 388
1801580 387
1801590 385
1801600 384
1801610 382
1801620 380
1801630 378
1801640 376
1801650 373
1801660 371
1801670 369
1801680 367
1801690 365
1801700 364
1801710 362
1801720 361
1801730 359
1801740 358
1801750 357
1801760 356
1801770 355
1801780 354
1801790 353
1801800 353
1801810 352
1801820 351
1801830 350
1801840 349
1801850 348
1801860 347
1801870 346
1801880 346
1801890 345
1801900 344
1801910 344
1801920 343
1801930 342
1801940 342
1801950 341
1801960 340
1801970 339
1801980 339
1801990 338
1802000 338
1802010 337
1802020 337
1802030 337
1802040 336
1802050 336
1802060 335
1802070 335
1802080 335
1802090 334
1802100 334
1802110 334
1802120 333
1802130 333
1802140 332
1802150 332
1802160 332
1802170 331
1802180 331
1802190 330
1802200 330
1802210 329
1802220 329
1802230 328
1802240 328
1802250 327
1802260 327
1802270 326
1802280 326
1802290 326
1802300 325
1802310 325
1802320 325
1802330 325
1802340 325
1802350 325
1802360 325
1802370 325
1802380 324
1802390 324
1802400 323
1802410 322
1802420 321
1802430 320
1802440 320
1802450 320
1802460 320
1802470 320
1802480 319
1802490 319
1802500 319
1802510 319
1802520 319
1802530 318
1802540 318
1802550 318
1802560 318
1802570 318
1802580 317
1802590 317
1802600 317
1802610 317
1802620 317
1802630 317
1802640 317
1802650 318
1802660 318
1802670 318
1802680 317
1802690 317
1802700 317
1802710 317
1802720 317
1802730 317
1802740 317
1802750 317
1802760 317
1802770 317
1802780 317
1802790 317
1802800 317
1802810 317
1802820 317
1802830 316
1802840 317
1802850 317
1802860 317
1802870 316
1802880 316
1802890 316
1802900 317
1802910 317
1802920 317
1802930 317
1802940 316
1802950 316
1802960 316
1802970 316
1802980 316
1802990 316
1803000 316
1803010 316
1803020 316
1803030 316
1803040 315
1803050 315
1803060 315
1803070 315
1803080 315
1803090 315
1803100 315
1803110 315
1803120 315
1803130 315
1803140 315
1803150 315
1803160 315
1803170 315
1803180 314
1803190 314
1803200 314
1803210 314
1803220 315
1803230 315
1803240 315
1803250 315
1803260 314
1803270 314
1803280 314
1803290 314
1803300 314
1803310 314
1803320 314
1803330 314
1803340 314
1803350 313
1803360 313
1803370 313
1803380 313
1803390 313
1803400 313
1803410 313
1803420 313
1803430 313
1803440 313
1803450 313
1803460 313
1803470 313
1803480 313
1803490 313
1803500 313
1803510 313
1803520 313
1803530 313
1803540 313
1803550 313
1803560 313
1803570 313
1803580 313
1803590 312
1803600 312
1803610 312
1803620 312
1803630 312
1803640 312
1803650 312
1803660 312
1803670 312
1803680 312
1803690 312
1803700 312
1803710 312
1803720 312
1803730 312
1803740 312
1803750 311
1803760 311
1803770 311
1803780 311
1803790 311
1803800 311
1803810 310
1803820 310
1803830 310
1803840 310
1803850 310
1803860 310
1803870 310
1803880 310
1803890 310
1803900 309
1803910 309
1803920 309
1803930 309
1803940 308
1803950 308
1803960 308
1803970 308
1803980 308
1803990 308
1804000 307
1804010 307
1804020 307
1804030 307
1804040 307
1804050 307
1804060 307
1804070 307
1804080 307
1804090 307
1804100 307
1804110 306
1804120 306
1804130 306
1804140 306
1804150 306
1804160 306
1804170 306
1804180 306
1804190 306
1804200 306
1804210 306
1804220 306
1804230 306
1804240 306
1804250 306
1804260 306
1804270 306
1804280 306
1804290 306
1804300 306
1804310 306
1804320 306
1804330 306
1804340 306
1804350 306
1804360 306
1804370 306
1804380 306
1804390 306
1804400 306
1804410 306
1804420 306
1804430 306
1804440 306
1804450 306
1804460 306
1804470 307
1804480 307
1804490 307
1804500 308
1804510 308
1804520 308
1804530 308
1804540 308
1804550 308
1804560 309
1804570 309
1804580 309
1804590 309
1804600 309
1804610 310
1804620 310
1804630 310
1804640 310
1804650 310
1804660 311
1804670 311
1804680 313
1804690 313
1804700 313
1804710 313
1804720 313
1804730 314
1804740 314
1804750 314
1804760 315
1804770 315
1804780 315
1804790 316
1804800 316
1804810 317
1804820 317
1804830 317
1804840 317
1804850 318
1804860 318
1804870 318
1804880 319
1804890 319
1804900 319
1804910 320
1804920 320
1804930 320
1804940 321
1804950 321
1804960 321
1804970 322
1804980 322
1804990 323
1805000 323
1805010 323
1805020 324
1805030 325
1805040 325
1805050 325
1805060 325
1805070 326
1805080 326
1805090 326
1805100 327
1805110 327
1805120 328
1805130 328
1805140 328
1805150 328
1805160 329
1805170 329
1805180 330
1805190 330
1805200 330
1805210 331
1805220 331
1805230 332
1805240 332
1805250 332
1805260 333
1805270 333
1805280 334
1805290 334
1805300 335
1805310 335
1805320 336
1805330 337
1805340 337
1805350 338
1805360 338
1805370 339
1805380 339
1805390 340
1805400 341
1805410 341
1805420 342
1805430 343
1805440 343
1805450 344
1805460 345
1805470 345
1805480 346
1805490 346
1805500 347
1805510 348
1805520 349
1805530 350
1805540 352
1805550 353
1805560 356
1805570 359
1805580 362
1805590 365
1805600 368
1805610 371
1805620 375
1805630 378
1805640 381
1805650 384
1805660 388
1805670 391
1805680 394
1805690 398
1805700 401
1805710 404
1805720 408
1805730 411
1805740 414
1805750 418
1805760 421
1805770 425
1805780 428
1805790 430
1805800 433
1805810 436
1805820 438
1805830 440
1805840 442
1805850 443
1805860 444
1805870 445
1805880 446
1805890 447
1805900 447
1805910 448
1805920 449
1805930 449
1805940 450
1805950 449
1805960 448
1805970 447
1805980 446
1805990 444
1806000 443
1806010 442
1806020 441
1806030 440
1806040 439
1806050 437
1806060 436
1806070 434
1806080 432
1806090 430
1806100 428
1806110 425
1806120 423
1806130 422
1806140 421
1806150 421
1806160 421
1806170 422
1806180 422
1806190 422
1806200 423
1806210 424
1806220 425
1806230 427
1806240 428
1806250 430
1806260 432
1806270 433
1806280 435
1806290 436
1806300 437
1806310 438
1806320 439
1806330 440
1806340 440
1806350 441
1806360 443
1806370 445
1806380 448
1806390 451
1806400 454
1806410 457
1806420 460
1806430 463
1806440 465
1806450 468
1806460 471
1806470 474
1806480 477
1806490 480
1806500 483
1806510 485
1806520 488
1806530 491
1806540 494
1806550 496
1806560 499
1806570 501
1806580 503
1806590 506
1806600 508
1806610 510
1806620 512
1806630 513
1806640 515
1806650 516
1806660 518
1806670 519
1806680 520
1806690 521
1806700 523
1806710 524
1806720 525
1806730 526
1806740 527
1806750 529
1806760 529
1806770 530
1806780 531
1806790 531
1806800 532
1806810 533
1806820 534
1806830 535
1806840 537
1806850 538
1806860 539
1806870 540
1806880 541
1806890 541
1806900 542
1806910 543
1806920 543
1806930 544
1806940 545
1806950 546
1806960 547
1806970 548
1806980 549
1806990 549
1807000 550
1807010 551
1807020 552
1807030 552
1807040 553
1807050 554
1807060 554
1807070 555
1807080 556
1807090 557
1807100 557
1807110 558
1807120 559
1807130 560
1807140 560
1807150 561
1807160 561
1807170 562
1807180 563
1807190 565
1807200 566
1807210 567
1807220 568
1807230 569
1807240 570
1807250 571
1807260 571
1807270 572
1807280 572
1807290 572
1807300 572
1807310 573
1807320 573
1807330 574
1807340 575
1807350 576
1807360 576
1807370 577
1807380 578
1807390 578
1807400 579
1807410 580
1807420 581
1807430 581
1807440 582
1807450 583
1807460 583
1807470 584
1807480 584
1807490 584
1807500 585
1807510 585
1807520 585
1807530 586
1807540 586
1807550 587
1807560 588
1807570 589
1807580 589
1807590 590
1807600 590
1807610 591
1807620 591
1807630 592
1807640 592
1807650 592
1807660 592
1807670 593
1807680 593
1807690 594
1807700 594
1807710 595
1807720 595
1807730 595
1807740 595
1807750 595
1807760 595
1807770 596
1807780 596
1807790 596
1807800 597
1807810 597
1807820 598
1807830 598
1807840 598
1807850 599
1807860 600
1807870 601
1807880 602
1807890 603
1807900 604
1807910 605
1807920 606
1807930 606
1807940 607
1807950 608
1807960 608
1807970 609
1807980 609
1807990 609
1808000 609
1808010 609
1808020 609
1808030 608
1808040 608
1808050 607
1808060 607
1808070 606
1808080 606
1808090 606
1808100 606
1808110 605
1808120 605
1808130 605
1808140 604
1808150 604
1808160 604
1808170 604
1808180 604
1808190 604
1808200 604
1808210 603
1808220 602
1808230 602
1808240 601
1808250 599
1808260 598
1808270 595
1808280 593
1808290 591
1808300 589
1808310 588
1808320 586
1808330 585
1808340 583
1808350 583
1808360 584
1808370 586
1808380 589
1808390 591
1808400 594
1808410 596
1808420 599
1808430 601
1808440 604
1808450 607
1808460 609
1808470 611
1808480 614
1808490 615
1808500 616
1808510 618
1808520 619
1808530 621
1808540 622
1808550 623
1808560 624
1808570 625
1808580 625
1808590 626
1808600 627
1808610 627
1808620 627
1808630 628
1808640 628
1808650 628
1808660 628
1808670 628
1808680 629
1808690 629
1808700 629
1808710 628
1808720 627
1808730 625
1808740 624
1808750 623
1808760 622
1808770 622
1808780 621
1808790 620
1808800 618
1808810 617
1808820 615
1808830 614
1808840 612
1808850 611
1808860 610
1808870 608
1808880 607
1808890 606
1808900 605
1808910 604
1808920 603
1808930 603
1808940 602
1808950 601
1808960 599
1808970 597
1808980 596
1808990 595
1809000 593
1809010 592
1809020 591
1809030 589
1809040 588
1809050 587
1809060 586
1809070 585
1809080 584
1809090 583
1809100 581
1809110 580
1809120 579
1809130 577
1809140 576
1809150 574
1809160 573
1809170 572
1809180 571
1809190 570
1809200 569
1809210 568
1809220 566
1809230 564
1809240 562
1809250 559
1809260 556
1809270 553
1809280 551
1809290 549
1809300 545
1809310 542
1809320 539
1809330 536
1809340 533
1809350 531
1809360 529
1809370 527
1809380 525
1809390 522
1809400 518
1809410 515
1809420 513
1809430 512
1809440 510
1809450 509
1809460 508
1809470 507
1809480 506
1809490 505
1809500 504
1809510 503
1809520 501
1809530 500
1809540 498
1809550 496
1809560 495
1809570 493
1809580 492
1809590 491
1809600 490
1809610 489
1809620 488
1809630 487
1809640 485
1809650 483
1809660 481
1809670 480
1809680 479
1809690 477
1809700 475
1809710 472
1809720 470
1809730 468
1809740 466
1809750 463
1809760 461
1809770 459
1809780 457
1809790 456
1809800 454
1809810 452
1809820 451
1809830 450
1809840 448
1809850 447
1809860 446
1809870 445
1809880 445
1809890 444
1809900 443
1809910 443
1809920 442
1809930 442
1809940 442
1809950 441
1809960 441
1809970 440
1809980 440
1809990 439
1810000 439
1810010 438
1810020 438
1810030 437
1810040 436
1810050 436
1810060 435
1810070 434
1810080 434
1810090 433
1810100 432
1810110 432
1810120 431
1810130 430
1810140 429
1810150 428
1810160 427
1810170 426
1810180 426
1810190 425
1810200 424
1810210 424
1810220 424
1810230 423
1810240 423
1810250 422
1810260 422
1810270 421
1810280 421
1810290 420
1810300 419
1810310 418
1810320 417
1810330 416
1810340 415
1810350 414
1810360 413
1810370 413
1810380 412
1810390 412
1810400 412
1810410 411
1810420 411
1810430 411
1810440 410
1810450 410
1810460 410
1810470 409
1810480 409
1810490 409
1810500 408
1810510 408
1810520 407
1810530 407
1810540 406
1810550 406
1810560 406
1810570 405
1810580 405
1810590 405
1810600 406
1810610 406
1810620 406
1810630 406
1810640 407
1810650 407
1810660 408
1810670 408
1810680 409
1810690 409
1810700 409
1810710 410
1810720 410
1810730 410
1810740 410
1810750 411
1810760 411
1810770 412
1810780 413
1810790 413
1810800 414
1810810 415
1810820 415
1810830 416
1810840 416
1810850 416
1810860 417
1810870 416
1810880 415
1810890 414
1810900 413
1810910 412
1810920 412
1810930 411
1810940 411
1810950 411
1810960 411
1810970 410
1810980 410
1810990 409
1811000 409
1811010 408
1811020 408
1811030 407
1811040 407
1811050 406
1811060 405
1811070 404
1811080 403
1811090 403
1811100 402
1811110 402
1811120 401
1811130 400
1811140 399
1811150 398
1811160 397
1811170 396
1811180 396
1811190 395
1811200 394
1811210 394
1811220 393
1811230 392
1811240 391
1811250 390
1811260 389
1811270 388
1811280 388
1811290 387
1811300 386
1811310 385
1811320 384
1811330 383
1811340 382
1811350 381
1811360 381
1811370 380
1811380 379
1811390 379
1811400 378
1811410 378
1811420 377
1811430 377
1811440 376
1811450 376
1811460 376
1811470 375
1811480 375
1811490 374
1811500 374
1811510 374
1811520 373
1811530 373
1811540 373
1811550 373
1811560 372
1811570 371
1811580 371
1811590 370
1811600 370
1811610 370
1811620 369
1811630 369
1811640 369
1811650 368
1811660 368
1811670 368
1811680 368
1811690 368
1811700 368
1811710 368
1811720 367
1811730 367
1811740 367
1811750 366
1811760 366
1811770 365
1811780 365
1811790 365
1811800 365
1811810 364
1811820 363
1811830 362
1811840 361
1811850 361
1811860 360
1811870 360
1811880 359
1811890 358
1811900 358
1811910 357
1811920 356
1811930 355
1811940 355
1811950 354
1811960 353
1811970 353
1811980 352
1811990 352
1812000 352
1812010 352
1812020 352
1812030 352
1812040 352
1812050 352
1812060 352
1812070 353
1812080 353
1812090 354
1812100 354
1812110 353
1812120 353
1812130 352
1812140 351
1812150 351
1812160 351
1812170 351
1812180 350
1812190 348
1812200 347
1812210 346
1812220 345
1812230 345
1812240 344
1812250 343
1812260 342
1812270 340
1812280 339
1812290 338
1812300 337
1812310 337
1812320 335
1812330 334
1812340 333
1812350 332
1812360 331
1812370 330
1812380 328
1812390 327
1812400 326
1812410 325
1812420 324
1812430 324
1812440 323
1812450 322
1812460 321
1812470 320
1812480 320
1812490 319
1812500 318
1812510 317
1812520 316
1812530 314
1812540 313
1812550 313
1812560 312
1812570 312
1812580 311
1812590 310
1812600 310
1812610 309
1812620 309
1812630 308
1812640 308
1812650 307
1812660 307
1812670 306
1812680 305
1812690 305
1812700 304
1812710 304
1812720 303
1812730 301
1812740 301
1812750 300
1812760 299
1812770 298
1812780 297
1812790 296
1812800 296
1812810 295
1812820 294
1812830 293
1812840 293
1812850 292
1812860 292
1812870 291
1812880 290
1812890 289
1812900 288
1812910 287
1812920 287
1812930 286
1812940 286
1812950 285
1812960 285
1812970 285
1812980 285
1812990 284
1813000 284
1813010 284
1813020 284
1813030 284
1813040 284
1813050 284
1813060 283
1813070 283
1813080 283
1813090 282
1813100 282
1813110 282
1813120 282
1813130 282
1813140 282
1813150 282
1813160 282
1813170 282
1813180 281
1813190 281
1813200 280
1813210 280
1813220 280
1813230 280
1813240 280
1813250 280
1813260 279
1813270 279
1813280 279
1813290 278
1813300 278
1813310 277
1813320 277
1813330 277
1813340 276
1813350 276
1813360 276
1813370 276
1813380 276
1813390 275
1813400 275
1813410 275
1813420 275
1813430 275
1813440 274
1813450 273
1813460 272
1813470 271
1813480 270
1813490 269
1813500 268
1813510 267
1813520 266
1813530 265
1813540 265
1813550 264
1813560 263
1813570 262
1813580 260
1813590 258
1813600 257
1813610 257
1813620 256
1813630 255
1813640 254
1813650 253
1813660 252
1813670 251
1813680 250
1813690 249
1813700 249
1813710 248
1813720 247
1813730 247
1813740 246
1813750 246
1813760 246
1813770 245
1813780 245
1813790 245
1813800 245
1813810 244
1813820 244
1813830 244
1813840 244
1813850 244
1813860 244
1813870 244
1813880 244
1813890 244
1813900 245
1813910 245
1813920 247
1813930 248
1813940 250
1813950 251
1813960 252
1813970 253
1813980 254
1813990 255
1814000 256
1814010 256
1814020 257
1814030 258
1814040 259
1814050 259
1814060 260
1814070 260
1814080 260
1814090 259
1814100 259
1814110 259
1814120 259
1814130 259
1814140 258
1814150 258
1814160 258
1814170 258
1814180 258
1814190 257
1814200 257
1814210 257
1814220 257
1814230 257
1814240 256
1814250 256
1814260 255
1814270 255
1814280 254
1814290 254
1814300 253
1814310 252
1814320 251
1814330 250
1814340 249
1814350 247
1814360 246
1814370 245
1814380 244
1814390 243
1814400 242
1814410 241
1814420 241
1814430 241
1814440 240
1814450 240
1814460 239
1814470 239
1814480 238
1814490 238
1814500 238
1814510 237
1814520 236
1814530 236
1814540 236
1814550 235
1814560 234
1814570 234
1814580 233
1814590 233
1814600 232
1814610 232
1814620 231
1814630 230
1814640 230
1814650 229
1814660 229
1814670 228
1814680 227
1814690 227
1814700 226
1814710 225
1814720 225
1814730 224
1814740 222
1814750 219
1814760 217
1814770 215
1814780 215
1814790 215
1814800 217
1814810 219
1814820 221
1814830 220
1814840 220
1814850 218
1814860 218
1814870 217
1814880 217
1814890 216
1814900 216
1814910 215
1814920 214
1814930 214
1814940 213
1814950 213
1814960 212
1814970 212
1814980 211
1814990 210
1815000 210
1815010 209
1815020 208
1815030 208
1815040 207
1815050 206
1815060 206
1815070 205
1815080 204
1815090 204
1815100 203
1815110 202
1815120 202
1815130 201
1815140 201
1815150 200
1815160 199
1815170 199
1815180 198
1815190 196
1815200 194
1815210 192
1815220 190
1815230 190
1815240 189
1815250 189
1815260 189
1815270 189
1815280 188
1815290 188
1815300 188
1815310 188
1815320 188
1815330 188
1815340 188
1815350 188
1815360 188
1815370 188
1815380 188
1815390 188
1815400 188
1815410 188
1815420 188
1815430 188
1815440 188
1815450 188
1815460 188
1815470 188
1815480 188
1815490 188
1815500 188
1815510 188
1815520 188
1815530 188
1815540 188
1815550 188
1815560 188
1815570 188
1815580 188
1815590 187
1815600 187
1815610 187
1815620 187
1815630 187
1815640 186
1815650 186
1815660 186
1815670 186
1815680 185
1815690 185
1815700 185
1815710 184
1815720 184
1815730 184
1815740 184
1815750 183
1815760 183
1815770 183
1815780 183
1815790 183
1815800 183
1815810 183
1815820 183
1815830 183
1815840 183
1815850 183
1815860 183
1815870 183
1815880 183
1815890 183
1815900 183
1815910 183
1815920 182
1815930 183
1815940 183
1815950 183
1815960 183
1815970 183
1815980 183
1815990 183
1816000 183
1816010 183
1816020 183
1816030 183
1816040 182
1816050 182
1816060 182
1816070 182
1816080 182
1816090 182
1816100 182
1816110 182
1816120 182
1816130 182
1816140 182
1816150 182
1816160 182
1816170 182
1816180 182
1816190 182
1816200 182
1816210 182
1816220 182
1816230 182
1816240 182
1816250 182
1816260 182
1816270 182
1816280 182
1816290 182
1816300 182
1816310 182
1816320 182
1816330 182
1816340 182
1816350 182
1816360 181
1816370 182
1816380 182
1816390 182
1816400 182
1816410 182
1816420 182
1816430 182
1816440 182
1816450 182
1816460 182
1816470 182
1816480 182
1816490 182
1816500 182
1816510 182
1816520 182
1816530 182
1816540 182
1816550 182
1816560 182
1816570 182
1816580 182
1816590 182
1816600 182
1816610 182
1816620 182
1816630 182
1816640 182
1816650 182
1816660 182
1816670 182
1816680 182
1816690 182
1816700 182
1816710 182
1816720 182
1816730 182
1816740 182
1816750 182
1816760 182
1816770 182
1816780 182
1816790 182
1816800 182
1816810 182
1816820 182
1816830 182
1816840 182
1816850 181
1816860 182
1816870 182
1816880 182
1816890 182
1816900 182
1816910 182
1816920 182
1816930 182
1816940 182
1816950 182
1816960 182
1816970 182
1816980 182
1816990 182
1817000 182
1817010 182
1817020 182
1817030 182
1817040 182
1817050 182
1817060 182
1817070 182
1817080 183
1817090 184
1817100 184
1817110 183
1817120 182
1817130 182
1817140 181
1817150 181
1817160 181
1817170 181
1817180 181
1817190 181
1817200 181
1817210 181
1817220 181
1817230 181
1817240 181
1817250 181
1817260 181
1817270 181
1817280 181
1817290 181
1817300 181
1817310 181
1817320 181
1817330 181
1817340 181
1817350 181
1817360 181
1817370 181
1817380 181
1817390 181
1817400 181
1817410 181
1817420 181
1817430 181
1817440 181
1817450 181
1817460 181
1817470 181
1817480 181
1817490 181
1817500 181
1817510 181
1817520 181
1817530 181
1817540 181
1817550 181
1817560 181
1817570 181
1817580 181
1817590 181
1817600 181
1817610 181
1817620 181
1817630 181
1817640 181
1817650 181
1817660 181
1817670 181
1817680 181
1817690 181
1817700 181
1817710 181
1817720 181
1817730 181
1817740 181
1817750 181
1817760 181
1817770 181
1817780 181
1817790 181
1817800 181
1817810 181
1817820 181
1817830 181
1817840 181
1817850 181
1817860 181
1817870 181
1817880 181
1817890 181
1817900 181
1817910 181
1817920 182
1817930 183
1817940 182
1817950 182
1817960 181
1817970 181
1817980 181
1817990 182
1818000 181
1818010 181
1818020 181
1818030 180
1818040 179
1818050 179
1818060 179
1818070 179
1818080 180
1818090 180
1818100 180
1818110 180
1818120 180
1818130 180
1818140 180
1818150 180
1818160 180
1818170 180
1818180 180
1818190 180
1818200 180
1818210 180
1818220 180
1818230 180
1818240 180
1818250 180
1818260 180
1818270 180
1818280 180
1818290 180
1818300 180
1818310 180
1818320 180
1818330 180
1818340 180
1818350 180
1818360 180
1818370 180
1818380 180
1818390 180
1818400 181
1818410 181
1818420 181
1818430 181
1818440 180
1818450 180
1818460 180
1818470 180
1818480 180
1818490 180
1818500 180
1818510 180
1818520 180
1818530 180
1818540 180
1818550 180
1818560 180
1818570 180
1818580 180
1818590 180
1818600 180
1818610 180
1818620 180
1818630 180
1818640 180
1818650 180
1818660 179
1818670 179
1818680 179
1818690 179
1818700 179
1818710 179
1818720 179
1818730 179
1818740 179
1818750 179
1818760 179
1818770 179
1818780 179
1818790 179
1818800 179
1818810 179
1818820 179
1818830 179
1818840 179
1818850 179
1818860 179
1818870 179
1818880 179
1818890 179
1818900 179
1818910 179
1818920 179
1818930 179
1818940 179
1818950 179
1818960 179
1818970 179
1818980 180
1818990 180
1819000 180
1819010 180
1819020 180
1819030 181
1819040 181
1819050 181
1819060 181
1819070 181
1819080 181
1819090 180
1819100 179
1819110 179
1819120 179
1819130 179
1819140 179
1819150 179
1819160 179
1819170 179
1819180 179
1819190 179
1819200 179
1819210 179
1819220 179
1819230 179
1819240 179
1819250 179
1819260 179
1819270 179
1819280 179
1819290 179
1819300 179
1819310 179
1819320 179
1819330 179
1819340 179
1819350 179
1819360 179
1819370 179
1819380 179
1819390 179
1819400 179
1819410 179
1819420 180
1819430 180
1819440 181
1819450 181
1819460 181
1819470 181
1819480 181
1819490 181
1819500 181
1819510 180
1819520 180
1819530 179
1819540 179
1819550 179
1819560 179
1819570 179
1819580 179
1819590 179
1819600 179
1819610 179
1819620 179
1819630 179
1819640 179
1819650 179
1819660 179
1819670 179
1819680 179
1819690 179
1819700 179
1819710 179
1819720 179
1819730 179
1819740 179
1819750 178
1819760 178
1819770 178
1819780 178
1819790 178
1819800 178
1819810 178
1819820 178
1819830 178
1819840 178
1819850 178
1819860 178
1819870 178
1819880 178
1819890 178
1819900 178
1819910 178
1819920 178
1819930 178
1819940 178
1819950 178
1819960 178
1819970 178
1819980 178
1819990 178
