1800000 403
1800010 403
1800020 403
1800030 403
1800040 403
1800050 403
1800060 403
1800070 404
1800080 404
1800090 404
1800100 405
1800110 405
1800120 405
1800130 405
1800140 406
1800150 406
1800160 406
1800170 406
1800180 406
1800190 407
1800200 407
1800210 407
1800220 407
1800230 407
1800240 408
1800250 408
1800260 408
1800270 409
1800280 409
1800290 409
1800300 410
1800310 410
1800320 410
1800330 410
1800340 410
1800350 410
1800360 410
1800370 409
1800380 409
1800390 409
1800400 409
1800410 408
1800420 408
1800430 408
1800440 408
1800450 408
1800460 408
1800470 408
1800480 408
1800490 408
1800500 408
1800510 408
1800520 408
1800530 408
1800540 408
1800550 408
1800560 408
1800570 408
1800580 408
1800590 408
1800600 408
1800610 408
1800620 408
1800630 408
1800640 408
1800650 409
1800660 409
1800670 409
1800680 409
1800690 410
1800700 410
1800710 410
1800720 410
1800730 410
1800740 410
1800750 410
1800760 410
1800770 410
1800780 410
1800790 410
1800800 410
1800810 410
1800820 410
1800830 409
1800840 409
1800850 409
1800860 409
1800870 409
1800880 409
1800890 409
1800900 409
1800910 409
1800920 409
1800930 409
1800940 409
1800950 409
1800960 409
1800970 409
1800980 409
1800990 409
1801000 409
1801010 409
1801020 409
1801030 408
1801040 408
1801050 408
1801060 407
1801070 407
1801080 406
1801090 406
1801100 405
1801110 404
1801120 403
1801130 402
1801140 402
1801150 401
1801160 401
1801170 400
1801180 400
1801190 399
1801200 398
1801210 396
1801220 395
1801230 393
1801240 391
1801250 390
1801260 388
1801270 387
1801280 385
1801290 384
1801300 382
1801310 381
1801320 380
1801330 379
1801340 378
1801350 377
1801360 376
1801370 375
1801380 374
1801390 373
1801400 372
1801410 372
1801420 371
1801430 371
1801440 371
1801450 370
1801460 370
1801470 370
1801480 370
1801490 370
1801500 370
1801510 370
1801520 370
1801530 371
1801540 371
1801550 371
1801560 371
1801570 371
1801580 371
1801590 370
1801600 370
1801610 369
1801620 369
1801630 368
1801640 368
1801650 367
1801660 366
1801670 365
1801680 364
1801690 363
1801700 361
1801710 360
1801720 359
1801730 358
1801740 357
1801750 356
1801760 355
1801770 354
1801780 352
1801790 351
1801800 350
1801810 348
1801820 347
1801830 346
1801840 345
1801850 344
1801860 343
1801870 342
1801880 341
1801890 340
1801900 339
1801910 338
1801920 337
1801930 336
1801940 335
1801950 334
1801960 333
1801970 333
1801980 332
1801990 332
1802000 331
1802010 330
1802020 330
1802030 329
1802040 329
1802050 328
1802060 328
1802070 327
1802080 327
1802090 326
1802100 326
1802110 326
1802120 325
1802130 325
1802140 324
1802150 324
1802160 324
1802170 324
1802180 324
1802190 323
1802200 323
1802210 323
1802220 323
1802230 323
1802240 323
1802250 322
1802260 322
1802270 322
1802280 321
1802290 321
1802300 321
1802310 321
1802320 321
1802330 321
1802340 321
1802350 320
1802360 320
1802370 320
1802380 320
1802390 320
1802400 320
1802410 320
1802420 320
1802430 320
1802440 320
1802450 320
1802460 319
1802470 319
1802480 319
1802490 319
1802500 319
1802510 319
1802520 319
1802530 319
1802540 319
1802550 319
1802560 318
1802570 318
1802580 319
1802590 319
1802600 318
1802610 318
1802620 318
1802630 318
1802640 318
1802650 318
1802660 318
1802670 318
1802680 318
1802690 318
1802700 318
1802710 318
1802720 318
1802730 318
1802740 318
1802750 318
1802760 318
1802770 318
1802780 319
1802790 318
1802800 318
1802810 318
1802820 318
1802830 318
1802840 318
1802850 318
1802860 318
1802870 318
1802880 318
1802890 318
1802900 318
1802910 318
1802920 318
1802930 318
1802940 318
1802950 318
1802960 318
1802970 318
1802980 318
1802990 318
1803000 318
1803010 318
1803020 318
1803030 318
1803040 318
1803050 318
1803060 318
1803070 318
1803080 318
1803090 318
1803100 318
1803110 318
1803120 318
1803130 318
1803140 318
1803150 318
1803160 318
1803170 319
1803180 319
1803190 319
1803200 319
1803210 319
1803220 319
1803230 319
1803240 319
1803250 319
1803260 319
1803270 319
1803280 319
1803290 319
1803300 320
1803310 320
1803320 320
1803330 320
1803340 320
1803350 320
1803360 320
1803370 320
1803380 320
1803390 320
1803400 320
1803410 321
1803420 321
1803430 321
1803440 320
1803450 320
1803460 320
1803470 320
1803480 320
1803490 320
1803500 320
1803510 320
1803520 320
1803530 320
1803540 320
1803550 320
1803560 320
1803570 320
1803580 319
1803590 319
1803600 319
1803610 319
1803620 319
1803630 319
1803640 318
1803650 318
1803660 318
1803670 318
1803680 318
1803690 318
1803700 318
1803710 318
1803720 318
1803730 317
1803740 317
1803750 317
1803760 317
1803770 317
1803780 317
1803790 317
1803800 316
1803810 316
1803820 316
1803830 316
1803840 316
1803850 315
1803860 315
1803870 314
1803880 314
1803890 314
1803900 314
1803910 314
1803920 314
1803930 314
1803940 313
1803950 313
1803960 313
1803970 313
1803980 313
1803990 312
1804000 312
1804010 312
1804020 312
1804030 312
1804040 312
1804050 312
1804060 312
1804070 311
1804080 311
1804090 311
1804100 311
1804110 311
1804120 311
1804130 311
1804140 311
1804150 310
1804160 310
1804170 309
1804180 309
1804190 308
1804200 308
1804210 307
1804220 307
1804230 307
1804240 306
1804250 306
1804260 306
1804270 306
1804280 306
1804290 305
1804300 305
1804310 305
1804320 305
1804330 304
1804340 304
1804350 304
1804360 304
1804370 304
1804380 305
1804390 305
1804400 304
1804410 304
1804420 304
1804430 304
1804440 304
1804450 304
1804460 304
1804470 304
1804480 304
1804490 304
1804500 304
1804510 305
1804520 305
1804530 305
1804540 305
1804550 306
1804560 306
1804570 307
1804580 307
1804590 308
1804600 308
1804610 308
1804620 308
1804630 308
1804640 309
1804650 309
1804660 309
1804670 309
1804680 310
1804690 310
1804700 311
1804710 311
1804720 311
1804730 311
1804740 312
1804750 313
1804760 314
1804770 316
1804780 317
1804790 320
1804800 321
1804810 321
1804820 320
1804830 320
1804840 319
1804850 319
1804860 319
1804870 319
1804880 319
1804890 319
1804900 320
1804910 323
1804920 325
1804930 328
1804940 330
1804950 332
1804960 333
1804970 334
1804980 334
1804990 334
1805000 334
1805010 333
1805020 333
1805030 331
1805040 330
1805050 328
1805060 328
1805070 328
1805080 328
1805090 327
1805100 327
1805110 327
1805120 327
1805130 327
1805140 327
1805150 327
1805160 327
1805170 327
1805180 328
1805190 328
1805200 328
1805210 328
1805220 328
1805230 328
1805240 329
1805250 329
1805260 329
1805270 329
1805280 329
1805290 330
1805300 330
1805310 330
1805320 330
1805330 331
1805340 331
1805350 331
1805360 332
1805370 332
1805380 333
1805390 333
1805400 334
1805410 334
1805420 335
1805430 335
1805440 336
1805450 337
1805460 337
1805470 338
1805480 339
1805490 341
1805500 343
1805510 345
1805520 349
1805530 352
1805540 355
1805550 357
1805560 359
1805570 361
1805580 362
1805590 364
1805600 366
1805610 368
1805620 369
1805630 370
1805640 372
1805650 373
1805660 375
1805670 376
1805680 378
1805690 380
1805700 381
1805710 383
1805720 385
1805730 386
1805740 388
1805750 389
1805760 391
1805770 393
1805780 395
1805790 396
1805800 398
1805810 400
1805820 402
1805830 404
1805840 406
1805850 409
1805860 411
1805870 413
1805880 415
1805890 417
1805900 420
1805910 422
1805920 424
1805930 426
1805940 427
1805950 429
1805960 430
1805970 431
1805980 432
1805990 432
1806000 433
1806010 434
1806020 434
1806030 434
1806040 434
1806050 435
1806060 435
1806070 435
1806080 435
1806090 436
1806100 436
1806110 437
1806120 438
1806130 439
1806140 441
1806150 443
1806160 445
1806170 447
1806180 449
1806190 452
1806200 455
1806210 458
1806220 461
1806230 464
1806240 467
1806250 469
1806260 471
1806270 473
1806280 475
1806290 477
1806300 478
1806310 480
1806320 481
1806330 483
1806340 484
1806350 485
1806360 485
1806370 487
1806380 488
1806390 489
1806400 490
1806410 490
1806420 490
1806430 491
1806440 491
1806450 492
1806460 493
1806470 494
1806480 495
1806490 496
1806500 496
1806510 497
1806520 498
1806530 499
1806540 500
1806550 501
1806560 502
1806570 503
1806580 504
1806590 505
1806600 505
1806610 506
1806620 507
1806630 507
1806640 508
1806650 509
1806660 509
1806670 510
1806680 511
1806690 511
1806700 512
1806710 512
1806720 513
1806730 514
1806740 514
1806750 515
1806760 516
1806770 516
1806780 517
1806790 517
1806800 518
1806810 519
1806820 519
1806830 519
1806840 520
1806850 520
1806860 520
1806870 521
1806880 521
1806890 521
1806900 522
1806910 522
1806920 522
1806930 523
1806940 523
1806950 524
1806960 524
1806970 525
1806980 525
1806990 525
1807000 525
1807010 525
1807020 525
1807030 523
1807040 522
1807050 520
1807060 518
1807070 516
1807080 515
1807090 517
1807100 520
1807110 524
1807120 527
1807130 530
1807140 533
1807150 535
1807160 537
1807170 539
1807180 540
1807190 541
1807200 542
1807210 543
1807220 543
1807230 544
1807240 545
1807250 545
1807260 546
1807270 547
1807280 548
1807290 548
1807300 549
1807310 550
1807320 550
1807330 551
1807340 551
1807350 552
1807360 552
1807370 552
1807380 553
1807390 553
1807400 553
1807410 553
1807420 553
1807430 553
1807440 553
1807450 553
1807460 554
1807470 554
1807480 555
1807490 555
1807500 556
1807510 556
1807520 556
1807530 557
1807540 557
1807550 558
1807560 558
1807570 559
1807580 560
1807590 560
1807600 560
1807610 561
1807620 561
1807630 561
1807640 562
1807650 562
1807660 562
1807670 563
1807680 563
1807690 563
1807700 563
1807710 564
1807720 564
1807730 564
1807740 563
1807750 563
1807760 562
1807770 561
1807780 562
1807790 564
1807800 565
1807810 566
1807820 567
1807830 567
1807840 567
1807850 568
1807860 568
1807870 568
1807880 569
1807890 569
1807900 570
1807910 570
1807920 570
1807930 571
1807940 571
1807950 571
1807960 572
1807970 572
1807980 573
1807990 573
1808000 574
1808010 574
1808020 575
1808030 575
1808040 575
1808050 575
1808060 575
1808070 574
1808080 574
1808090 574
1808100 574
1808110 574
1808120 574
1808130 573
1808140 573
1808150 573
1808160 572
1808170 571
1808180 570
1808190 568
1808200 566
1808210 564
1808220 561
1808230 559
1808240 557
1808250 555
1808260 553
1808270 550
1808280 548
1808290 547
1808300 547
1808310 548
1808320 551
1808330 554
1808340 557
1808350 560
1808360 563
1808370 566
1808380 569
1808390 571
1808400 574
1808410 576
1808420 578
1808430 580
1808440 581
1808450 583
1808460 585
1808470 586
1808480 588
1808490 589
1808500 591
1808510 592
1808520 593
1808530 593
1808540 594
1808550 595
1808560 596
1808570 597
1808580 598
1808590 598
1808600 599
1808610 599
1808620 600
1808630 601
1808640 602
1808650 603
1808660 603
1808670 604
1808680 605
1808690 606
1808700 607
1808710 608
1808720 608
1808730 609
1808740 609
1808750 609
1808760 610
1808770 610
1808780 610
1808790 610
1808800 611
1808810 612
1808820 613
1808830 614
1808840 615
1808850 617
1808860 619
1808870 619
1808880 620
1808890 619
1808900 617
1808910 615
1808920 613
1808930 612
1808940 610
1808950 609
1808960 607
1808970 605
1808980 604
1808990 603
1809000 602
1809010 600
1809020 599
1809030 598
1809040 598
1809050 597
1809060 597
1809070 596
1809080 595
1809090 594
1809100 593
1809110 592
1809120 591
1809130 590
1809140 589
1809150 588
1809160 588
1809170 587
1809180 586
1809190 586
1809200 585
1809210 584
1809220 583
1809230 582
1809240 581
1809250 580
1809260 579
1809270 578
1809280 577
1809290 576
1809300 575
1809310 573
1809320 570
1809330 567
1809340 564
1809350 561
1809360 559
1809370 556
1809380 554
1809390 552
1809400 550
1809410 549
1809420 548
1809430 547
1809440 546
1809450 545
1809460 543
1809470 540
1809480 538
1809490 535
1809500 532
1809510 530
1809520 529
1809530 528
1809540 527
1809550 526
1809560 525
1809570 523
1809580 522
1809590 521
1809600 520
1809610 520
1809620 522
1809630 523
1809640 525
1809650 526
1809660 526
1809670 525
1809680 523
1809690 521
1809700 519
1809710 517
1809720 515
1809730 513
1809740 511
1809750 510
1809760 509
1809770 508
1809780 507
1809790 506
1809800 505
1809810 504
1809820 503
1809830 502
1809840 501
1809850 499
1809860 498
1809870 496
1809880 495
1809890 494
1809900 493
1809910 492
1809920 491
1809930 490
1809940 489
1809950 488
1809960 486
1809970 484
1809980 481
1809990 478
1810000 474
1810010 471
1810020 470
1810030 470
1810040 471
1810050 472
1810060 472
1810070 473
1810080 473
1810090 472
1810100 471
1810110 470
1810120 469
1810130 467
1810140 466
1810150 464
1810160 463
1810170 462
1810180 460
1810190 459
1810200 459
1810210 459
1810220 459
1810230 459
1810240 458
1810250 458
1810260 457
1810270 457
1810280 457
1810290 457
1810300 456
1810310 456
1810320 456
1810330 456
1810340 455
1810350 455
1810360 455
1810370 454
1810380 454
1810390 454
1810400 454
1810410 454
1810420 455
1810430 456
1810440 457
1810450 458
1810460 458
1810470 458
1810480 458
1810490 458
1810500 458
1810510 458
1810520 457
1810530 457
1810540 457
1810550 456
1810560 456
1810570 456
1810580 455
1810590 455
1810600 455
1810610 454
1810620 453
1810630 452
1810640 450
1810650 449
1810660 447
1810670 446
1810680 444
1810690 443
1810700 441
1810710 441
1810720 440
1810730 440
1810740 439
1810750 438
1810760 438
1810770 436
1810780 435
1810790 434
1810800 433
1810810 432
1810820 431
1810830 431
1810840 430
1810850 429
1810860 429
1810870 428
1810880 428
1810890 427
1810900 427
1810910 426
1810920 425
1810930 424
1810940 423
1810950 422
1810960 421
1810970 420
1810980 419
1810990 417
1811000 416
1811010 415
1811020 414
1811030 413
1811040 412
1811050 410
1811060 409
1811070 407
1811080 406
1811090 404
1811100 403
1811110 401
1811120 400
1811130 399
1811140 398
1811150 397
1811160 396
1811170 395
1811180 394
1811190 393
1811200 392
1811210 391
1811220 390
1811230 389
1811240 388
1811250 387
1811260 387
1811270 386
1811280 385
1811290 385
1811300 384
1811310 384
1811320 383
1811330 383
1811340 383
1811350 382
1811360 382
1811370 382
1811380 381
1811390 381
1811400 381
1811410 380
1811420 380
1811430 380
1811440 380
1811450 379
1811460 379
1811470 379
1811480 378
1811490 378
1811500 378
1811510 377
1811520 377
1811530 377
1811540 377
1811550 376
1811560 376
1811570 375
1811580 375
1811590 374
1811600 374
1811610 374
1811620 374
1811630 375
1811640 375
1811650 374
1811660 374
1811670 373
1811680 373
1811690 372
1811700 371
1811710 371
1811720 370
1811730 369
1811740 368
1811750 367
1811760 367
1811770 366
1811780 366
1811790 365
1811800 364
1811810 364
1811820 363
1811830 362
1811840 362
1811850 361
1811860 361
1811870 360
1811880 359
1811890 359
1811900 358
1811910 358
1811920 357
1811930 357
1811940 356
1811950 356
1811960 355
1811970 354
1811980 354
1811990 353
1812000 353
1812010 352
1812020 352
1812030 351
1812040 351
1812050 351
1812060 350
1812070 350
1812080 349
1812090 349
1812100 349
1812110 348
1812120 348
1812130 347
1812140 347
1812150 347
1812160 347
1812170 346
1812180 345
1812190 344
1812200 343
1812210 343
1812220 343
1812230 342
1812240 342
1812250 342
1812260 341
1812270 341
1812280 340
1812290 340
1812300 339
1812310 338
1812320 338
1812330 337
1812340 336
1812350 336
1812360 335
1812370 335
1812380 335
1812390 334
1812400 334
1812410 334
1812420 333
1812430 333
1812440 332
1812450 332
1812460 331
1812470 331
1812480 331
1812490 331
1812500 330
1812510 329
1812520 328
1812530 327
1812540 326
1812550 325
1812560 325
1812570 324
1812580 323
1812590 322
1812600 321
1812610 320
1812620 319
1812630 318
1812640 317
1812650 316
1812660 315
1812670 314
1812680 313
1812690 312
1812700 311
1812710 310
1812720 309
1812730 309
1812740 308
1812750 307
1812760 306
1812770 305
1812780 305
1812790 304
1812800 302
1812810 301
1812820 301
1812830 300
1812840 300
1812850 300
1812860 299
1812870 299
1812880 298
1812890 298
1812900 297
1812910 297
1812920 297
1812930 296
1812940 296
1812950 296
1812960 295
1812970 295
1812980 295
1812990 294
1813000 294
1813010 294
1813020 294
1813030 293
1813040 293
1813050 293
1813060 293
1813070 293
1813080 294
1813090 294
1813100 294
1813110 293
1813120 292
1813130 292
1813140 291
1813150 290
1813160 290
1813170 290
1813180 289
1813190 289
1813200 288
1813210 288
1813220 287
1813230 287
1813240 287
1813250 286
1813260 285
1813270 284
1813280 282
1813290 281
1813300 280
1813310 279
1813320 278
1813330 276
1813340 275
1813350 274
1813360 273
1813370 272
1813380 270
1813390 269
1813400 268
1813410 268
1813420 267
1813430 266
1813440 265
1813450 263
1813460 262
1813470 262
1813480 261
1813490 260
1813500 259
1813510 259
1813520 258
1813530 258
1813540 257
1813550 257
1813560 256
1813570 256
1813580 255
1813590 255
1813600 255
1813610 255
1813620 254
1813630 254
1813640 254
1813650 253
1813660 253
1813670 253
1813680 253
1813690 253
1813700 253
1813710 253
1813720 253
1813730 253
1813740 253
1813750 253
1813760 254
1813770 255
1813780 255
1813790 255
1813800 255
1813810 255
1813820 256
1813830 256
1813840 256
1813850 257
1813860 257
1813870 258
1813880 260
1813890 261
1813900 263
1813910 264
1813920 265
1813930 266
1813940 267
1813950 268
1813960 269
1813970 270
1813980 271
1813990 272
1814000 272
1814010 272
1814020 272
1814030 272
1814040 272
1814050 272
1814060 272
1814070 272
1814080 272
1814090 271
1814100 271
1814110 271
1814120 270
1814130 270
1814140 270
1814150 269
1814160 269
1814170 268
1814180 267
1814190 267
1814200 266
1814210 266
1814220 265
1814230 264
1814240 264
1814250 263
1814260 262
1814270 261
1814280 260
1814290 259
1814300 257
1814310 256
1814320 254
1814330 252
1814340 251
1814350 250
1814360 249
1814370 248
1814380 247
1814390 247
1814400 246
1814410 245
1814420 245
1814430 244
1814440 244
1814450 244
1814460 243
1814470 243
1814480 243
1814490 242
1814500 242
1814510 241
1814520 240
1814530 239
1814540 239
1814550 238
1814560 238
1814570 237
1814580 237
1814590 236
1814600 235
1814610 234
1814620 234
1814630 233
1814640 232
1814650 231
1814660 230
1814670 229
1814680 228
1814690 227
1814700 226
1814710 225
1814720 225
1814730 224
1814740 223
1814750 223
1814760 222
1814770 222
1814780 221
1814790 221
1814800 220
1814810 220
1814820 219
1814830 219
1814840 218
1814850 218
1814860 218
1814870 217
1814880 215
1814890 215
1814900 215
1814910 215
1814920 216
1814930 216
1814940 215
1814950 215
1814960 214
1814970 213
1814980 212
1814990 211
1815000 211
1815010 210
1815020 210
1815030 209
1815040 208
1815050 207
1815060 206
1815070 206
1815080 205
1815090 204
1815100 203
1815110 202
1815120 201
1815130 201
1815140 200
1815150 200
1815160 200
1815170 199
1815180 199
1815190 199
1815200 198
1815210 197
1815220 195
1815230 192
1815240 191
1815250 189
1815260 188
1815270 187
1815280 187
1815290 186
1815300 186
1815310 186
1815320 186
1815330 186
1815340 186
1815350 186
1815360 186
1815370 186
1815380 186
1815390 186
1815400 186
1815410 186
1815420 186
1815430 186
1815440 186
1815450 186
1815460 186
1815470 186
1815480 186
1815490 186
1815500 186
1815510 186
1815520 186
1815530 186
1815540 186
1815550 186
1815560 186
1815570 186
1815580 186
1815590 186
1815600 186
1815610 186
1815620 187
1815630 187
1815640 187
1815650 187
1815660 187
1815670 187
1815680 187
1815690 185
1815700 184
1815710 184
1815720 184
1815730 184
1815740 183
1815750 183
1815760 183
1815770 183
1815780 183
1815790 183
1815800 183
1815810 183
1815820 183
1815830 183
1815840 183
1815850 183
1815860 183
1815870 183
1815880 182
1815890 182
1815900 182
1815910 182
1815920 182
1815930 182
1815940 182
1815950 182
1815960 182
1815970 182
1815980 183
1815990 183
1816000 183
1816010 183
1816020 183
1816030 182
1816040 182
1816050 182
1816060 182
1816070 182
1816080 182
1816090 182
1816100 182
1816110 182
1816120 182
1816130 182
1816140 182
1816150 182
1816160 182
1816170 181
1816180 181
1816190 181
1816200 181
1816210 181
1816220 181
1816230 181
1816240 181
1816250 181
1816260 181
1816270 181
1816280 181
1816290 181
1816300 181
1816310 181
1816320 181
1816330 181
1816340 181
1816350 181
1816360 181
1816370 181
1816380 181
1816390 181
1816400 181
1816410 181
1816420 181
1816430 181
1816440 181
1816450 181
1816460 181
1816470 181
1816480 181
1816490 182
1816500 182
1816510 182
1816520 182
1816530 182
1816540 182
1816550 182
1816560 182
1816570 182
1816580 182
1816590 182
1816600 182
1816610 182
1816620 182
1816630 182
1816640 182
1816650 182
1816660 182
1816670 182
1816680 181
1816690 181
1816700 181
1816710 182
1816720 182
1816730 182
1816740 182
1816750 182
1816760 182
1816770 181
1816780 181
1816790 182
1816800 182
1816810 182
1816820 182
1816830 182
1816840 182
1816850 182
1816860 181
1816870 181
1816880 181
1816890 181
1816900 182
1816910 182
1816920 182
1816930 182
1816940 182
1816950 182
1816960 182
1816970 182
1816980 181
1816990 182
1817000 182
1817010 182
1817020 182
1817030 182
1817040 182
1817050 182
1817060 182
1817070 182
1817080 182
1817090 182
1817100 182
1817110 183
1817120 183
1817130 184
1817140 183
1817150 183
1817160 182
1817170 182
1817180 182
1817190 182
1817200 182
1817210 182
1817220 182
1817230 182
1817240 182
1817250 182
1817260 182
1817270 182
1817280 182
1817290 182
1817300 182
1817310 182
1817320 182
1817330 182
1817340 182
1817350 182
1817360 182
1817370 182
1817380 182
1817390 181
1817400 181
1817410 182
1817420 182
1817430 182
1817440 182
1817450 182
1817460 182
1817470 182
1817480 181
1817490 181
1817500 181
1817510 181
1817520 181
1817530 181
1817540 181
1817550 181
1817560 180
1817570 180
1817580 180
1817590 180
1817600 180
1817610 180
1817620 180
1817630 180
1817640 180
1817650 180
1817660 180
1817670 180
1817680 180
1817690 180
1817700 180
1817710 181
1817720 181
1817730 181
1817740 181
1817750 181
1817760 181
1817770 181
1817780 181
1817790 181
1817800 181
1817810 181
1817820 181
1817830 181
1817840 181
1817850 181
1817860 181
1817870 181
1817880 181
1817890 181
1817900 181
1817910 181
1817920 181
1817930 181
1817940 181
1817950 181
1817960 181
1817970 181
1817980 181
1817990 181
1818000 181
1818010 181
1818020 181
1818030 181
1818040 181
1818050 181
1818060 181
1818070 181
1818080 181
1818090 181
1818100 181
1818110 181
1818120 181
1818130 181
1818140 181
1818150 181
1818160 181
1818170 181
1818180 181
1818190 181
1818200 181
1818210 182
1818220 182
1818230 183
1818240 182
1818250 181
1818260 179
1818270 179
1818280 179
1818290 179
1818300 179
1818310 180
1818320 180
1818330 180
1818340 180
1818350 180
1818360 180
1818370 180
1818380 180
1818390 180
1818400 180
1818410 180
1818420 180
1818430 180
1818440 180
1818450 180
1818460 180
1818470 180
1818480 180
1818490 180
1818500 180
1818510 181
1818520 182
1818530 180
1818540 180
1818550 180
1818560 180
1818570 179
1818580 179
1818590 180
1818600 180
1818610 180
1818620 180
1818630 180
1818640 180
1818650 180
1818660 180
1818670 180
1818680 180
1818690 180
1818700 180
1818710 179
1818720 179
1818730 179
1818740 179
1818750 179
1818760 179
1818770 179
1818780 179
1818790 179
1818800 179
1818810 179
1818820 179
1818830 179
1818840 179
1818850 179
1818860 179
1818870 179
1818880 179
1818890 179
1818900 179
1818910 179
1818920 179
1818930 179
1818940 179
1818950 179
1818960 179
1818970 179
1818980 179
1818990 180
1819000 180
1819010 181
1819020 181
1819030 181
1819040 181
1819050 181
1819060 180
1819070 180
1819080 179
1819090 179
1819100 179
1819110 179
1819120 179
1819130 179
1819140 179
1819150 179
1819160 179
1819170 179
1819180 179
1819190 178
1819200 178
1819210 178
1819220 178
1819230 179
1819240 179
1819250 178
1819260 178
1819270 178
1819280 178
1819290 178
1819300 178
1819310 178
1819320 178
1819330 178
1819340 178
1819350 178
1819360 178
1819370 178
1819380 178
1819390 178
1819400 178
1819410 178
1819420 178
1819430 178
1819440 178
1819450 178
1819460 178
1819470 178
1819480 178
1819490 178
1819500 178
1819510 178
1819520 178
1819530 178
1819540 178
1819550 179
1819560 179
1819570 179
1819580 180
1819590 179
1819600 179
1819610 179
1819620 179
1819630 179
1819640 179
1819650 179
1819660 179
1819670 178
1819680 178
1819690 178
1819700 178
1819710 178
1819720 178
1819730 178
1819740 178
1819750 178
1819760 178
1819770 178
1819780 178
1819790 178
1819800 178
1819810 178
1819820 178
1819830 178
1819840 178
1819850 178
1819860 178
1819870 178
1819880 178
1819890 178
1819900 178
1819910 178
1819920 178
1819930 178
1819940 178
1819950 178
1819960 178
1819970 178
1819980 178
1819990 178
