1800000 399
1800010 398
1800020 398
1800030 398
1800040 398
1800050 398
1800060 397
1800070 397
1800080 397
1800090 397
1800100 397
1800110 396
1800120 396
1800130 396
1800140 396
1800150 395
1800160 395
1800170 394
1800180 394
1800190 393
1800200 393
1800210 392
1800220 392
1800230 391
1800240 391
1800250 391
1800260 390
1800270 390
1800280 389
1800290 388
1800300 388
1800310 387
1800320 387
1800330 387
1800340 388
1800350 388
1800360 388
1800370 389
1800380 389
1800390 389
1800400 389
1800410 388
1800420 388
1800430 388
1800440 388
1800450 388
1800460 388
1800470 388
1800480 388
1800490 388
1800500 388
1800510 388
1800520 388
1800530 388
1800540 388
1800550 388
1800560 388
1800570 388
1800580 389
1800590 389
1800600 389
1800610 388
1800620 388
1800630 388
1800640 387
1800650 387
1800660 386
1800670 385
1800680 385
1800690 385
1800700 385
1800710 385
1800720 385
1800730 384
1800740 384
1800750 383
1800760 383
1800770 382
1800780 382
1800790 381
1800800 381
1800810 381
1800820 382
1800830 382
1800840 382
1800850 383
1800860 384
1800870 384
1800880 385
1800890 385
1800900 385
1800910 385
1800920 384
1800930 384
1800940 383
1800950 383
1800960 382
1800970 382
1800980 381
1800990 381
1801000 381
1801010 380
1801020 379
1801030 378
1801040 377
1801050 376
1801060 376
1801070 376
1801080 376
1801090 376
1801100 377
1801110 377
1801120 377
1801130 377
1801140 377
1801150 377
1801160 377
1801170 376
1801180 376
1801190 375
1801200 375
1801210 375
1801220 375
1801230 375
1801240 375
1801250 375
1801260 375
1801270 375
1801280 375
1801290 376
1801300 376
1801310 377
1801320 378
1801330 378
1801340 379
1801350 380
1801360 380
1801370 381
1801380 381
1801390 382
1801400 382
1801410 382
1801420 382
1801430 382
1801440 381
1801450 381
1801460 380
1801470 380
1801480 379
1801490 378
1801500 378
1801510 377
1801520 376
1801530 376
1801540 375
1801550 374
1801560 374
1801570 373
1801580 372
1801590 372
1801600 371
1801610 371
1801620 370
1801630 370
1801640 369
1801650 369
1801660 369
1801670 368
1801680 368
1801690 367
1801700 367
1801710 366
1801720 366
1801730 365
1801740 365
1801750 364
1801760 364
1801770 364
1801780 363
1801790 362
1801800 363
1801810 364
1801820 364
1801830 365
1801840 365
1801850 366
1801860 367
1801870 368
1801880 369
1801890 369
1801900 369
1801910 369
1801920 368
1801930 367
1801940 365
1801950 364
1801960 363
1801970 362
1801980 361
1801990 360
1802000 359
1802010 358
1802020 356
1802030 355
1802040 354
1802050 353
1802060 352
1802070 351
1802080 350
1802090 349
1802100 348
1802110 347
1802120 346
1802130 345
1802140 345
1802150 344
1802160 343
1802170 343
1802180 342
1802190 341
1802200 340
1802210 340
1802220 339
1802230 339
1802240 338
1802250 338
1802260 337
1802270 337
1802280 337
1802290 337
1802300 337
1802310 336
1802320 336
1802330 336
1802340 336
1802350 336
1802360 336
1802370 336
1802380 336
1802390 336
1802400 336
1802410 336
1802420 336
1802430 336
1802440 336
1802450 336
1802460 336
1802470 335
1802480 335
1802490 334
1802500 334
1802510 333
1802520 333
1802530 332
1802540 332
1802550 331
1802560 331
1802570 330
1802580 330
1802590 329
1802600 329
1802610 328
1802620 328
1802630 327
1802640 327
1802650 327
1802660 326
1802670 326
1802680 325
1802690 324
1802700 323
1802710 323
1802720 322
1802730 322
1802740 321
1802750 321
1802760 320
1802770 320
1802780 319
1802790 319
1802800 318
1802810 318
1802820 318
1802830 318
1802840 317
1802850 317
1802860 317
1802870 317
1802880 317
1802890 316
1802900 316
1802910 316
1802920 316
1802930 316
1802940 316
1802950 316
1802960 316
1802970 316
1802980 316
1802990 315
1803000 315
1803010 315
1803020 315
1803030 315
1803040 315
1803050 315
1803060 315
1803070 315
1803080 315
1803090 315
1803100 315
1803110 315
1803120 315
1803130 315
1803140 315
1803150 314
1803160 314
1803170 314
1803180 314
1803190 314
1803200 314
1803210 314
1803220 314
1803230 314
1803240 314
1803250 314
1803260 314
1803270 314
1803280 314
1803290 313
1803300 313
1803310 313
1803320 313
1803330 313
1803340 313
1803350 313
1803360 313
1803370 313
1803380 313
1803390 313
1803400 312
1803410 312
1803420 312
1803430 312
1803440 312
1803450 312
1803460 311
1803470 311
1803480 311
1803490 311
1803500 311
1803510 311
1803520 311
1803530 310
1803540 310
1803550 310
1803560 310
1803570 310
1803580 309
1803590 309
1803600 309
1803610 310
1803620 310
1803630 310
1803640 310
1803650 311
1803660 311
1803670 311
1803680 311
1803690 311
1803700 311
1803710 311
1803720 311
1803730 311
1803740 311
1803750 310
1803760 310
1803770 310
1803780 311
1803790 310
1803800 310
1803810 310
1803820 310
1803830 310
1803840 310
1803850 310
1803860 310
1803870 310
1803880 310
1803890 310
1803900 310
1803910 310
1803920 310
1803930 309
1803940 309
1803950 308
1803960 308
1803970 308
1803980 308
1803990 308
1804000 308
1804010 308
1804020 309
1804030 309
1804040 309
1804050 309
1804060 309
1804070 309
1804080 309
1804090 309
1804100 309
1804110 309
1804120 309
1804130 309
1804140 309
1804150 309
1804160 310
1804170 310
1804180 310
1804190 310
1804200 310
1804210 310
1804220 310
1804230 311
1804240 311
1804250 310
1804260 310
1804270 311
1804280 311
1804290 311
1804300 312
1804310 312
1804320 312
1804330 312
1804340 311
1804350 311
1804360 311
1804370 311
1804380 312
1804390 312
1804400 312
1804410 312
1804420 312
1804430 312
1804440 312
1804450 312
1804460 312
1804470 312
1804480 312
1804490 312
1804500 312
1804510 312
1804520 312
1804530 312
1804540 312
1804550 312
1804560 312
1804570 312
1804580 312
1804590 312
1804600 313
1804610 313
1804620 313
1804630 313
1804640 313
1804650 313
1804660 314
1804670 314
1804680 314
1804690 315
1804700 315
1804710 315
1804720 315
1804730 315
1804740 315
1804750 315
1804760 315
1804770 316
1804780 316
1804790 316
1804800 316
1804810 317
1804820 317
1804830 318
1804840 318
1804850 318
1804860 319
1804870 319
1804880 320
1804890 320
1804900 321
1804910 321
1804920 322
1804930 323
1804940 323
1804950 324
1804960 325
1804970 325
1804980 326
1804990 327
1805000 327
1805010 328
1805020 329
1805030 330
1805040 331
1805050 331
1805060 332
1805070 332
1805080 333
1805090 333
1805100 333
1805110 333
1805120 334
1805130 334
1805140 335
1805150 336
1805160 336
1805170 336
1805180 337
1805190 337
1805200 338
1805210 339
1805220 340
1805230 341
1805240 341
1805250 342
1805260 342
1805270 342
1805280 343
1805290 343
1805300 343
1805310 343
1805320 343
1805330 344
1805340 345
1805350 345
1805360 347
1805370 347
1805380 346
1805390 346
1805400 346
1805410 345
1805420 345
1805430 345
1805440 346
1805450 346
1805460 346
1805470 346
1805480 347
1805490 347
1805500 347
1805510 348
1805520 348
1805530 348
1805540 349
1805550 349
1805560 350
1805570 350
1805580 350
1805590 351
1805600 351
1805610 352
1805620 352
1805630 353
1805640 354
1805650 355
1805660 356
1805670 357
1805680 358
1805690 358
1805700 359
1805710 360
1805720 360
1805730 360
1805740 361
1805750 362
1805760 364
1805770 365
1805780 365
1805790 365
1805800 365
1805810 366
1805820 366
1805830 367
1805840 368
1805850 368
1805860 369
1805870 370
1805880 371
1805890 372
1805900 373
1805910 374
1805920 374
1805930 375
1805940 376
1805950 377
1805960 379
1805970 381
1805980 383
1805990 386
1806000 389
1806010 391
1806020 394
1806030 396
1806040 399
1806050 402
1806060 404
1806070 407
1806080 410
1806090 413
1806100 416
1806110 419
1806120 421
1806130 424
1806140 427
1806150 430
1806160 433
1806170 436
1806180 438
1806190 441
1806200 444
1806210 446
1806220 449
1806230 451
1806240 453
1806250 456
1806260 458
1806270 460
1806280 462
1806290 463
1806300 463
1806310 462
1806320 461
1806330 461
1806340 460
1806350 460
1806360 460
1806370 460
1806380 460
1806390 460
1806400 460
1806410 460
1806420 462
1806430 464
1806440 466
1806450 469
1806460 472
1806470 475
1806480 478
1806490 481
1806500 485
1806510 488
1806520 491
1806530 493
1806540 496
1806550 499
1806560 501
1806570 504
1806580 506
1806590 509
1806600 512
1806610 515
1806620 518
1806630 521
1806640 524
1806650 528
1806660 531
1806670 534
1806680 537
1806690 540
1806700 542
1806710 545
1806720 548
1806730 550
1806740 553
1806750 554
1806760 556
1806770 557
1806780 559
1806790 560
1806800 562
1806810 563
1806820 564
1806830 566
1806840 567
1806850 569
1806860 570
1806870 571
1806880 573
1806890 574
1806900 574
1806910 575
1806920 576
1806930 577
1806940 578
1806950 579
1806960 580
1806970 581
1806980 582
1806990 583
1807000 583
1807010 584
1807020 585
1807030 586
1807040 586
1807050 587
1807060 588
1807070 589
1807080 589
1807090 590
1807100 591
1807110 592
1807120 592
1807130 593
1807140 593
1807150 593
1807160 594
1807170 594
1807180 595
1807190 595
1807200 595
1807210 596
1807220 597
1807230 598
1807240 599
1807250 600
1807260 601
1807270 602
1807280 604
1807290 605
1807300 606
1807310 607
1807320 608
1807330 610
1807340 611
1807350 613
1807360 614
1807370 615
1807380 617
1807390 618
1807400 619
1807410 620
1807420 621
1807430 622
1807440 623
1807450 624
1807460 624
1807470 625
1807480 626
1807490 626
1807500 626
1807510 627
1807520 627
1807530 627
1807540 627
1807550 628
1807560 628
1807570 629
1807580 630
1807590 630
1807600 631
1807610 632
1807620 634
1807630 635
1807640 636
1807650 636
1807660 637
1807670 637
1807680 638
1807690 638
1807700 638
1807710 638
1807720 639
1807730 639
1807740 640
1807750 640
1807760 640
1807770 640
1807780 641
1807790 641
1807800 641
1807810 641
1807820 641
1807830 641
1807840 640
1807850 639
1807860 639
1807870 639
1807880 639
1807890 639
1807900 640
1807910 641
1807920 642
1807930 643
1807940 644
1807950 644
1807960 645
1807970 646
1807980 647
1807990 647
1808000 647
1808010 648
1808020 647
1808030 647
1808040 647
1808050 647
1808060 648
1808070 647
1808080 647
1808090 647
1808100 647
1808110 647
1808120 646
1808130 645
1808140 644
1808150 642
1808160 640
1808170 639
1808180 639
1808190 638
1808200 638
1808210 637
1808220 635
1808230 633
1808240 631
1808250 629
1808260 628
1808270 627
1808280 626
1808290 626
1808300 625
1808310 624
1808320 624
1808330 624
1808340 624
1808350 625
1808360 626
1808370 627
1808380 627
1808390 627
1808400 626
1808410 626
1808420 626
1808430 626
1808440 626
1808450 627
1808460 627
1808470 627
1808480 627
1808490 627
1808500 627
1808510 626
1808520 626
1808530 626
1808540 626
1808550 626
1808560 626
1808570 626
1808580 626
1808590 625
1808600 625
1808610 624
1808620 623
1808630 622
1808640 621
1808650 620
1808660 619
1808670 618
1808680 617
1808690 616
1808700 616
1808710 615
1808720 614
1808730 613
1808740 612
1808750 612
1808760 611
1808770 610
1808780 609
1808790 608
1808800 607
1808810 607
1808820 606
1808830 605
1808840 605
1808850 604
1808860 603
1808870 602
1808880 601
1808890 600
1808900 599
1808910 597
1808920 596
1808930 594
1808940 593
1808950 591
1808960 590
1808970 588
1808980 586
1808990 585
1809000 583
1809010 581
1809020 579
1809030 577
1809040 575
1809050 573
1809060 570
1809070 568
1809080 564
1809090 561
1809100 557
1809110 554
1809120 550
1809130 546
1809140 542
1809150 538
1809160 534
1809170 531
1809180 527
1809190 524
1809200 521
1809210 519
1809220 517
1809230 516
1809240 514
1809250 513
1809260 512
1809270 512
1809280 511
1809290 511
1809300 511
1809310 510
1809320 510
1809330 511
1809340 511
1809350 512
1809360 513
1809370 514
1809380 515
1809390 516
1809400 516
1809410 516
1809420 517
1809430 519
1809440 520
1809450 520
1809460 521
1809470 521
1809480 522
1809490 522
1809500 521
1809510 521
1809520 521
1809530 521
1809540 520
1809550 520
1809560 519
1809570 518
1809580 517
1809590 516
1809600 515
1809610 513
1809620 512
1809630 511
1809640 510
1809650 510
1809660 510
1809670 510
1809680 508
1809690 506
1809700 504
1809710 503
1809720 501
1809730 500
1809740 499
1809750 499
1809760 499
1809770 500
1809780 500
1809790 501
1809800 503
1809810 507
1809820 510
1809830 513
1809840 515
1809850 517
1809860 517
1809870 517
1809880 517
1809890 517
1809900 517
1809910 517
1809920 517
1809930 516
1809940 515
1809950 514
1809960 512
1809970 511
1809980 509
1809990 507
1810000 505
1810010 504
1810020 502
1810030 501
1810040 499
1810050 498
1810060 496
1810070 495
1810080 493
1810090 492
1810100 490
1810110 488
1810120 486
1810130 484
1810140 482
1810150 480
1810160 478
1810170 477
1810180 475
1810190 474
1810200 473
1810210 472
1810220 470
1810230 468
1810240 467
1810250 465
1810260 463
1810270 461
1810280 459
1810290 457
1810300 455
1810310 453
1810320 451
1810330 449
1810340 448
1810350 446
1810360 445
1810370 443
1810380 442
1810390 440
1810400 438
1810410 437
1810420 435
1810430 434
1810440 433
1810450 432
1810460 431
1810470 430
1810480 429
1810490 429
1810500 428
1810510 428
1810520 427
1810530 426
1810540 425
1810550 424
1810560 423
1810570 423
1810580 422
1810590 422
1810600 421
1810610 421
1810620 419
1810630 417
1810640 415
1810650 413
1810660 411
1810670 409
1810680 407
1810690 405
1810700 404
1810710 402
1810720 400
1810730 398
1810740 397
1810750 396
1810760 395
1810770 394
1810780 392
1810790 390
1810800 388
1810810 385
1810820 383
1810830 381
1810840 379
1810850 378
1810860 378
1810870 379
1810880 380
1810890 380
1810900 381
1810910 382
1810920 383
1810930 385
1810940 386
1810950 387
1810960 388
1810970 388
1810980 388
1810990 389
1811000 389
1811010 389
1811020 389
1811030 389
1811040 389
1811050 388
1811060 388
1811070 388
1811080 388
1811090 388
1811100 388
1811110 388
1811120 388
1811130 387
1811140 387
1811150 387
1811160 386
1811170 386
1811180 385
1811190 385
1811200 384
1811210 384
1811220 383
1811230 383
1811240 382
1811250 382
1811260 381
1811270 381
1811280 380
1811290 380
1811300 379
1811310 379
1811320 378
1811330 378
1811340 378
1811350 377
1811360 377
1811370 376
1811380 376
1811390 376
1811400 375
1811410 375
1811420 375
1811430 374
1811440 374
1811450 373
1811460 373
1811470 373
1811480 373
1811490 373
1811500 373
1811510 372
1811520 372
1811530 371
1811540 371
1811550 371
1811560 371
1811570 370
1811580 370
1811590 370
1811600 370
1811610 369
1811620 369
1811630 368
1811640 368
1811650 367
1811660 367
1811670 366
1811680 366
1811690 366
1811700 365
1811710 364
1811720 364
1811730 363
1811740 363
1811750 362
1811760 362
1811770 361
1811780 360
1811790 360
1811800 359
1811810 359
1811820 358
1811830 357
1811840 357
1811850 356
1811860 355
1811870 355
1811880 354
1811890 353
1811900 353
1811910 352
1811920 352
1811930 352
1811940 351
1811950 351
1811960 350
1811970 349
1811980 348
1811990 348
1812000 348
1812010 348
1812020 348
1812030 347
1812040 347
1812050 346
1812060 346
1812070 345
1812080 344
1812090 344
1812100 343
1812110 343
1812120 342
1812130 342
1812140 342
1812150 341
1812160 341
1812170 340
1812180 339
1812190 337
1812200 335
1812210 334
1812220 332
1812230 331
1812240 330
1812250 330
1812260 329
1812270 329
1812280 327
1812290 326
1812300 325
1812310 324
1812320 323
1812330 322
1812340 321
1812350 321
1812360 320
1812370 320
1812380 320
1812390 319
1812400 318
1812410 318
1812420 317
1812430 316
1812440 316
1812450 315
1812460 314
1812470 313
1812480 312
1812490 311
1812500 311
1812510 310
1812520 309
1812530 308
1812540 308
1812550 307
1812560 306
1812570 305
1812580 304
1812590 303
1812600 302
1812610 301
1812620 300
1812630 299
1812640 298
1812650 297
1812660 297
1812670 296
1812680 295
1812690 294
1812700 293
1812710 292
1812720 291
1812730 291
1812740 290
1812750 289
1812760 288
1812770 287
1812780 287
1812790 286
1812800 284
1812810 283
1812820 281
1812830 279
1812840 277
1812850 276
1812860 275
1812870 274
1812880 273
1812890 272
1812900 271
1812910 270
1812920 270
1812930 269
1812940 269
1812950 269
1812960 269
1812970 269
1812980 269
1812990 269
1813000 268
1813010 268
1813020 268
1813030 268
1813040 268
1813050 268
1813060 268
1813070 268
1813080 267
1813090 267
1813100 267
1813110 267
1813120 266
1813130 266
1813140 266
1813150 266
1813160 265
1813170 265
1813180 265
1813190 264
1813200 264
1813210 264
1813220 263
1813230 263
1813240 263
1813250 263
1813260 263
1813270 263
1813280 263
1813290 263
1813300 263
1813310 263
1813320 263
1813330 263
1813340 263
1813350 263
1813360 263
1813370 263
1813380 263
1813390 263
1813400 263
1813410 263
1813420 263
1813430 264
1813440 264
1813450 264
1813460 264
1813470 263
1813480 263
1813490 262
1813500 261
1813510 261
1813520 261
1813530 261
1813540 260
1813550 260
1813560 259
1813570 259
1813580 258
1813590 258
1813600 257
1813610 257
1813620 257
1813630 257
1813640 256
1813650 256
1813660 255
1813670 255
1813680 254
1813690 254
1813700 253
1813710 253
1813720 252
1813730 252
1813740 251
1813750 251
1813760 251
1813770 250
1813780 249
1813790 248
1813800 248
1813810 247
1813820 246
1813830 245
1813840 245
1813850 244
1813860 243
1813870 243
1813880 242
1813890 241
1813900 240
1813910 239
1813920 238
1813930 238
1813940 237
1813950 236
1813960 236
1813970 235
1813980 235
1813990 234
1814000 234
1814010 234
1814020 234
1814030 234
1814040 234
1814050 234
1814060 234
1814070 234
1814080 235
1814090 236
1814100 236
1814110 236
1814120 236
1814130 236
1814140 236
1814150 237
1814160 237
1814170 238
1814180 239
1814190 239
1814200 239
1814210 239
1814220 239
1814230 238
1814240 238
1814250 238
1814260 238
1814270 238
1814280 238
1814290 237
1814300 237
1814310 236
1814320 235
1814330 235
1814340 234
1814350 234
1814360 233
1814370 232
1814380 232
1814390 231
1814400 231
1814410 230
1814420 230
1814430 229
1814440 229
1814450 228
1814460 228
1814470 227
1814480 227
1814490 227
1814500 226
1814510 226
1814520 225
1814530 225
1814540 224
1814550 224
1814560 224
1814570 224
1814580 223
1814590 222
1814600 219
1814610 216
1814620 215
1814630 215
1814640 216
1814650 218
1814660 221
1814670 222
1814680 222
1814690 222
1814700 220
1814710 219
1814720 218
1814730 218
1814740 217
1814750 217
1814760 217
1814770 216
1814780 216
1814790 215
1814800 215
1814810 214
1814820 214
1814830 213
1814840 212
1814850 212
1814860 211
1814870 211
1814880 210
1814890 210
1814900 209
1814910 208
1814920 206
1814930 204
1814940 204
1814950 203
1814960 203
1814970 203
1814980 203
1814990 203
1815000 202
1815010 202
1815020 202
1815030 202
1815040 202
1815050 201
1815060 201
1815070 201
1815080 201
1815090 200
1815100 200
1815110 198
1815120 197
1815130 196
1815140 195
1815150 194
1815160 193
1815170 192
1815180 192
1815190 192
1815200 191
1815210 190
1815220 190
1815230 190
1815240 190
1815250 190
1815260 189
1815270 189
1815280 189
1815290 189
1815300 189
1815310 189
1815320 189
1815330 189
1815340 189
1815350 189
1815360 189
1815370 189
1815380 189
1815390 189
1815400 189
1815410 189
1815420 189
1815430 189
1815440 189
1815450 189
1815460 188
1815470 188
1815480 188
1815490 188
1815500 188
1815510 187
1815520 187
1815530 186
1815540 186
1815550 185
1815560 184
1815570 184
1815580 183
1815590 183
1815600 183
1815610 183
1815620 183
1815630 183
1815640 183
1815650 183
1815660 183
1815670 183
1815680 183
1815690 183
1815700 183
1815710 183
1815720 183
1815730 182
1815740 182
1815750 182
1815760 182
1815770 182
1815780 182
1815790 182
1815800 182
1815810 182
1815820 182
1815830 182
1815840 182
1815850 182
1815860 183
1815870 183
1815880 183
1815890 183
1815900 182
1815910 182
1815920 182
1815930 182
1815940 182
1815950 183
1815960 183
1815970 183
1815980 183
1815990 182
1816000 182
1816010 182
1816020 182
1816030 182
1816040 182
1816050 182
1816060 182
1816070 182
1816080 182
1816090 182
1816100 182
1816110 182
1816120 182
1816130 182
1816140 182
1816150 182
1816160 182
1816170 182
1816180 182
1816190 182
1816200 182
1816210 182
1816220 182
1816230 182
1816240 182
1816250 182
1816260 182
1816270 182
1816280 182
1816290 182
1816300 182
1816310 182
1816320 182
1816330 182
1816340 182
1816350 182
1816360 182
1816370 182
1816380 182
1816390 183
1816400 183
1816410 183
1816420 183
1816430 183
1816440 183
1816450 182
1816460 182
1816470 182
1816480 182
1816490 182
1816500 182
1816510 182
1816520 182
1816530 182
1816540 182
1816550 182
1816560 182
1816570 182
1816580 182
1816590 182
1816600 182
1816610 182
1816620 182
1816630 182
1816640 182
1816650 182
1816660 182
1816670 182
1816680 182
1816690 182
1816700 182
1816710 182
1816720 182
1816730 182
1816740 182
1816750 182
1816760 182
1816770 182
1816780 183
1816790 183
1816800 183
1816810 183
1816820 182
1816830 182
1816840 182
1816850 182
1816860 182
1816870 182
1816880 182
1816890 182
1816900 183
1816910 183
1816920 183
1816930 183
1816940 183
1816950 183
1816960 183
1816970 183
1816980 183
1816990 183
1817000 183
1817010 183
1817020 183
1817030 182
1817040 182
1817050 183
1817060 184
1817070 184
1817080 184
1817090 183
1817100 182
1817110 182
1817120 182
1817130 182
1817140 181
1817150 181
1817160 181
1817170 181
1817180 181
1817190 181
1817200 181
1817210 181
1817220 182
1817230 182
1817240 182
1817250 182
1817260 182
1817270 182
1817280 182
1817290 182
1817300 182
1817310 182
1817320 182
1817330 182
1817340 182
1817350 182
1817360 182
1817370 182
1817380 182
1817390 182
1817400 182
1817410 182
1817420 182
1817430 182
1817440 182
1817450 182
1817460 182
1817470 182
1817480 182
1817490 182
1817500 182
1817510 182
1817520 182
1817530 182
1817540 182
1817550 181
1817560 181
1817570 181
1817580 181
1817590 182
1817600 182
1817610 182
1817620 182
1817630 181
1817640 181
1817650 181
1817660 181
1817670 181
1817680 181
1817690 181
1817700 181
1817710 181
1817720 181
1817730 181
1817740 181
1817750 180
1817760 180
1817770 179
1817780 179
1817790 180
1817800 181
1817810 181
1817820 181
1817830 181
1817840 181
1817850 181
1817860 181
1817870 181
1817880 181
1817890 181
1817900 181
1817910 181
1817920 181
1817930 181
1817940 181
1817950 181
1817960 181
1817970 180
1817980 180
1817990 180
1818000 180
1818010 180
1818020 180
1818030 180
1818040 180
1818050 180
1818060 180
1818070 180
1818080 180
1818090 180
1818100 180
1818110 180
1818120 180
1818130 180
1818140 181
1818150 181
1818160 181
1818170 181
1818180 181
1818190 180
1818200 180
1818210 180
1818220 180
1818230 180
1818240 180
1818250 180
1818260 180
1818270 180
1818280 181
1818290 181
1818300 181
1818310 181
1818320 181
1818330 181
1818340 180
1818350 180
1818360 180
1818370 180
1818380 181
1818390 181
1818400 181
1818410 180
1818420 180
1818430 180
1818440 180
1818450 180
1818460 180
1818470 180
1818480 180
1818490 180
1818500 180
1818510 180
1818520 180
1818530 180
1818540 180
1818550 180
1818560 180
1818570 180
1818580 180
1818590 180
1818600 180
1818610 180
1818620 180
1818630 180
1818640 180
1818650 180
1818660 180
1818670 180
1818680 180
1818690 180
1818700 180
1818710 180
1818720 180
1818730 180
1818740 180
1818750 180
1818760 181
1818770 181
1818780 182
1818790 182
1818800 183
1818810 183
1818820 184
1818830 184
1818840 184
1818850 184
1818860 183
1818870 183
1818880 182
1818890 182
1818900 181
1818910 181
1818920 180
1818930 180
1818940 180
1818950 180
1818960 180
1818970 180
1818980 179
1818990 180
1819000 180
1819010 180
1819020 180
1819030 180
1819040 181
1819050 181
1819060 181
1819070 182
1819080 182
1819090 181
1819100 181
1819110 181
1819120 180
1819130 180
1819140 180
1819150 179
1819160 179
1819170 179
1819180 179
1819190 179
1819200 179
1819210 179
1819220 179
1819230 179
1819240 179
1819250 180
1819260 180
1819270 180
1819280 180
1819290 180
1819300 180
1819310 180
1819320 180
1819330 180
1819340 180
1819350 180
1819360 180
1819370 180
1819380 180
1819390 180
1819400 179
1819410 179
1819420 179
1819430 179
1819440 179
1819450 179
1819460 179
1819470 179
1819480 179
1819490 179
1819500 179
1819510 179
1819520 179
1819530 179
1819540 179
1819550 179
1819560 179
1819570 179
1819580 179
1819590 179
1819600 179
1819610 179
1819620 179
1819630 179
1819640 179
1819650 179
1819660 179
1819670 179
1819680 179
1819690 179
1819700 178
1819710 178
1819720 178
1819730 178
1819740 178
1819750 178
1819760 178
1819770 178
1819780 178
1819790 178
1819800 178
1819810 178
1819820 178
1819830 178
1819840 178
1819850 178
1819860 178
1819870 178
1819880 178
1819890 178
1819900 178
1819910 178
1819920 178
1819930 178
1819940 178
1819950 178
1819960 178
1819970 178
1819980 178
1819990 178
