1800000 367
1800010 367
1800020 366
1800030 366
1800040 365
1800050 365
1800060 365
1800070 364
1800080 364
1800090 363
1800100 363
1800110 362
1800120 362
1800130 361
1800140 361
1800150 360
1800160 360
1800170 360
1800180 359
1800190 359
1800200 359
1800210 359
1800220 358
1800230 358
1800240 358
1800250 357
1800260 357
1800270 357
1800280 356
1800290 356
1800300 355
1800310 354
1800320 354
1800330 353
1800340 352
1800350 352
1800360 351
1800370 350
1800380 350
1800390 349
1800400 348
1800410 348
1800420 347
1800430 347
1800440 346
1800450 345
1800460 345
1800470 344
1800480 343
1800490 342
1800500 342
1800510 342
1800520 341
1800530 341
1800540 341
1800550 340
1800560 340
1800570 340
1800580 340
1800590 340
1800600 340
1800610 339
1800620 339
1800630 339
1800640 339
1800650 339
1800660 339
1800670 339
1800680 339
1800690 339
1800700 339
1800710 339
1800720 339
1800730 339
1800740 339
1800750 339
1800760 338
1800770 338
1800780 338
1800790 338
1800800 338
1800810 338
1800820 338
1800830 338
1800840 338
1800850 338
1800860 338
1800870 337
1800880 338
1800890 338
1800900 337
1800910 337
1800920 337
1800930 337
1800940 337
1800950 337
1800960 337
1800970 337
1800980 337
1800990 337
1801000 337
1801010 337
1801020 338
1801030 338
1801040 338
1801050 338
1801060 338
1801070 338
1801080 339
1801090 339
1801100 339
1801110 339
1801120 339
1801130 339
1801140 340
1801150 340
1801160 340
1801170 341
1801180 341
1801190 341
1801200 342
1801210 342
1801220 342
1801230 343
1801240 343
1801250 344
1801260 344
1801270 345
1801280 345
1801290 346
1801300 346
1801310 347
1801320 348
1801330 349
1801340 349
1801350 350
1801360 350
1801370 350
1801380 349
1801390 349
1801400 349
1801410 349
1801420 349
1801430 349
1801440 350
1801450 351
1801460 353
1801470 354
1801480 355
1801490 356
1801500 356
1801510 357
1801520 357
1801530 358
1801540 359
1801550 359
1801560 360
1801570 361
1801580 362
1801590 363
1801600 364
1801610 364
1801620 365
1801630 366
1801640 367
1801650 367
1801660 368
1801670 369
1801680 369
1801690 369
1801700 369
1801710 369
1801720 368
1801730 368
1801740 368
1801750 369
1801760 369
1801770 369
1801780 369
1801790 369
1801800 369
1801810 368
1801820 368
1801830 368
1801840 368
1801850 368
1801860 367
1801870 367
1801880 367
1801890 367
1801900 367
1801910 367
1801920 367
1801930 367
1801940 367
1801950 367
1801960 367
1801970 367
1801980 368
1801990 368
1802000 368
1802010 368
1802020 368
1802030 368
1802040 368
1802050 368
1802060 368
1802070 368
1802080 369
1802090 369
1802100 369
1802110 369
1802120 369
1802130 369
1802140 370
1802150 370
1802160 370
1802170 370
1802180 371
1802190 371
1802200 371
1802210 372
1802220 372
1802230 372
1802240 373
1802250 373
1802260 374
1802270 374
1802280 374
1802290 375
1802300 375
1802310 376
1802320 376
1802330 376
1802340 377
1802350 377
1802360 377
1802370 377
1802380 377
1802390 377
1802400 378
1802410 378
1802420 378
1802430 378
1802440 378
1802450 378
1802460 379
1802470 379
1802480 379
1802490 379
1802500 379
1802510 379
1802520 380
1802530 380
1802540 380
1802550 379
1802560 379
1802570 379
1802580 379
1802590 378
1802600 379
1802610 379
1802620 379
1802630 379
1802640 379
1802650 379
1802660 380
1802670 380
1802680 380
1802690 380
1802700 381
1802710 381
1802720 381
1802730 382
1802740 382
1802750 382
1802760 382
1802770 383
1802780 383
1802790 383
1802800 384
1802810 384
1802820 385
1802830 385
1802840 385
1802850 386
1802860 386
1802870 386
1802880 386
1802890 387
1802900 387
1802910 387
1802920 387
1802930 388
1802940 388
1802950 388
1802960 388
1802970 388
1802980 389
1802990 389
1803000 389
1803010 389
1803020 389
1803030 389
1803040 390
1803050 390
1803060 390
1803070 390
1803080 390
1803090 390
1803100 390
1803110 390
1803120 391
1803130 391
1803140 391
1803150 391
1803160 391
1803170 391
1803180 391
1803190 391
1803200 392
1803210 392
1803220 392
1803230 392
1803240 392
1803250 392
1803260 392
1803270 392
1803280 392
1803290 392
1803300 392
1803310 392
1803320 392
1803330 392
1803340 392
1803350 392
1803360 392
1803370 392
1803380 392
1803390 392
1803400 392
1803410 392
1803420 392
1803430 392
1803440 392
1803450 392
1803460 392
1803470 392
1803480 392
1803490 392
1803500 392
1803510 392
1803520 392
1803530 392
1803540 392
1803550 392
1803560 392
1803570 392
1803580 392
1803590 392
1803600 392
1803610 392
1803620 393
1803630 393
1803640 393
1803650 393
1803660 393
1803670 393
1803680 393
1803690 393
1803700 393
1803710 393
1803720 393
1803730 393
1803740 393
1803750 393
1803760 393
1803770 393
1803780 393
1803790 394
1803800 394
1803810 394
1803820 394
1803830 394
1803840 394
1803850 394
1803860 395
1803870 395
1803880 395
1803890 395
1803900 395
1803910 395
1803920 395
1803930 395
1803940 395
1803950 395
1803960 396
1803970 396
1803980 396
1803990 396
1804000 396
1804010 396
1804020 396
1804030 396
1804040 395
1804050 395
1804060 395
1804070 395
1804080 395
1804090 395
1804100 395
1804110 394
1804120 394
1804130 394
1804140 394
1804150 394
1804160 394
1804170 394
1804180 394
1804190 394
1804200 394
1804210 394
1804220 394
1804230 394
1804240 394
1804250 393
1804260 393
1804270 392
1804280 392
1804290 391
1804300 390
1804310 389
1804320 387
1804330 384
1804340 382
1804350 380
1804360 378
1804370 377
1804380 376
1804390 375
1804400 374
1804410 373
1804420 372
1804430 371
1804440 370
1804450 369
1804460 368
1804470 367
1804480 367
1804490 366
1804500 365
1804510 365
1804520 364
1804530 363
1804540 362
1804550 361
1804560 360
1804570 360
1804580 359
1804590 359
1804600 359
1804610 359
1804620 359
1804630 360
1804640 361
1804650 362
1804660 363
1804670 364
1804680 364
1804690 365
1804700 366
1804710 368
1804720 369
1804730 370
1804740 371
1804750 371
1804760 370
1804770 367
1804780 364
1804790 360
1804800 356
1804810 352
1804820 348
1804830 345
1804840 341
1804850 338
1804860 334
1804870 330
1804880 326
1804890 321
1804900 315
1804910 310
1804920 305
1804930 302
1804940 300
1804950 299
1804960 297
1804970 295
1804980 294
1804990 293
1805000 292
1805010 294
1805020 294
1805030 295
1805040 297
1805050 301
1805060 306
1805070 310
1805080 314
1805090 318
1805100 322
1805110 323
1805120 325
1805130 328
1805140 333
1805150 339
1805160 344
1805170 347
1805180 351
1805190 354
1805200 358
1805210 362
1805220 366
1805230 369
1805240 373
1805250 377
1805260 381
1805270 384
1805280 388
1805290 392
1805300 395
1805310 399
1805320 403
1805330 406
1805340 410
1805350 414
1805360 418
1805370 421
1805380 425
1805390 429
1805400 433
1805410 437
1805420 442
1805430 446
1805440 451
1805450 456
1805460 460
1805470 464
1805480 468
1805490 471
1805500 474
1805510 477
1805520 480
1805530 482
1805540 484
1805550 487
1805560 488
1805570 489
1805580 490
1805590 489
1805600 488
1805610 487
1805620 486
1805630 484
1805640 482
1805650 481
1805660 479
1805670 478
1805680 478
1805690 477
1805700 476
1805710 477
1805720 477
1805730 477
1805740 477
1805750 475
1805760 473
1805770 471
1805780 470
1805790 468
1805800 466
1805810 465
1805820 464
1805830 463
1805840 461
1805850 460
1805860 459
1805870 457
1805880 454
1805890 452
1805900 449
1805910 447
1805920 445
1805930 441
1805940 438
1805950 433
1805960 430
1805970 427
1805980 426
1805990 424
1806000 422
1806010 421
1806020 420
1806030 419
1806040 418
1806050 415
1806060 413
1806070 412
1806080 410
1806090 408
1806100 406
1806110 404
1806120 403
1806130 402
1806140 401
1806150 400
1806160 398
1806170 397
1806180 396
1806190 395
1806200 393
1806210 392
1806220 390
1806230 389
1806240 389
1806250 389
1806260 389
1806270 389
1806280 389
1806290 390
1806300 391
1806310 393
1806320 394
1806330 394
1806340 394
1806350 394
1806360 394
1806370 394
1806380 394
1806390 393
1806400 392
1806410 390
1806420 388
1806430 387
1806440 386
1806450 386
1806460 385
1806470 385
1806480 384
1806490 385
1806500 385
1806510 385
1806520 386
1806530 386
1806540 387
1806550 387
1806560 388
1806570 389
1806580 388
1806590 388
1806600 389
1806610 392
1806620 399
1806630 403
1806640 404
1806650 404
1806660 404
1806670 404
1806680 404
1806690 404
1806700 404
1806710 404
1806720 404
1806730 404
1806740 405
1806750 405
1806760 406
1806770 406
1806780 406
1806790 405
1806800 405
1806810 405
1806820 404
1806830 404
1806840 404
1806850 404
1806860 404
1806870 404
1806880 404
1806890 404
1806900 404
1806910 404
1806920 404
1806930 405
1806940 405
1806950 405
1806960 405
1806970 405
1806980 405
1806990 405
1807000 405
1807010 405
1807020 407
1807030 411
1807040 417
1807050 422
1807060 426
1807070 430
1807080 432
1807090 431
1807100 430
1807110 428
1807120 427
1807130 426
1807140 425
1807150 424
1807160 423
1807170 423
1807180 423
1807190 423
1807200 423
1807210 423
1807220 423
1807230 423
1807240 423
1807250 422
1807260 422
1807270 421
1807280 421
1807290 421
1807300 421
1807310 420
1807320 420
1807330 419
1807340 419
1807350 418
1807360 418
1807370 417
1807380 416
1807390 416
1807400 415
1807410 415
1807420 414
1807430 414
1807440 413
1807450 412
1807460 411
1807470 411
1807480 410
1807490 409
1807500 409
1807510 408
1807520 407
1807530 404
1807540 402
1807550 398
1807560 394
1807570 390
1807580 386
1807590 382
1807600 378
1807610 375
1807620 371
1807630 369
1807640 367
1807650 366
1807660 366
1807670 368
1807680 370
1807690 372
1807700 374
1807710 377
1807720 379
1807730 381
1807740 383
1807750 386
1807760 388
1807770 390
1807780 392
1807790 395
1807800 398
1807810 400
1807820 403
1807830 405
1807840 407
1807850 409
1807860 411
1807870 413
1807880 414
1807890 415
1807900 416
1807910 418
1807920 418
1807930 419
1807940 419
1807950 419
1807960 419
1807970 419
1807980 418
1807990 417
1808000 416
1808010 415
1808020 413
1808030 410
1808040 406
1808050 403
1808060 399
1808070 395
1808080 392
1808090 388
1808100 385
1808110 381
1808120 378
1808130 376
1808140 374
1808150 373
1808160 372
1808170 370
1808180 368
1808190 365
1808200 363
1808210 361
1808220 360
1808230 360
1808240 361
1808250 363
1808260 364
1808270 366
1808280 368
1808290 370
1808300 372
1808310 374
1808320 375
1808330 377
1808340 380
1808350 382
1808360 385
1808370 387
1808380 388
1808390 389
1808400 390
1808410 391
1808420 392
1808430 393
1808440 394
1808450 394
1808460 396
1808470 398
1808480 399
1808490 400
1808500 402
1808510 403
1808520 404
1808530 405
1808540 406
1808550 408
1808560 409
1808570 410
1808580 411
1808590 411
1808600 412
1808610 412
1808620 413
1808630 413
1808640 414
1808650 414
1808660 415
1808670 416
1808680 417
1808690 418
1808700 420
1808710 421
1808720 422
1808730 423
1808740 424
1808750 424
1808760 425
1808770 425
1808780 426
1808790 427
1808800 428
1808810 429
1808820 429
1808830 430
1808840 431
1808850 433
1808860 434
1808870 434
1808880 435
1808890 438
1808900 440
1808910 443
1808920 445
1808930 447
1808940 448
1808950 449
1808960 450
1808970 451
1808980 452
1808990 452
1809000 453
1809010 453
1809020 454
1809030 455
1809040 456
1809050 457
1809060 457
1809070 458
1809080 459
1809090 459
1809100 459
1809110 459
1809120 460
1809130 461
1809140 462
1809150 462
1809160 462
1809170 462
1809180 463
1809190 464
1809200 465
1809210 466
1809220 467
1809230 469
1809240 471
1809250 472
1809260 474
1809270 476
1809280 478
1809290 480
1809300 481
1809310 481
1809320 481
1809330 480
1809340 480
1809350 479
1809360 478
1809370 477
1809380 476
1809390 475
1809400 474
1809410 474
1809420 473
1809430 473
1809440 473
1809450 473
1809460 473
1809470 473
1809480 473
1809490 473
1809500 472
1809510 472
1809520 473
1809530 473
1809540 474
1809550 475
1809560 475
1809570 475
1809580 476
1809590 475
1809600 475
1809610 474
1809620 473
1809630 473
1809640 473
1809650 472
1809660 472
1809670 471
1809680 471
1809690 470
1809700 469
1809710 468
1809720 467
1809730 465
1809740 464
1809750 463
1809760 463
1809770 462
1809780 462
1809790 461
1809800 461
1809810 461
1809820 461
1809830 462
1809840 463
1809850 463
1809860 463
1809870 463
1809880 463
1809890 463
1809900 462
1809910 462
1809920 461
1809930 461
1809940 461
1809950 461
1809960 461
1809970 461
1809980 462
1809990 462
1810000 463
1810010 463
1810020 464
1810030 465
1810040 466
1810050 466
1810060 467
1810070 468
1810080 468
1810090 469
1810100 469
1810110 469
1810120 468
1810130 468
1810140 467
1810150 467
1810160 466
1810170 466
1810180 466
1810190 465
1810200 465
1810210 464
1810220 464
1810230 464
1810240 464
1810250 463
1810260 462
1810270 462
1810280 461
1810290 460
1810300 459
1810310 459
1810320 458
1810330 457
1810340 457
1810350 457
1810360 457
1810370 457
1810380 457
1810390 456
1810400 456
1810410 456
1810420 455
1810430 455
1810440 455
1810450 454
1810460 453
1810470 452
1810480 451
1810490 451
1810500 450
1810510 449
1810520 448
1810530 447
1810540 447
1810550 446
1810560 445
1810570 444
1810580 444
1810590 443
1810600 442
1810610 441
1810620 440
1810630 440
1810640 439
1810650 438
1810660 437
1810670 436
1810680 435
1810690 434
1810700 434
1810710 433
1810720 432
1810730 432
1810740 431
1810750 430
1810760 429
1810770 427
1810780 426
1810790 425
1810800 423
1810810 422
1810820 420
1810830 419
1810840 416
1810850 414
1810860 411
1810870 409
1810880 408
1810890 406
1810900 404
1810910 403
1810920 402
1810930 401
1810940 401
1810950 400
1810960 399
1810970 399
1810980 398
1810990 398
1811000 397
1811010 397
1811020 396
1811030 396
1811040 395
1811050 395
1811060 394
1811070 394
1811080 393
1811090 393
1811100 393
1811110 392
1811120 392
1811130 391
1811140 391
1811150 391
1811160 390
1811170 390
1811180 389
1811190 389
1811200 388
1811210 388
1811220 387
1811230 386
1811240 386
1811250 385
1811260 385
1811270 384
1811280 384
1811290 383
1811300 383
1811310 383
1811320 383
1811330 383
1811340 383
1811350 384
1811360 384
1811370 384
1811380 384
1811390 383
1811400 383
1811410 382
1811420 382
1811430 382
1811440 381
1811450 381
1811460 380
1811470 380
1811480 380
1811490 379
1811500 379
1811510 379
1811520 378
1811530 378
1811540 377
1811550 377
1811560 377
1811570 377
1811580 376
1811590 376
1811600 375
1811610 375
1811620 374
1811630 374
1811640 373
1811650 373
1811660 372
1811670 372
1811680 371
1811690 371
1811700 370
1811710 370
1811720 369
1811730 368
1811740 367
1811750 365
1811760 364
1811770 362
1811780 359
1811790 355
1811800 352
1811810 349
1811820 346
1811830 344
1811840 342
1811850 341
1811860 341
1811870 340
1811880 340
1811890 340
1811900 339
1811910 338
1811920 336
1811930 334
1811940 332
1811950 330
1811960 328
1811970 327
1811980 325
1811990 324
1812000 323
1812010 322
1812020 321
1812030 320
1812040 319
1812050 318
1812060 317
1812070 317
1812080 316
1812090 315
1812100 314
1812110 314
1812120 313
1812130 312
1812140 312
1812150 311
1812160 310
1812170 309
1812180 308
1812190 307
1812200 305
1812210 304
1812220 302
1812230 301
1812240 301
1812250 301
1812260 302
1812270 304
1812280 307
1812290 310
1812300 313
1812310 316
1812320 320
1812330 323
1812340 326
1812350 330
1812360 334
1812370 337
1812380 340
1812390 343
1812400 346
1812410 347
1812420 347
1812430 346
1812440 345
1812450 344
1812460 343
1812470 341
1812480 341
1812490 340
1812500 339
1812510 338
1812520 337
1812530 336
1812540 335
1812550 335
1812560 334
1812570 333
1812580 333
1812590 332
1812600 331
1812610 331
1812620 330
1812630 330
1812640 329
1812650 329
1812660 328
1812670 327
1812680 327
1812690 326
1812700 326
1812710 325
1812720 325
1812730 325
1812740 324
1812750 324
1812760 323
1812770 323
1812780 323
1812790 322
1812800 322
1812810 321
1812820 319
1812830 317
1812840 316
1812850 316
1812860 315
1812870 315
1812880 315
1812890 315
1812900 314
1812910 314
1812920 314
1812930 314
1812940 313
1812950 313
1812960 313
1812970 313
1812980 313
1812990 313
1813000 313
1813010 313
1813020 313
1813030 312
1813040 312
1813050 312
1813060 312
1813070 312
1813080 313
1813090 313
1813100 313
1813110 313
1813120 313
1813130 313
1813140 312
1813150 311
1813160 311
1813170 310
1813180 310
1813190 310
1813200 310
1813210 310
1813220 311
1813230 311
1813240 311
1813250 311
1813260 310
1813270 310
1813280 309
1813290 307
1813300 307
1813310 307
1813320 308
1813330 308
1813340 309
1813350 309
1813360 309
1813370 310
1813380 311
1813390 311
1813400 312
1813410 313
1813420 313
1813430 314
1813440 314
1813450 314
1813460 314
1813470 314
1813480 314
1813490 314
1813500 314
1813510 314
1813520 314
1813530 314
1813540 315
1813550 315
1813560 316
1813570 316
1813580 316
1813590 317
1813600 317
1813610 317
1813620 317
1813630 317
1813640 317
1813650 317
1813660 317
1813670 318
1813680 318
1813690 319
1813700 320
1813710 322
1813720 323
1813730 324
1813740 324
1813750 325
1813760 325
1813770 325
1813780 324
1813790 323
1813800 322
1813810 322
1813820 322
1813830 322
1813840 323
1813850 322
1813860 322
1813870 321
1813880 321
1813890 320
1813900 320
1813910 320
1813920 320
1813930 320
1813940 320
1813950 320
1813960 320
1813970 320
1813980 320
1813990 320
1814000 320
1814010 321
1814020 320
1814030 320
1814040 320
1814050 320
1814060 320
1814070 320
1814080 319
1814090 319
1814100 318
1814110 318
1814120 317
1814130 316
1814140 315
1814150 313
1814160 311
1814170 310
1814180 308
1814190 307
1814200 306
1814210 305
1814220 304
1814230 303
1814240 303
1814250 302
1814260 301
1814270 300
1814280 298
1814290 297
1814300 296
1814310 295
1814320 294
1814330 293
1814340 291
1814350 290
1814360 288
1814370 287
1814380 286
1814390 285
1814400 284
1814410 282
1814420 281
1814430 280
1814440 279
1814450 278
1814460 277
1814470 275
1814480 273
1814490 271
1814500 270
1814510 269
1814520 267
1814530 266
1814540 265
1814550 264
1814560 262
1814570 261
1814580 260
1814590 259
1814600 259
1814610 258
1814620 257
1814630 256
1814640 255
1814650 254
1814660 253
1814670 251
1814680 250
1814690 249
1814700 248
1814710 247
1814720 246
1814730 245
1814740 244
1814750 244
1814760 243
1814770 242
1814780 241
1814790 239
1814800 238
1814810 238
1814820 237
1814830 236
1814840 236
1814850 235
1814860 234
1814870 233
1814880 233
1814890 232
1814900 231
1814910 231
1814920 230
1814930 229
1814940 229
1814950 228
1814960 228
1814970 227
1814980 227
1814990 226
1815000 226
1815010 225
1815020 225
1815030 225
1815040 224
1815050 224
1815060 223
1815070 221
1815080 220
1815090 219
1815100 218
1815110 218
1815120 217
1815130 217
1815140 216
1815150 216
1815160 215
1815170 215
1815180 214
1815190 214
1815200 213
1815210 213
1815220 213
1815230 212
1815240 212
1815250 211
1815260 211
1815270 211
1815280 212
1815290 213
1815300 213
1815310 211
1815320 210
1815330 208
1815340 208
1815350 207
1815360 207
1815370 207
1815380 206
1815390 206
1815400 206
1815410 205
1815420 205
1815430 205
1815440 204
1815450 204
1815460 203
1815470 203
1815480 203
1815490 203
1815500 202
1815510 202
1815520 202
1815530 202
1815540 202
1815550 202
1815560 201
1815570 201
1815580 201
1815590 201
1815600 201
1815610 200
1815620 198
1815630 196
1815640 194
1815650 193
1815660 193
1815670 193
1815680 193
1815690 193
1815700 193
1815710 193
1815720 193
1815730 193
1815740 193
1815750 193
1815760 193
1815770 193
1815780 193
1815790 193
1815800 193
1815810 193
1815820 193
1815830 193
1815840 193
1815850 193
1815860 193
1815870 194
1815880 194
1815890 196
1815900 197
1815910 198
1815920 198
1815930 198
1815940 198
1815950 197
1815960 196
1815970 196
1815980 196
1815990 196
1816000 196
1816010 193
1816020 191
1816030 191
1816040 191
1816050 191
1816060 191
1816070 191
1816080 191
1816090 191
1816100 191
1816110 191
1816120 191
1816130 191
1816140 191
1816150 191
1816160 191
1816170 191
1816180 191
1816190 191
1816200 191
1816210 191
1816220 191
1816230 191
1816240 191
1816250 192
1816260 192
1816270 192
1816280 192
1816290 192
1816300 192
1816310 192
1816320 192
1816330 192
1816340 192
1816350 192
1816360 192
1816370 191
1816380 191
1816390 191
1816400 191
1816410 191
1816420 191
1816430 191
1816440 191
1816450 191
1816460 191
1816470 191
1816480 191
1816490 190
1816500 190
1816510 190
1816520 191
1816530 190
1816540 190
1816550 190
1816560 190
1816570 190
1816580 190
1816590 190
1816600 190
1816610 190
1816620 190
1816630 190
1816640 190
1816650 190
1816660 190
1816670 191
1816680 190
1816690 190
1816700 190
1816710 189
1816720 189
1816730 189
1816740 189
1816750 189
1816760 189
1816770 189
1816780 189
1816790 189
1816800 189
1816810 189
1816820 189
1816830 189
1816840 189
1816850 189
1816860 189
1816870 189
1816880 189
1816890 189
1816900 189
1816910 189
1816920 189
1816930 189
1816940 189
1816950 189
1816960 189
1816970 189
1816980 189
1816990 189
1817000 189
1817010 189
1817020 189
1817030 189
1817040 189
1817050 189
1817060 189
1817070 189
1817080 189
1817090 188
1817100 189
1817110 189
1817120 188
1817130 188
1817140 188
1817150 188
1817160 188
1817170 188
1817180 188
1817190 188
1817200 188
1817210 188
1817220 188
1817230 188
1817240 188
1817250 188
1817260 188
1817270 188
1817280 188
1817290 188
1817300 188
1817310 188
1817320 188
1817330 187
1817340 187
1817350 187
1817360 187
1817370 188
1817380 188
1817390 188
1817400 188
1817410 187
1817420 187
1817430 187
1817440 187
1817450 187
1817460 187
1817470 187
1817480 187
1817490 187
1817500 187
1817510 187
1817520 187
1817530 187
1817540 187
1817550 187
1817560 187
1817570 187
1817580 187
1817590 187
1817600 187
1817610 187
1817620 187
1817630 187
1817640 186
1817650 186
1817660 186
1817670 186
1817680 186
1817690 186
1817700 186
1817710 186
1817720 186
1817730 186
1817740 186
1817750 186
1817760 186
1817770 186
1817780 186
1817790 186
1817800 186
1817810 186
1817820 186
1817830 186
1817840 186
1817850 186
1817860 186
1817870 186
1817880 186
1817890 186
1817900 185
1817910 185
1817920 185
1817930 185
1817940 185
1817950 185
1817960 185
1817970 185
1817980 185
1817990 185
1818000 185
1818010 185
1818020 185
1818030 185
1818040 185
1818050 185
1818060 185
1818070 185
1818080 184
1818090 184
1818100 183
1818110 183
1818120 183
1818130 183
1818140 184
1818150 184
1818160 183
1818170 183
1818180 183
1818190 184
1818200 184
1818210 184
1818220 184
1818230 184
1818240 184
1818250 184
1818260 184
1818270 184
1818280 184
1818290 184
1818300 183
1818310 183
1818320 183
1818330 183
1818340 183
1818350 183
1818360 183
1818370 183
1818380 183
1818390 183
1818400 183
1818410 183
1818420 183
1818430 183
1818440 183
1818450 184
1818460 184
1818470 184
1818480 185
1818490 185
1818500 185
1818510 184
1818520 183
1818530 183
1818540 183
1818550 183
1818560 183
1818570 184
1818580 184
1818590 184
1818600 184
1818610 184
1818620 184
1818630 184
1818640 184
1818650 184
1818660 184
1818670 184
1818680 184
1818690 184
1818700 184
1818710 184
1818720 184
1818730 184
1818740 184
1818750 184
1818760 184
1818770 184
1818780 184
1818790 184
1818800 184
1818810 184
1818820 184
1818830 184
1818840 183
1818850 183
1818860 184
1818870 184
1818880 184
1818890 184
1818900 183
1818910 183
1818920 182
1818930 182
1818940 182
1818950 182
1818960 182
1818970 182
1818980 182
1818990 181
1819000 181
1819010 181
1819020 181
1819030 181
1819040 181
1819050 181
1819060 181
1819070 181
1819080 181
1819090 181
1819100 181
1819110 181
1819120 180
1819130 180
1819140 180
1819150 180
1819160 180
1819170 180
1819180 180
1819190 180
1819200 180
1819210 180
1819220 180
1819230 180
1819240 180
1819250 181
1819260 181
1819270 183
1819280 185
1819290 187
1819300 186
1819310 184
1819320 181
1819330 181
1819340 180
1819350 180
1819360 180
1819370 180
1819380 180
1819390 180
1819400 180
1819410 180
1819420 180
1819430 180
1819440 180
1819450 180
1819460 180
1819470 180
1819480 179
1819490 179
1819500 179
1819510 179
1819520 179
1819530 179
1819540 179
1819550 179
1819560 179
1819570 179
1819580 179
1819590 179
1819600 179
1819610 179
1819620 179
1819630 179
1819640 179
1819650 179
1819660 179
1819670 179
1819680 179
1819690 179
1819700 178
1819710 178
1819720 178
1819730 178
1819740 178
1819750 178
1819760 178
1819770 178
1819780 178
1819790 178
1819800 178
1819810 178
1819820 178
1819830 178
1819840 178
1819850 178
1819860 178
1819870 178
1819880 178
1819890 178
1819900 178
1819910 178
1819920 178
1819930 178
1819940 178
1819950 178
1819960 178
1819970 178
1819980 178
1819990 177
