1800000 371
1800010 371
1800020 370
1800030 370
1800040 370
1800050 370
1800060 369
1800070 369
1800080 369
1800090 369
1800100 368
1800110 368
1800120 368
1800130 367
1800140 367
1800150 367
1800160 366
1800170 366
1800180 366
1800190 365
1800200 365
1800210 365
1800220 364
1800230 364
1800240 364
1800250 364
1800260 363
1800270 363
1800280 363
1800290 363
1800300 363
1800310 362
1800320 362
1800330 362
1800340 361
1800350 361
1800360 361
1800370 360
1800380 360
1800390 359
1800400 359
1800410 358
1800420 358
1800430 357
1800440 357
1800450 356
1800460 356
1800470 355
1800480 355
1800490 355
1800500 354
1800510 354
1800520 353
1800530 353
1800540 353
1800550 352
1800560 352
1800570 351
1800580 350
1800590 350
1800600 349
1800610 349
1800620 348
1800630 347
1800640 347
1800650 347
1800660 347
1800670 346
1800680 346
1800690 346
1800700 345
1800710 345
1800720 344
1800730 344
1800740 343
1800750 343
1800760 343
1800770 343
1800780 343
1800790 342
1800800 342
1800810 342
1800820 342
1800830 342
1800840 342
1800850 342
1800860 342
1800870 342
1800880 342
1800890 342
1800900 341
1800910 341
1800920 341
1800930 341
1800940 341
1800950 341
1800960 340
1800970 340
1800980 340
1800990 340
1801000 340
1801010 339
1801020 339
1801030 339
1801040 339
1801050 339
1801060 339
1801070 339
1801080 338
1801090 338
1801100 338
1801110 337
1801120 337
1801130 337
1801140 337
1801150 337
1801160 337
1801170 336
1801180 336
1801190 336
1801200 336
1801210 336
1801220 336
1801230 336
1801240 335
1801250 335
1801260 335
1801270 335
1801280 334
1801290 334
1801300 334
1801310 334
1801320 334
1801330 333
1801340 333
1801350 333
1801360 333
1801370 333
1801380 332
1801390 332
1801400 332
1801410 332
1801420 332
1801430 332
1801440 332
1801450 332
1801460 332
1801470 331
1801480 331
1801490 331
1801500 331
1801510 331
1801520 331
1801530 331
1801540 331
1801550 331
1801560 331
1801570 331
1801580 331
1801590 331
1801600 331
1801610 331
1801620 331
1801630 331
1801640 331
1801650 332
1801660 333
1801670 334
1801680 335
1801690 335
1801700 336
1801710 336
1801720 336
1801730 336
1801740 336
1801750 336
1801760 336
1801770 336
1801780 335
1801790 335
1801800 335
1801810 335
1801820 335
1801830 336
1801840 336
1801850 336
1801860 336
1801870 336
1801880 336
1801890 336
1801900 336
1801910 336
1801920 337
1801930 337
1801940 337
1801950 337
1801960 337
1801970 337
1801980 337
1801990 338
1802000 338
1802010 338
1802020 338
1802030 338
1802040 338
1802050 338
1802060 338
1802070 339
1802080 339
1802090 339
1802100 340
1802110 340
1802120 340
1802130 340
1802140 341
1802150 341
1802160 341
1802170 341
1802180 342
1802190 342
1802200 342
1802210 343
1802220 343
1802230 343
1802240 344
1802250 344
1802260 344
1802270 345
1802280 345
1802290 346
1802300 346
1802310 347
1802320 347
1802330 348
1802340 349
1802350 350
1802360 350
1802370 351
1802380 352
1802390 353
1802400 354
1802410 354
1802420 355
1802430 356
1802440 357
1802450 358
1802460 359
1802470 359
1802480 360
1802490 360
1802500 361
1802510 361
1802520 362
1802530 362
1802540 363
1802550 363
1802560 363
1802570 363
1802580 364
1802590 364
1802600 364
1802610 365
1802620 365
1802630 365
1802640 365
1802650 366
1802660 366
1802670 366
1802680 367
1802690 367
1802700 367
1802710 368
1802720 368
1802730 368
1802740 369
1802750 369
1802760 369
1802770 369
1802780 369
1802790 369
1802800 370
1802810 370
1802820 370
1802830 370
1802840 370
1802850 371
1802860 371
1802870 371
1802880 371
1802890 372
1802900 372
1802910 372
1802920 372
1802930 372
1802940 373
1802950 373
1802960 373
1802970 373
1802980 374
1802990 374
1803000 374
1803010 374
1803020 374
1803030 374
1803040 375
1803050 375
1803060 375
1803070 375
1803080 376
1803090 376
1803100 376
1803110 376
1803120 377
1803130 377
1803140 377
1803150 377
1803160 377
1803170 378
1803180 378
1803190 378
1803200 378
1803210 378
1803220 378
1803230 378
1803240 378
1803250 379
1803260 379
1803270 379
1803280 379
1803290 379
1803300 379
1803310 380
1803320 380
1803330 380
1803340 380
1803350 381
1803360 381
1803370 381
1803380 381
1803390 381
1803400 381
1803410 381
1803420 381
1803430 380
1803440 380
1803450 380
1803460 380
1803470 381
1803480 381
1803490 381
1803500 380
1803510 380
1803520 380
1803530 380
1803540 380
1803550 380
1803560 380
1803570 380
1803580 379
1803590 379
1803600 379
1803610 379
1803620 379
1803630 379
1803640 379
1803650 379
1803660 379
1803670 378
1803680 378
1803690 378
1803700 378
1803710 378
1803720 378
1803730 378
1803740 378
1803750 378
1803760 378
1803770 378
1803780 378
1803790 378
1803800 378
1803810 378
1803820 378
1803830 378
1803840 378
1803850 378
1803860 378
1803870 378
1803880 378
1803890 378
1803900 378
1803910 378
1803920 378
1803930 377
1803940 377
1803950 377
1803960 377
1803970 377
1803980 377
1803990 376
1804000 376
1804010 376
1804020 376
1804030 375
1804040 375
1804050 375
1804060 375
1804070 374
1804080 374
1804090 374
1804100 373
1804110 373
1804120 373
1804130 373
1804140 372
1804150 372
1804160 371
1804170 371
1804180 370
1804190 370
1804200 369
1804210 368
1804220 368
1804230 367
1804240 366
1804250 365
1804260 364
1804270 363
1804280 362
1804290 361
1804300 361
1804310 360
1804320 359
1804330 358
1804340 356
1804350 355
1804360 354
1804370 353
1804380 351
1804390 350
1804400 349
1804410 348
1804420 347
1804430 346
1804440 345
1804450 344
1804460 343
1804470 342
1804480 341
1804490 340
1804500 339
1804510 338
1804520 337
1804530 336
1804540 335
1804550 334
1804560 333
1804570 332
1804580 331
1804590 330
1804600 328
1804610 327
1804620 326
1804630 325
1804640 324
1804650 323
1804660 322
1804670 321
1804680 321
1804690 320
1804700 319
1804710 319
1804720 318
1804730 317
1804740 317
1804750 316
1804760 315
1804770 314
1804780 313
1804790 313
1804800 312
1804810 311
1804820 311
1804830 310
1804840 310
1804850 309
1804860 308
1804870 308
1804880 307
1804890 307
1804900 307
1804910 307
1804920 307
1804930 306
1804940 305
1804950 304
1804960 303
1804970 302
1804980 301
1804990 300
1805000 299
1805010 298
1805020 298
1805030 298
1805040 298
1805050 298
1805060 298
1805070 298
1805080 298
1805090 298
1805100 298
1805110 296
1805120 296
1805130 297
1805140 299
1805150 301
1805160 304
1805170 307
1805180 308
1805190 309
1805200 310
1805210 310
1805220 311
1805230 312
1805240 314
1805250 316
1805260 317
1805270 319
1805280 320
1805290 322
1805300 324
1805310 327
1805320 330
1805330 333
1805340 334
1805350 337
1805360 339
1805370 341
1805380 343
1805390 344
1805400 346
1805410 347
1805420 348
1805430 350
1805440 352
1805450 353
1805460 354
1805470 355
1805480 356
1805490 358
1805500 358
1805510 358
1805520 357
1805530 356
1805540 355
1805550 353
1805560 352
1805570 351
1805580 350
1805590 349
1805600 348
1805610 348
1805620 348
1805630 348
1805640 347
1805650 346
1805660 345
1805670 344
1805680 343
1805690 342
1805700 342
1805710 341
1805720 341
1805730 340
1805740 340
1805750 340
1805760 340
1805770 340
1805780 341
1805790 342
1805800 343
1805810 345
1805820 346
1805830 348
1805840 350
1805850 351
1805860 352
1805870 354
1805880 356
1805890 358
1805900 359
1805910 360
1805920 361
1805930 362
1805940 362
1805950 362
1805960 363
1805970 363
1805980 363
1805990 364
1806000 364
1806010 365
1806020 367
1806030 368
1806040 370
1806050 372
1806060 373
1806070 374
1806080 375
1806090 376
1806100 376
1806110 376
1806120 376
1806130 375
1806140 375
1806150 376
1806160 378
1806170 379
1806180 381
1806190 382
1806200 382
1806210 380
1806220 377
1806230 374
1806240 371
1806250 368
1806260 367
1806270 368
1806280 371
1806290 374
1806300 377
1806310 378
1806320 379
1806330 380
1806340 381
1806350 381
1806360 381
1806370 382
1806380 382
1806390 383
1806400 383
1806410 383
1806420 384
1806430 384
1806440 384
1806450 385
1806460 385
1806470 386
1806480 386
1806490 386
1806500 386
1806510 387
1806520 387
1806530 387
1806540 388
1806550 388
1806560 388
1806570 389
1806580 389
1806590 390
1806600 392
1806610 394
1806620 395
1806630 396
1806640 397
1806650 398
1806660 399
1806670 400
1806680 400
1806690 401
1806700 401
1806710 401
1806720 402
1806730 403
1806740 404
1806750 405
1806760 405
1806770 405
1806780 405
1806790 406
1806800 405
1806810 404
1806820 402
1806830 399
1806840 395
1806850 391
1806860 388
1806870 387
1806880 386
1806890 388
1806900 391
1806910 394
1806920 396
1806930 398
1806940 401
1806950 403
1806960 405
1806970 407
1806980 408
1806990 409
1807000 410
1807010 411
1807020 411
1807030 412
1807040 412
1807050 412
1807060 411
1807070 411
1807080 411
1807090 411
1807100 411
1807110 410
1807120 410
1807130 409
1807140 409
1807150 408
1807160 407
1807170 407
1807180 407
1807190 408
1807200 408
1807210 408
1807220 408
1807230 406
1807240 404
1807250 403
1807260 403
1807270 403
1807280 403
1807290 403
1807300 404
1807310 405
1807320 405
1807330 406
1807340 407
1807350 408
1807360 409
1807370 410
1807380 412
1807390 413
1807400 414
1807410 416
1807420 417
1807430 419
1807440 420
1807450 421
1807460 423
1807470 424
1807480 425
1807490 425
1807500 426
1807510 426
1807520 426
1807530 423
1807540 420
1807550 417
1807560 414
1807570 411
1807580 408
1807590 405
1807600 402
1807610 400
1807620 397
1807630 395
1807640 394
1807650 394
1807660 395
1807670 397
1807680 399
1807690 401
1807700 404
1807710 407
1807720 410
1807730 413
1807740 416
1807750 419
1807760 423
1807770 426
1807780 430
1807790 434
1807800 437
1807810 441
1807820 445
1807830 449
1807840 452
1807850 456
1807860 460
1807870 463
1807880 467
1807890 470
1807900 472
1807910 475
1807920 478
1807930 481
1807940 483
1807950 486
1807960 487
1807970 489
1807980 489
1807990 488
1808000 488
1808010 486
1808020 485
1808030 484
1808040 483
1808050 481
1808060 480
1808070 479
1808080 478
1808090 476
1808100 474
1808110 473
1808120 471
1808130 470
1808140 469
1808150 467
1808160 466
1808170 465
1808180 463
1808190 462
1808200 461
1808210 459
1808220 458
1808230 457
1808240 456
1808250 455
1808260 454
1808270 453
1808280 452
1808290 451
1808300 450
1808310 449
1808320 448
1808330 447
1808340 446
1808350 444
1808360 442
1808370 438
1808380 435
1808390 431
1808400 429
1808410 427
1808420 425
1808430 423
1808440 421
1808450 420
1808460 418
1808470 416
1808480 414
1808490 413
1808500 411
1808510 410
1808520 409
1808530 409
1808540 410
1808550 411
1808560 413
1808570 414
1808580 416
1808590 418
1808600 419
1808610 421
1808620 422
1808630 423
1808640 423
1808650 423
1808660 424
1808670 424
1808680 424
1808690 425
1808700 426
1808710 426
1808720 426
1808730 427
1808740 427
1808750 427
1808760 427
1808770 427
1808780 427
1808790 428
1808800 430
1808810 432
1808820 436
1808830 439
1808840 443
1808850 446
1808860 450
1808870 454
1808880 458
1808890 462
1808900 466
1808910 470
1808920 474
1808930 478
1808940 481
1808950 483
1808960 484
1808970 484
1808980 484
1808990 484
1809000 483
1809010 483
1809020 482
1809030 482
1809040 481
1809050 480
1809060 479
1809070 478
1809080 477
1809090 476
1809100 475
1809110 474
1809120 473
1809130 472
1809140 471
1809150 470
1809160 468
1809170 465
1809180 462
1809190 458
1809200 455
1809210 452
1809220 451
1809230 450
1809240 451
1809250 454
1809260 457
1809270 460
1809280 463
1809290 466
1809300 467
1809310 468
1809320 468
1809330 467
1809340 467
1809350 466
1809360 466
1809370 466
1809380 465
1809390 465
1809400 465
1809410 465
1809420 465
1809430 464
1809440 464
1809450 464
1809460 465
1809470 465
1809480 465
1809490 465
1809500 466
1809510 466
1809520 467
1809530 468
1809540 470
1809550 471
1809560 472
1809570 473
1809580 474
1809590 475
1809600 476
1809610 477
1809620 477
1809630 478
1809640 479
1809650 480
1809660 480
1809670 481
1809680 482
1809690 482
1809700 483
1809710 483
1809720 484
1809730 485
1809740 485
1809750 486
1809760 486
1809770 486
1809780 486
1809790 486
1809800 486
1809810 486
1809820 486
1809830 486
1809840 486
1809850 486
1809860 485
1809870 485
1809880 485
1809890 485
1809900 485
1809910 485
1809920 484
1809930 484
1809940 483
1809950 482
1809960 481
1809970 481
1809980 480
1809990 479
1810000 478
1810010 478
1810020 477
1810030 476
1810040 475
1810050 474
1810060 474
1810070 473
1810080 473
1810090 472
1810100 472
1810110 472
1810120 471
1810130 470
1810140 469
1810150 469
1810160 468
1810170 467
1810180 467
1810190 466
1810200 466
1810210 466
1810220 465
1810230 465
1810240 464
1810250 464
1810260 463
1810270 463
1810280 462
1810290 462
1810300 461
1810310 461
1810320 461
1810330 460
1810340 460
1810350 459
1810360 459
1810370 459
1810380 458
1810390 458
1810400 458
1810410 458
1810420 458
1810430 458
1810440 458
1810450 457
1810460 457
1810470 457
1810480 457
1810490 456
1810500 456
1810510 456
1810520 455
1810530 455
1810540 455
1810550 455
1810560 455
1810570 455
1810580 455
1810590 455
1810600 454
1810610 454
1810620 454
1810630 453
1810640 453
1810650 452
1810660 452
1810670 451
1810680 451
1810690 450
1810700 449
1810710 449
1810720 448
1810730 447
1810740 446
1810750 445
1810760 445
1810770 444
1810780 443
1810790 442
1810800 440
1810810 439
1810820 438
1810830 437
1810840 435
1810850 433
1810860 432
1810870 430
1810880 428
1810890 427
1810900 425
1810910 422
1810920 420
1810930 417
1810940 416
1810950 415
1810960 415
1810970 414
1810980 413
1810990 412
1811000 411
1811010 410
1811020 409
1811030 409
1811040 409
1811050 409
1811060 408
1811070 407
1811080 407
1811090 406
1811100 405
1811110 405
1811120 404
1811130 403
1811140 403
1811150 402
1811160 402
1811170 401
1811180 401
1811190 400
1811200 400
1811210 399
1811220 399
1811230 398
1811240 398
1811250 397
1811260 397
1811270 396
1811280 396
1811290 395
1811300 395
1811310 394
1811320 394
1811330 393
1811340 392
1811350 392
1811360 391
1811370 391
1811380 390
1811390 389
1811400 389
1811410 388
1811420 387
1811430 386
1811440 386
1811450 385
1811460 385
1811470 384
1811480 383
1811490 383
1811500 382
1811510 382
1811520 381
1811530 381
1811540 380
1811550 380
1811560 379
1811570 379
1811580 379
1811590 378
1811600 378
1811610 378
1811620 378
1811630 377
1811640 377
1811650 377
1811660 377
1811670 376
1811680 376
1811690 375
1811700 375
1811710 374
1811720 374
1811730 374
1811740 373
1811750 373
1811760 372
1811770 372
1811780 372
1811790 372
1811800 371
1811810 371
1811820 370
1811830 370
1811840 370
1811850 370
1811860 370
1811870 369
1811880 369
1811890 368
1811900 367
1811910 367
1811920 366
1811930 366
1811940 365
1811950 363
1811960 363
1811970 362
1811980 361
1811990 361
1812000 360
1812010 359
1812020 358
1812030 357
1812040 356
1812050 355
1812060 354
1812070 352
1812080 350
1812090 347
1812100 344
1812110 341
1812120 338
1812130 336
1812140 333
1812150 331
1812160 328
1812170 326
1812180 324
1812190 321
1812200 320
1812210 318
1812220 317
1812230 316
1812240 317
1812250 318
1812260 319
1812270 322
1812280 324
1812290 328
1812300 331
1812310 334
1812320 338
1812330 341
1812340 344
1812350 346
1812360 346
1812370 347
1812380 346
1812390 346
1812400 346
1812410 345
1812420 343
1812430 342
1812440 342
1812450 341
1812460 341
1812470 340
1812480 340
1812490 339
1812500 339
1812510 338
1812520 337
1812530 337
1812540 336
1812550 334
1812560 332
1812570 332
1812580 331
1812590 330
1812600 330
1812610 329
1812620 328
1812630 328
1812640 327
1812650 326
1812660 326
1812670 325
1812680 324
1812690 324
1812700 323
1812710 323
1812720 323
1812730 322
1812740 321
1812750 320
1812760 319
1812770 318
1812780 317
1812790 317
1812800 316
1812810 316
1812820 316
1812830 315
1812840 315
1812850 314
1812860 313
1812870 313
1812880 313
1812890 312
1812900 312
1812910 311
1812920 311
1812930 310
1812940 310
1812950 309
1812960 309
1812970 308
1812980 307
1812990 307
1813000 306
1813010 306
1813020 305
1813030 305
1813040 305
1813050 305
1813060 304
1813070 303
1813080 303
1813090 303
1813100 303
1813110 303
1813120 303
1813130 303
1813140 304
1813150 304
1813160 304
1813170 304
1813180 304
1813190 305
1813200 305
1813210 306
1813220 306
1813230 306
1813240 307
1813250 308
1813260 308
1813270 309
1813280 310
1813290 311
1813300 312
1813310 314
1813320 315
1813330 316
1813340 318
1813350 320
1813360 322
1813370 324
1813380 326
1813390 328
1813400 330
1813410 332
1813420 333
1813430 335
1813440 336
1813450 337
1813460 338
1813470 339
1813480 340
1813490 341
1813500 342
1813510 343
1813520 344
1813530 346
1813540 347
1813550 348
1813560 349
1813570 351
1813580 352
1813590 353
1813600 354
1813610 355
1813620 356
1813630 356
1813640 357
1813650 357
1813660 356
1813670 356
1813680 355
1813690 354
1813700 353
1813710 353
1813720 352
1813730 350
1813740 349
1813750 347
1813760 346
1813770 344
1813780 343
1813790 341
1813800 340
1813810 339
1813820 337
1813830 336
1813840 335
1813850 334
1813860 333
1813870 333
1813880 332
1813890 330
1813900 329
1813910 328
1813920 328
1813930 327
1813940 326
1813950 326
1813960 325
1813970 324
1813980 323
1813990 322
1814000 321
1814010 320
1814020 319
1814030 318
1814040 317
1814050 316
1814060 315
1814070 314
1814080 313
1814090 312
1814100 311
1814110 310
1814120 309
1814130 308
1814140 307
1814150 306
1814160 303
1814170 302
1814180 301
1814190 301
1814200 300
1814210 299
1814220 298
1814230 297
1814240 296
1814250 296
1814260 295
1814270 294
1814280 294
1814290 292
1814300 291
1814310 289
1814320 289
1814330 288
1814340 287
1814350 287
1814360 286
1814370 286
1814380 285
1814390 284
1814400 283
1814410 282
1814420 282
1814430 281
1814440 280
1814450 279
1814460 279
1814470 278
1814480 278
1814490 277
1814500 277
1814510 276
1814520 276
1814530 275
1814540 275
1814550 274
1814560 272
1814570 272
1814580 271
1814590 270
1814600 270
1814610 269
1814620 269
1814630 268
1814640 268
1814650 268
1814660 267
1814670 267
1814680 267
1814690 266
1814700 266
1814710 266
1814720 265
1814730 265
1814740 264
1814750 263
1814760 263
1814770 262
1814780 261
1814790 260
1814800 259
1814810 258
1814820 257
1814830 256
1814840 256
1814850 255
1814860 254
1814870 253
1814880 252
1814890 251
1814900 250
1814910 250
1814920 249
1814930 248
1814940 247
1814950 246
1814960 246
1814970 245
1814980 245
1814990 244
1815000 243
1815010 242
1815020 241
1815030 241
1815040 240
1815050 239
1815060 238
1815070 237
1815080 236
1815090 235
1815100 235
1815110 234
1815120 233
1815130 233
1815140 232
1815150 231
1815160 231
1815170 230
1815180 230
1815190 229
1815200 228
1815210 228
1815220 226
1815230 222
1815240 218
1815250 215
1815260 214
1815270 215
1815280 217
1815290 220
1815300 221
1815310 221
1815320 220
1815330 219
1815340 219
1815350 218
1815360 218
1815370 218
1815380 217
1815390 217
1815400 217
1815410 216
1815420 216
1815430 216
1815440 216
1815450 215
1815460 215
1815470 215
1815480 214
1815490 214
1815500 214
1815510 214
1815520 213
1815530 213
1815540 213
1815550 213
1815560 213
1815570 213
1815580 212
1815590 212
1815600 212
1815610 212
1815620 212
1815630 212
1815640 212
1815650 212
1815660 211
1815670 211
1815680 211
1815690 211
1815700 211
1815710 211
1815720 211
1815730 210
1815740 210
1815750 210
1815760 209
1815770 209
1815780 208
1815790 208
1815800 207
1815810 206
1815820 205
1815830 204
1815840 204
1815850 203
1815860 203
1815870 203
1815880 202
1815890 202
1815900 202
1815910 202
1815920 201
1815930 201
1815940 200
1815950 199
1815960 199
1815970 198
1815980 198
1815990 198
1816000 198
1816010 198
1816020 197
1816030 196
1816040 196
1816050 196
1816060 196
1816070 196
1816080 196
1816090 196
1816100 196
1816110 196
1816120 196
1816130 196
1816140 196
1816150 196
1816160 196
1816170 196
1816180 195
1816190 195
1816200 195
1816210 195
1816220 194
1816230 194
1816240 194
1816250 194
1816260 194
1816270 194
1816280 194
1816290 194
1816300 194
1816310 194
1816320 194
1816330 194
1816340 194
1816350 194
1816360 193
1816370 193
1816380 193
1816390 193
1816400 192
1816410 192
1816420 192
1816430 192
1816440 192
1816450 192
1816460 192
1816470 192
1816480 192
1816490 192
1816500 191
1816510 191
1816520 191
1816530 191
1816540 191
1816550 191
1816560 191
1816570 190
1816580 190
1816590 190
1816600 190
1816610 190
1816620 190
1816630 190
1816640 190
1816650 190
1816660 190
1816670 191
1816680 191
1816690 191
1816700 191
1816710 191
1816720 191
1816730 191
1816740 191
1816750 191
1816760 191
1816770 191
1816780 191
1816790 191
1816800 191
1816810 191
1816820 191
1816830 191
1816840 191
1816850 191
1816860 191
1816870 191
1816880 190
1816890 190
1816900 190
1816910 189
1816920 189
1816930 189
1816940 190
1816950 189
1816960 189
1816970 188
1816980 188
1816990 188
1817000 188
1817010 188
1817020 188
1817030 187
1817040 187
1817050 187
1817060 187
1817070 187
1817080 187
1817090 187
1817100 187
1817110 187
1817120 187
1817130 187
1817140 187
1817150 187
1817160 187
1817170 187
1817180 187
1817190 187
1817200 187
1817210 187
1817220 187
1817230 186
1817240 186
1817250 186
1817260 186
1817270 186
1817280 186
1817290 186
1817300 187
1817310 186
1817320 186
1817330 186
1817340 186
1817350 187
1817360 187
1817370 186
1817380 186
1817390 186
1817400 185
1817410 185
1817420 185
1817430 185
1817440 185
1817450 186
1817460 186
1817470 185
1817480 185
1817490 185
1817500 185
1817510 185
1817520 185
1817530 185
1817540 185
1817550 185
1817560 185
1817570 185
1817580 185
1817590 185
1817600 185
1817610 185
1817620 185
1817630 185
1817640 185
1817650 185
1817660 185
1817670 185
1817680 185
1817690 185
1817700 185
1817710 185
1817720 184
1817730 184
1817740 184
1817750 184
1817760 184
1817770 184
1817780 184
1817790 184
1817800 184
1817810 184
1817820 184
1817830 184
1817840 184
1817850 184
1817860 184
1817870 184
1817880 184
1817890 184
1817900 184
1817910 184
1817920 184
1817930 183
1817940 183
1817950 183
1817960 184
1817970 184
1817980 184
1817990 184
1818000 184
1818010 184
1818020 184
1818030 184
1818040 184
1818050 184
1818060 183
1818070 183
1818080 183
1818090 183
1818100 184
1818110 184
1818120 183
1818130 183
1818140 183
1818150 183
1818160 183
1818170 183
1818180 183
1818190 183
1818200 183
1818210 183
1818220 183
1818230 183
1818240 183
1818250 183
1818260 183
1818270 183
1818280 183
1818290 183
1818300 183
1818310 182
1818320 182
1818330 182
1818340 182
1818350 182
1818360 182
1818370 182
1818380 182
1818390 182
1818400 182
1818410 182
1818420 182
1818430 182
1818440 182
1818450 182
1818460 182
1818470 182
1818480 182
1818490 182
1818500 182
1818510 182
1818520 181
1818530 182
1818540 182
1818550 182
1818560 182
1818570 182
1818580 182
1818590 182
1818600 181
1818610 181
1818620 182
1818630 182
1818640 182
1818650 183
1818660 184
1818670 184
1818680 184
1818690 184
1818700 184
1818710 184
1818720 183
1818730 183
1818740 183
1818750 183
1818760 183
1818770 183
1818780 183
1818790 183
1818800 183
1818810 183
1818820 182
1818830 182
1818840 182
1818850 182
1818860 182
1818870 182
1818880 181
1818890 182
1818900 182
1818910 182
1818920 182
1818930 182
1818940 182
1818950 182
1818960 181
1818970 180
1818980 180
1818990 180
1819000 180
1819010 180
1819020 180
1819030 180
1819040 180
1819050 180
1819060 182
1819070 184
1819080 187
1819090 187
1819100 186
1819110 184
1819120 182
1819130 180
1819140 180
1819150 180
1819160 180
1819170 180
1819180 180
1819190 180
1819200 180
1819210 180
1819220 180
1819230 179
1819240 179
1819250 179
1819260 179
1819270 179
1819280 179
1819290 179
1819300 179
1819310 179
1819320 179
1819330 179
1819340 179
1819350 179
1819360 179
1819370 179
1819380 179
1819390 179
1819400 179
1819410 179
1819420 179
1819430 179
1819440 179
1819450 179
1819460 178
1819470 178
1819480 178
1819490 178
1819500 178
1819510 178
1819520 178
1819530 178
1819540 178
1819550 178
1819560 178
1819570 178
1819580 178
1819590 178
1819600 178
1819610 178
1819620 178
1819630 178
1819640 178
1819650 178
1819660 178
1819670 178
1819680 178
1819690 178
1819700 178
1819710 177
1819720 177
1819730 177
1819740 177
1819750 177
1819760 177
1819770 177
1819780 177
1819790 177
1819800 177
1819810 177
1819820 177
1819830 177
1819840 177
1819850 177
1819860 177
1819870 177
1819880 177
1819890 177
1819900 177
1819910 177
1819920 177
1819930 177
1819940 177
1819950 177
1819960 177
1819970 177
1819980 177
1819990 177
