1800000 353
1800010 357
1800020 360
1800030 362
1800040 362
1800050 362
1800060 362
1800070 361
1800080 360
1800090 357
1800100 354
1800110 351
1800120 348
1800130 348
1800140 347
1800150 347
1800160 347
1800170 347
1800180 347
1800190 348
1800200 348
1800210 348
1800220 348
1800230 348
1800240 349
1800250 349
1800260 349
1800270 350
1800280 350
1800290 350
1800300 351
1800310 351
1800320 351
1800330 352
1800340 352
1800350 353
1800360 353
1800370 354
1800380 355
1800390 355
1800400 356
1800410 356
1800420 357
1800430 357
1800440 358
1800450 359
1800460 359
1800470 360
1800480 360
1800490 361
1800500 362
1800510 363
1800520 363
1800530 364
1800540 365
1800550 366
1800560 367
1800570 368
1800580 369
1800590 370
1800600 371
1800610 373
1800620 374
1800630 375
1800640 376
1800650 377
1800660 378
1800670 379
1800680 380
1800690 381
1800700 381
1800710 382
1800720 382
1800730 383
1800740 383
1800750 383
1800760 383
1800770 383
1800780 383
1800790 383
1800800 383
1800810 383
1800820 383
1800830 383
1800840 383
1800850 384
1800860 384
1800870 385
1800880 385
1800890 385
1800900 386
1800910 386
1800920 386
1800930 386
1800940 386
1800950 386
1800960 386
1800970 386
1800980 386
1800990 386
1801000 386
1801010 386
1801020 386
1801030 386
1801040 386
1801050 387
1801060 387
1801070 387
1801080 387
1801090 387
1801100 387
1801110 387
1801120 388
1801130 388
1801140 388
1801150 387
1801160 387
1801170 387
1801180 388
1801190 388
1801200 388
1801210 389
1801220 390
1801230 390
1801240 391
1801250 392
1801260 392
1801270 393
1801280 393
1801290 394
1801300 394
1801310 394
1801320 395
1801330 395
1801340 395
1801350 396
1801360 396
1801370 396
1801380 396
1801390 395
1801400 395
1801410 395
1801420 394
1801430 394
1801440 394
1801450 393
1801460 392
1801470 392
1801480 391
1801490 390
1801500 390
1801510 389
1801520 388
1801530 387
1801540 387
1801550 386
1801560 385
1801570 384
1801580 384
1801590 383
1801600 382
1801610 381
1801620 380
1801630 380
1801640 379
1801650 379
1801660 378
1801670 377
1801680 377
1801690 376
1801700 375
1801710 374
1801720 373
1801730 373
1801740 372
1801750 371
1801760 370
1801770 369
1801780 367
1801790 366
1801800 365
1801810 363
1801820 361
1801830 359
1801840 358
1801850 357
1801860 356
1801870 355
1801880 355
1801890 354
1801900 353
1801910 352
1801920 352
1801930 351
1801940 350
1801950 350
1801960 349
1801970 349
1801980 348
1801990 348
1802000 347
1802010 347
1802020 347
1802030 346
1802040 346
1802050 346
1802060 345
1802070 345
1802080 345
1802090 344
1802100 344
1802110 344
1802120 344
1802130 344
1802140 344
1802150 343
1802160 343
1802170 343
1802180 343
1802190 343
1802200 343
1802210 342
1802220 341
1802230 341
1802240 342
1802250 342
1802260 341
1802270 341
1802280 340
1802290 340
1802300 340
1802310 340
1802320 339
1802330 339
1802340 338
1802350 338
1802360 338
1802370 337
1802380 337
1802390 336
1802400 336
1802410 335
1802420 335
1802430 335
1802440 335
1802450 334
1802460 334
1802470 334
1802480 333
1802490 333
1802500 332
1802510 332
1802520 332
1802530 332
1802540 331
1802550 331
1802560 331
1802570 330
1802580 330
1802590 330
1802600 329
1802610 329
1802620 328
1802630 328
1802640 328
1802650 327
1802660 327
1802670 327
1802680 326
1802690 326
1802700 326
1802710 325
1802720 325
1802730 325
1802740 325
1802750 324
1802760 324
1802770 323
1802780 323
1802790 323
1802800 323
1802810 323
1802820 323
1802830 324
1802840 324
1802850 324
1802860 323
1802870 323
1802880 323
1802890 323
1802900 323
1802910 322
1802920 322
1802930 322
1802940 322
1802950 322
1802960 323
1802970 323
1802980 323
1802990 323
1803000 323
1803010 323
1803020 323
1803030 323
1803040 323
1803050 323
1803060 323
1803070 322
1803080 322
1803090 321
1803100 321
1803110 321
1803120 321
1803130 321
1803140 321
1803150 322
1803160 322
1803170 322
1803180 322
1803190 322
1803200 322
1803210 323
1803220 323
1803230 323
1803240 323
1803250 323
1803260 324
1803270 324
1803280 324
1803290 324
1803300 325
1803310 325
1803320 326
1803330 326
1803340 326
1803350 326
1803360 327
1803370 327
1803380 327
1803390 328
1803400 328
1803410 329
1803420 329
1803430 329
1803440 330
1803450 330
1803460 331
1803470 331
1803480 332
1803490 332
1803500 332
1803510 333
1803520 333
1803530 334
1803540 334
1803550 334
1803560 334
1803570 335
1803580 335
1803590 336
1803600 336
1803610 336
1803620 337
1803630 337
1803640 337
1803650 337
1803660 337
1803670 337
1803680 337
1803690 336
1803700 336
1803710 335
1803720 335
1803730 335
1803740 335
1803750 335
1803760 335
1803770 335
1803780 335
1803790 335
1803800 335
1803810 336
1803820 337
1803830 337
1803840 338
1803850 339
1803860 340
1803870 341
1803880 341
1803890 342
1803900 343
1803910 343
1803920 344
1803930 345
1803940 345
1803950 346
1803960 346
1803970 346
1803980 347
1803990 347
1804000 347
1804010 347
1804020 347
1804030 347
1804040 347
1804050 346
1804060 346
1804070 346
1804080 346
1804090 347
1804100 347
1804110 347
1804120 347
1804130 347
1804140 348
1804150 348
1804160 348
1804170 348
1804180 348
1804190 348
1804200 348
1804210 348
1804220 348
1804230 348
1804240 348
1804250 348
1804260 347
1804270 347
1804280 347
1804290 347
1804300 347
1804310 347
1804320 347
1804330 347
1804340 347
1804350 347
1804360 348
1804370 348
1804380 348
1804390 347
1804400 347
1804410 346
1804420 344
1804430 342
1804440 339
1804450 336
1804460 333
1804470 331
1804480 329
1804490 328
1804500 328
1804510 330
1804520 332
1804530 334
1804540 334
1804550 335
1804560 335
1804570 335
1804580 335
1804590 334
1804600 332
1804610 330
1804620 328
1804630 329
1804640 330
1804650 332
1804660 332
1804670 331
1804680 331
1804690 329
1804700 328
1804710 325
1804720 324
1804730 323
1804740 323
1804750 325
1804760 326
1804770 325
1804780 327
1804790 328
1804800 330
1804810 331
1804820 332
1804830 333
1804840 335
1804850 334
1804860 331
1804870 323
1804880 317
1804890 312
1804900 310
1804910 310
1804920 312
1804930 316
1804940 320
1804950 325
1804960 328
1804970 331
1804980 334
1804990 338
1805000 342
1805010 345
1805020 349
1805030 353
1805040 357
1805050 360
1805060 364
1805070 367
1805080 370
1805090 373
1805100 374
1805110 375
1805120 373
1805130 370
1805140 366
1805150 361
1805160 357
1805170 353
1805180 349
1805190 345
1805200 341
1805210 337
1805220 333
1805230 329
1805240 325
1805250 322
1805260 318
1805270 314
1805280 311
1805290 307
1805300 304
1805310 301
1805320 297
1805330 294
1805340 292
1805350 290
1805360 288
1805370 287
1805380 287
1805390 286
1805400 286
1805410 287
1805420 288
1805430 288
1805440 288
1805450 290
1805460 292
1805470 295
1805480 299
1805490 303
1805500 307
1805510 311
1805520 315
1805530 319
1805540 323
1805550 327
1805560 330
1805570 334
1805580 338
1805590 342
1805600 346
1805610 350
1805620 353
1805630 357
1805640 360
1805650 364
1805660 367
1805670 370
1805680 373
1805690 376
1805700 379
1805710 382
1805720 385
1805730 388
1805740 391
1805750 394
1805760 398
1805770 401
1805780 404
1805790 406
1805800 409
1805810 411
1805820 412
1805830 411
1805840 409
1805850 407
1805860 405
1805870 404
1805880 403
1805890 402
1805900 402
1805910 402
1805920 403
1805930 403
1805940 404
1805950 404
1805960 405
1805970 405
1805980 406
1805990 406
1806000 407
1806010 407
1806020 405
1806030 404
1806040 402
1806050 400
1806060 399
1806070 397
1806080 396
1806090 396
1806100 396
1806110 397
1806120 398
1806130 400
1806140 402
1806150 404
1806160 405
1806170 406
1806180 406
1806190 406
1806200 406
1806210 405
1806220 404
1806230 403
1806240 402
1806250 400
1806260 399
1806270 397
1806280 395
1806290 393
1806300 391
1806310 389
1806320 387
1806330 385
1806340 383
1806350 380
1806360 378
1806370 375
1806380 372
1806390 369
1806400 366
1806410 364
1806420 361
1806430 358
1806440 355
1806450 352
1806460 349
1806470 346
1806480 343
1806490 340
1806500 337
1806510 334
1806520 331
1806530 328
1806540 325
1806550 322
1806560 322
1806570 323
1806580 324
1806590 327
1806600 329
1806610 333
1806620 336
1806630 339
1806640 343
1806650 346
1806660 350
1806670 353
1806680 357
1806690 360
1806700 364
1806710 367
1806720 370
1806730 374
1806740 377
1806750 381
1806760 384
1806770 387
1806780 389
1806790 391
1806800 391
1806810 390
1806820 387
1806830 383
1806840 380
1806850 377
1806860 374
1806870 371
1806880 368
1806890 366
1806900 363
1806910 361
1806920 360
1806930 360
1806940 360
1806950 362
1806960 365
1806970 368
1806980 370
1806990 373
1807000 377
1807010 380
1807020 384
1807030 387
1807040 391
1807050 394
1807060 398
1807070 401
1807080 404
1807090 407
1807100 410
1807110 412
1807120 414
1807130 416
1807140 416
1807150 416
1807160 416
1807170 415
1807180 414
1807190 413
1807200 412
1807210 411
1807220 410
1807230 408
1807240 407
1807250 407
1807260 406
1807270 405
1807280 404
1807290 403
1807300 402
1807310 401
1807320 400
1807330 400
1807340 399
1807350 399
1807360 398
1807370 398
1807380 398
1807390 398
1807400 397
1807410 397
1807420 397
1807430 397
1807440 398
1807450 398
1807460 398
1807470 398
1807480 398
1807490 399
1807500 400
1807510 400
1807520 400
1807530 400
1807540 399
1807550 396
1807560 392
1807570 388
1807580 385
1807590 381
1807600 377
1807610 374
1807620 370
1807630 367
1807640 364
1807650 360
1807660 357
1807670 354
1807680 351
1807690 348
1807700 344
1807710 341
1807720 337
1807730 334
1807740 331
1807750 328
1807760 326
1807770 325
1807780 324
1807790 325
1807800 326
1807810 328
1807820 329
1807830 332
1807840 335
1807850 338
1807860 342
1807870 345
1807880 348
1807890 350
1807900 353
1807910 355
1807920 359
1807930 362
1807940 366
1807950 370
1807960 374
1807970 378
1807980 382
1807990 386
1808000 389
1808010 392
1808020 395
1808030 397
1808040 400
1808050 402
1808060 404
1808070 406
1808080 408
1808090 410
1808100 412
1808110 414
1808120 415
1808130 415
1808140 416
1808150 416
1808160 417
1808170 417
1808180 417
1808190 418
1808200 419
1808210 419
1808220 420
1808230 420
1808240 420
1808250 421
1808260 422
1808270 422
1808280 423
1808290 423
1808300 424
1808310 424
1808320 425
1808330 425
1808340 425
1808350 424
1808360 423
1808370 421
1808380 418
1808390 416
1808400 414
1808410 413
1808420 411
1808430 411
1808440 410
1808450 410
1808460 409
1808470 410
1808480 412
1808490 414
1808500 416
1808510 418
1808520 420
1808530 423
1808540 425
1808550 428
1808560 430
1808570 432
1808580 434
1808590 436
1808600 438
1808610 441
1808620 443
1808630 446
1808640 449
1808650 451
1808660 454
1808670 456
1808680 459
1808690 461
1808700 464
1808710 465
1808720 467
1808730 468
1808740 469
1808750 470
1808760 470
1808770 469
1808780 469
1808790 468
1808800 467
1808810 467
1808820 466
1808830 466
1808840 465
1808850 465
1808860 465
1808870 464
1808880 464
1808890 463
1808900 462
1808910 461
1808920 460
1808930 459
1808940 458
1808950 457
1808960 456
1808970 455
1808980 454
1808990 453
1809000 453
1809010 452
1809020 452
1809030 452
1809040 451
1809050 451
1809060 451
1809070 451
1809080 450
1809090 450
1809100 450
1809110 451
1809120 451
1809130 452
1809140 452
1809150 452
1809160 453
1809170 453
1809180 453
1809190 453
1809200 452
1809210 452
1809220 452
1809230 452
1809240 452
1809250 451
1809260 450
1809270 449
1809280 449
1809290 449
1809300 449
1809310 449
1809320 449
1809330 449
1809340 449
1809350 449
1809360 449
1809370 449
1809380 449
1809390 449
1809400 449
1809410 449
1809420 449
1809430 449
1809440 450
1809450 450
1809460 450
1809470 451
1809480 451
1809490 452
1809500 452
1809510 453
1809520 454
1809530 454
1809540 454
1809550 454
1809560 454
1809570 454
1809580 454
1809590 454
1809600 454
1809610 454
1809620 454
1809630 454
1809640 453
1809650 451
1809660 448
1809670 444
1809680 440
1809690 436
1809700 434
1809710 435
1809720 437
1809730 440
1809740 443
1809750 447
1809760 450
1809770 454
1809780 458
1809790 462
1809800 466
1809810 469
1809820 473
1809830 476
1809840 479
1809850 481
1809860 482
1809870 482
1809880 480
1809890 478
1809900 475
1809910 472
1809920 469
1809930 466
1809940 464
1809950 462
1809960 461
1809970 459
1809980 457
1809990 455
1810000 453
1810010 451
1810020 448
1810030 445
1810040 442
1810050 438
1810060 434
1810070 430
1810080 426
1810090 422
1810100 418
1810110 414
1810120 411
1810130 407
1810140 404
1810150 402
1810160 401
1810170 400
1810180 400
1810190 400
1810200 401
1810210 401
1810220 402
1810230 403
1810240 404
1810250 405
1810260 406
1810270 407
1810280 407
1810290 408
1810300 409
1810310 409
1810320 410
1810330 410
1810340 411
1810350 412
1810360 413
1810370 413
1810380 414
1810390 415
1810400 416
1810410 417
1810420 418
1810430 419
1810440 419
1810450 419
1810460 418
1810470 417
1810480 416
1810490 416
1810500 415
1810510 415
1810520 415
1810530 415
1810540 414
1810550 414
1810560 413
1810570 412
1810580 411
1810590 410
1810600 408
1810610 407
1810620 406
1810630 405
1810640 404
1810650 403
1810660 402
1810670 401
1810680 399
1810690 398
1810700 399
1810710 400
1810720 401
1810730 403
1810740 404
1810750 405
1810760 405
1810770 406
1810780 406
1810790 407
1810800 407
1810810 408
1810820 408
1810830 408
1810840 407
1810850 407
1810860 406
1810870 406
1810880 407
1810890 409
1810900 411
1810910 413
1810920 416
1810930 418
1810940 421
1810950 423
1810960 426
1810970 429
1810980 430
1810990 431
1811000 431
1811010 431
1811020 431
1811030 430
1811040 429
1811050 428
1811060 427
1811070 426
1811080 425
1811090 424
1811100 422
1811110 420
1811120 419
1811130 417
1811140 415
1811150 414
1811160 412
1811170 410
1811180 408
1811190 406
1811200 404
1811210 403
1811220 402
1811230 401
1811240 400
1811250 399
1811260 397
1811270 396
1811280 395
1811290 393
1811300 392
1811310 391
1811320 390
1811330 389
1811340 387
1811350 386
1811360 385
1811370 384
1811380 383
1811390 382
1811400 381
1811410 380
1811420 379
1811430 378
1811440 377
1811450 376
1811460 375
1811470 374
1811480 374
1811490 373
1811500 372
1811510 372
1811520 371
1811530 370
1811540 369
1811550 369
1811560 368
1811570 367
1811580 366
1811590 365
1811600 364
1811610 363
1811620 362
1811630 361
1811640 360
1811650 359
1811660 358
1811670 356
1811680 355
1811690 354
1811700 353
1811710 351
1811720 348
1811730 344
1811740 340
1811750 336
1811760 332
1811770 328
1811780 326
1811790 326
1811800 328
1811810 331
1811820 333
1811830 336
1811840 339
1811850 342
1811860 345
1811870 347
1811880 349
1811890 351
1811900 351
1811910 350
1811920 348
1811930 346
1811940 344
1811950 342
1811960 340
1811970 338
1811980 336
1811990 334
1812000 331
1812010 329
1812020 327
1812030 324
1812040 322
1812050 319
1812060 316
1812070 313
1812080 310
1812090 307
1812100 304
1812110 300
1812120 297
1812130 294
1812140 290
1812150 287
1812160 284
1812170 280
1812180 278
1812190 275
1812200 274
1812210 273
1812220 273
1812230 273
1812240 273
1812250 273
1812260 273
1812270 274
1812280 276
1812290 279
1812300 281
1812310 284
1812320 286
1812330 288
1812340 290
1812350 293
1812360 295
1812370 297
1812380 299
1812390 301
1812400 303
1812410 305
1812420 307
1812430 308
1812440 310
1812450 311
1812460 312
1812470 312
1812480 311
1812490 310
1812500 308
1812510 307
1812520 305
1812530 303
1812540 301
1812550 298
1812560 296
1812570 295
1812580 294
1812590 293
1812600 292
1812610 291
1812620 290
1812630 289
1812640 289
1812650 288
1812660 287
1812670 286
1812680 285
1812690 284
1812700 283
1812710 282
1812720 280
1812730 279
1812740 277
1812750 276
1812760 275
1812770 274
1812780 274
1812790 274
1812800 273
1812810 272
1812820 272
1812830 271
1812840 270
1812850 269
1812860 269
1812870 270
1812880 269
1812890 269
1812900 268
1812910 267
1812920 267
1812930 266
1812940 266
1812950 266
1812960 266
1812970 266
1812980 266
1812990 266
1813000 265
1813010 265
1813020 264
1813030 264
1813040 264
1813050 264
1813060 264
1813070 264
1813080 264
1813090 264
1813100 263
1813110 262
1813120 262
1813130 261
1813140 261
1813150 261
1813160 261
1813170 260
1813180 260
1813190 260
1813200 260
1813210 260
1813220 260
1813230 260
1813240 260
1813250 260
1813260 260
1813270 260
1813280 260
1813290 259
1813300 259
1813310 258
1813320 258
1813330 258
1813340 257
1813350 257
1813360 256
1813370 256
1813380 256
1813390 255
1813400 255
1813410 255
1813420 255
1813430 254
1813440 254
1813450 253
1813460 253
1813470 252
1813480 251
1813490 251
1813500 250
1813510 249
1813520 249
1813530 248
1813540 248
1813550 247
1813560 247
1813570 247
1813580 246
1813590 246
1813600 246
1813610 246
1813620 246
1813630 246
1813640 245
1813650 245
1813660 245
1813670 245
1813680 245
1813690 245
1813700 245
1813710 245
1813720 245
1813730 244
1813740 244
1813750 244
1813760 244
1813770 244
1813780 244
1813790 243
1813800 243
1813810 243
1813820 243
1813830 243
1813840 242
1813850 242
1813860 242
1813870 242
1813880 242
1813890 242
1813900 242
1813910 242
1813920 243
1813930 243
1813940 243
1813950 243
1813960 243
1813970 243
1813980 243
1813990 243
1814000 243
1814010 243
1814020 243
1814030 244
1814040 244
1814050 244
1814060 244
1814070 244
1814080 244
1814090 244
1814100 243
1814110 243
1814120 242
1814130 242
1814140 241
1814150 241
1814160 240
1814170 239
1814180 239
1814190 238
1814200 237
1814210 236
1814220 236
1814230 235
1814240 234
1814250 233
1814260 232
1814270 232
1814280 231
1814290 231
1814300 230
1814310 229
1814320 227
1814330 226
1814340 225
1814350 224
1814360 224
1814370 223
1814380 222
1814390 222
1814400 221
1814410 220
1814420 220
1814430 219
1814440 219
1814450 219
1814460 218
1814470 218
1814480 217
1814490 217
1814500 217
1814510 216
1814520 216
1814530 215
1814540 215
1814550 215
1814560 215
1814570 214
1814580 214
1814590 214
1814600 213
1814610 213
1814620 212
1814630 212
1814640 212
1814650 212
1814660 211
1814670 211
1814680 211
1814690 211
1814700 210
1814710 210
1814720 210
1814730 210
1814740 210
1814750 209
1814760 209
1814770 209
1814780 209
1814790 209
1814800 208
1814810 208
1814820 208
1814830 208
1814840 208
1814850 208
1814860 208
1814870 207
1814880 207
1814890 207
1814900 207
1814910 206
1814920 206
1814930 206
1814940 206
1814950 205
1814960 205
1814970 205
1814980 205
1814990 205
1815000 205
1815010 205
1815020 205
1815030 204
1815040 204
1815050 204
1815060 204
1815070 204
1815080 204
1815090 204
1815100 204
1815110 204
1815120 204
1815130 204
1815140 204
1815150 204
1815160 204
1815170 204
1815180 206
1815190 209
1815200 211
1815210 212
1815220 211
1815230 207
1815240 204
1815250 202
1815260 203
1815270 204
1815280 203
1815290 203
1815300 202
1815310 202
1815320 201
1815330 200
1815340 199
1815350 198
1815360 198
1815370 197
1815380 197
1815390 197
1815400 197
1815410 197
1815420 197
1815430 197
1815440 197
1815450 197
1815460 197
1815470 197
1815480 197
1815490 197
1815500 197
1815510 197
1815520 197
1815530 197
1815540 197
1815550 197
1815560 197
1815570 197
1815580 197
1815590 197
1815600 197
1815610 197
1815620 197
1815630 197
1815640 197
1815650 198
1815660 198
1815670 198
1815680 198
1815690 198
1815700 199
1815710 198
1815720 198
1815730 198
1815740 197
1815750 197
1815760 198
1815770 198
1815780 198
1815790 198
1815800 198
1815810 198
1815820 197
1815830 197
1815840 198
1815850 198
1815860 198
1815870 198
1815880 198
1815890 198
1815900 198
1815910 198
1815920 198
1815930 198
1815940 198
1815950 198
1815960 197
1815970 197
1815980 197
1815990 197
1816000 196
1816010 196
1816020 196
1816030 197
1816040 196
1816050 196
1816060 196
1816070 196
1816080 196
1816090 196
1816100 196
1816110 196
1816120 196
1816130 196
1816140 196
1816150 196
1816160 196
1816170 196
1816180 196
1816190 196
1816200 196
1816210 196
1816220 196
1816230 196
1816240 196
1816250 196
1816260 196
1816270 196
1816280 196
1816290 196
1816300 195
1816310 195
1816320 195
1816330 195
1816340 195
1816350 195
1816360 195
1816370 195
1816380 195
1816390 195
1816400 195
1816410 195
1816420 195
1816430 195
1816440 195
1816450 195
1816460 195
1816470 195
1816480 195
1816490 195
1816500 195
1816510 195
1816520 195
1816530 195
1816540 195
1816550 195
1816560 195
1816570 195
1816580 194
1816590 194
1816600 194
1816610 194
1816620 194
1816630 193
1816640 193
1816650 193
1816660 193
1816670 193
1816680 193
1816690 193
1816700 193
1816710 193
1816720 193
1816730 193
1816740 193
1816750 193
1816760 193
1816770 193
1816780 193
1816790 193
1816800 193
1816810 193
1816820 193
1816830 193
1816840 193
1816850 193
1816860 193
1816870 193
1816880 193
1816890 192
1816900 192
1816910 192
1816920 192
1816930 192
1816940 192
1816950 192
1816960 192
1816970 191
1816980 191
1816990 191
1817000 191
1817010 191
1817020 191
1817030 191
1817040 191
1817050 191
1817060 191
1817070 191
1817080 191
1817090 191
1817100 191
1817110 191
1817120 191
1817130 191
1817140 191
1817150 191
1817160 191
1817170 191
1817180 190
1817190 190
1817200 189
1817210 189
1817220 189
1817230 188
1817240 188
1817250 188
1817260 188
1817270 188
1817280 189
1817290 189
1817300 189
1817310 189
1817320 189
1817330 189
1817340 189
1817350 189
1817360 189
1817370 189
1817380 189
1817390 189
1817400 189
1817410 189
1817420 189
1817430 188
1817440 188
1817450 188
1817460 188
1817470 189
1817480 189
1817490 189
1817500 189
1817510 189
1817520 189
1817530 189
1817540 188
1817550 188
1817560 188
1817570 188
1817580 189
1817590 188
1817600 188
1817610 188
1817620 188
1817630 188
1817640 188
1817650 188
1817660 188
1817670 188
1817680 188
1817690 188
1817700 188
1817710 188
1817720 188
1817730 188
1817740 188
1817750 188
1817760 188
1817770 188
1817780 188
1817790 188
1817800 188
1817810 188
1817820 188
1817830 188
1817840 188
1817850 188
1817860 188
1817870 188
1817880 188
1817890 188
1817900 188
1817910 188
1817920 188
1817930 188
1817940 188
1817950 188
1817960 188
1817970 188
1817980 188
1817990 188
1818000 188
1818010 188
1818020 188
1818030 188
1818040 188
1818050 188
1818060 188
1818070 188
1818080 188
1818090 188
1818100 188
1818110 188
1818120 188
1818130 188
1818140 188
1818150 188
1818160 188
1818170 188
1818180 188
1818190 188
1818200 188
1818210 188
1818220 187
1818230 187
1818240 187
1818250 187
1818260 187
1818270 187
1818280 187
1818290 186
1818300 186
1818310 186
1818320 186
1818330 186
1818340 186
1818350 186
1818360 186
1818370 186
1818380 186
1818390 186
1818400 186
1818410 186
1818420 186
1818430 186
1818440 186
1818450 186
1818460 186
1818470 185
1818480 186
1818490 185
1818500 185
1818510 185
1818520 185
1818530 185
1818540 185
1818550 185
1818560 185
1818570 185
1818580 185
1818590 185
1818600 184
1818610 185
1818620 185
1818630 184
1818640 184
1818650 184
1818660 184
1818670 184
1818680 184
1818690 184
1818700 184
1818710 184
1818720 184
1818730 184
1818740 184
1818750 185
1818760 186
1818770 186
1818780 186
1818790 186
1818800 186
1818810 186
1818820 186
1818830 185
1818840 184
1818850 184
1818860 184
1818870 183
1818880 183
1818890 183
1818900 183
1818910 183
1818920 183
1818930 183
1818940 183
1818950 183
1818960 183
1818970 183
1818980 183
1818990 183
1819000 183
1819010 183
1819020 183
1819030 183
1819040 183
1819050 183
1819060 183
1819070 183
1819080 183
1819090 183
1819100 183
1819110 183
1819120 183
1819130 183
1819140 183
1819150 183
1819160 183
1819170 183
1819180 183
1819190 183
1819200 183
1819210 183
1819220 183
1819230 183
1819240 183
1819250 183
1819260 183
1819270 183
1819280 183
1819290 183
1819300 183
1819310 183
1819320 183
1819330 183
1819340 183
1819350 183
1819360 183
1819370 183
1819380 183
1819390 183
1819400 182
1819410 182
1819420 182
1819430 182
1819440 182
1819450 181
1819460 181
1819470 180
1819480 180
1819490 179
1819500 179
1819510 179
1819520 180
1819530 181
1819540 182
1819550 182
1819560 183
1819570 182
1819580 182
1819590 181
1819600 181
1819610 182
1819620 182
1819630 183
1819640 183
1819650 183
1819660 183
1819670 185
1819680 186
1819690 186
1819700 184
1819710 182
1819720 181
1819730 181
1819740 181
1819750 181
1819760 181
1819770 181
1819780 181
1819790 181
1819800 181
1819810 181
1819820 181
1819830 181
1819840 181
1819850 181
1819860 181
1819870 181
1819880 181
1819890 181
1819900 181
1819910 180
1819920 180
1819930 180
1819940 180
1819950 180
1819960 180
1819970 180
1819980 180
1819990 180
