1800000 348
1800010 348
1800020 349
1800030 349
1800040 349
1800050 350
1800060 350
1800070 350
1800080 349
1800090 348
1800100 347
1800110 347
1800120 347
1800130 346
1800140 346
1800150 346
1800160 346
1800170 346
1800180 346
1800190 347
1800200 347
1800210 347
1800220 348
1800230 348
1800240 348
1800250 349
1800260 349
1800270 349
1800280 350
1800290 351
1800300 351
1800310 352
1800320 353
1800330 353
1800340 353
1800350 354
1800360 354
1800370 355
1800380 356
1800390 356
1800400 357
1800410 357
1800420 358
1800430 359
1800440 360
1800450 360
1800460 361
1800470 362
1800480 363
1800490 364
1800500 365
1800510 366
1800520 368
1800530 369
1800540 370
1800550 371
1800560 372
1800570 374
1800580 375
1800590 376
1800600 377
1800610 378
1800620 379
1800630 380
1800640 381
1800650 381
1800660 382
1800670 383
1800680 383
1800690 384
1800700 384
1800710 384
1800720 385
1800730 385
1800740 385
1800750 385
1800760 386
1800770 386
1800780 386
1800790 386
1800800 386
1800810 386
1800820 386
1800830 387
1800840 387
1800850 387
1800860 387
1800870 387
1800880 388
1800890 388
1800900 388
1800910 388
1800920 388
1800930 389
1800940 389
1800950 389
1800960 389
1800970 389
1800980 389
1800990 389
1801000 389
1801010 390
1801020 390
1801030 390
1801040 390
1801050 390
1801060 391
1801070 391
1801080 391
1801090 391
1801100 391
1801110 392
1801120 392
1801130 392
1801140 392
1801150 393
1801160 393
1801170 393
1801180 393
1801190 394
1801200 394
1801210 394
1801220 395
1801230 395
1801240 395
1801250 395
1801260 396
1801270 396
1801280 396
1801290 396
1801300 397
1801310 397
1801320 397
1801330 397
1801340 397
1801350 397
1801360 398
1801370 398
1801380 398
1801390 398
1801400 398
1801410 398
1801420 397
1801430 397
1801440 397
1801450 397
1801460 396
1801470 396
1801480 396
1801490 395
1801500 395
1801510 394
1801520 394
1801530 393
1801540 392
1801550 392
1801560 391
1801570 390
1801580 390
1801590 389
1801600 388
1801610 388
1801620 387
1801630 386
1801640 386
1801650 385
1801660 384
1801670 384
1801680 383
1801690 382
1801700 381
1801710 380
1801720 380
1801730 379
1801740 378
1801750 377
1801760 375
1801770 374
1801780 373
1801790 371
1801800 369
1801810 367
1801820 365
1801830 364
1801840 363
1801850 361
1801860 360
1801870 360
1801880 359
1801890 359
1801900 358
1801910 358
1801920 357
1801930 357
1801940 356
1801950 355
1801960 355
1801970 354
1801980 354
1801990 354
1802000 353
1802010 352
1802020 352
1802030 351
1802040 351
1802050 350
1802060 350
1802070 349
1802080 349
1802090 349
1802100 349
1802110 349
1802120 348
1802130 348
1802140 348
1802150 348
1802160 348
1802170 348
1802180 348
1802190 347
1802200 347
1802210 347
1802220 347
1802230 347
1802240 347
1802250 347
1802260 347
1802270 347
1802280 347
1802290 346
1802300 346
1802310 347
1802320 346
1802330 346
1802340 346
1802350 346
1802360 346
1802370 346
1802380 345
1802390 345
1802400 345
1802410 344
1802420 344
1802430 343
1802440 343
1802450 343
1802460 342
1802470 342
1802480 342
1802490 342
1802500 341
1802510 341
1802520 341
1802530 340
1802540 340
1802550 340
1802560 339
1802570 339
1802580 338
1802590 338
1802600 337
1802610 336
1802620 336
1802630 335
1802640 335
1802650 334
1802660 333
1802670 333
1802680 332
1802690 332
1802700 331
1802710 331
1802720 331
1802730 330
1802740 330
1802750 329
1802760 329
1802770 328
1802780 327
1802790 327
1802800 326
1802810 326
1802820 326
1802830 325
1802840 324
1802850 324
1802860 323
1802870 323
1802880 323
1802890 322
1802900 322
1802910 322
1802920 322
1802930 321
1802940 321
1802950 321
1802960 321
1802970 321
1802980 320
1802990 320
1803000 320
1803010 320
1803020 320
1803030 321
1803040 321
1803050 321
1803060 321
1803070 320
1803080 320
1803090 320
1803100 320
1803110 320
1803120 320
1803130 320
1803140 319
1803150 319
1803160 319
1803170 319
1803180 318
1803190 318
1803200 318
1803210 318
1803220 318
1803230 318
1803240 318
1803250 317
1803260 317
1803270 317
1803280 317
1803290 317
1803300 316
1803310 316
1803320 316
1803330 316
1803340 315
1803350 315
1803360 315
1803370 315
1803380 314
1803390 314
1803400 314
1803410 314
1803420 314
1803430 314
1803440 314
1803450 314
1803460 314
1803470 314
1803480 314
1803490 314
1803500 314
1803510 314
1803520 314
1803530 314
1803540 315
1803550 315
1803560 315
1803570 315
1803580 316
1803590 316
1803600 316
1803610 317
1803620 317
1803630 317
1803640 317
1803650 317
1803660 317
1803670 318
1803680 318
1803690 318
1803700 319
1803710 319
1803720 319
1803730 319
1803740 320
1803750 320
1803760 320
1803770 320
1803780 321
1803790 321
1803800 322
1803810 322
1803820 323
1803830 323
1803840 324
1803850 324
1803860 324
1803870 325
1803880 325
1803890 326
1803900 326
1803910 327
1803920 328
1803930 329
1803940 329
1803950 329
1803960 330
1803970 330
1803980 330
1803990 330
1804000 330
1804010 330
1804020 330
1804030 330
1804040 330
1804050 330
1804060 331
1804070 331
1804080 331
1804090 332
1804100 332
1804110 332
1804120 331
1804130 331
1804140 331
1804150 331
1804160 330
1804170 330
1804180 330
1804190 330
1804200 330
1804210 330
1804220 330
1804230 330
1804240 330
1804250 329
1804260 329
1804270 329
1804280 329
1804290 328
1804300 328
1804310 328
1804320 327
1804330 327
1804340 327
1804350 326
1804360 326
1804370 326
1804380 325
1804390 324
1804400 323
1804410 322
1804420 320
1804430 319
1804440 318
1804450 317
1804460 316
1804470 314
1804480 313
1804490 312
1804500 311
1804510 311
1804520 311
1804530 312
1804540 312
1804550 312
1804560 311
1804570 311
1804580 310
1804590 310
1804600 309
1804610 307
1804620 306
1804630 306
1804640 305
1804650 305
1804660 304
1804670 304
1804680 304
1804690 303
1804700 303
1804710 303
1804720 303
1804730 303
1804740 304
1804750 304
1804760 305
1804770 305
1804780 306
1804790 307
1804800 307
1804810 308
1804820 307
1804830 307
1804840 307
1804850 306
1804860 305
1804870 304
1804880 304
1804890 303
1804900 303
1804910 303
1804920 304
1804930 307
1804940 311
1804950 316
1804960 319
1804970 321
1804980 323
1804990 324
1805000 326
1805010 329
1805020 331
1805030 331
1805040 333
1805050 335
1805060 338
1805070 340
1805080 342
1805090 347
1805100 351
1805110 354
1805120 356
1805130 356
1805140 356
1805150 355
1805160 353
1805170 350
1805180 346
1805190 342
1805200 338
1805210 333
1805220 329
1805230 325
1805240 321
1805250 317
1805260 314
1805270 310
1805280 306
1805290 302
1805300 298
1805310 294
1805320 291
1805330 289
1805340 288
1805350 288
1805360 288
1805370 287
1805380 286
1805390 288
1805400 288
1805410 289
1805420 290
1805430 291
1805440 294
1805450 297
1805460 301
1805470 304
1805480 308
1805490 312
1805500 316
1805510 319
1805520 323
1805530 327
1805540 331
1805550 335
1805560 339
1805570 343
1805580 347
1805590 351
1805600 355
1805610 359
1805620 363
1805630 367
1805640 371
1805650 374
1805660 378
1805670 381
1805680 384
1805690 387
1805700 390
1805710 392
1805720 394
1805730 397
1805740 400
1805750 403
1805760 406
1805770 408
1805780 411
1805790 414
1805800 417
1805810 419
1805820 420
1805830 421
1805840 421
1805850 421
1805860 421
1805870 421
1805880 422
1805890 422
1805900 422
1805910 422
1805920 422
1805930 422
1805940 422
1805950 423
1805960 423
1805970 423
1805980 423
1805990 423
1806000 423
1806010 422
1806020 421
1806030 420
1806040 419
1806050 418
1806060 417
1806070 416
1806080 415
1806090 415
1806100 416
1806110 416
1806120 416
1806130 416
1806140 416
1806150 415
1806160 414
1806170 413
1806180 411
1806190 410
1806200 408
1806210 407
1806220 405
1806230 402
1806240 400
1806250 398
1806260 395
1806270 392
1806280 389
1806290 386
1806300 383
1806310 381
1806320 378
1806330 376
1806340 374
1806350 372
1806360 369
1806370 367
1806380 365
1806390 362
1806400 360
1806410 358
1806420 356
1806430 354
1806440 352
1806450 350
1806460 348
1806470 346
1806480 343
1806490 341
1806500 338
1806510 336
1806520 334
1806530 332
1806540 330
1806550 328
1806560 327
1806570 326
1806580 327
1806590 329
1806600 331
1806610 333
1806620 336
1806630 339
1806640 341
1806650 344
1806660 347
1806670 350
1806680 353
1806690 356
1806700 358
1806710 361
1806720 364
1806730 367
1806740 369
1806750 372
1806760 374
1806770 376
1806780 379
1806790 381
1806800 383
1806810 384
1806820 386
1806830 387
1806840 387
1806850 386
1806860 384
1806870 381
1806880 378
1806890 376
1806900 373
1806910 371
1806920 369
1806930 368
1806940 367
1806950 367
1806960 369
1806970 371
1806980 374
1806990 376
1807000 379
1807010 381
1807020 384
1807030 387
1807040 390
1807050 393
1807060 396
1807070 399
1807080 401
1807090 404
1807100 406
1807110 408
1807120 410
1807130 412
1807140 414
1807150 415
1807160 417
1807170 418
1807180 419
1807190 420
1807200 420
1807210 419
1807220 419
1807230 418
1807240 418
1807250 417
1807260 416
1807270 414
1807280 413
1807290 412
1807300 411
1807310 411
1807320 410
1807330 409
1807340 409
1807350 409
1807360 408
1807370 408
1807380 408
1807390 408
1807400 408
1807410 408
1807420 408
1807430 408
1807440 408
1807450 408
1807460 408
1807470 408
1807480 408
1807490 408
1807500 407
1807510 407
1807520 406
1807530 406
1807540 404
1807550 402
1807560 398
1807570 393
1807580 389
1807590 385
1807600 381
1807610 378
1807620 375
1807630 372
1807640 369
1807650 366
1807660 364
1807670 361
1807680 358
1807690 355
1807700 352
1807710 349
1807720 347
1807730 344
1807740 342
1807750 340
1807760 338
1807770 336
1807780 334
1807790 332
1807800 331
1807810 329
1807820 328
1807830 327
1807840 328
1807850 330
1807860 331
1807870 333
1807880 336
1807890 339
1807900 342
1807910 346
1807920 350
1807930 353
1807940 357
1807950 361
1807960 365
1807970 369
1807980 374
1807990 377
1808000 380
1808010 382
1808020 382
1808030 382
1808040 384
1808050 386
1808060 389
1808070 391
1808080 393
1808090 395
1808100 397
1808110 399
1808120 401
1808130 403
1808140 405
1808150 407
1808160 408
1808170 410
1808180 410
1808190 410
1808200 409
1808210 409
1808220 408
1808230 409
1808240 409
1808250 410
1808260 411
1808270 411
1808280 411
1808290 412
1808300 412
1808310 412
1808320 413
1808330 413
1808340 412
1808350 410
1808360 407
1808370 404
1808380 401
1808390 399
1808400 397
1808410 396
1808420 397
1808430 399
1808440 401
1808450 404
1808460 407
1808470 410
1808480 413
1808490 416
1808500 418
1808510 421
1808520 424
1808530 426
1808540 428
1808550 430
1808560 432
1808570 433
1808580 435
1808590 436
1808600 437
1808610 438
1808620 439
1808630 441
1808640 442
1808650 444
1808660 445
1808670 447
1808680 449
1808690 450
1808700 452
1808710 453
1808720 455
1808730 456
1808740 457
1808750 458
1808760 459
1808770 459
1808780 460
1808790 460
1808800 460
1808810 461
1808820 462
1808830 463
1808840 464
1808850 464
1808860 464
1808870 464
1808880 463
1808890 463
1808900 462
1808910 461
1808920 461
1808930 460
1808940 460
1808950 459
1808960 459
1808970 458
1808980 458
1808990 457
1809000 457
1809010 457
1809020 456
1809030 456
1809040 456
1809050 455
1809060 455
1809070 455
1809080 455
1809090 455
1809100 455
1809110 456
1809120 456
1809130 457
1809140 457
1809150 457
1809160 457
1809170 456
1809180 456
1809190 455
1809200 454
1809210 454
1809220 453
1809230 453
1809240 453
1809250 452
1809260 452
1809270 451
1809280 451
1809290 451
1809300 450
1809310 450
1809320 450
1809330 450
1809340 450
1809350 451
1809360 451
1809370 451
1809380 452
1809390 453
1809400 453
1809410 453
1809420 453
1809430 452
1809440 452
1809450 451
1809460 451
1809470 451
1809480 451
1809490 451
1809500 451
1809510 451
1809520 451
1809530 451
1809540 451
1809550 451
1809560 451
1809570 451
1809580 451
1809590 450
1809600 450
1809610 449
1809620 449
1809630 448
1809640 447
1809650 445
1809660 444
1809670 442
1809680 441
1809690 440
1809700 439
1809710 438
1809720 438
1809730 440
1809740 443
1809750 446
1809760 449
1809770 453
1809780 457
1809790 460
1809800 464
1809810 468
1809820 471
1809830 475
1809840 478
1809850 481
1809860 482
1809870 483
1809880 483
1809890 483
1809900 482
1809910 480
1809920 478
1809930 476
1809940 474
1809950 473
1809960 471
1809970 470
1809980 468
1809990 465
1810000 463
1810010 460
1810020 456
1810030 453
1810040 449
1810050 446
1810060 442
1810070 439
1810080 435
1810090 432
1810100 429
1810110 427
1810120 425
1810130 424
1810140 423
1810150 422
1810160 422
1810170 422
1810180 422
1810190 423
1810200 423
1810210 424
1810220 424
1810230 425
1810240 425
1810250 426
1810260 427
1810270 428
1810280 429
1810290 429
1810300 430
1810310 430
1810320 431
1810330 431
1810340 431
1810350 431
1810360 431
1810370 431
1810380 431
1810390 431
1810400 431
1810410 431
1810420 431
1810430 431
1810440 431
1810450 431
1810460 431
1810470 431
1810480 430
1810490 430
1810500 429
1810510 429
1810520 429
1810530 429
1810540 428
1810550 428
1810560 427
1810570 427
1810580 426
1810590 425
1810600 425
1810610 424
1810620 424
1810630 424
1810640 423
1810650 423
1810660 422
1810670 421
1810680 420
1810690 419
1810700 420
1810710 420
1810720 421
1810730 421
1810740 422
1810750 422
1810760 421
1810770 421
1810780 421
1810790 421
1810800 421
1810810 421
1810820 420
1810830 420
1810840 420
1810850 420
1810860 420
1810870 419
1810880 419
1810890 418
1810900 418
1810910 418
1810920 418
1810930 418
1810940 418
1810950 419
1810960 420
1810970 420
1810980 421
1810990 422
1811000 422
1811010 422
1811020 423
1811030 423
1811040 422
1811050 422
1811060 421
1811070 421
1811080 420
1811090 419
1811100 419
1811110 418
1811120 417
1811130 415
1811140 414
1811150 412
1811160 410
1811170 408
1811180 405
1811190 404
1811200 402
1811210 401
1811220 400
1811230 399
1811240 398
1811250 397
1811260 396
1811270 395
1811280 394
1811290 393
1811300 392
1811310 391
1811320 390
1811330 389
1811340 388
1811350 387
1811360 386
1811370 385
1811380 384
1811390 383
1811400 382
1811410 381
1811420 380
1811430 380
1811440 379
1811450 378
1811460 377
1811470 377
1811480 376
1811490 375
1811500 375
1811510 374
1811520 373
1811530 372
1811540 372
1811550 371
1811560 370
1811570 369
1811580 368
1811590 368
1811600 367
1811610 366
1811620 366
1811630 365
1811640 365
1811650 364
1811660 363
1811670 361
1811680 359
1811690 357
1811700 353
1811710 350
1811720 346
1811730 342
1811740 338
1811750 335
1811760 335
1811770 336
1811780 338
1811790 341
1811800 343
1811810 346
1811820 349
1811830 352
1811840 354
1811850 356
1811860 358
1811870 359
1811880 359
1811890 358
1811900 358
1811910 356
1811920 355
1811930 353
1811940 351
1811950 349
1811960 347
1811970 345
1811980 342
1811990 339
1812000 335
1812010 332
1812020 328
1812030 324
1812040 320
1812050 316
1812060 312
1812070 309
1812080 305
1812090 301
1812100 297
1812110 294
1812120 290
1812130 286
1812140 283
1812150 280
1812160 278
1812170 276
1812180 275
1812190 274
1812200 274
1812210 274
1812220 275
1812230 277
1812240 280
1812250 283
1812260 285
1812270 288
1812280 291
1812290 294
1812300 296
1812310 298
1812320 300
1812330 303
1812340 305
1812350 307
1812360 308
1812370 309
1812380 310
1812390 312
1812400 315
1812410 317
1812420 317
1812430 317
1812440 317
1812450 318
1812460 318
1812470 317
1812480 317
1812490 316
1812500 315
1812510 314
1812520 313
1812530 312
1812540 309
1812550 307
1812560 306
1812570 305
1812580 304
1812590 302
1812600 299
1812610 298
1812620 298
1812630 297
1812640 296
1812650 296
1812660 296
1812670 296
1812680 296
1812690 296
1812700 295
1812710 293
1812720 291
1812730 289
1812740 288
1812750 286
1812760 284
1812770 282
1812780 280
1812790 279
1812800 278
1812810 277
1812820 277
1812830 276
1812840 276
1812850 275
1812860 275
1812870 274
1812880 274
1812890 273
1812900 272
1812910 271
1812920 270
1812930 271
1812940 271
1812950 271
1812960 271
1812970 270
1812980 270
1812990 271
1813000 270
1813010 270
1813020 271
1813030 270
1813040 270
1813050 269
1813060 269
1813070 269
1813080 268
1813090 268
1813100 267
1813110 267
1813120 266
1813130 265
1813140 265
1813150 265
1813160 265
1813170 265
1813180 265
1813190 264
1813200 264
1813210 264
1813220 263
1813230 263
1813240 263
1813250 263
1813260 263
1813270 262
1813280 262
1813290 262
1813300 262
1813310 262
1813320 261
1813330 261
1813340 261
1813350 261
1813360 260
1813370 260
1813380 259
1813390 259
1813400 258
1813410 258
1813420 258
1813430 257
1813440 257
1813450 257
1813460 256
1813470 256
1813480 255
1813490 255
1813500 254
1813510 251
1813520 249
1813530 248
1813540 248
1813550 248
1813560 248
1813570 248
1813580 248
1813590 248
1813600 248
1813610 248
1813620 248
1813630 247
1813640 247
1813650 246
1813660 246
1813670 246
1813680 246
1813690 246
1813700 246
1813710 245
1813720 245
1813730 245
1813740 245
1813750 245
1813760 244
1813770 244
1813780 244
1813790 244
1813800 244
1813810 243
1813820 243
1813830 242
1813840 242
1813850 242
1813860 242
1813870 243
1813880 244
1813890 246
1813900 248
1813910 249
1813920 249
1813930 249
1813940 249
1813950 250
1813960 250
1813970 250
1813980 251
1813990 251
1814000 252
1814010 252
1814020 252
1814030 252
1814040 252
1814050 251
1814060 251
1814070 251
1814080 250
1814090 250
1814100 249
1814110 248
1814120 248
1814130 247
1814140 247
1814150 246
1814160 245
1814170 244
1814180 244
1814190 243
1814200 242
1814210 241
1814220 240
1814230 239
1814240 237
1814250 236
1814260 235
1814270 234
1814280 233
1814290 233
1814300 232
1814310 232
1814320 232
1814330 231
1814340 230
1814350 228
1814360 227
1814370 225
1814380 225
1814390 224
1814400 224
1814410 223
1814420 223
1814430 223
1814440 222
1814450 222
1814460 221
1814470 221
1814480 221
1814490 220
1814500 220
1814510 219
1814520 219
1814530 219
1814540 218
1814550 218
1814560 217
1814570 217
1814580 216
1814590 216
1814600 215
1814610 215
1814620 214
1814630 214
1814640 214
1814650 213
1814660 213
1814670 213
1814680 212
1814690 212
1814700 212
1814710 212
1814720 211
1814730 211
1814740 211
1814750 211
1814760 210
1814770 210
1814780 210
1814790 210
1814800 210
1814810 209
1814820 209
1814830 209
1814840 209
1814850 209
1814860 208
1814870 208
1814880 208
1814890 208
1814900 208
1814910 208
1814920 207
1814930 207
1814940 207
1814950 207
1814960 207
1814970 206
1814980 206
1814990 206
1815000 206
1815010 206
1815020 206
1815030 205
1815040 205
1815050 205
1815060 205
1815070 205
1815080 204
1815090 204
1815100 204
1815110 204
1815120 204
1815130 204
1815140 204
1815150 204
1815160 204
1815170 204
1815180 204
1815190 205
1815200 207
1815210 210
1815220 213
1815230 212
1815240 209
1815250 205
1815260 203
1815270 202
1815280 202
1815290 201
1815300 200
1815310 200
1815320 200
1815330 200
1815340 200
1815350 200
1815360 200
1815370 200
1815380 200
1815390 200
1815400 200
1815410 200
1815420 200
1815430 200
1815440 200
1815450 199
1815460 199
1815470 198
1815480 198
1815490 197
1815500 197
1815510 197
1815520 197
1815530 197
1815540 197
1815550 197
1815560 197
1815570 198
1815580 198
1815590 198
1815600 198
1815610 198
1815620 198
1815630 198
1815640 198
1815650 198
1815660 198
1815670 198
1815680 198
1815690 198
1815700 198
1815710 197
1815720 197
1815730 197
1815740 198
1815750 198
1815760 198
1815770 197
1815780 197
1815790 197
1815800 197
1815810 197
1815820 197
1815830 197
1815840 197
1815850 197
1815860 197
1815870 198
1815880 198
1815890 198
1815900 198
1815910 198
1815920 198
1815930 198
1815940 198
1815950 198
1815960 197
1815970 197
1815980 197
1815990 197
1816000 197
1816010 197
1816020 197
1816030 197
1816040 197
1816050 197
1816060 197
1816070 196
1816080 196
1816090 196
1816100 196
1816110 196
1816120 197
1816130 197
1816140 197
1816150 197
1816160 197
1816170 197
1816180 196
1816190 196
1816200 196
1816210 196
1816220 195
1816230 195
1816240 194
1816250 194
1816260 194
1816270 194
1816280 194
1816290 194
1816300 194
1816310 194
1816320 194
1816330 194
1816340 194
1816350 194
1816360 194
1816370 194
1816380 194
1816390 194
1816400 194
1816410 194
1816420 194
1816430 194
1816440 194
1816450 194
1816460 194
1816470 194
1816480 194
1816490 193
1816500 193
1816510 193
1816520 193
1816530 193
1816540 193
1816550 193
1816560 193
1816570 193
1816580 193
1816590 193
1816600 193
1816610 193
1816620 193
1816630 193
1816640 193
1816650 193
1816660 193
1816670 193
1816680 193
1816690 193
1816700 193
1816710 193
1816720 193
1816730 193
1816740 193
1816750 193
1816760 193
1816770 193
1816780 193
1816790 193
1816800 193
1816810 193
1816820 193
1816830 193
1816840 193
1816850 193
1816860 193
1816870 193
1816880 193
1816890 193
1816900 193
1816910 193
1816920 193
1816930 193
1816940 192
1816950 192
1816960 192
1816970 192
1816980 192
1816990 192
1817000 192
1817010 192
1817020 191
1817030 191
1817040 191
1817050 191
1817060 191
1817070 191
1817080 191
1817090 191
1817100 191
1817110 191
1817120 191
1817130 191
1817140 191
1817150 191
1817160 191
1817170 191
1817180 191
1817190 191
1817200 191
1817210 191
1817220 191
1817230 191
1817240 190
1817250 190
1817260 189
1817270 189
1817280 189
1817290 189
1817300 189
1817310 189
1817320 188
1817330 188
1817340 188
1817350 188
1817360 188
1817370 188
1817380 188
1817390 188
1817400 188
1817410 188
1817420 188
1817430 188
1817440 188
1817450 189
1817460 189
1817470 189
1817480 189
1817490 189
1817500 188
1817510 188
1817520 188
1817530 188
1817540 188
1817550 188
1817560 188
1817570 188
1817580 188
1817590 188
1817600 188
1817610 188
1817620 188
1817630 188
1817640 188
1817650 188
1817660 188
1817670 188
1817680 188
1817690 188
1817700 188
1817710 188
1817720 188
1817730 188
1817740 188
1817750 188
1817760 188
1817770 188
1817780 188
1817790 188
1817800 188
1817810 188
1817820 188
1817830 188
1817840 188
1817850 188
1817860 188
1817870 187
1817880 187
1817890 187
1817900 187
1817910 187
1817920 187
1817930 188
1817940 188
1817950 188
1817960 188
1817970 188
1817980 188
1817990 188
1818000 188
1818010 188
1818020 188
1818030 187
1818040 188
1818050 188
1818060 188
1818070 188
1818080 188
1818090 188
1818100 188
1818110 188
1818120 188
1818130 188
1818140 188
1818150 188
1818160 188
1818170 188
1818180 187
1818190 187
1818200 187
1818210 187
1818220 187
1818230 187
1818240 187
1818250 187
1818260 187
1818270 186
1818280 186
1818290 186
1818300 186
1818310 186
1818320 186
1818330 186
1818340 186
1818350 186
1818360 186
1818370 186
1818380 186
1818390 186
1818400 186
1818410 186
1818420 186
1818430 186
1818440 185
1818450 185
1818460 185
1818470 185
1818480 185
1818490 185
1818500 185
1818510 185
1818520 185
1818530 185
1818540 185
1818550 185
1818560 185
1818570 185
1818580 185
1818590 185
1818600 185
1818610 184
1818620 185
1818630 185
1818640 185
1818650 185
1818660 184
1818670 184
1818680 184
1818690 184
1818700 184
1818710 184
1818720 184
1818730 184
1818740 184
1818750 184
1818760 185
1818770 186
1818780 186
1818790 186
1818800 186
1818810 186
1818820 186
1818830 185
1818840 184
1818850 184
1818860 183
1818870 183
1818880 183
1818890 183
1818900 183
1818910 183
1818920 183
1818930 183
1818940 183
1818950 183
1818960 183
1818970 183
1818980 183
1818990 183
1819000 183
1819010 183
1819020 183
1819030 183
1819040 183
1819050 183
1819060 183
1819070 183
1819080 183
1819090 183
1819100 183
1819110 183
1819120 183
1819130 183
1819140 182
1819150 182
1819160 182
1819170 182
1819180 182
1819190 182
1819200 182
1819210 182
1819220 182
1819230 182
1819240 182
1819250 182
1819260 182
1819270 182
1819280 182
1819290 182
1819300 182
1819310 182
1819320 182
1819330 182
1819340 182
1819350 182
1819360 182
1819370 182
1819380 182
1819390 182
1819400 182
1819410 182
1819420 182
1819430 182
1819440 182
1819450 182
1819460 182
1819470 182
1819480 182
1819490 182
1819500 183
1819510 183
1819520 183
1819530 183
1819540 182
1819550 181
1819560 181
1819570 181
1819580 182
1819590 183
1819600 183
1819610 183
1819620 183
1819630 184
1819640 186
1819650 187
1819660 186
1819670 183
1819680 182
1819690 181
1819700 181
1819710 181
1819720 181
1819730 181
1819740 181
1819750 181
1819760 181
1819770 181
1819780 180
1819790 180
1819800 180
1819810 180
1819820 180
1819830 180
1819840 180
1819850 180
1819860 180
1819870 180
1819880 180
1819890 180
1819900 180
1819910 180
1819920 180
1819930 180
1819940 180
1819950 180
1819960 180
1819970 180
1819980 180
1819990 180
