1800000 348
1800010 349
1800020 350
1800030 352
1800040 353
1800050 354
1800060 356
1800070 355
1800080 353
1800090 350
1800100 348
1800110 347
1800120 347
1800130 347
1800140 347
1800150 347
1800160 347
1800170 347
1800180 347
1800190 347
1800200 348
1800210 348
1800220 348
1800230 348
1800240 348
1800250 348
1800260 349
1800270 349
1800280 350
1800290 350
1800300 351
1800310 351
1800320 352
1800330 353
1800340 353
1800350 354
1800360 354
1800370 355
1800380 355
1800390 356
1800400 356
1800410 357
1800420 358
1800430 358
1800440 359
1800450 360
1800460 360
1800470 361
1800480 362
1800490 363
1800500 364
1800510 365
1800520 366
1800530 367
1800540 368
1800550 369
1800560 371
1800570 372
1800580 373
1800590 374
1800600 376
1800610 377
1800620 378
1800630 379
1800640 380
1800650 381
1800660 381
1800670 382
1800680 383
1800690 383
1800700 384
1800710 384
1800720 385
1800730 385
1800740 385
1800750 385
1800760 385
1800770 385
1800780 385
1800790 386
1800800 386
1800810 386
1800820 386
1800830 386
1800840 386
1800850 386
1800860 387
1800870 387
1800880 387
1800890 388
1800900 388
1800910 388
1800920 388
1800930 388
1800940 388
1800950 388
1800960 389
1800970 389
1800980 389
1800990 389
1801000 389
1801010 389
1801020 389
1801030 389
1801040 389
1801050 389
1801060 390
1801070 390
1801080 390
1801090 390
1801100 390
1801110 391
1801120 391
1801130 391
1801140 391
1801150 391
1801160 392
1801170 392
1801180 392
1801190 393
1801200 393
1801210 393
1801220 394
1801230 394
1801240 394
1801250 395
1801260 395
1801270 395
1801280 395
1801290 396
1801300 396
1801310 396
1801320 396
1801330 397
1801340 397
1801350 397
1801360 397
1801370 397
1801380 397
1801390 397
1801400 397
1801410 397
1801420 397
1801430 396
1801440 396
1801450 396
1801460 395
1801470 395
1801480 394
1801490 394
1801500 393
1801510 393
1801520 392
1801530 391
1801540 391
1801550 390
1801560 389
1801570 389
1801580 388
1801590 387
1801600 386
1801610 386
1801620 385
1801630 384
1801640 384
1801650 383
1801660 382
1801670 382
1801680 381
1801690 380
1801700 380
1801710 379
1801720 378
1801730 377
1801740 376
1801750 375
1801760 374
1801770 372
1801780 371
1801790 369
1801800 367
1801810 365
1801820 364
1801830 362
1801840 361
1801850 360
1801860 359
1801870 358
1801880 357
1801890 357
1801900 356
1801910 356
1801920 355
1801930 355
1801940 354
1801950 353
1801960 353
1801970 352
1801980 351
1801990 351
1802000 351
1802010 350
1802020 350
1802030 349
1802040 349
1802050 349
1802060 348
1802070 348
1802080 348
1802090 348
1802100 347
1802110 347
1802120 347
1802130 347
1802140 347
1802150 346
1802160 346
1802170 346
1802180 346
1802190 346
1802200 346
1802210 345
1802220 345
1802230 345
1802240 345
1802250 345
1802260 345
1802270 345
1802280 345
1802290 345
1802300 344
1802310 344
1802320 344
1802330 344
1802340 343
1802350 343
1802360 343
1802370 343
1802380 342
1802390 342
1802400 342
1802410 341
1802420 341
1802430 341
1802440 340
1802450 340
1802460 340
1802470 339
1802480 339
1802490 339
1802500 338
1802510 338
1802520 338
1802530 337
1802540 337
1802550 337
1802560 336
1802570 335
1802580 335
1802590 334
1802600 334
1802610 333
1802620 333
1802630 332
1802640 332
1802650 331
1802660 331
1802670 330
1802680 330
1802690 330
1802700 329
1802710 329
1802720 328
1802730 328
1802740 327
1802750 326
1802760 326
1802770 326
1802780 325
1802790 325
1802800 324
1802810 324
1802820 324
1802830 324
1802840 323
1802850 323
1802860 322
1802870 322
1802880 322
1802890 322
1802900 322
1802910 322
1802920 321
1802930 321
1802940 321
1802950 321
1802960 321
1802970 321
1802980 321
1802990 321
1803000 321
1803010 321
1803020 321
1803030 322
1803040 322
1803050 322
1803060 321
1803070 321
1803080 321
1803090 321
1803100 320
1803110 320
1803120 320
1803130 320
1803140 320
1803150 320
1803160 319
1803170 319
1803180 319
1803190 318
1803200 318
1803210 318
1803220 318
1803230 318
1803240 318
1803250 318
1803260 318
1803270 317
1803280 317
1803290 317
1803300 317
1803310 317
1803320 316
1803330 316
1803340 316
1803350 316
1803360 316
1803370 316
1803380 316
1803390 316
1803400 316
1803410 316
1803420 316
1803430 316
1803440 316
1803450 316
1803460 317
1803470 317
1803480 317
1803490 318
1803500 318
1803510 319
1803520 319
1803530 320
1803540 320
1803550 321
1803560 321
1803570 322
1803580 322
1803590 323
1803600 323
1803610 323
1803620 324
1803630 324
1803640 324
1803650 324
1803660 325
1803670 325
1803680 325
1803690 325
1803700 325
1803710 326
1803720 326
1803730 326
1803740 326
1803750 326
1803760 326
1803770 326
1803780 327
1803790 327
1803800 327
1803810 328
1803820 328
1803830 329
1803840 329
1803850 330
1803860 331
1803870 331
1803880 332
1803890 332
1803900 333
1803910 333
1803920 334
1803930 335
1803940 335
1803950 335
1803960 336
1803970 336
1803980 336
1803990 336
1804000 336
1804010 336
1804020 336
1804030 336
1804040 336
1804050 336
1804060 336
1804070 336
1804080 337
1804090 337
1804100 337
1804110 337
1804120 337
1804130 337
1804140 336
1804150 336
1804160 336
1804170 336
1804180 336
1804190 336
1804200 336
1804210 336
1804220 336
1804230 336
1804240 336
1804250 336
1804260 335
1804270 335
1804280 335
1804290 335
1804300 335
1804310 335
1804320 335
1804330 334
1804340 334
1804350 334
1804360 334
1804370 333
1804380 333
1804390 332
1804400 331
1804410 330
1804420 328
1804430 327
1804440 326
1804450 324
1804460 323
1804470 321
1804480 319
1804490 317
1804500 317
1804510 318
1804520 319
1804530 319
1804540 320
1804550 320
1804560 320
1804570 320
1804580 319
1804590 319
1804600 317
1804610 316
1804620 314
1804630 313
1804640 314
1804650 314
1804660 314
1804670 313
1804680 312
1804690 311
1804700 311
1804710 310
1804720 310
1804730 310
1804740 310
1804750 311
1804760 312
1804770 313
1804780 313
1804790 314
1804800 314
1804810 315
1804820 315
1804830 316
1804840 316
1804850 315
1804860 312
1804870 308
1804880 305
1804890 304
1804900 303
1804910 304
1804920 305
1804930 308
1804940 314
1804950 320
1804960 323
1804970 326
1804980 329
1804990 331
1805000 333
1805010 335
1805020 338
1805030 340
1805040 341
1805050 343
1805060 347
1805070 350
1805080 354
1805090 357
1805100 359
1805110 362
1805120 364
1805130 364
1805140 363
1805150 361
1805160 358
1805170 354
1805180 350
1805190 345
1805200 341
1805210 337
1805220 333
1805230 329
1805240 325
1805250 321
1805260 317
1805270 313
1805280 309
1805290 305
1805300 300
1805310 296
1805320 293
1805330 290
1805340 289
1805350 288
1805360 288
1805370 288
1805380 287
1805390 287
1805400 287
1805410 288
1805420 289
1805430 289
1805440 291
1805450 293
1805460 297
1805470 301
1805480 305
1805490 308
1805500 312
1805510 316
1805520 320
1805530 324
1805540 328
1805550 332
1805560 336
1805570 340
1805580 344
1805590 348
1805600 352
1805610 356
1805620 360
1805630 364
1805640 367
1805650 371
1805660 374
1805670 378
1805680 381
1805690 383
1805700 386
1805710 388
1805720 391
1805730 394
1805740 397
1805750 400
1805760 403
1805770 406
1805780 408
1805790 411
1805800 414
1805810 417
1805820 418
1805830 417
1805840 417
1805850 416
1805860 416
1805870 416
1805880 416
1805890 416
1805900 416
1805910 416
1805920 416
1805930 416
1805940 416
1805950 417
1805960 417
1805970 417
1805980 417
1805990 417
1806000 417
1806010 417
1806020 416
1806030 415
1806040 413
1806050 412
1806060 410
1806070 409
1806080 409
1806090 409
1806100 410
1806110 411
1806120 412
1806130 413
1806140 414
1806150 414
1806160 414
1806170 413
1806180 412
1806190 410
1806200 409
1806210 407
1806220 406
1806230 404
1806240 402
1806250 399
1806260 396
1806270 393
1806280 390
1806290 387
1806300 385
1806310 383
1806320 380
1806330 378
1806340 376
1806350 374
1806360 372
1806370 369
1806380 367
1806390 365
1806400 363
1806410 361
1806420 359
1806430 357
1806440 355
1806450 352
1806460 350
1806470 347
1806480 344
1806490 341
1806500 338
1806510 335
1806520 332
1806530 330
1806540 328
1806550 326
1806560 325
1806570 325
1806580 326
1806590 328
1806600 331
1806610 333
1806620 336
1806630 339
1806640 342
1806650 345
1806660 348
1806670 351
1806680 354
1806690 358
1806700 361
1806710 364
1806720 367
1806730 369
1806740 372
1806750 375
1806760 378
1806770 381
1806780 383
1806790 385
1806800 387
1806810 388
1806820 389
1806830 389
1806840 386
1806850 384
1806860 381
1806870 378
1806880 375
1806890 373
1806900 370
1806910 368
1806920 366
1806930 365
1806940 365
1806950 366
1806960 368
1806970 370
1806980 372
1806990 375
1807000 378
1807010 381
1807020 384
1807030 387
1807040 391
1807050 394
1807060 398
1807070 401
1807080 404
1807090 407
1807100 409
1807110 412
1807120 414
1807130 416
1807140 417
1807150 419
1807160 420
1807170 421
1807180 421
1807190 421
1807200 419
1807210 418
1807220 416
1807230 415
1807240 414
1807250 413
1807260 412
1807270 411
1807280 410
1807290 409
1807300 408
1807310 407
1807320 406
1807330 405
1807340 405
1807350 405
1807360 404
1807370 404
1807380 404
1807390 404
1807400 404
1807410 404
1807420 404
1807430 404
1807440 404
1807450 404
1807460 404
1807470 404
1807480 405
1807490 405
1807500 405
1807510 405
1807520 405
1807530 405
1807540 403
1807550 400
1807560 396
1807570 392
1807580 387
1807590 384
1807600 380
1807610 376
1807620 373
1807630 369
1807640 366
1807650 363
1807660 360
1807670 357
1807680 354
1807690 352
1807700 349
1807710 346
1807720 344
1807730 341
1807740 338
1807750 336
1807760 334
1807770 332
1807780 330
1807790 329
1807800 327
1807810 326
1807820 326
1807830 328
1807840 329
1807850 331
1807860 334
1807870 336
1807880 338
1807890 341
1807900 345
1807910 348
1807920 352
1807930 356
1807940 360
1807950 363
1807960 367
1807970 371
1807980 375
1807990 379
1808000 383
1808010 386
1808020 388
1808030 390
1808040 391
1808050 393
1808060 394
1808070 397
1808080 398
1808090 400
1808100 402
1808110 403
1808120 405
1808130 407
1808140 409
1808150 411
1808160 413
1808170 414
1808180 414
1808190 413
1808200 413
1808210 412
1808220 413
1808230 413
1808240 414
1808250 415
1808260 415
1808270 416
1808280 416
1808290 416
1808300 417
1808310 417
1808320 417
1808330 417
1808340 417
1808350 415
1808360 413
1808370 410
1808380 407
1808390 404
1808400 402
1808410 401
1808420 400
1808430 400
1808440 402
1808450 404
1808460 406
1808470 409
1808480 411
1808490 413
1808500 416
1808510 418
1808520 420
1808530 422
1808540 424
1808550 426
1808560 428
1808570 429
1808580 431
1808590 433
1808600 435
1808610 437
1808620 440
1808630 442
1808640 444
1808650 447
1808660 449
1808670 451
1808680 453
1808690 455
1808700 456
1808710 457
1808720 459
1808730 460
1808740 461
1808750 462
1808760 463
1808770 463
1808780 463
1808790 463
1808800 463
1808810 463
1808820 463
1808830 463
1808840 463
1808850 463
1808860 463
1808870 462
1808880 462
1808890 461
1808900 461
1808910 460
1808920 459
1808930 459
1808940 458
1808950 458
1808960 458
1808970 457
1808980 457
1808990 456
1809000 456
1809010 455
1809020 455
1809030 455
1809040 455
1809050 454
1809060 454
1809070 454
1809080 453
1809090 453
1809100 454
1809110 454
1809120 455
1809130 455
1809140 455
1809150 455
1809160 455
1809170 454
1809180 454
1809190 453
1809200 453
1809210 452
1809220 452
1809230 451
1809240 451
1809250 450
1809260 450
1809270 449
1809280 449
1809290 449
1809300 449
1809310 449
1809320 449
1809330 450
1809340 450
1809350 450
1809360 450
1809370 450
1809380 450
1809390 450
1809400 451
1809410 451
1809420 451
1809430 451
1809440 450
1809450 450
1809460 451
1809470 451
1809480 451
1809490 452
1809500 452
1809510 453
1809520 453
1809530 453
1809540 453
1809550 452
1809560 452
1809570 452
1809580 452
1809590 452
1809600 451
1809610 451
1809620 451
1809630 450
1809640 449
1809650 448
1809660 446
1809670 443
1809680 441
1809690 439
1809700 437
1809710 437
1809720 438
1809730 440
1809740 444
1809750 447
1809760 450
1809770 454
1809780 458
1809790 461
1809800 465
1809810 469
1809820 472
1809830 476
1809840 478
1809850 481
1809860 482
1809870 483
1809880 483
1809890 481
1809900 479
1809910 477
1809920 475
1809930 473
1809940 471
1809950 470
1809960 469
1809970 467
1809980 465
1809990 463
1810000 460
1810010 457
1810020 454
1810030 451
1810040 447
1810050 443
1810060 439
1810070 435
1810080 431
1810090 428
1810100 424
1810110 421
1810120 418
1810130 417
1810140 416
1810150 415
1810160 415
1810170 415
1810180 415
1810190 415
1810200 416
1810210 416
1810220 417
1810230 417
1810240 418
1810250 419
1810260 420
1810270 421
1810280 422
1810290 422
1810300 423
1810310 423
1810320 424
1810330 424
1810340 425
1810350 425
1810360 426
1810370 426
1810380 426
1810390 427
1810400 427
1810410 427
1810420 427
1810430 428
1810440 428
1810450 428
1810460 427
1810470 427
1810480 426
1810490 426
1810500 426
1810510 425
1810520 425
1810530 425
1810540 425
1810550 424
1810560 424
1810570 423
1810580 422
1810590 421
1810600 420
1810610 419
1810620 419
1810630 418
1810640 418
1810650 417
1810660 416
1810670 415
1810680 413
1810690 413
1810700 413
1810710 414
1810720 415
1810730 416
1810740 416
1810750 417
1810760 417
1810770 417
1810780 417
1810790 417
1810800 416
1810810 416
1810820 416
1810830 416
1810840 416
1810850 416
1810860 416
1810870 416
1810880 415
1810890 415
1810900 416
1810910 416
1810920 418
1810930 419
1810940 421
1810950 422
1810960 423
1810970 424
1810980 425
1810990 425
1811000 426
1811010 426
1811020 426
1811030 426
1811040 426
1811050 425
1811060 424
1811070 424
1811080 423
1811090 423
1811100 422
1811110 421
1811120 419
1811130 417
1811140 415
1811150 413
1811160 411
1811170 409
1811180 407
1811190 405
1811200 403
1811210 402
1811220 401
1811230 400
1811240 399
1811250 398
1811260 397
1811270 395
1811280 394
1811290 393
1811300 392
1811310 391
1811320 390
1811330 389
1811340 388
1811350 387
1811360 386
1811370 385
1811380 384
1811390 383
1811400 382
1811410 381
1811420 380
1811430 379
1811440 378
1811450 377
1811460 376
1811470 376
1811480 375
1811490 374
1811500 374
1811510 373
1811520 372
1811530 372
1811540 371
1811550 370
1811560 369
1811570 369
1811580 368
1811590 367
1811600 367
1811610 366
1811620 365
1811630 364
1811640 364
1811650 363
1811660 362
1811670 361
1811680 359
1811690 358
1811700 356
1811710 352
1811720 348
1811730 344
1811740 340
1811750 336
1811760 333
1811770 332
1811780 333
1811790 336
1811800 338
1811810 341
1811820 344
1811830 346
1811840 349
1811850 352
1811860 354
1811870 355
1811880 356
1811890 356
1811900 355
1811910 355
1811920 354
1811930 353
1811940 352
1811950 350
1811960 348
1811970 346
1811980 343
1811990 340
1812000 336
1812010 333
1812020 329
1812030 325
1812040 321
1812050 317
1812060 314
1812070 310
1812080 307
1812090 303
1812100 300
1812110 296
1812120 292
1812130 289
1812140 285
1812150 282
1812160 279
1812170 277
1812180 275
1812190 274
1812200 273
1812210 273
1812220 274
1812230 274
1812240 276
1812250 278
1812260 280
1812270 283
1812280 286
1812290 288
1812300 291
1812310 293
1812320 295
1812330 298
1812340 300
1812350 302
1812360 304
1812370 305
1812380 307
1812390 309
1812400 311
1812410 314
1812420 315
1812430 316
1812440 317
1812450 317
1812460 317
1812470 316
1812480 315
1812490 314
1812500 313
1812510 312
1812520 311
1812530 309
1812540 307
1812550 305
1812560 303
1812570 302
1812580 301
1812590 299
1812600 297
1812610 295
1812620 294
1812630 294
1812640 293
1812650 293
1812660 293
1812670 292
1812680 292
1812690 291
1812700 290
1812710 289
1812720 288
1812730 286
1812740 285
1812750 283
1812760 280
1812770 278
1812780 277
1812790 277
1812800 276
1812810 276
1812820 275
1812830 275
1812840 274
1812850 274
1812860 273
1812870 272
1812880 272
1812890 271
1812900 271
1812910 270
1812920 269
1812930 269
1812940 269
1812950 269
1812960 269
1812970 268
1812980 268
1812990 268
1813000 268
1813010 268
1813020 269
1813030 268
1813040 268
1813050 268
1813060 267
1813070 267
1813080 267
1813090 267
1813100 266
1813110 266
1813120 264
1813130 264
1813140 264
1813150 264
1813160 264
1813170 263
1813180 263
1813190 263
1813200 262
1813210 262
1813220 262
1813230 262
1813240 262
1813250 262
1813260 262
1813270 261
1813280 261
1813290 261
1813300 261
1813310 261
1813320 260
1813330 260
1813340 259
1813350 259
1813360 259
1813370 258
1813380 258
1813390 257
1813400 257
1813410 257
1813420 257
1813430 256
1813440 256
1813450 256
1813460 255
1813470 255
1813480 254
1813490 254
1813500 253
1813510 250
1813520 249
1813530 248
1813540 248
1813550 248
1813560 248
1813570 248
1813580 248
1813590 248
1813600 248
1813610 248
1813620 248
1813630 247
1813640 247
1813650 246
1813660 246
1813670 246
1813680 246
1813690 245
1813700 245
1813710 245
1813720 245
1813730 245
1813740 245
1813750 244
1813760 244
1813770 244
1813780 244
1813790 244
1813800 243
1813810 243
1813820 243
1813830 242
1813840 242
1813850 242
1813860 242
1813870 242
1813880 242
1813890 243
1813900 245
1813910 246
1813920 247
1813930 247
1813940 247
1813950 247
1813960 247
1813970 247
1813980 247
1813990 248
1814000 248
1814010 248
1814020 248
1814030 248
1814040 248
1814050 248
1814060 248
1814070 248
1814080 248
1814090 247
1814100 247
1814110 247
1814120 246
1814130 245
1814140 245
1814150 244
1814160 243
1814170 243
1814180 242
1814190 241
1814200 240
1814210 239
1814220 239
1814230 237
1814240 236
1814250 235
1814260 234
1814270 233
1814280 232
1814290 232
1814300 232
1814310 232
1814320 231
1814330 229
1814340 227
1814350 226
1814360 225
1814370 225
1814380 224
1814390 224
1814400 223
1814410 222
1814420 222
1814430 221
1814440 221
1814450 220
1814460 220
1814470 220
1814480 219
1814490 219
1814500 218
1814510 218
1814520 217
1814530 217
1814540 217
1814550 216
1814560 216
1814570 216
1814580 215
1814590 215
1814600 214
1814610 214
1814620 213
1814630 213
1814640 213
1814650 212
1814660 212
1814670 212
1814680 212
1814690 211
1814700 211
1814710 211
1814720 211
1814730 211
1814740 210
1814750 210
1814760 210
1814770 210
1814780 209
1814790 209
1814800 209
1814810 209
1814820 209
1814830 208
1814840 208
1814850 208
1814860 208
1814870 208
1814880 208
1814890 208
1814900 207
1814910 207
1814920 207
1814930 207
1814940 207
1814950 206
1814960 206
1814970 206
1814980 206
1814990 206
1815000 206
1815010 205
1815020 205
1815030 205
1815040 205
1815050 205
1815060 204
1815070 204
1815080 204
1815090 204
1815100 204
1815110 204
1815120 204
1815130 204
1815140 204
1815150 204
1815160 204
1815170 204
1815180 204
1815190 205
1815200 209
1815210 211
1815220 213
1815230 210
1815240 207
1815250 203
1815260 203
1815270 203
1815280 204
1815290 202
1815300 201
1815310 200
1815320 200
1815330 200
1815340 200
1815350 200
1815360 200
1815370 200
1815380 200
1815390 200
1815400 200
1815410 199
1815420 199
1815430 198
1815440 198
1815450 197
1815460 197
1815470 197
1815480 197
1815490 197
1815500 197
1815510 197
1815520 197
1815530 197
1815540 197
1815550 197
1815560 197
1815570 198
1815580 198
1815590 198
1815600 198
1815610 198
1815620 198
1815630 198
1815640 198
1815650 198
1815660 198
1815670 198
1815680 199
1815690 198
1815700 198
1815710 198
1815720 198
1815730 197
1815740 197
1815750 197
1815760 197
1815770 197
1815780 197
1815790 197
1815800 197
1815810 197
1815820 197
1815830 197
1815840 197
1815850 198
1815860 198
1815870 198
1815880 198
1815890 198
1815900 198
1815910 198
1815920 198
1815930 198
1815940 198
1815950 198
1815960 198
1815970 197
1815980 197
1815990 197
1816000 197
1816010 196
1816020 196
1816030 196
1816040 197
1816050 197
1816060 196
1816070 196
1816080 196
1816090 196
1816100 196
1816110 196
1816120 196
1816130 196
1816140 196
1816150 196
1816160 196
1816170 196
1816180 196
1816190 196
1816200 196
1816210 196
1816220 196
1816230 195
1816240 195
1816250 195
1816260 194
1816270 194
1816280 194
1816290 194
1816300 194
1816310 194
1816320 194
1816330 195
1816340 195
1816350 195
1816360 195
1816370 195
1816380 194
1816390 194
1816400 194
1816410 194
1816420 194
1816430 194
1816440 194
1816450 194
1816460 194
1816470 194
1816480 194
1816490 194
1816500 193
1816510 193
1816520 193
1816530 194
1816540 194
1816550 194
1816560 194
1816570 194
1816580 193
1816590 193
1816600 193
1816610 193
1816620 193
1816630 193
1816640 193
1816650 193
1816660 193
1816670 193
1816680 193
1816690 193
1816700 193
1816710 193
1816720 193
1816730 193
1816740 193
1816750 193
1816760 193
1816770 193
1816780 193
1816790 193
1816800 193
1816810 193
1816820 193
1816830 193
1816840 193
1816850 193
1816860 193
1816870 193
1816880 193
1816890 193
1816900 193
1816910 193
1816920 193
1816930 193
1816940 193
1816950 192
1816960 192
1816970 192
1816980 192
1816990 192
1817000 191
1817010 191
1817020 191
1817030 191
1817040 191
1817050 191
1817060 191
1817070 191
1817080 191
1817090 191
1817100 191
1817110 191
1817120 191
1817130 191
1817140 191
1817150 191
1817160 191
1817170 191
1817180 191
1817190 190
1817200 190
1817210 190
1817220 190
1817230 190
1817240 190
1817250 190
1817260 189
1817270 189
1817280 189
1817290 189
1817300 189
1817310 189
1817320 189
1817330 188
1817340 188
1817350 188
1817360 188
1817370 188
1817380 188
1817390 188
1817400 188
1817410 188
1817420 188
1817430 188
1817440 188
1817450 188
1817460 189
1817470 189
1817480 189
1817490 189
1817500 189
1817510 188
1817520 188
1817530 188
1817540 188
1817550 188
1817560 188
1817570 188
1817580 188
1817590 188
1817600 188
1817610 188
1817620 188
1817630 188
1817640 188
1817650 188
1817660 188
1817670 188
1817680 188
1817690 188
1817700 188
1817710 188
1817720 188
1817730 188
1817740 188
1817750 188
1817760 188
1817770 188
1817780 188
1817790 188
1817800 188
1817810 188
1817820 188
1817830 188
1817840 188
1817850 188
1817860 188
1817870 188
1817880 188
1817890 188
1817900 188
1817910 188
1817920 188
1817930 188
1817940 188
1817950 188
1817960 188
1817970 188
1817980 188
1817990 188
1818000 188
1818010 188
1818020 188
1818030 188
1818040 188
1818050 188
1818060 188
1818070 188
1818080 188
1818090 188
1818100 188
1818110 188
1818120 188
1818130 188
1818140 188
1818150 188
1818160 188
1818170 188
1818180 188
1818190 187
1818200 187
1818210 187
1818220 187
1818230 187
1818240 187
1818250 187
1818260 187
1818270 186
1818280 186
1818290 186
1818300 186
1818310 186
1818320 186
1818330 186
1818340 186
1818350 186
1818360 186
1818370 186
1818380 186
1818390 186
1818400 186
1818410 186
1818420 186
1818430 186
1818440 186
1818450 185
1818460 185
1818470 185
1818480 185
1818490 185
1818500 185
1818510 185
1818520 185
1818530 185
1818540 185
1818550 185
1818560 185
1818570 185
1818580 185
1818590 185
1818600 185
1818610 184
1818620 185
1818630 185
1818640 185
1818650 184
1818660 184
1818670 184
1818680 184
1818690 184
1818700 184
1818710 184
1818720 184
1818730 184
1818740 184
1818750 184
1818760 185
1818770 186
1818780 186
1818790 186
1818800 186
1818810 186
1818820 186
1818830 185
1818840 184
1818850 184
1818860 183
1818870 183
1818880 183
1818890 183
1818900 183
1818910 183
1818920 183
1818930 183
1818940 183
1818950 183
1818960 183
1818970 183
1818980 183
1818990 183
1819000 183
1819010 183
1819020 183
1819030 183
1819040 183
1819050 183
1819060 183
1819070 183
1819080 183
1819090 183
1819100 183
1819110 183
1819120 183
1819130 183
1819140 183
1819150 183
1819160 183
1819170 183
1819180 183
1819190 182
1819200 182
1819210 182
1819220 182
1819230 182
1819240 182
1819250 182
1819260 182
1819270 182
1819280 182
1819290 182
1819300 182
1819310 182
1819320 182
1819330 182
1819340 182
1819350 182
1819360 182
1819370 182
1819380 182
1819390 182
1819400 182
1819410 182
1819420 182
1819430 182
1819440 182
1819450 182
1819460 182
1819470 182
1819480 182
1819490 183
1819500 183
1819510 183
1819520 183
1819530 183
1819540 182
1819550 182
1819560 182
1819570 181
1819580 181
1819590 182
1819600 182
1819610 183
1819620 183
1819630 183
1819640 184
1819650 185
1819660 187
1819670 186
1819680 184
1819690 182
1819700 181
1819710 181
1819720 181
1819730 181
1819740 181
1819750 180
1819760 180
1819770 181
1819780 181
1819790 181
1819800 181
1819810 180
1819820 180
1819830 181
1819840 181
1819850 181
1819860 181
1819870 180
1819880 180
1819890 180
1819900 180
1819910 180
1819920 181
1819930 181
1819940 181
1819950 181
1819960 181
1819970 181
1819980 180
1819990 180
