1800000 363
1800010 363
1800020 363
1800030 363
1800040 363
1800050 363
1800060 363
1800070 363
1800080 363
1800090 363
1800100 363
1800110 363
1800120 363
1800130 363
1800140 363
1800150 363
1800160 362
1800170 362
1800180 362
1800190 362
1800200 362
1800210 362
1800220 362
1800230 362
1800240 361
1800250 361
1800260 361
1800270 361
1800280 361
1800290 361
1800300 361
1800310 360
1800320 360
1800330 360
1800340 360
1800350 360
1800360 359
1800370 359
1800380 359
1800390 359
1800400 358
1800410 358
1800420 358
1800430 358
1800440 358
1800450 357
1800460 357
1800470 357
1800480 357
1800490 357
1800500 357
1800510 357
1800520 356
1800530 356
1800540 356
1800550 356
1800560 356
1800570 356
1800580 356
1800590 355
1800600 355
1800610 355
1800620 355
1800630 355
1800640 355
1800650 355
1800660 355
1800670 355
1800680 355
1800690 355
1800700 355
1800710 355
1800720 355
1800730 355
1800740 355
1800750 355
1800760 355
1800770 354
1800780 354
1800790 354
1800800 354
1800810 354
1800820 354
1800830 354
1800840 354
1800850 353
1800860 353
1800870 353
1800880 353
1800890 353
1800900 353
1800910 353
1800920 352
1800930 352
1800940 352
1800950 352
1800960 351
1800970 351
1800980 351
1800990 351
1801000 351
1801010 350
1801020 350
1801030 350
1801040 350
1801050 350
1801060 349
1801070 349
1801080 349
1801090 349
1801100 349
1801110 349
1801120 349
1801130 349
1801140 348
1801150 348
1801160 348
1801170 348
1801180 348
1801190 348
1801200 348
1801210 348
1801220 348
1801230 347
1801240 347
1801250 347
1801260 347
1801270 347
1801280 347
1801290 347
1801300 347
1801310 347
1801320 347
1801330 347
1801340 347
1801350 346
1801360 346
1801370 346
1801380 346
1801390 346
1801400 346
1801410 346
1801420 346
1801430 346
1801440 345
1801450 345
1801460 345
1801470 345
1801480 345
1801490 345
1801500 344
1801510 344
1801520 344
1801530 344
1801540 344
1801550 344
1801560 344
1801570 344
1801580 344
1801590 344
1801600 344
1801610 345
1801620 347
1801630 348
1801640 349
1801650 348
1801660 346
1801670 343
1801680 342
1801690 342
1801700 341
1801710 341
1801720 341
1801730 341
1801740 341
1801750 341
1801760 341
1801770 341
1801780 341
1801790 341
1801800 341
1801810 340
1801820 340
1801830 340
1801840 340
1801850 340
1801860 340
1801870 340
1801880 340
1801890 341
1801900 341
1801910 340
1801920 340
1801930 340
1801940 340
1801950 340
1801960 340
1801970 340
1801980 340
1801990 340
1802000 340
1802010 340
1802020 340
1802030 340
1802040 340
1802050 340
1802060 341
1802070 341
1802080 341
1802090 341
1802100 341
1802110 341
1802120 341
1802130 340
1802140 340
1802150 340
1802160 340
1802170 340
1802180 341
1802190 341
1802200 341
1802210 341
1802220 341
1802230 340
1802240 340
1802250 340
1802260 340
1802270 339
1802280 339
1802290 340
1802300 341
1802310 341
1802320 342
1802330 342
1802340 342
1802350 342
1802360 342
1802370 341
1802380 341
1802390 341
1802400 341
1802410 341
1802420 341
1802430 341
1802440 341
1802450 342
1802460 342
1802470 342
1802480 342
1802490 342
1802500 341
1802510 341
1802520 342
1802530 342
1802540 342
1802550 342
1802560 342
1802570 343
1802580 344
1802590 344
1802600 344
1802610 344
1802620 344
1802630 344
1802640 344
1802650 344
1802660 344
1802670 344
1802680 345
1802690 345
1802700 345
1802710 345
1802720 345
1802730 346
1802740 346
1802750 346
1802760 346
1802770 346
1802780 346
1802790 347
1802800 347
1802810 347
1802820 347
1802830 347
1802840 347
1802850 347
1802860 348
1802870 348
1802880 348
1802890 348
1802900 348
1802910 348
1802920 348
1802930 348
1802940 348
1802950 348
1802960 348
1802970 348
1802980 348
1802990 348
1803000 348
1803010 348
1803020 349
1803030 350
1803040 351
1803050 351
1803060 351
1803070 351
1803080 351
1803090 351
1803100 352
1803110 353
1803120 353
1803130 354
1803140 355
1803150 356
1803160 357
1803170 358
1803180 358
1803190 359
1803200 360
1803210 361
1803220 361
1803230 362
1803240 362
1803250 363
1803260 363
1803270 364
1803280 364
1803290 365
1803300 365
1803310 365
1803320 366
1803330 366
1803340 366
1803350 366
1803360 367
1803370 367
1803380 367
1803390 367
1803400 367
1803410 367
1803420 367
1803430 367
1803440 368
1803450 368
1803460 367
1803470 367
1803480 367
1803490 367
1803500 367
1803510 366
1803520 366
1803530 366
1803540 365
1803550 365
1803560 365
1803570 364
1803580 364
1803590 364
1803600 364
1803610 364
1803620 364
1803630 364
1803640 364
1803650 364
1803660 363
1803670 363
1803680 363
1803690 363
1803700 363
1803710 363
1803720 363
1803730 363
1803740 363
1803750 363
1803760 362
1803770 362
1803780 362
1803790 361
1803800 360
1803810 360
1803820 359
1803830 357
1803840 355
1803850 353
1803860 352
1803870 351
1803880 350
1803890 349
1803900 349
1803910 348
1803920 348
1803930 348
1803940 348
1803950 348
1803960 348
1803970 348
1803980 348
1803990 349
1804000 349
1804010 349
1804020 348
1804030 347
1804040 346
1804050 345
1804060 345
1804070 346
1804080 346
1804090 346
1804100 346
1804110 347
1804120 348
1804130 350
1804140 352
1804150 354
1804160 355
1804170 356
1804180 356
1804190 357
1804200 358
1804210 358
1804220 359
1804230 360
1804240 360
1804250 361
1804260 361
1804270 362
1804280 362
1804290 363
1804300 363
1804310 364
1804320 364
1804330 364
1804340 364
1804350 365
1804360 365
1804370 365
1804380 366
1804390 366
1804400 366
1804410 367
1804420 367
1804430 367
1804440 368
1804450 368
1804460 368
1804470 369
1804480 369
1804490 369
1804500 369
1804510 369
1804520 370
1804530 370
1804540 370
1804550 370
1804560 371
1804570 371
1804580 371
1804590 371
1804600 371
1804610 372
1804620 372
1804630 372
1804640 372
1804650 372
1804660 373
1804670 373
1804680 373
1804690 373
1804700 373
1804710 373
1804720 373
1804730 373
1804740 373
1804750 373
1804760 373
1804770 372
1804780 372
1804790 372
1804800 371
1804810 370
1804820 370
1804830 370
1804840 370
1804850 370
1804860 370
1804870 369
1804880 369
1804890 368
1804900 367
1804910 366
1804920 365
1804930 363
1804940 362
1804950 360
1804960 359
1804970 358
1804980 357
1804990 355
1805000 354
1805010 352
1805020 351
1805030 349
1805040 348
1805050 346
1805060 344
1805070 342
1805080 340
1805090 338
1805100 337
1805110 334
1805120 331
1805130 328
1805140 325
1805150 322
1805160 319
1805170 316
1805180 314
1805190 312
1805200 311
1805210 309
1805220 308
1805230 306
1805240 305
1805250 304
1805260 303
1805270 302
1805280 302
1805290 301
1805300 300
1805310 300
1805320 300
1805330 299
1805340 299
1805350 299
1805360 299
1805370 299
1805380 299
1805390 300
1805400 301
1805410 303
1805420 305
1805430 306
1805440 308
1805450 310
1805460 311
1805470 313
1805480 315
1805490 316
1805500 318
1805510 319
1805520 320
1805530 321
1805540 321
1805550 322
1805560 323
1805570 325
1805580 327
1805590 328
1805600 330
1805610 331
1805620 333
1805630 334
1805640 336
1805650 338
1805660 340
1805670 342
1805680 343
1805690 345
1805700 345
1805710 346
1805720 345
1805730 344
1805740 343
1805750 342
1805760 340
1805770 339
1805780 339
1805790 338
1805800 336
1805810 334
1805820 332
1805830 332
1805840 333
1805850 333
1805860 333
1805870 332
1805880 332
1805890 332
1805900 332
1805910 332
1805920 332
1805930 332
1805940 331
1805950 331
1805960 330
1805970 330
1805980 330
1805990 330
1806000 330
1806010 330
1806020 331
1806030 332
1806040 333
1806050 334
1806060 334
1806070 335
1806080 335
1806090 335
1806100 334
1806110 334
1806120 333
1806130 332
1806140 331
1806150 330
1806160 330
1806170 330
1806180 330
1806190 330
1806200 330
1806210 330
1806220 331
1806230 331
1806240 331
1806250 331
1806260 331
1806270 331
1806280 331
1806290 331
1806300 331
1806310 331
1806320 331
1806330 331
1806340 331
1806350 332
1806360 332
1806370 332
1806380 332
1806390 332
1806400 332
1806410 332
1806420 333
1806430 333
1806440 333
1806450 333
1806460 334
1806470 334
1806480 334
1806490 334
1806500 334
1806510 334
1806520 334
1806530 334
1806540 335
1806550 335
1806560 335
1806570 335
1806580 335
1806590 335
1806600 336
1806610 336
1806620 336
1806630 337
1806640 337
1806650 337
1806660 338
1806670 338
1806680 338
1806690 338
1806700 339
1806710 339
1806720 340
1806730 340
1806740 339
1806750 337
1806760 334
1806770 331
1806780 327
1806790 324
1806800 321
1806810 319
1806820 315
1806830 312
1806840 311
1806850 311
1806860 311
1806870 311
1806880 311
1806890 312
1806900 313
1806910 314
1806920 317
1806930 321
1806940 323
1806950 324
1806960 321
1806970 317
1806980 313
1806990 312
1807000 311
1807010 309
1807020 307
1807030 304
1807040 301
1807050 299
1807060 295
1807070 292
1807080 289
1807090 285
1807100 280
1807110 275
1807120 274
1807130 274
1807140 275
1807150 276
1807160 276
1807170 276
1807180 275
1807190 275
1807200 275
1807210 275
1807220 275
1807230 275
1807240 276
1807250 278
1807260 280
1807270 283
1807280 286
1807290 290
1807300 294
1807310 298
1807320 303
1807330 307
1807340 312
1807350 316
1807360 320
1807370 324
1807380 328
1807390 332
1807400 336
1807410 340
1807420 344
1807430 348
1807440 351
1807450 351
1807460 349
1807470 347
1807480 344
1807490 341
1807500 339
1807510 336
1807520 333
1807530 330
1807540 327
1807550 324
1807560 320
1807570 317
1807580 314
1807590 311
1807600 309
1807610 308
1807620 307
1807630 306
1807640 307
1807650 308
1807660 311
1807670 314
1807680 317
1807690 321
1807700 324
1807710 328
1807720 331
1807730 335
1807740 340
1807750 344
1807760 348
1807770 352
1807780 355
1807790 357
1807800 359
1807810 359
1807820 360
1807830 360
1807840 361
1807850 361
1807860 361
1807870 361
1807880 361
1807890 361
1807900 361
1807910 361
1807920 362
1807930 362
1807940 362
1807950 362
1807960 361
1807970 361
1807980 362
1807990 362
1808000 361
1808010 361
1808020 361
1808030 361
1808040 361
1808050 361
1808060 360
1808070 361
1808080 361
1808090 360
1808100 360
1808110 360
1808120 360
1808130 359
1808140 359
1808150 359
1808160 359
1808170 359
1808180 359
1808190 359
1808200 358
1808210 358
1808220 359
1808230 359
1808240 359
1808250 359
1808260 359
1808270 360
1808280 360
1808290 361
1808300 361
1808310 362
1808320 363
1808330 363
1808340 364
1808350 365
1808360 365
1808370 366
1808380 367
1808390 368
1808400 369
1808410 371
1808420 372
1808430 374
1808440 375
1808450 377
1808460 380
1808470 382
1808480 384
1808490 387
1808500 389
1808510 391
1808520 393
1808530 395
1808540 398
1808550 400
1808560 403
1808570 404
1808580 405
1808590 406
1808600 406
1808610 406
1808620 407
1808630 407
1808640 407
1808650 407
1808660 407
1808670 407
1808680 407
1808690 407
1808700 408
1808710 408
1808720 410
1808730 411
1808740 413
1808750 415
1808760 416
1808770 418
1808780 420
1808790 422
1808800 423
1808810 425
1808820 426
1808830 428
1808840 429
1808850 430
1808860 431
1808870 433
1808880 434
1808890 436
1808900 437
1808910 438
1808920 439
1808930 440
1808940 441
1808950 441
1808960 443
1808970 444
1808980 445
1808990 447
1809000 448
1809010 450
1809020 451
1809030 452
1809040 454
1809050 455
1809060 457
1809070 458
1809080 461
1809090 463
1809100 464
1809110 464
1809120 464
1809130 463
1809140 462
1809150 461
1809160 460
1809170 459
1809180 457
1809190 455
1809200 452
1809210 449
1809220 445
1809230 442
1809240 438
1809250 434
1809260 430
1809270 425
1809280 420
1809290 415
1809300 410
1809310 406
1809320 401
1809330 396
1809340 392
1809350 388
1809360 384
1809370 380
1809380 376
1809390 373
1809400 370
1809410 367
1809420 364
1809430 361
1809440 359
1809450 357
1809460 355
1809470 353
1809480 351
1809490 350
1809500 348
1809510 347
1809520 345
1809530 344
1809540 342
1809550 341
1809560 340
1809570 338
1809580 337
1809590 336
1809600 334
1809610 333
1809620 331
1809630 330
1809640 330
1809650 330
1809660 329
1809670 328
1809680 328
1809690 327
1809700 327
1809710 328
1809720 327
1809730 327
1809740 327
1809750 326
1809760 326
1809770 325
1809780 324
1809790 323
1809800 322
1809810 321
1809820 320
1809830 318
1809840 317
1809850 315
1809860 314
1809870 313
1809880 311
1809890 310
1809900 309
1809910 307
1809920 306
1809930 304
1809940 303
1809950 301
1809960 300
1809970 299
1809980 298
1809990 298
1810000 298
1810010 297
1810020 297
1810030 297
1810040 297
1810050 297
1810060 296
1810070 296
1810080 296
1810090 295
1810100 295
1810110 296
1810120 296
1810130 296
1810140 296
1810150 295
1810160 295
1810170 295
1810180 295
1810190 295
1810200 295
1810210 295
1810220 296
1810230 297
1810240 298
1810250 299
1810260 299
1810270 300
1810280 300
1810290 300
1810300 299
1810310 299
1810320 299
1810330 298
1810340 297
1810350 297
1810360 296
1810370 295
1810380 294
1810390 293
1810400 292
1810410 290
1810420 288
1810430 287
1810440 285
1810450 285
1810460 284
1810470 284
1810480 283
1810490 282
1810500 282
1810510 283
1810520 283
1810530 283
1810540 284
1810550 284
1810560 284
1810570 284
1810580 284
1810590 285
1810600 285
1810610 286
1810620 286
1810630 287
1810640 288
1810650 289
1810660 291
1810670 294
1810680 297
1810690 300
1810700 304
1810710 307
1810720 311
1810730 315
1810740 318
1810750 321
1810760 325
1810770 328
1810780 331
1810790 333
1810800 336
1810810 338
1810820 340
1810830 342
1810840 344
1810850 346
1810860 347
1810870 347
1810880 348
1810890 348
1810900 347
1810910 346
1810920 345
1810930 345
1810940 346
1810950 349
1810960 352
1810970 355
1810980 358
1810990 361
1811000 364
1811010 366
1811020 367
1811030 368
1811040 370
1811050 371
1811060 373
1811070 375
1811080 377
1811090 379
1811100 382
1811110 385
1811120 387
1811130 390
1811140 392
1811150 395
1811160 396
1811170 395
1811180 394
1811190 392
1811200 390
1811210 388
1811220 386
1811230 384
1811240 382
1811250 380
1811260 378
1811270 377
1811280 375
1811290 374
1811300 373
1811310 372
1811320 371
1811330 369
1811340 369
1811350 368
1811360 367
1811370 366
1811380 365
1811390 364
1811400 363
1811410 362
1811420 362
1811430 361
1811440 361
1811450 360
1811460 360
1811470 359
1811480 358
1811490 357
1811500 357
1811510 356
1811520 355
1811530 355
1811540 354
1811550 354
1811560 354
1811570 353
1811580 353
1811590 352
1811600 351
1811610 350
1811620 349
1811630 348
1811640 346
1811650 345
1811660 343
1811670 342
1811680 341
1811690 340
1811700 339
1811710 338
1811720 337
1811730 336
1811740 335
1811750 334
1811760 333
1811770 332
1811780 331
1811790 330
1811800 330
1811810 329
1811820 329
1811830 329
1811840 328
1811850 327
1811860 326
1811870 324
1811880 321
1811890 319
1811900 318
1811910 316
1811920 315
1811930 313
1811940 312
1811950 310
1811960 308
1811970 308
1811980 307
1811990 306
1812000 306
1812010 305
1812020 304
1812030 303
1812040 302
1812050 301
1812060 300
1812070 300
1812080 299
1812090 298
1812100 297
1812110 297
1812120 296
1812130 296
1812140 296
1812150 295
1812160 295
1812170 294
1812180 293
1812190 292
1812200 291
1812210 290
1812220 289
1812230 287
1812240 285
1812250 282
1812260 281
1812270 282
1812280 283
1812290 284
1812300 285
1812310 284
1812320 282
1812330 279
1812340 276
1812350 273
1812360 271
1812370 269
1812380 268
1812390 267
1812400 266
1812410 265
1812420 264
1812430 264
1812440 263
1812450 262
1812460 261
1812470 261
1812480 260
1812490 259
1812500 259
1812510 258
1812520 258
1812530 257
1812540 257
1812550 257
1812560 256
1812570 256
1812580 256
1812590 256
1812600 255
1812610 255
1812620 254
1812630 254
1812640 254
1812650 254
1812660 253
1812670 252
1812680 251
1812690 251
1812700 251
1812710 251
1812720 250
1812730 250
1812740 250
1812750 249
1812760 249
1812770 248
1812780 248
1812790 247
1812800 247
1812810 246
1812820 245
1812830 244
1812840 243
1812850 243
1812860 243
1812870 242
1812880 242
1812890 242
1812900 241
1812910 241
1812920 241
1812930 241
1812940 241
1812950 240
1812960 240
1812970 240
1812980 239
1812990 239
1813000 239
1813010 239
1813020 239
1813030 239
1813040 239
1813050 239
1813060 239
1813070 239
1813080 239
1813090 238
1813100 238
1813110 238
1813120 238
1813130 238
1813140 238
1813150 238
1813160 238
1813170 238
1813180 237
1813190 237
1813200 236
1813210 236
1813220 236
1813230 236
1813240 236
1813250 236
1813260 236
1813270 236
1813280 236
1813290 236
1813300 236
1813310 236
1813320 236
1813330 236
1813340 236
1813350 235
1813360 235
1813370 235
1813380 235
1813390 235
1813400 235
1813410 235
1813420 235
1813430 234
1813440 234
1813450 234
1813460 234
1813470 234
1813480 234
1813490 234
1813500 233
1813510 233
1813520 233
1813530 233
1813540 232
1813550 232
1813560 232
1813570 232
1813580 231
1813590 231
1813600 231
1813610 231
1813620 231
1813630 230
1813640 230
1813650 230
1813660 230
1813670 229
1813680 229
1813690 229
1813700 229
1813710 229
1813720 229
1813730 229
1813740 229
1813750 229
1813760 228
1813770 228
1813780 228
1813790 227
1813800 227
1813810 227
1813820 227
1813830 227
1813840 226
1813850 225
1813860 225
1813870 225
1813880 225
1813890 224
1813900 224
1813910 224
1813920 224
1813930 224
1813940 224
1813950 224
1813960 224
1813970 223
1813980 223
1813990 223
1814000 222
1814010 222
1814020 222
1814030 222
1814040 221
1814050 221
1814060 221
1814070 220
1814080 220
1814090 220
1814100 219
1814110 219
1814120 219
1814130 219
1814140 219
1814150 218
1814160 218
1814170 217
1814180 217
1814190 217
1814200 216
1814210 216
1814220 216
1814230 216
1814240 215
1814250 215
1814260 215
1814270 215
1814280 215
1814290 215
1814300 215
1814310 214
1814320 214
1814330 214
1814340 213
1814350 213
1814360 213
1814370 213
1814380 213
1814390 213
1814400 212
1814410 212
1814420 212
1814430 211
1814440 211
1814450 211
1814460 211
1814470 211
1814480 211
1814490 211
1814500 211
1814510 210
1814520 210
1814530 210
1814540 210
1814550 209
1814560 209
1814570 209
1814580 209
1814590 209
1814600 209
1814610 208
1814620 208
1814630 208
1814640 208
1814650 208
1814660 208
1814670 207
1814680 207
1814690 207
1814700 207
1814710 207
1814720 207
1814730 207
1814740 207
1814750 207
1814760 207
1814770 206
1814780 206
1814790 206
1814800 206
1814810 206
1814820 206
1814830 206
1814840 206
1814850 206
1814860 206
1814870 206
1814880 205
1814890 204
1814900 204
1814910 204
1814920 204
1814930 204
1814940 206
1814950 209
1814960 212
1814970 212
1814980 211
1814990 207
1815000 205
1815010 204
1815020 204
1815030 205
1815040 205
1815050 205
1815060 205
1815070 205
1815080 205
1815090 205
1815100 204
1815110 204
1815120 204
1815130 204
1815140 204
1815150 204
1815160 204
1815170 204
1815180 204
1815190 204
1815200 204
1815210 204
1815220 204
1815230 204
1815240 204
1815250 204
1815260 204
1815270 203
1815280 203
1815290 203
1815300 203
1815310 203
1815320 203
1815330 203
1815340 203
1815350 203
1815360 203
1815370 203
1815380 203
1815390 203
1815400 202
1815410 202
1815420 202
1815430 202
1815440 202
1815450 202
1815460 202
1815470 202
1815480 202
1815490 202
1815500 202
1815510 202
1815520 202
1815530 202
1815540 202
1815550 202
1815560 202
1815570 202
1815580 202
1815590 202
1815600 202
1815610 201
1815620 201
1815630 201
1815640 201
1815650 201
1815660 201
1815670 201
1815680 201
1815690 201
1815700 201
1815710 201
1815720 201
1815730 201
1815740 201
1815750 201
1815760 201
1815770 201
1815780 201
1815790 201
1815800 200
1815810 200
1815820 200
1815830 201
1815840 200
1815850 200
1815860 200
1815870 200
1815880 200
1815890 200
1815900 200
1815910 200
1815920 200
1815930 200
1815940 200
1815950 200
1815960 200
1815970 200
1815980 200
1815990 200
1816000 200
1816010 200
1816020 200
1816030 200
1816040 200
1816050 200
1816060 199
1816070 199
1816080 199
1816090 199
1816100 199
1816110 199
1816120 199
1816130 199
1816140 199
1816150 199
1816160 199
1816170 199
1816180 199
1816190 200
1816200 200
1816210 200
1816220 200
1816230 200
1816240 200
1816250 200
1816260 200
1816270 199
1816280 198
1816290 198
1816300 198
1816310 198
1816320 198
1816330 198
1816340 198
1816350 198
1816360 198
1816370 198
1816380 198
1816390 198
1816400 198
1816410 198
1816420 198
1816430 197
1816440 197
1816450 197
1816460 196
1816470 195
1816480 194
1816490 192
1816500 192
1816510 192
1816520 192
1816530 192
1816540 192
1816550 192
1816560 193
1816570 193
1816580 192
1816590 192
1816600 192
1816610 192
1816620 192
1816630 192
1816640 192
1816650 192
1816660 192
1816670 192
1816680 192
1816690 192
1816700 192
1816710 192
1816720 192
1816730 192
1816740 192
1816750 192
1816760 193
1816770 194
1816780 194
1816790 194
1816800 194
1816810 194
1816820 194
1816830 194
1816840 194
1816850 194
1816860 194
1816870 194
1816880 194
1816890 194
1816900 194
1816910 194
1816920 194
1816930 194
1816940 194
1816950 194
1816960 194
1816970 194
1816980 194
1816990 194
1817000 194
1817010 194
1817020 194
1817030 194
1817040 194
1817050 194
1817060 194
1817070 193
1817080 193
1817090 193
1817100 193
1817110 193
1817120 193
1817130 193
1817140 193
1817150 193
1817160 193
1817170 193
1817180 193
1817190 192
1817200 192
1817210 192
1817220 192
1817230 192
1817240 192
1817250 192
1817260 192
1817270 192
1817280 192
1817290 192
1817300 192
1817310 192
1817320 192
1817330 192
1817340 192
1817350 192
1817360 192
1817370 192
1817380 192
1817390 191
1817400 191
1817410 191
1817420 191
1817430 191
1817440 191
1817450 191
1817460 191
1817470 191
1817480 191
1817490 190
1817500 190
1817510 190
1817520 190
1817530 190
1817540 190
1817550 190
1817560 190
1817570 190
1817580 190
1817590 190
1817600 190
1817610 190
1817620 190
1817630 190
1817640 190
1817650 190
1817660 190
1817670 190
1817680 190
1817690 190
1817700 190
1817710 190
1817720 190
1817730 190
1817740 190
1817750 190
1817760 190
1817770 190
1817780 190
1817790 190
1817800 190
1817810 190
1817820 190
1817830 190
1817840 189
1817850 189
1817860 189
1817870 189
1817880 189
1817890 189
1817900 189
1817910 189
1817920 189
1817930 189
1817940 189
1817950 189
1817960 189
1817970 189
1817980 189
1817990 189
1818000 189
1818010 188
1818020 188
1818030 188
1818040 188
1818050 188
1818060 188
1818070 188
1818080 188
1818090 188
1818100 188
1818110 188
1818120 188
1818130 188
1818140 188
1818150 188
1818160 188
1818170 188
1818180 188
1818190 188
1818200 188
1818210 188
1818220 188
1818230 188
1818240 188
1818250 188
1818260 188
1818270 188
1818280 188
1818290 188
1818300 188
1818310 188
1818320 188
1818330 188
1818340 188
1818350 188
1818360 188
1818370 187
1818380 187
1818390 187
1818400 188
1818410 188
1818420 187
1818430 187
1818440 187
1818450 187
1818460 187
1818470 187
1818480 187
1818490 187
1818500 187
1818510 187
1818520 187
1818530 187
1818540 187
1818550 187
1818560 187
1818570 187
1818580 187
1818590 187
1818600 187
1818610 187
1818620 187
1818630 187
1818640 187
1818650 187
1818660 188
1818670 188
1818680 189
1818690 189
1818700 189
1818710 189
1818720 189
1818730 188
1818740 187
1818750 186
1818760 186
1818770 186
1818780 186
1818790 186
1818800 186
1818810 186
1818820 186
1818830 186
1818840 186
1818850 186
1818860 186
1818870 186
1818880 186
1818890 186
1818900 186
1818910 186
1818920 186
1818930 185
1818940 184
1818950 183
1818960 183
1818970 183
1818980 183
1818990 183
1819000 183
1819010 182
1819020 182
1819030 182
1819040 183
1819050 183
1819060 185
1819070 185
1819080 185
1819090 185
1819100 185
1819110 185
1819120 185
1819130 185
1819140 185
1819150 185
1819160 184
1819170 184
1819180 184
1819190 184
1819200 184
1819210 184
1819220 184
1819230 184
1819240 184
1819250 184
1819260 184
1819270 184
1819280 184
1819290 184
1819300 184
1819310 184
1819320 184
1819330 184
1819340 184
1819350 184
1819360 184
1819370 184
1819380 184
1819390 184
1819400 184
1819410 184
1819420 184
1819430 183
1819440 183
1819450 183
1819460 183
1819470 183
1819480 183
1819490 183
1819500 183
1819510 183
1819520 183
1819530 183
1819540 183
1819550 183
1819560 183
1819570 183
1819580 183
1819590 183
1819600 183
1819610 182
1819620 182
1819630 182
1819640 183
1819650 183
1819660 183
1819670 183
1819680 183
1819690 183
1819700 183
1819710 183
1819720 183
1819730 183
1819740 183
1819750 182
1819760 182
1819770 182
1819780 182
1819790 182
1819800 182
1819810 182
1819820 182
1819830 182
1819840 181
1819850 181
1819860 181
1819870 181
1819880 181
1819890 181
1819900 181
1819910 181
1819920 181
1819930 181
1819940 181
1819950 181
1819960 181
1819970 181
1819980 181
1819990 181
