1800000 391
1800010 392
1800020 392
1800030 393
1800040 394
1800050 394
1800060 395
1800070 396
1800080 397
1800090 398
1800100 399
1800110 400
1800120 401
1800130 402
1800140 403
1800150 404
1800160 405
1800170 406
1800180 407
1800190 408
1800200 409
1800210 411
1800220 412
1800230 414
1800240 417
1800250 419
1800260 422
1800270 425
1800280 427
1800290 430
1800300 432
1800310 434
1800320 435
1800330 436
1800340 437
1800350 438
1800360 439
1800370 440
1800380 440
1800390 441
1800400 441
1800410 442
1800420 442
1800430 442
1800440 442
1800450 442
1800460 442
1800470 441
1800480 440
1800490 438
1800500 437
1800510 436
1800520 435
1800530 434
1800540 434
1800550 433
1800560 432
1800570 431
1800580 430
1800590 429
1800600 428
1800610 427
1800620 426
1800630 426
1800640 425
1800650 425
1800660 425
1800670 425
1800680 425
1800690 425
1800700 425
1800710 425
1800720 425
1800730 425
1800740 425
1800750 426
1800760 426
1800770 427
1800780 428
1800790 428
1800800 429
1800810 429
1800820 430
1800830 430
1800840 431
1800850 433
1800860 434
1800870 435
1800880 435
1800890 435
1800900 434
1800910 433
1800920 431
1800930 430
1800940 428
1800950 426
1800960 423
1800970 420
1800980 417
1800990 414
1801000 411
1801010 409
1801020 408
1801030 408
1801040 408
1801050 409
1801060 409
1801070 409
1801080 408
1801090 407
1801100 407
1801110 407
1801120 406
1801130 406
1801140 406
1801150 406
1801160 406
1801170 406
1801180 406
1801190 406
1801200 407
1801210 407
1801220 408
1801230 408
1801240 409
1801250 409
1801260 410
1801270 410
1801280 410
1801290 411
1801300 411
1801310 411
1801320 411
1801330 411
1801340 411
1801350 412
1801360 412
1801370 412
1801380 412
1801390 412
1801400 413
1801410 413
1801420 413
1801430 413
1801440 413
1801450 413
1801460 413
1801470 412
1801480 412
1801490 412
1801500 412
1801510 412
1801520 412
1801530 411
1801540 411
1801550 411
1801560 410
1801570 410
1801580 409
1801590 408
1801600 408
1801610 407
1801620 406
1801630 405
1801640 404
1801650 403
1801660 401
1801670 400
1801680 397
1801690 395
1801700 392
1801710 388
1801720 384
1801730 381
1801740 378
1801750 375
1801760 373
1801770 371
1801780 369
1801790 367
1801800 366
1801810 365
1801820 364
1801830 364
1801840 364
1801850 364
1801860 364
1801870 364
1801880 365
1801890 368
1801900 370
1801910 373
1801920 375
1801930 377
1801940 379
1801950 381
1801960 383
1801970 384
1801980 386
1801990 388
1802000 390
1802010 391
1802020 393
1802030 395
1802040 396
1802050 398
1802060 400
1802070 402
1802080 404
1802090 406
1802100 408
1802110 410
1802120 412
1802130 415
1802140 417
1802150 419
1802160 421
1802170 422
1802180 424
1802190 425
1802200 426
1802210 427
1802220 428
1802230 429
1802240 430
1802250 430
1802260 431
1802270 431
1802280 432
1802290 432
1802300 432
1802310 432
1802320 433
1802330 433
1802340 433
1802350 433
1802360 433
1802370 434
1802380 434
1802390 434
1802400 435
1802410 435
1802420 436
1802430 436
1802440 437
1802450 438
1802460 439
1802470 440
1802480 440
1802490 441
1802500 442
1802510 443
1802520 443
1802530 444
1802540 444
1802550 445
1802560 445
1802570 445
1802580 446
1802590 446
1802600 446
1802610 446
1802620 446
1802630 446
1802640 445
1802650 443
1802660 443
1802670 442
1802680 442
1802690 441
1802700 441
1802710 441
1802720 440
1802730 440
1802740 439
1802750 439
1802760 439
1802770 438
1802780 438
1802790 438
1802800 437
1802810 437
1802820 437
1802830 437
1802840 436
1802850 436
1802860 436
1802870 435
1802880 435
1802890 434
1802900 434
1802910 433
1802920 433
1802930 433
1802940 432
1802950 432
1802960 431
1802970 431
1802980 431
1802990 430
1803000 430
1803010 429
1803020 429
1803030 428
1803040 428
1803050 428
1803060 427
1803070 427
1803080 426
1803090 426
1803100 425
1803110 425
1803120 424
1803130 424
1803140 423
1803150 423
1803160 422
1803170 422
1803180 421
1803190 421
1803200 421
1803210 420
1803220 419
1803230 418
1803240 417
1803250 417
1803260 416
1803270 415
1803280 414
1803290 414
1803300 413
1803310 412
1803320 411
1803330 411
1803340 410
1803350 409
1803360 409
1803370 408
1803380 407
1803390 407
1803400 406
1803410 406
1803420 405
1803430 405
1803440 404
1803450 404
1803460 403
1803470 403
1803480 402
1803490 402
1803500 401
1803510 400
1803520 400
1803530 399
1803540 399
1803550 399
1803560 398
1803570 397
1803580 397
1803590 396
1803600 394
1803610 393
1803620 392
1803630 391
1803640 390
1803650 389
1803660 389
1803670 388
1803680 387
1803690 386
1803700 385
1803710 384
1803720 382
1803730 380
1803740 378
1803750 375
1803760 373
1803770 370
1803780 367
1803790 365
1803800 363
1803810 361
1803820 360
1803830 360
1803840 360
1803850 361
1803860 362
1803870 363
1803880 365
1803890 367
1803900 368
1803910 369
1803920 371
1803930 372
1803940 372
1803950 373
1803960 373
1803970 373
1803980 374
1803990 375
1804000 376
1804010 377
1804020 378
1804030 380
1804040 381
1804050 381
1804060 382
1804070 383
1804080 384
1804090 385
1804100 386
1804110 386
1804120 385
1804130 384
1804140 383
1804150 381
1804160 379
1804170 377
1804180 375
1804190 375
1804200 375
1804210 375
1804220 375
1804230 374
1804240 373
1804250 372
1804260 371
1804270 370
1804280 369
1804290 368
1804300 366
1804310 365
1804320 365
1804330 364
1804340 364
1804350 364
1804360 364
1804370 363
1804380 363
1804390 362
1804400 361
1804410 360
1804420 359
1804430 357
1804440 356
1804450 355
1804460 354
1804470 354
1804480 353
1804490 352
1804500 351
1804510 349
1804520 347
1804530 346
1804540 344
1804550 341
1804560 340
1804570 338
1804580 337
1804590 336
1804600 335
1804610 334
1804620 335
1804630 335
1804640 335
1804650 335
1804660 335
1804670 334
1804680 332
1804690 331
1804700 330
1804710 329
1804720 329
1804730 328
1804740 328
1804750 327
1804760 326
1804770 326
1804780 325
1804790 325
1804800 324
1804810 324
1804820 323
1804830 323
1804840 322
1804850 322
1804860 322
1804870 322
1804880 321
1804890 320
1804900 320
1804910 319
1804920 318
1804930 317
1804940 316
1804950 314
1804960 314
1804970 315
1804980 317
1804990 318
1805000 319
1805010 320
1805020 321
1805030 321
1805040 322
1805050 323
1805060 324
1805070 325
1805080 326
1805090 327
1805100 329
1805110 330
1805120 332
1805130 334
1805140 335
1805150 335
1805160 335
1805170 335
1805180 334
1805190 333
1805200 332
1805210 330
1805220 328
1805230 327
1805240 325
1805250 324
1805260 322
1805270 321
1805280 321
1805290 320
1805300 319
1805310 319
1805320 319
1805330 318
1805340 318
1805350 317
1805360 316
1805370 316
1805380 315
1805390 315
1805400 314
1805410 314
1805420 314
1805430 314
1805440 314
1805450 314
1805460 314
1805470 314
1805480 314
1805490 314
1805500 313
1805510 313
1805520 312
1805530 311
1805540 311
1805550 310
1805560 309
1805570 309
1805580 308
1805590 307
1805600 306
1805610 305
1805620 305
1805630 304
1805640 303
1805650 303
1805660 303
1805670 302
1805680 302
1805690 301
1805700 301
1805710 300
1805720 300
1805730 299
1805740 299
1805750 298
1805760 298
1805770 297
1805780 297
1805790 296
1805800 296
1805810 296
1805820 295
1805830 295
1805840 295
1805850 295
1805860 294
1805870 294
1805880 294
1805890 294
1805900 294
1805910 294
1805920 293
1805930 293
1805940 293
1805950 293
1805960 293
1805970 293
1805980 293
1805990 293
1806000 293
1806010 293
1806020 293
1806030 292
1806040 292
1806050 292
1806060 292
1806070 291
1806080 291
1806090 291
1806100 290
1806110 290
1806120 289
1806130 289
1806140 288
1806150 288
1806160 288
1806170 288
1806180 287
1806190 287
1806200 287
1806210 287
1806220 286
1806230 286
1806240 286
1806250 286
1806260 286
1806270 286
1806280 285
1806290 285
1806300 285
1806310 285
1806320 285
1806330 284
1806340 284
1806350 284
1806360 284
1806370 284
1806380 284
1806390 284
1806400 283
1806410 283
1806420 283
1806430 283
1806440 284
1806450 287
1806460 288
1806470 290
1806480 293
1806490 296
1806500 299
1806510 303
1806520 306
1806530 309
1806540 313
1806550 316
1806560 319
1806570 322
1806580 323
1806590 325
1806600 325
1806610 325
1806620 323
1806630 322
1806640 323
1806650 323
1806660 324
1806670 324
1806680 324
1806690 323
1806700 322
1806710 321
1806720 320
1806730 319
1806740 318
1806750 317
1806760 316
1806770 315
1806780 314
1806790 312
1806800 311
1806810 309
1806820 307
1806830 305
1806840 303
1806850 301
1806860 299
1806870 298
1806880 296
1806890 294
1806900 292
1806910 291
1806920 290
1806930 288
1806940 286
1806950 284
1806960 283
1806970 282
1806980 281
1806990 279
1807000 278
1807010 276
1807020 275
1807030 273
1807040 272
1807050 270
1807060 270
1807070 268
1807080 266
1807090 267
1807100 268
1807110 268
1807120 268
1807130 268
1807140 267
1807150 267
1807160 267
1807170 267
1807180 267
1807190 267
1807200 267
1807210 268
1807220 268
1807230 270
1807240 273
1807250 275
1807260 277
1807270 279
1807280 282
1807290 285
1807300 288
1807310 291
1807320 294
1807330 298
1807340 301
1807350 303
1807360 305
1807370 307
1807380 309
1807390 310
1807400 310
1807410 311
1807420 310
1807430 309
1807440 307
1807450 305
1807460 303
1807470 301
1807480 299
1807490 297
1807500 294
1807510 292
1807520 290
1807530 287
1807540 285
1807550 283
1807560 281
1807570 281
1807580 280
1807590 280
1807600 281
1807610 281
1807620 281
1807630 283
1807640 284
1807650 286
1807660 289
1807670 292
1807680 295
1807690 299
1807700 302
1807710 306
1807720 310
1807730 313
1807740 317
1807750 321
1807760 325
1807770 329
1807780 333
1807790 337
1807800 341
1807810 345
1807820 348
1807830 352
1807840 355
1807850 357
1807860 359
1807870 359
1807880 360
1807890 360
1807900 361
1807910 362
1807920 363
1807930 363
1807940 363
1807950 363
1807960 363
1807970 363
1807980 362
1807990 362
1808000 362
1808010 362
1808020 363
1808030 363
1808040 364
1808050 366
1808060 368
1808070 370
1808080 372
1808090 374
1808100 376
1808110 379
1808120 381
1808130 384
1808140 386
1808150 388
1808160 389
1808170 391
1808180 392
1808190 394
1808200 395
1808210 397
1808220 399
1808230 402
1808240 404
1808250 406
1808260 408
1808270 411
1808280 413
1808290 416
1808300 419
1808310 422
1808320 425
1808330 428
1808340 432
1808350 435
1808360 438
1808370 442
1808380 445
1808390 448
1808400 452
1808410 455
1808420 458
1808430 461
1808440 463
1808450 466
1808460 469
1808470 472
1808480 475
1808490 478
1808500 481
1808510 483
1808520 485
1808530 487
1808540 489
1808550 491
1808560 493
1808570 494
1808580 494
1808590 494
1808600 493
1808610 492
1808620 490
1808630 489
1808640 487
1808650 485
1808660 484
1808670 483
1808680 483
1808690 482
1808700 482
1808710 482
1808720 482
1808730 482
1808740 482
1808750 482
1808760 483
1808770 483
1808780 483
1808790 483
1808800 483
1808810 484
1808820 485
1808830 486
1808840 487
1808850 489
1808860 490
1808870 491
1808880 493
1808890 494
1808900 494
1808910 492
1808920 489
1808930 486
1808940 483
1808950 479
1808960 476
1808970 472
1808980 469
1808990 466
1809000 462
1809010 459
1809020 456
1809030 453
1809040 449
1809050 446
1809060 443
1809070 440
1809080 436
1809090 433
1809100 430
1809110 427
1809120 425
1809130 422
1809140 420
1809150 417
1809160 414
1809170 411
1809180 409
1809190 406
1809200 403
1809210 400
1809220 397
1809230 395
1809240 392
1809250 389
1809260 388
1809270 386
1809280 385
1809290 383
1809300 381
1809310 379
1809320 377
1809330 376
1809340 374
1809350 373
1809360 372
1809370 371
1809380 370
1809390 369
1809400 368
1809410 367
1809420 365
1809430 363
1809440 361
1809450 359
1809460 358
1809470 357
1809480 355
1809490 353
1809500 350
1809510 349
1809520 348
1809530 349
1809540 349
1809550 349
1809560 348
1809570 347
1809580 346
1809590 345
1809600 345
1809610 345
1809620 347
1809630 349
1809640 350
1809650 352
1809660 354
1809670 355
1809680 357
1809690 359
1809700 361
1809710 362
1809720 362
1809730 361
1809740 358
1809750 355
1809760 350
1809770 346
1809780 341
1809790 337
1809800 333
1809810 330
1809820 327
1809830 325
1809840 322
1809850 320
1809860 318
1809870 314
1809880 307
1809890 295
1809900 289
1809910 286
1809920 286
1809930 289
1809940 292
1809950 291
1809960 290
1809970 289
1809980 287
1809990 286
1810000 285
1810010 284
1810020 283
1810030 283
1810040 282
1810050 281
1810060 281
1810070 281
1810080 280
1810090 280
1810100 280
1810110 280
1810120 279
1810130 279
1810140 278
1810150 278
1810160 277
1810170 276
1810180 276
1810190 275
1810200 274
1810210 273
1810220 273
1810230 273
1810240 272
1810250 271
1810260 270
1810270 269
1810280 269
1810290 269
1810300 268
1810310 267
1810320 267
1810330 266
1810340 266
1810350 265
1810360 265
1810370 265
1810380 264
1810390 264
1810400 264
1810410 263
1810420 263
1810430 262
1810440 262
1810450 262
1810460 261
1810470 261
1810480 261
1810490 261
1810500 261
1810510 261
1810520 261
1810530 261
1810540 261
1810550 261
1810560 260
1810570 259
1810580 257
1810590 255
1810600 253
1810610 251
1810620 250
1810630 250
1810640 250
1810650 252
1810660 254
1810670 257
1810680 259
1810690 262
1810700 265
1810710 268
1810720 271
1810730 275
1810740 278
1810750 282
1810760 285
1810770 289
1810780 292
1810790 296
1810800 300
1810810 304
1810820 307
1810830 310
1810840 312
1810850 313
1810860 315
1810870 317
1810880 320
1810890 321
1810900 322
1810910 321
1810920 319
1810930 317
1810940 315
1810950 314
1810960 311
1810970 307
1810980 304
1810990 301
1811000 298
1811010 296
1811020 294
1811030 294
1811040 295
1811050 297
1811060 300
1811070 302
1811080 305
1811090 308
1811100 310
1811110 313
1811120 316
1811130 318
1811140 320
1811150 323
1811160 326
1811170 329
1811180 332
1811190 335
1811200 338
1811210 340
1811220 342
1811230 343
1811240 344
1811250 345
1811260 346
1811270 347
1811280 347
1811290 347
1811300 346
1811310 344
1811320 343
1811330 342
1811340 341
1811350 340
1811360 340
1811370 339
1811380 339
1811390 338
1811400 338
1811410 337
1811420 336
1811430 335
1811440 334
1811450 333
1811460 332
1811470 331
1811480 329
1811490 328
1811500 327
1811510 326
1811520 325
1811530 324
1811540 324
1811550 323
1811560 323
1811570 323
1811580 323
1811590 323
1811600 323
1811610 322
1811620 321
1811630 320
1811640 319
1811650 319
1811660 318
1811670 318
1811680 317
1811690 316
1811700 315
1811710 314
1811720 313
1811730 312
1811740 311
1811750 311
1811760 310
1811770 310
1811780 309
1811790 309
1811800 308
1811810 308
1811820 307
1811830 305
1811840 304
1811850 303
1811860 302
1811870 300
1811880 298
1811890 296
1811900 294
1811910 292
1811920 289
1811930 286
1811940 282
1811950 280
1811960 278
1811970 278
1811980 277
1811990 276
1812000 276
1812010 275
1812020 275
1812030 273
1812040 271
1812050 271
1812060 272
1812070 278
1812080 282
1812090 284
1812100 285
1812110 283
1812120 278
1812130 270
1812140 266
1812150 265
1812160 264
1812170 264
1812180 263
1812190 263
1812200 262
1812210 262
1812220 262
1812230 261
1812240 261
1812250 261
1812260 261
1812270 262
1812280 260
1812290 259
1812300 257
1812310 256
1812320 255
1812330 254
1812340 254
1812350 253
1812360 253
1812370 253
1812380 252
1812390 252
1812400 251
1812410 250
1812420 250
1812430 250
1812440 250
1812450 250
1812460 248
1812470 248
1812480 247
1812490 247
1812500 246
1812510 245
1812520 244
1812530 244
1812540 243
1812550 243
1812560 242
1812570 241
1812580 241
1812590 241
1812600 240
1812610 239
1812620 238
1812630 237
1812640 237
1812650 236
1812660 236
1812670 235
1812680 235
1812690 234
1812700 234
1812710 233
1812720 232
1812730 232
1812740 231
1812750 231
1812760 231
1812770 230
1812780 230
1812790 230
1812800 229
1812810 229
1812820 229
1812830 229
1812840 228
1812850 228
1812860 228
1812870 227
1812880 227
1812890 226
1812900 226
1812910 226
1812920 225
1812930 224
1812940 224
1812950 224
1812960 224
1812970 225
1812980 225
1812990 224
1813000 224
1813010 224
1813020 224
1813030 224
1813040 224
1813050 223
1813060 223
1813070 223
1813080 223
1813090 223
1813100 223
1813110 223
1813120 223
1813130 222
1813140 222
1813150 222
1813160 222
1813170 222
1813180 222
1813190 222
1813200 222
1813210 222
1813220 222
1813230 222
1813240 221
1813250 221
1813260 222
1813270 222
1813280 222
1813290 222
1813300 221
1813310 221
1813320 221
1813330 221
1813340 221
1813350 221
1813360 221
1813370 221
1813380 221
1813390 220
1813400 220
1813410 220
1813420 220
1813430 220
1813440 220
1813450 220
1813460 220
1813470 219
1813480 219
1813490 219
1813500 219
1813510 218
1813520 218
1813530 217
1813540 217
1813550 217
1813560 217
1813570 217
1813580 217
1813590 217
1813600 216
1813610 216
1813620 216
1813630 216
1813640 216
1813650 216
1813660 216
1813670 216
1813680 216
1813690 216
1813700 216
1813710 216
1813720 215
1813730 215
1813740 215
1813750 216
1813760 216
1813770 216
1813780 216
1813790 216
1813800 216
1813810 216
1813820 216
1813830 216
1813840 215
1813850 215
1813860 215
1813870 215
1813880 215
1813890 215
1813900 214
1813910 214
1813920 214
1813930 214
1813940 214
1813950 214
1813960 214
1813970 214
1813980 214
1813990 213
1814000 213
1814010 213
1814020 213
1814030 213
1814040 213
1814050 213
1814060 213
1814070 213
1814080 213
1814090 213
1814100 213
1814110 213
1814120 213
1814130 213
1814140 213
1814150 213
1814160 213
1814170 213
1814180 212
1814190 212
1814200 212
1814210 212
1814220 212
1814230 212
1814240 212
1814250 211
1814260 211
1814270 211
1814280 211
1814290 211
1814300 211
1814310 211
1814320 211
1814330 211
1814340 211
1814350 211
1814360 211
1814370 211
1814380 211
1814390 211
1814400 211
1814410 211
1814420 211
1814430 211
1814440 211
1814450 211
1814460 212
1814470 213
1814480 213
1814490 213
1814500 213
1814510 213
1814520 213
1814530 213
1814540 213
1814550 213
1814560 213
1814570 213
1814580 213
1814590 213
1814600 213
1814610 213
1814620 213
1814630 212
1814640 210
1814650 209
1814660 209
1814670 209
1814680 209
1814690 209
1814700 209
1814710 209
1814720 209
1814730 209
1814740 209
1814750 209
1814760 209
1814770 209
1814780 209
1814790 209
1814800 209
1814810 209
1814820 208
1814830 208
1814840 208
1814850 208
1814860 208
1814870 208
1814880 208
1814890 208
1814900 208
1814910 208
1814920 208
1814930 208
1814940 207
1814950 207
1814960 208
1814970 207
1814980 207
1814990 207
1815000 207
1815010 207
1815020 207
1815030 207
1815040 207
1815050 207
1815060 207
1815070 207
1815080 206
1815090 206
1815100 207
1815110 206
1815120 206
1815130 206
1815140 206
1815150 206
1815160 206
1815170 206
1815180 206
1815190 206
1815200 206
1815210 206
1815220 206
1815230 206
1815240 205
1815250 205
1815260 205
1815270 205
1815280 205
1815290 205
1815300 205
1815310 205
1815320 205
1815330 205
1815340 205
1815350 205
1815360 205
1815370 205
1815380 205
1815390 204
1815400 204
1815410 204
1815420 204
1815430 204
1815440 204
1815450 205
1815460 205
1815470 205
1815480 204
1815490 204
1815500 204
1815510 204
1815520 204
1815530 204
1815540 204
1815550 204
1815560 204
1815570 204
1815580 204
1815590 204
1815600 203
1815610 203
1815620 203
1815630 203
1815640 203
1815650 203
1815660 203
1815670 203
1815680 203
1815690 203
1815700 203
1815710 203
1815720 202
1815730 202
1815740 202
1815750 202
1815760 202
1815770 202
1815780 202
1815790 202
1815800 202
1815810 202
1815820 202
1815830 202
1815840 202
1815850 202
1815860 202
1815870 202
1815880 202
1815890 202
1815900 201
1815910 201
1815920 201
1815930 202
1815940 202
1815950 201
1815960 202
1815970 202
1815980 202
1815990 202
1816000 201
1816010 200
1816020 200
1816030 200
1816040 200
1816050 200
1816060 200
1816070 200
1816080 200
1816090 200
1816100 200
1816110 200
1816120 200
1816130 200
1816140 199
1816150 199
1816160 199
1816170 200
1816180 200
1816190 200
1816200 200
1816210 199
1816220 199
1816230 199
1816240 199
1816250 199
1816260 199
1816270 199
1816280 199
1816290 199
1816300 199
1816310 199
1816320 199
1816330 199
1816340 199
1816350 199
1816360 199
1816370 199
1816380 199
1816390 199
1816400 199
1816410 199
1816420 199
1816430 198
1816440 198
1816450 198
1816460 198
1816470 198
1816480 198
1816490 198
1816500 198
1816510 198
1816520 198
1816530 198
1816540 198
1816550 198
1816560 198
1816570 198
1816580 198
1816590 198
1816600 198
1816610 198
1816620 198
1816630 198
1816640 198
1816650 198
1816660 198
1816670 198
1816680 198
1816690 198
1816700 198
1816710 198
1816720 197
1816730 197
1816740 197
1816750 198
1816760 198
1816770 198
1816780 198
1816790 198
1816800 198
1816810 197
1816820 197
1816830 197
1816840 197
1816850 197
1816860 197
1816870 197
1816880 197
1816890 197
1816900 197
1816910 197
1816920 197
1816930 197
1816940 197
1816950 197
1816960 197
1816970 197
1816980 197
1816990 197
1817000 197
1817010 197
1817020 197
1817030 197
1817040 197
1817050 197
1817060 197
1817070 197
1817080 197
1817090 196
1817100 196
1817110 196
1817120 196
1817130 196
1817140 196
1817150 197
1817160 197
1817170 197
1817180 197
1817190 197
1817200 197
1817210 197
1817220 196
1817230 196
1817240 196
1817250 196
1817260 196
1817270 196
1817280 196
1817290 196
1817300 196
1817310 196
1817320 196
1817330 196
1817340 195
1817350 195
1817360 195
1817370 195
1817380 195
1817390 195
1817400 195
1817410 195
1817420 195
1817430 195
1817440 194
1817450 194
1817460 194
1817470 194
1817480 194
1817490 194
1817500 194
1817510 193
1817520 193
1817530 193
1817540 193
1817550 193
1817560 193
1817570 193
1817580 193
1817590 193
1817600 193
1817610 192
1817620 192
1817630 193
1817640 193
1817650 193
1817660 193
1817670 193
1817680 193
1817690 193
1817700 193
1817710 192
1817720 192
1817730 192
1817740 192
1817750 192
1817760 193
1817770 192
1817780 192
1817790 192
1817800 192
1817810 192
1817820 192
1817830 192
1817840 192
1817850 192
1817860 192
1817870 192
1817880 192
1817890 192
1817900 192
1817910 192
1817920 193
1817930 193
1817940 193
1817950 193
1817960 193
1817970 192
1817980 191
1817990 191
1818000 191
1818010 191
1818020 191
1818030 191
1818040 191
1818050 191
1818060 190
1818070 190
1818080 190
1818090 190
1818100 190
1818110 190
1818120 190
1818130 190
1818140 190
1818150 190
1818160 190
1818170 190
1818180 190
1818190 190
1818200 190
1818210 190
1818220 190
1818230 190
1818240 189
1818250 189
1818260 189
1818270 189
1818280 189
1818290 189
1818300 189
1818310 189
1818320 189
1818330 189
1818340 189
1818350 189
1818360 189
1818370 189
1818380 189
1818390 189
1818400 189
1818410 188
1818420 188
1818430 188
1818440 189
1818450 190
1818460 191
1818470 191
1818480 191
1818490 191
1818500 191
1818510 191
1818520 191
1818530 191
1818540 190
1818550 189
1818560 190
1818570 190
1818580 191
1818590 193
1818600 193
1818610 190
1818620 188
1818630 187
1818640 187
1818650 187
1818660 187
1818670 187
1818680 187
1818690 187
1818700 187
1818710 187
1818720 187
1818730 187
1818740 187
1818750 187
1818760 187
1818770 186
1818780 186
1818790 186
1818800 186
1818810 186
1818820 186
1818830 186
1818840 186
1818850 186
1818860 185
1818870 184
1818880 183
1818890 183
1818900 184
1818910 184
1818920 184
1818930 184
1818940 184
1818950 184
1818960 184
1818970 184
1818980 184
1818990 185
1819000 185
1819010 185
1819020 185
1819030 185
1819040 185
1819050 185
1819060 185
1819070 185
1819080 185
1819090 185
1819100 185
1819110 185
1819120 185
1819130 185
1819140 185
1819150 185
1819160 185
1819170 185
1819180 185
1819190 185
1819200 185
1819210 185
1819220 184
1819230 184
1819240 184
1819250 184
1819260 184
1819270 184
1819280 184
1819290 184
1819300 184
1819310 184
1819320 184
1819330 184
1819340 184
1819350 184
1819360 184
1819370 184
1819380 184
1819390 184
1819400 184
1819410 184
1819420 184
1819430 184
1819440 184
1819450 184
1819460 184
1819470 184
1819480 184
1819490 184
1819500 183
1819510 183
1819520 183
1819530 183
1819540 183
1819550 183
1819560 183
1819570 183
1819580 183
1819590 183
1819600 183
1819610 183
1819620 183
1819630 183
1819640 183
1819650 183
1819660 183
1819670 183
1819680 183
1819690 183
1819700 183
1819710 182
1819720 182
1819730 182
1819740 182
1819750 182
1819760 182
1819770 182
1819780 182
1819790 182
1819800 182
1819810 182
1819820 182
1819830 182
1819840 182
1819850 182
1819860 182
1819870 182
1819880 182
1819890 182
1819900 182
1819910 182
1819920 182
1819930 182
1819940 181
1819950 181
1819960 181
1819970 181
1819980 181
1819990 181
