1800000 490
1800010 490
1800020 490
1800030 489
1800040 489
1800050 489
1800060 488
1800070 488
1800080 488
1800090 487
1800100 487
1800110 487
1800120 487
1800130 486
1800140 486
1800150 485
1800160 485
1800170 484
1800180 483
1800190 483
1800200 482
1800210 481
1800220 481
1800230 480
1800240 479
1800250 479
1800260 478
1800270 478
1800280 477
1800290 476
1800300 476
1800310 475
1800320 475
1800330 475
1800340 474
1800350 474
1800360 474
1800370 474
1800380 473
1800390 473
1800400 473
1800410 473
1800420 473
1800430 472
1800440 472
1800450 472
1800460 471
1800470 470
1800480 469
1800490 468
1800500 465
1800510 463
1800520 460
1800530 458
1800540 457
1800550 459
1800560 461
1800570 464
1800580 466
1800590 468
1800600 469
1800610 471
1800620 472
1800630 474
1800640 475
1800650 477
1800660 478
1800670 479
1800680 479
1800690 480
1800700 480
1800710 480
1800720 480
1800730 480
1800740 480
1800750 480
1800760 480
1800770 479
1800780 479
1800790 479
1800800 479
1800810 478
1800820 478
1800830 478
1800840 478
1800850 478
1800860 478
1800870 477
1800880 477
1800890 477
1800900 477
1800910 477
1800920 476
1800930 476
1800940 476
1800950 475
1800960 475
1800970 475
1800980 474
1800990 474
1801000 474
1801010 473
1801020 473
1801030 472
1801040 471
1801050 470
1801060 469
1801070 468
1801080 468
1801090 467
1801100 466
1801110 466
1801120 465
1801130 464
1801140 463
1801150 462
1801160 461
1801170 460
1801180 460
1801190 459
1801200 458
1801210 457
1801220 456
1801230 455
1801240 454
1801250 453
1801260 452
1801270 451
1801280 450
1801290 449
1801300 448
1801310 447
1801320 445
1801330 444
1801340 442
1801350 440
1801360 438
1801370 436
1801380 433
1801390 431
1801400 429
1801410 427
1801420 425
1801430 424
1801440 422
1801450 421
1801460 421
1801470 420
1801480 418
1801490 416
1801500 414
1801510 412
1801520 411
1801530 410
1801540 409
1801550 408
1801560 407
1801570 406
1801580 405
1801590 404
1801600 403
1801610 402
1801620 401
1801630 400
1801640 399
1801650 398
1801660 397
1801670 395
1801680 394
1801690 393
1801700 392
1801710 391
1801720 390
1801730 388
1801740 387
1801750 385
1801760 384
1801770 383
1801780 382
1801790 381
1801800 381
1801810 381
1801820 381
1801830 380
1801840 381
1801850 383
1801860 384
1801870 385
1801880 387
1801890 388
1801900 390
1801910 392
1801920 394
1801930 396
1801940 397
1801950 399
1801960 400
1801970 401
1801980 402
1801990 403
1802000 404
1802010 405
1802020 405
1802030 406
1802040 406
1802050 407
1802060 407
1802070 407
1802080 408
1802090 408
1802100 409
1802110 409
1802120 410
1802130 410
1802140 410
1802150 410
1802160 410
1802170 411
1802180 411
1802190 412
1802200 412
1802210 413
1802220 414
1802230 414
1802240 415
1802250 415
1802260 416
1802270 416
1802280 417
1802290 417
1802300 418
1802310 418
1802320 419
1802330 419
1802340 419
1802350 419
1802360 419
1802370 420
1802380 421
1802390 423
1802400 426
1802410 428
1802420 432
1802430 435
1802440 437
1802450 438
1802460 439
1802470 439
1802480 440
1802490 440
1802500 441
1802510 441
1802520 442
1802530 442
1802540 442
1802550 443
1802560 443
1802570 443
1802580 443
1802590 443
1802600 443
1802610 442
1802620 442
1802630 442
1802640 442
1802650 441
1802660 441
1802670 441
1802680 441
1802690 440
1802700 440
1802710 440
1802720 439
1802730 439
1802740 438
1802750 438
1802760 438
1802770 438
1802780 437
1802790 437
1802800 436
1802810 435
1802820 435
1802830 435
1802840 434
1802850 434
1802860 433
1802870 433
1802880 432
1802890 432
1802900 430
1802910 428
1802920 427
1802930 429
1802940 430
1802950 432
1802960 433
1802970 433
1802980 434
1802990 434
1803000 434
1803010 434
1803020 434
1803030 434
1803040 434
1803050 435
1803060 435
1803070 435
1803080 435
1803090 435
1803100 435
1803110 436
1803120 436
1803130 436
1803140 437
1803150 438
1803160 438
1803170 439
1803180 439
1803190 440
1803200 441
1803210 441
1803220 441
1803230 442
1803240 442
1803250 443
1803260 443
1803270 443
1803280 443
1803290 443
1803300 444
1803310 444
1803320 443
1803330 443
1803340 443
1803350 442
1803360 441
1803370 441
1803380 440
1803390 440
1803400 439
1803410 439
1803420 438
1803430 438
1803440 437
1803450 436
1803460 435
1803470 435
1803480 434
1803490 434
1803500 433
1803510 433
1803520 432
1803530 432
1803540 431
1803550 430
1803560 430
1803570 429
1803580 428
1803590 427
1803600 427
1803610 426
1803620 425
1803630 424
1803640 423
1803650 422
1803660 421
1803670 420
1803680 419
1803690 418
1803700 416
1803710 414
1803720 412
1803730 409
1803740 406
1803750 406
1803760 406
1803770 407
1803780 407
1803790 408
1803800 409
1803810 410
1803820 411
1803830 412
1803840 412
1803850 413
1803860 414
1803870 414
1803880 415
1803890 415
1803900 416
1803910 416
1803920 417
1803930 417
1803940 417
1803950 418
1803960 418
1803970 418
1803980 418
1803990 418
1804000 418
1804010 419
1804020 419
1804030 419
1804040 419
1804050 418
1804060 418
1804070 418
1804080 418
1804090 418
1804100 418
1804110 418
1804120 418
1804130 418
1804140 418
1804150 418
1804160 418
1804170 418
1804180 417
1804190 417
1804200 416
1804210 416
1804220 415
1804230 415
1804240 415
1804250 415
1804260 414
1804270 414
1804280 413
1804290 412
1804300 411
1804310 409
1804320 408
1804330 405
1804340 403
1804350 400
1804360 397
1804370 393
1804380 390
1804390 387
1804400 384
1804410 382
1804420 380
1804430 378
1804440 376
1804450 374
1804460 372
1804470 370
1804480 368
1804490 366
1804500 365
1804510 363
1804520 361
1804530 359
1804540 357
1804550 355
1804560 352
1804570 349
1804580 345
1804590 342
1804600 339
1804610 335
1804620 332
1804630 329
1804640 326
1804650 323
1804660 322
1804670 321
1804680 320
1804690 320
1804700 319
1804710 319
1804720 319
1804730 319
1804740 319
1804750 319
1804760 320
1804770 321
1804780 324
1804790 327
1804800 330
1804810 334
1804820 337
1804830 341
1804840 345
1804850 350
1804860 354
1804870 358
1804880 362
1804890 365
1804900 369
1804910 373
1804920 377
1804930 381
1804940 385
1804950 389
1804960 393
1804970 397
1804980 400
1804990 401
1805000 401
1805010 400
1805020 399
1805030 399
1805040 398
1805050 397
1805060 396
1805070 395
1805080 394
1805090 393
1805100 391
1805110 389
1805120 387
1805130 385
1805140 382
1805150 380
1805160 377
1805170 375
1805180 372
1805190 370
1805200 367
1805210 365
1805220 364
1805230 362
1805240 361
1805250 359
1805260 357
1805270 356
1805280 355
1805290 353
1805300 352
1805310 351
1805320 349
1805330 347
1805340 346
1805350 344
1805360 341
1805370 338
1805380 336
1805390 334
1805400 333
1805410 331
1805420 330
1805430 330
1805440 331
1805450 331
1805460 331
1805470 330
1805480 330
1805490 332
1805500 334
1805510 336
1805520 336
1805530 337
1805540 337
1805550 337
1805560 337
1805570 337
1805580 337
1805590 338
1805600 338
1805610 338
1805620 338
1805630 338
1805640 338
1805650 337
1805660 337
1805670 337
1805680 336
1805690 336
1805700 335
1805710 334
1805720 333
1805730 332
1805740 331
1805750 330
1805760 330
1805770 329
1805780 328
1805790 328
1805800 328
1805810 328
1805820 328
1805830 328
1805840 329
1805850 329
1805860 329
1805870 329
1805880 329
1805890 330
1805900 330
1805910 330
1805920 330
1805930 331
1805940 331
1805950 331
1805960 331
1805970 331
1805980 331
1805990 331
1806000 331
1806010 331
1806020 331
1806030 331
1806040 331
1806050 331
1806060 331
1806070 331
1806080 331
1806090 331
1806100 331
1806110 331
1806120 331
1806130 332
1806140 332
1806150 332
1806160 333
1806170 333
1806180 333
1806190 334
1806200 334
1806210 334
1806220 334
1806230 334
1806240 334
1806250 334
1806260 334
1806270 333
1806280 333
1806290 333
1806300 333
1806310 333
1806320 333
1806330 333
1806340 333
1806350 333
1806360 333
1806370 333
1806380 333
1806390 333
1806400 332
1806410 332
1806420 332
1806430 331
1806440 331
1806450 330
1806460 330
1806470 329
1806480 329
1806490 329
1806500 328
1806510 328
1806520 327
1806530 327
1806540 326
1806550 325
1806560 324
1806570 323
1806580 322
1806590 321
1806600 320
1806610 319
1806620 318
1806630 317
1806640 316
1806650 315
1806660 314
1806670 313
1806680 313
1806690 312
1806700 311
1806710 310
1806720 309
1806730 308
1806740 308
1806750 307
1806760 304
1806770 303
1806780 301
1806790 299
1806800 297
1806810 296
1806820 295
1806830 294
1806840 292
1806850 292
1806860 291
1806870 290
1806880 290
1806890 289
1806900 288
1806910 287
1806920 287
1806930 286
1806940 285
1806950 284
1806960 284
1806970 283
1806980 282
1806990 282
1807000 281
1807010 280
1807020 280
1807030 279
1807040 279
1807050 278
1807060 278
1807070 278
1807080 277
1807090 276
1807100 276
1807110 275
1807120 275
1807130 274
1807140 274
1807150 273
1807160 272
1807170 272
1807180 270
1807190 269
1807200 268
1807210 267
1807220 266
1807230 265
1807240 265
1807250 264
1807260 264
1807270 263
1807280 263
1807290 262
1807300 263
1807310 263
1807320 263
1807330 263
1807340 263
1807350 263
1807360 263
1807370 263
1807380 263
1807390 262
1807400 262
1807410 262
1807420 262
1807430 262
1807440 262
1807450 262
1807460 262
1807470 262
1807480 262
1807490 261
1807500 261
1807510 261
1807520 261
1807530 261
1807540 261
1807550 261
1807560 261
1807570 261
1807580 261
1807590 261
1807600 261
1807610 261
1807620 261
1807630 261
1807640 261
1807650 261
1807660 261
1807670 261
1807680 261
1807690 261
1807700 261
1807710 261
1807720 261
1807730 263
1807740 263
1807750 264
1807760 265
1807770 266
1807780 266
1807790 267
1807800 267
1807810 268
1807820 268
1807830 269
1807840 270
1807850 270
1807860 270
1807870 271
1807880 272
1807890 273
1807900 274
1807910 274
1807920 275
1807930 275
1807940 276
1807950 276
1807960 277
1807970 278
1807980 278
1807990 279
1808000 279
1808010 279
1808020 280
1808030 280
1808040 281
1808050 281
1808060 282
1808070 282
1808080 283
1808090 284
1808100 284
1808110 284
1808120 285
1808130 285
1808140 286
1808150 288
1808160 289
1808170 290
1808180 291
1808190 291
1808200 291
1808210 291
1808220 292
1808230 292
1808240 294
1808250 294
1808260 295
1808270 298
1808280 300
1808290 301
1808300 301
1808310 301
1808320 301
1808330 302
1808340 304
1808350 306
1808360 308
1808370 310
1808380 312
1808390 314
1808400 315
1808410 317
1808420 318
1808430 320
1808440 321
1808450 323
1808460 325
1808470 327
1808480 329
1808490 330
1808500 331
1808510 332
1808520 333
1808530 334
1808540 337
1808550 339
1808560 341
1808570 342
1808580 344
1808590 346
1808600 348
1808610 350
1808620 352
1808630 354
1808640 357
1808650 359
1808660 362
1808670 364
1808680 366
1808690 368
1808700 369
1808710 369
1808720 370
1808730 370
1808740 371
1808750 371
1808760 371
1808770 372
1808780 373
1808790 374
1808800 375
1808810 376
1808820 377
1808830 378
1808840 379
1808850 378
1808860 378
1808870 377
1808880 375
1808890 373
1808900 372
1808910 372
1808920 372
1808930 372
1808940 373
1808950 374
1808960 375
1808970 377
1808980 378
1808990 379
1809000 380
1809010 380
1809020 381
1809030 381
1809040 380
1809050 379
1809060 378
1809070 376
1809080 375
1809090 375
1809100 374
1809110 374
1809120 373
1809130 372
1809140 371
1809150 369
1809160 367
1809170 364
1809180 361
1809190 358
1809200 354
1809210 351
1809220 348
1809230 346
1809240 345
1809250 345
1809260 345
1809270 344
1809280 343
1809290 341
1809300 340
1809310 338
1809320 336
1809330 333
1809340 331
1809350 329
1809360 327
1809370 325
1809380 323
1809390 321
1809400 319
1809410 317
1809420 315
1809430 314
1809440 312
1809450 311
1809460 309
1809470 308
1809480 307
1809490 306
1809500 305
1809510 305
1809520 304
1809530 303
1809540 302
1809550 300
1809560 298
1809570 296
1809580 295
1809590 293
1809600 291
1809610 290
1809620 288
1809630 286
1809640 284
1809650 282
1809660 280
1809670 279
1809680 278
1809690 276
1809700 275
1809710 273
1809720 271
1809730 269
1809740 267
1809750 266
1809760 264
1809770 262
1809780 260
1809790 258
1809800 256
1809810 255
1809820 254
1809830 252
1809840 251
1809850 250
1809860 249
1809870 248
1809880 247
1809890 246
1809900 246
1809910 246
1809920 245
1809930 245
1809940 244
1809950 243
1809960 242
1809970 242
1809980 242
1809990 242
1810000 242
1810010 242
1810020 242
1810030 242
1810040 242
1810050 242
1810060 242
1810070 242
1810080 242
1810090 242
1810100 242
1810110 241
1810120 241
1810130 241
1810140 241
1810150 241
1810160 241
1810170 241
1810180 241
1810190 241
1810200 241
1810210 240
1810220 240
1810230 240
1810240 240
1810250 240
1810260 240
1810270 240
1810280 240
1810290 240
1810300 240
1810310 240
1810320 240
1810330 240
1810340 240
1810350 240
1810360 240
1810370 240
1810380 240
1810390 240
1810400 240
1810410 240
1810420 240
1810430 240
1810440 240
1810450 240
1810460 239
1810470 239
1810480 239
1810490 240
1810500 240
1810510 239
1810520 239
1810530 241
1810540 242
1810550 243
1810560 244
1810570 247
1810580 251
1810590 253
1810600 255
1810610 257
1810620 259
1810630 261
1810640 263
1810650 266
1810660 269
1810670 273
1810680 277
1810690 280
1810700 284
1810710 287
1810720 290
1810730 294
1810740 298
1810750 302
1810760 305
1810770 308
1810780 311
1810790 313
1810800 314
1810810 316
1810820 317
1810830 318
1810840 319
1810850 319
1810860 320
1810870 320
1810880 321
1810890 321
1810900 322
1810910 322
1810920 321
1810930 321
1810940 321
1810950 321
1810960 321
1810970 321
1810980 321
1810990 321
1811000 322
1811010 322
1811020 323
1811030 324
1811040 326
1811050 327
1811060 328
1811070 329
1811080 329
1811090 329
1811100 328
1811110 328
1811120 327
1811130 327
1811140 326
1811150 326
1811160 326
1811170 325
1811180 325
1811190 325
1811200 325
1811210 326
1811220 326
1811230 325
1811240 325
1811250 324
1811260 324
1811270 324
1811280 323
1811290 323
1811300 322
1811310 322
1811320 322
1811330 321
1811340 320
1811350 319
1811360 318
1811370 317
1811380 316
1811390 316
1811400 315
1811410 313
1811420 313
1811430 314
1811440 315
1811450 315
1811460 314
1811470 312
1811480 310
1811490 307
1811500 302
1811510 298
1811520 294
1811530 291
1811540 289
1811550 287
1811560 284
1811570 281
1811580 278
1811590 275
1811600 271
1811610 267
1811620 262
1811630 258
1811640 254
1811650 252
1811660 250
1811670 249
1811680 246
1811690 241
1811700 237
1811710 236
1811720 235
1811730 235
1811740 234
1811750 232
1811760 231
1811770 229
1811780 229
1811790 230
1811800 231
1811810 233
1811820 234
1811830 239
1811840 243
1811850 247
1811860 250
1811870 253
1811880 257
1811890 261
1811900 265
1811910 269
1811920 271
1811930 273
1811940 273
1811950 272
1811960 270
1811970 267
1811980 264
1811990 262
1812000 262
1812010 262
1812020 261
1812030 261
1812040 258
1812050 255
1812060 252
1812070 248
1812080 245
1812090 243
1812100 242
1812110 241
1812120 240
1812130 239
1812140 238
1812150 237
1812160 235
1812170 233
1812180 231
1812190 229
1812200 227
1812210 226
1812220 227
1812230 228
1812240 229
1812250 229
1812260 227
1812270 226
1812280 226
1812290 226
1812300 226
1812310 225
1812320 225
1812330 225
1812340 225
1812350 225
1812360 225
1812370 225
1812380 225
1812390 225
1812400 226
1812410 226
1812420 226
1812430 226
1812440 225
1812450 225
1812460 224
1812470 224
1812480 224
1812490 224
1812500 224
1812510 224
1812520 223
1812530 223
1812540 223
1812550 222
1812560 223
1812570 223
1812580 223
1812590 223
1812600 223
1812610 223
1812620 224
1812630 224
1812640 224
1812650 224
1812660 224
1812670 224
1812680 224
1812690 224
1812700 224
1812710 224
1812720 224
1812730 224
1812740 224
1812750 223
1812760 223
1812770 223
1812780 223
1812790 223
1812800 223
1812810 223
1812820 223
1812830 223
1812840 223
1812850 223
1812860 223
1812870 223
1812880 223
1812890 222
1812900 222
1812910 222
1812920 222
1812930 222
1812940 222
1812950 222
1812960 222
1812970 222
1812980 222
1812990 222
1813000 221
1813010 221
1813020 221
1813030 221
1813040 221
1813050 221
1813060 221
1813070 221
1813080 221
1813090 221
1813100 221
1813110 221
1813120 220
1813130 220
1813140 220
1813150 220
1813160 220
1813170 220
1813180 220
1813190 220
1813200 220
1813210 220
1813220 220
1813230 220
1813240 219
1813250 219
1813260 219
1813270 219
1813280 219
1813290 219
1813300 219
1813310 219
1813320 219
1813330 219
1813340 219
1813350 219
1813360 219
1813370 218
1813380 218
1813390 218
1813400 218
1813410 218
1813420 218
1813430 218
1813440 218
1813450 218
1813460 218
1813470 218
1813480 218
1813490 218
1813500 217
1813510 217
1813520 218
1813530 218
1813540 217
1813550 217
1813560 217
1813570 217
1813580 217
1813590 217
1813600 217
1813610 217
1813620 217
1813630 217
1813640 216
1813650 216
1813660 216
1813670 216
1813680 216
1813690 216
1813700 216
1813710 216
1813720 216
1813730 215
1813740 215
1813750 215
1813760 215
1813770 215
1813780 215
1813790 215
1813800 215
1813810 215
1813820 215
1813830 215
1813840 215
1813850 215
1813860 215
1813870 215
1813880 215
1813890 215
1813900 215
1813910 215
1813920 215
1813930 214
1813940 214
1813950 214
1813960 214
1813970 214
1813980 214
1813990 214
1814000 214
1814010 214
1814020 214
1814030 214
1814040 214
1814050 214
1814060 214
1814070 214
1814080 213
1814090 213
1814100 213
1814110 213
1814120 213
1814130 213
1814140 213
1814150 213
1814160 213
1814170 213
1814180 213
1814190 213
1814200 213
1814210 213
1814220 213
1814230 213
1814240 213
1814250 213
1814260 213
1814270 213
1814280 213
1814290 213
1814300 213
1814310 212
1814320 212
1814330 212
1814340 212
1814350 212
1814360 212
1814370 212
1814380 212
1814390 212
1814400 212
1814410 212
1814420 212
1814430 212
1814440 212
1814450 212
1814460 212
1814470 212
1814480 212
1814490 212
1814500 212
1814510 212
1814520 212
1814530 211
1814540 211
1814550 211
1814560 211
1814570 211
1814580 211
1814590 211
1814600 211
1814610 211
1814620 211
1814630 210
1814640 210
1814650 210
1814660 210
1814670 210
1814680 210
1814690 210
1814700 210
1814710 210
1814720 210
1814730 210
1814740 210
1814750 209
1814760 209
1814770 209
1814780 209
1814790 209
1814800 209
1814810 208
1814820 208
1814830 208
1814840 208
1814850 208
1814860 208
1814870 208
1814880 208
1814890 208
1814900 208
1814910 208
1814920 208
1814930 208
1814940 208
1814950 208
1814960 208
1814970 208
1814980 208
1814990 208
1815000 208
1815010 207
1815020 207
1815030 207
1815040 207
1815050 207
1815060 208
1815070 208
1815080 207
1815090 207
1815100 207
1815110 207
1815120 207
1815130 207
1815140 207
1815150 207
1815160 207
1815170 207
1815180 207
1815190 207
1815200 206
1815210 206
1815220 206
1815230 206
1815240 206
1815250 206
1815260 206
1815270 206
1815280 206
1815290 206
1815300 205
1815310 205
1815320 205
1815330 205
1815340 205
1815350 205
1815360 205
1815370 205
1815380 205
1815390 204
1815400 204
1815410 204
1815420 204
1815430 204
1815440 205
1815450 205
1815460 205
1815470 205
1815480 205
1815490 205
1815500 205
1815510 204
1815520 204
1815530 204
1815540 204
1815550 204
1815560 204
1815570 204
1815580 204
1815590 204
1815600 204
1815610 204
1815620 204
1815630 204
1815640 204
1815650 204
1815660 204
1815670 204
1815680 204
1815690 203
1815700 203
1815710 203
1815720 203
1815730 202
1815740 202
1815750 202
1815760 202
1815770 202
1815780 202
1815790 201
1815800 200
1815810 200
1815820 200
1815830 200
1815840 201
1815850 202
1815860 203
1815870 203
1815880 203
1815890 203
1815900 203
1815910 203
1815920 203
1815930 203
1815940 203
1815950 203
1815960 202
1815970 202
1815980 202
1815990 202
1816000 202
1816010 202
1816020 202
1816030 202
1816040 202
1816050 202
1816060 202
1816070 202
1816080 202
1816090 202
1816100 202
1816110 202
1816120 202
1816130 202
1816140 202
1816150 202
1816160 202
1816170 202
1816180 201
1816190 201
1816200 201
1816210 200
1816220 200
1816230 200
1816240 200
1816250 199
1816260 199
1816270 198
1816280 199
1816290 199
1816300 199
1816310 199
1816320 199
1816330 199
1816340 200
1816350 200
1816360 200
1816370 200
1816380 199
1816390 200
1816400 200
1816410 200
1816420 200
1816430 200
1816440 199
1816450 199
1816460 199
1816470 199
1816480 199
1816490 199
1816500 199
1816510 199
1816520 199
1816530 199
1816540 199
1816550 198
1816560 198
1816570 198
1816580 199
1816590 199
1816600 199
1816610 199
1816620 199
1816630 199
1816640 199
1816650 199
1816660 198
1816670 198
1816680 198
1816690 198
1816700 198
1816710 198
1816720 198
1816730 198
1816740 198
1816750 198
1816760 198
1816770 198
1816780 198
1816790 197
1816800 197
1816810 197
1816820 196
1816830 196
1816840 196
1816850 195
1816860 195
1816870 194
1816880 194
1816890 194
1816900 195
1816910 195
1816920 196
1816930 196
1816940 196
1816950 196
1816960 196
1816970 196
1816980 196
1816990 196
1817000 196
1817010 196
1817020 196
1817030 197
1817040 197
1817050 196
1817060 196
1817070 196
1817080 196
1817090 197
1817100 197
1817110 196
1817120 196
1817130 196
1817140 196
1817150 196
1817160 196
1817170 196
1817180 195
1817190 195
1817200 195
1817210 194
1817220 192
1817230 191
1817240 191
1817250 190
1817260 191
1817270 191
1817280 192
1817290 193
1817300 194
1817310 195
1817320 195
1817330 195
1817340 195
1817350 195
1817360 195
1817370 195
1817380 195
1817390 195
1817400 195
1817410 195
1817420 195
1817430 195
1817440 195
1817450 195
1817460 195
1817470 195
1817480 195
1817490 194
1817500 194
1817510 194
1817520 194
1817530 193
1817540 193
1817550 193
1817560 193
1817570 193
1817580 193
1817590 193
1817600 193
1817610 192
1817620 192
1817630 192
1817640 192
1817650 191
1817660 191
1817670 191
1817680 191
1817690 191
1817700 191
1817710 191
1817720 191
1817730 191
1817740 191
1817750 191
1817760 191
1817770 191
1817780 191
1817790 191
1817800 191
1817810 191
1817820 191
1817830 191
1817840 191
1817850 191
1817860 191
1817870 191
1817880 191
1817890 191
1817900 191
1817910 191
1817920 191
1817930 191
1817940 191
1817950 191
1817960 191
1817970 191
1817980 190
1817990 190
1818000 189
1818010 189
1818020 189
1818030 189
1818040 189
1818050 189
1818060 190
1818070 190
1818080 190
1818090 190
1818100 190
1818110 190
1818120 189
1818130 190
1818140 190
1818150 191
1818160 191
1818170 192
1818180 192
1818190 192
1818200 192
1818210 192
1818220 192
1818230 192
1818240 192
1818250 192
1818260 191
1818270 190
1818280 190
1818290 189
1818300 189
1818310 189
1818320 188
1818330 188
1818340 188
1818350 188
1818360 188
1818370 188
1818380 187
1818390 187
1818400 187
1818410 187
1818420 187
1818430 187
1818440 187
1818450 187
1818460 187
1818470 187
1818480 187
1818490 187
1818500 187
1818510 188
1818520 188
1818530 189
1818540 189
1818550 189
1818560 189
1818570 189
1818580 189
1818590 189
1818600 189
1818610 189
1818620 188
1818630 188
1818640 188
1818650 188
1818660 188
1818670 188
1818680 188
1818690 188
1818700 188
1818710 188
1818720 187
1818730 187
1818740 187
1818750 187
1818760 187
1818770 187
1818780 187
1818790 187
1818800 187
1818810 187
1818820 187
1818830 187
1818840 187
1818850 187
1818860 187
1818870 187
1818880 186
1818890 186
1818900 186
1818910 186
1818920 186
1818930 186
1818940 186
1818950 186
1818960 186
1818970 186
1818980 186
1818990 186
1819000 186
1819010 186
1819020 186
1819030 186
1819040 186
1819050 186
1819060 186
1819070 186
1819080 186
1819090 186
1819100 186
1819110 186
1819120 186
1819130 186
1819140 186
1819150 186
1819160 186
1819170 186
1819180 186
1819190 186
1819200 186
1819210 186
1819220 186
1819230 186
1819240 186
1819250 186
1819260 186
1819270 186
1819280 186
1819290 185
1819300 185
1819310 185
1819320 185
1819330 185
1819340 185
1819350 185
1819360 185
1819370 185
1819380 185
1819390 185
1819400 185
1819410 185
1819420 185
1819430 185
1819440 184
1819450 184
1819460 184
1819470 184
1819480 184
1819490 184
1819500 184
1819510 184
1819520 184
1819530 184
1819540 184
1819550 184
1819560 184
1819570 184
1819580 184
1819590 184
1819600 184
1819610 183
1819620 183
1819630 184
1819640 184
1819650 184
1819660 184
1819670 184
1819680 184
1819690 184
1819700 184
1819710 184
1819720 184
1819730 184
1819740 184
1819750 183
1819760 183
1819770 183
1819780 183
1819790 183
1819800 183
1819810 183
1819820 183
1819830 183
1819840 183
1819850 183
1819860 183
1819870 183
1819880 183
1819890 183
1819900 183
1819910 183
1819920 183
1819930 183
1819940 183
1819950 183
1819960 183
1819970 183
1819980 183
1819990 183
