1800000 478
1800010 481
1800020 483
1800030 487
1800040 490
1800050 493
1800060 496
1800070 499
1800080 502
1800090 505
1800100 508
1800110 511
1800120 513
1800130 515
1800140 517
1800150 519
1800160 521
1800170 522
1800180 522
1800190 523
1800200 524
1800210 525
1800220 526
1800230 527
1800240 527
1800250 528
1800260 528
1800270 528
1800280 528
1800290 528
1800300 527
1800310 526
1800320 525
1800330 525
1800340 525
1800350 525
1800360 525
1800370 525
1800380 524
1800390 522
1800400 521
1800410 519
1800420 517
1800430 516
1800440 515
1800450 514
1800460 514
1800470 513
1800480 512
1800490 510
1800500 509
1800510 507
1800520 505
1800530 503
1800540 500
1800550 497
1800560 494
1800570 491
1800580 489
1800590 486
1800600 483
1800610 480
1800620 477
1800630 474
1800640 471
1800650 469
1800660 467
1800670 465
1800680 462
1800690 460
1800700 457
1800710 455
1800720 452
1800730 450
1800740 448
1800750 446
1800760 444
1800770 442
1800780 440
1800790 438
1800800 436
1800810 435
1800820 434
1800830 433
1800840 432
1800850 432
1800860 432
1800870 433
1800880 433
1800890 434
1800900 434
1800910 434
1800920 434
1800930 435
1800940 435
1800950 435
1800960 435
1800970 436
1800980 436
1800990 437
1801000 438
1801010 439
1801020 440
1801030 442
1801040 443
1801050 444
1801060 445
1801070 446
1801080 447
1801090 448
1801100 448
1801110 449
1801120 449
1801130 450
1801140 450
1801150 451
1801160 450
1801170 450
1801180 450
1801190 451
1801200 453
1801210 454
1801220 455
1801230 456
1801240 457
1801250 458
1801260 459
1801270 459
1801280 460
1801290 461
1801300 461
1801310 461
1801320 460
1801330 458
1801340 455
1801350 451
1801360 447
1801370 442
1801380 438
1801390 434
1801400 430
1801410 426
1801420 423
1801430 419
1801440 416
1801450 413
1801460 410
1801470 408
1801480 407
1801490 408
1801500 408
1801510 408
1801520 409
1801530 411
1801540 414
1801550 418
1801560 422
1801570 425
1801580 429
1801590 433
1801600 437
1801610 441
1801620 445
1801630 449
1801640 452
1801650 456
1801660 460
1801670 463
1801680 466
1801690 469
1801700 470
1801710 470
1801720 470
1801730 469
1801740 469
1801750 469
1801760 469
1801770 470
1801780 472
1801790 474
1801800 476
1801810 479
1801820 481
1801830 484
1801840 487
1801850 490
1801860 493
1801870 497
1801880 500
1801890 504
1801900 507
1801910 510
1801920 513
1801930 515
1801940 518
1801950 520
1801960 523
1801970 526
1801980 529
1801990 532
1802000 535
1802010 538
1802020 542
1802030 545
1802040 548
1802050 551
1802060 553
1802070 556
1802080 558
1802090 561
1802100 564
1802110 567
1802120 570
1802130 573
1802140 574
1802150 575
1802160 576
1802170 576
1802180 576
1802190 577
1802200 577
1802210 577
1802220 577
1802230 577
1802240 578
1802250 579
1802260 579
1802270 580
1802280 581
1802290 582
1802300 583
1802310 584
1802320 585
1802330 586
1802340 587
1802350 587
1802360 587
1802370 586
1802380 585
1802390 584
1802400 583
1802410 582
1802420 581
1802430 580
1802440 578
1802450 577
1802460 575
1802470 574
1802480 572
1802490 570
1802500 568
1802510 566
1802520 564
1802530 561
1802540 559
1802550 557
1802560 554
1802570 551
1802580 549
1802590 546
1802600 543
1802610 541
1802620 539
1802630 537
1802640 535
1802650 533
1802660 532
1802670 530
1802680 528
1802690 526
1802700 525
1802710 523
1802720 522
1802730 520
1802740 518
1802750 516
1802760 514
1802770 513
1802780 512
1802790 511
1802800 511
1802810 510
1802820 510
1802830 509
1802840 509
1802850 508
1802860 507
1802870 506
1802880 506
1802890 505
1802900 505
1802910 504
1802920 503
1802930 503
1802940 502
1802950 501
1802960 501
1802970 500
1802980 500
1802990 499
1803000 499
1803010 498
1803020 497
1803030 497
1803040 496
1803050 496
1803060 495
1803070 494
1803080 494
1803090 493
1803100 492
1803110 491
1803120 490
1803130 489
1803140 488
1803150 487
1803160 486
1803170 485
1803180 485
1803190 485
1803200 485
1803210 485
1803220 485
1803230 486
1803240 486
1803250 486
1803260 485
1803270 485
1803280 485
1803290 484
1803300 483
1803310 483
1803320 482
1803330 480
1803340 479
1803350 478
1803360 478
1803370 477
1803380 476
1803390 476
1803400 475
1803410 475
1803420 474
1803430 474
1803440 474
1803450 474
1803460 474
1803470 474
1803480 474
1803490 474
1803500 474
1803510 474
1803520 474
1803530 474
1803540 473
1803550 473
1803560 473
1803570 473
1803580 472
1803590 472
1803600 472
1803610 471
1803620 471
1803630 470
1803640 470
1803650 469
1803660 469
1803670 468
1803680 468
1803690 467
1803700 466
1803710 466
1803720 465
1803730 464
1803740 464
1803750 463
1803760 462
1803770 461
1803780 460
1803790 459
1803800 459
1803810 458
1803820 457
1803830 456
1803840 456
1803850 455
1803860 454
1803870 453
1803880 453
1803890 452
1803900 451
1803910 450
1803920 450
1803930 449
1803940 448
1803950 447
1803960 446
1803970 445
1803980 444
1803990 443
1804000 442
1804010 442
1804020 441
1804030 440
1804040 439
1804050 439
1804060 438
1804070 437
1804080 437
1804090 436
1804100 435
1804110 434
1804120 433
1804130 432
1804140 430
1804150 429
1804160 428
1804170 427
1804180 426
1804190 424
1804200 424
1804210 423
1804220 422
1804230 422
1804240 421
1804250 421
1804260 420
1804270 420
1804280 419
1804290 418
1804300 418
1804310 417
1804320 416
1804330 415
1804340 414
1804350 413
1804360 412
1804370 411
1804380 410
1804390 409
1804400 408
1804410 407
1804420 406
1804430 405
1804440 404
1804450 403
1804460 401
1804470 400
1804480 399
1804490 398
1804500 397
1804510 396
1804520 395
1804530 394
1804540 392
1804550 391
1804560 390
1804570 388
1804580 386
1804590 384
1804600 382
1804610 380
1804620 377
1804630 373
1804640 370
1804650 367
1804660 365
1804670 362
1804680 360
1804690 358
1804700 356
1804710 354
1804720 351
1804730 348
1804740 345
1804750 342
1804760 339
1804770 337
1804780 336
1804790 337
1804800 337
1804810 337
1804820 338
1804830 339
1804840 340
1804850 342
1804860 346
1804870 348
1804880 350
1804890 351
1804900 352
1804910 354
1804920 357
1804930 359
1804940 362
1804950 364
1804960 366
1804970 368
1804980 370
1804990 372
1805000 375
1805010 377
1805020 380
1805030 383
1805040 386
1805050 389
1805060 392
1805070 394
1805080 397
1805090 400
1805100 403
1805110 406
1805120 409
1805130 412
1805140 415
1805150 418
1805160 420
1805170 421
1805180 422
1805190 423
1805200 424
1805210 425
1805220 427
1805230 429
1805240 431
1805250 433
1805260 435
1805270 437
1805280 438
1805290 438
1805300 438
1805310 437
1805320 437
1805330 437
1805340 437
1805350 436
1805360 436
1805370 435
1805380 433
1805390 432
1805400 430
1805410 429
1805420 427
1805430 425
1805440 424
1805450 423
1805460 423
1805470 422
1805480 421
1805490 421
1805500 421
1805510 421
1805520 421
1805530 421
1805540 420
1805550 419
1805560 420
1805570 422
1805580 423
1805590 425
1805600 426
1805610 427
1805620 428
1805630 430
1805640 431
1805650 432
1805660 434
1805670 436
1805680 438
1805690 440
1805700 441
1805710 443
1805720 445
1805730 446
1805740 447
1805750 449
1805760 450
1805770 451
1805780 452
1805790 454
1805800 455
1805810 456
1805820 457
1805830 458
1805840 459
1805850 460
1805860 461
1805870 463
1805880 464
1805890 466
1805900 467
1805910 467
1805920 467
1805930 467
1805940 467
1805950 467
1805960 467
1805970 467
1805980 466
1805990 466
1806000 466
1806010 466
1806020 466
1806030 466
1806040 465
1806050 465
1806060 465
1806070 465
1806080 464
1806090 464
1806100 463
1806110 463
1806120 462
1806130 462
1806140 461
1806150 461
1806160 461
1806170 460
1806180 460
1806190 460
1806200 459
1806210 459
1806220 459
1806230 459
1806240 459
1806250 458
1806260 458
1806270 458
1806280 457
1806290 457
1806300 456
1806310 456
1806320 455
1806330 454
1806340 453
1806350 452
1806360 451
1806370 450
1806380 450
1806390 449
1806400 448
1806410 447
1806420 447
1806430 446
1806440 445
1806450 444
1806460 443
1806470 442
1806480 442
1806490 441
1806500 441
1806510 440
1806520 440
1806530 439
1806540 438
1806550 437
1806560 436
1806570 436
1806580 435
1806590 434
1806600 434
1806610 433
1806620 432
1806630 432
1806640 431
1806650 430
1806660 430
1806670 429
1806680 428
1806690 427
1806700 426
1806710 426
1806720 425
1806730 425
1806740 424
1806750 423
1806760 423
1806770 422
1806780 421
1806790 420
1806800 420
1806810 419
1806820 418
1806830 417
1806840 417
1806850 416
1806860 415
1806870 414
1806880 413
1806890 412
1806900 411
1806910 411
1806920 410
1806930 409
1806940 409
1806950 408
1806960 407
1806970 406
1806980 405
1806990 405
1807000 403
1807010 402
1807020 401
1807030 400
1807040 397
1807050 395
1807060 393
1807070 393
1807080 393
1807090 392
1807100 392
1807110 392
1807120 392
1807130 390
1807140 389
1807150 387
1807160 386
1807170 384
1807180 383
1807190 381
1807200 379
1807210 378
1807220 376
1807230 375
1807240 373
1807250 371
1807260 369
1807270 368
1807280 366
1807290 364
1807300 362
1807310 359
1807320 357
1807330 354
1807340 350
1807350 347
1807360 343
1807370 340
1807380 337
1807390 335
1807400 333
1807410 332
1807420 329
1807430 327
1807440 324
1807450 323
1807460 321
1807470 320
1807480 318
1807490 317
1807500 316
1807510 315
1807520 313
1807530 312
1807540 311
1807550 310
1807560 309
1807570 308
1807580 306
1807590 305
1807600 304
1807610 303
1807620 302
1807630 301
1807640 300
1807650 299
1807660 299
1807670 298
1807680 297
1807690 297
1807700 297
1807710 297
1807720 296
1807730 296
1807740 295
1807750 295
1807760 294
1807770 294
1807780 294
1807790 294
1807800 294
1807810 294
1807820 294
1807830 293
1807840 293
1807850 292
1807860 292
1807870 292
1807880 292
1807890 292
1807900 292
1807910 292
1807920 292
1807930 292
1807940 292
1807950 291
1807960 292
1807970 292
1807980 292
1807990 292
1808000 291
1808010 291
1808020 290
1808030 290
1808040 289
1808050 289
1808060 290
1808070 290
1808080 290
1808090 289
1808100 289
1808110 289
1808120 289
1808130 289
1808140 289
1808150 289
1808160 289
1808170 289
1808180 289
1808190 289
1808200 289
1808210 289
1808220 288
1808230 288
1808240 288
1808250 288
1808260 288
1808270 287
1808280 287
1808290 287
1808300 287
1808310 287
1808320 288
1808330 289
1808340 289
1808350 290
1808360 291
1808370 290
1808380 290
1808390 290
1808400 289
1808410 288
1808420 288
1808430 287
1808440 285
1808450 284
1808460 283
1808470 282
1808480 281
1808490 281
1808500 280
1808510 279
1808520 279
1808530 278
1808540 278
1808550 278
1808560 278
1808570 278
1808580 279
1808590 279
1808600 280
1808610 280
1808620 281
1808630 281
1808640 281
1808650 282
1808660 282
1808670 284
1808680 286
1808690 288
1808700 291
1808710 294
1808720 298
1808730 301
1808740 303
1808750 303
1808760 302
1808770 299
1808780 297
1808790 294
1808800 292
1808810 289
1808820 286
1808830 283
1808840 280
1808850 277
1808860 274
1808870 272
1808880 269
1808890 267
1808900 264
1808910 263
1808920 262
1808930 261
1808940 260
1808950 259
1808960 259
1808970 258
1808980 257
1808990 256
1809000 255
1809010 255
1809020 254
1809030 254
1809040 253
1809050 253
1809060 253
1809070 253
1809080 252
1809090 252
1809100 252
1809110 252
1809120 252
1809130 252
1809140 252
1809150 252
1809160 252
1809170 252
1809180 252
1809190 252
1809200 252
1809210 251
1809220 251
1809230 251
1809240 251
1809250 251
1809260 251
1809270 251
1809280 251
1809290 252
1809300 252
1809310 253
1809320 253
1809330 253
1809340 252
1809350 252
1809360 252
1809370 252
1809380 252
1809390 252
1809400 252
1809410 253
1809420 253
1809430 253
1809440 253
1809450 253
1809460 253
1809470 253
1809480 253
1809490 254
1809500 254
1809510 254
1809520 254
1809530 254
1809540 255
1809550 255
1809560 256
1809570 256
1809580 256
1809590 256
1809600 257
1809610 257
1809620 258
1809630 258
1809640 258
1809650 258
1809660 258
1809670 259
1809680 259
1809690 259
1809700 260
1809710 260
1809720 260
1809730 261
1809740 262
1809750 262
1809760 262
1809770 262
1809780 262
1809790 262
1809800 262
1809810 262
1809820 262
1809830 262
1809840 262
1809850 262
1809860 263
1809870 263
1809880 263
1809890 263
1809900 263
1809910 264
1809920 264
1809930 264
1809940 265
1809950 265
1809960 265
1809970 266
1809980 266
1809990 267
1810000 268
1810010 269
1810020 270
1810030 270
1810040 270
1810050 271
1810060 272
1810070 273
1810080 274
1810090 275
1810100 276
1810110 278
1810120 279
1810130 279
1810140 280
1810150 281
1810160 282
1810170 282
1810180 283
1810190 283
1810200 284
1810210 285
1810220 285
1810230 286
1810240 287
1810250 288
1810260 288
1810270 287
1810280 287
1810290 286
1810300 285
1810310 283
1810320 282
1810330 281
1810340 280
1810350 280
1810360 280
1810370 280
1810380 280
1810390 279
1810400 279
1810410 279
1810420 278
1810430 278
1810440 278
1810450 278
1810460 278
1810470 278
1810480 278
1810490 278
1810500 278
1810510 279
1810520 279
1810530 279
1810540 280
1810550 281
1810560 281
1810570 282
1810580 283
1810590 284
1810600 285
1810610 287
1810620 288
1810630 291
1810640 293
1810650 295
1810660 297
1810670 299
1810680 302
1810690 305
1810700 307
1810710 308
1810720 310
1810730 312
1810740 314
1810750 317
1810760 320
1810770 322
1810780 324
1810790 326
1810800 328
1810810 331
1810820 333
1810830 335
1810840 338
1810850 339
1810860 341
1810870 342
1810880 342
1810890 342
1810900 341
1810910 341
1810920 341
1810930 340
1810940 340
1810950 340
1810960 340
1810970 340
1810980 340
1810990 340
1811000 340
1811010 340
1811020 341
1811030 341
1811040 341
1811050 341
1811060 340
1811070 340
1811080 340
1811090 340
1811100 339
1811110 339
1811120 339
1811130 338
1811140 337
1811150 337
1811160 337
1811170 337
1811180 337
1811190 337
1811200 338
1811210 338
1811220 338
1811230 337
1811240 337
1811250 336
1811260 336
1811270 335
1811280 335
1811290 334
1811300 333
1811310 333
1811320 332
1811330 332
1811340 332
1811350 332
1811360 331
1811370 330
1811380 329
1811390 328
1811400 328
1811410 327
1811420 326
1811430 325
1811440 324
1811450 323
1811460 321
1811470 320
1811480 319
1811490 318
1811500 317
1811510 316
1811520 315
1811530 314
1811540 313
1811550 312
1811560 311
1811570 310
1811580 310
1811590 309
1811600 308
1811610 308
1811620 307
1811630 307
1811640 306
1811650 305
1811660 305
1811670 305
1811680 304
1811690 304
1811700 304
1811710 303
1811720 303
1811730 303
1811740 302
1811750 302
1811760 302
1811770 302
1811780 302
1811790 302
1811800 302
1811810 302
1811820 302
1811830 302
1811840 301
1811850 301
1811860 301
1811870 301
1811880 300
1811890 300
1811900 300
1811910 299
1811920 299
1811930 298
1811940 298
1811950 298
1811960 297
1811970 297
1811980 296
1811990 294
1812000 292
1812010 288
1812020 284
1812030 281
1812040 278
1812050 276
1812060 274
1812070 273
1812080 273
1812090 273
1812100 272
1812110 272
1812120 271
1812130 270
1812140 270
1812150 269
1812160 268
1812170 267
1812180 265
1812190 263
1812200 262
1812210 261
1812220 261
1812230 260
1812240 259
1812250 257
1812260 257
1812270 257
1812280 256
1812290 256
1812300 255
1812310 254
1812320 253
1812330 252
1812340 251
1812350 250
1812360 248
1812370 248
1812380 247
1812390 246
1812400 245
1812410 245
1812420 244
1812430 243
1812440 242
1812450 241
1812460 240
1812470 240
1812480 239
1812490 238
1812500 237
1812510 235
1812520 235
1812530 234
1812540 234
1812550 233
1812560 233
1812570 232
1812580 232
1812590 232
1812600 231
1812610 231
1812620 231
1812630 230
1812640 230
1812650 229
1812660 228
1812670 228
1812680 228
1812690 227
1812700 227
1812710 227
1812720 227
1812730 227
1812740 227
1812750 226
1812760 226
1812770 226
1812780 226
1812790 225
1812800 225
1812810 225
1812820 225
1812830 225
1812840 225
1812850 224
1812860 224
1812870 225
1812880 225
1812890 225
1812900 225
1812910 225
1812920 224
1812930 224
1812940 224
1812950 224
1812960 224
1812970 224
1812980 224
1812990 224
1813000 223
1813010 223
1813020 223
1813030 223
1813040 223
1813050 223
1813060 223
1813070 223
1813080 222
1813090 222
1813100 222
1813110 222
1813120 222
1813130 222
1813140 221
1813150 221
1813160 221
1813170 221
1813180 221
1813190 221
1813200 221
1813210 221
1813220 221
1813230 221
1813240 221
1813250 221
1813260 221
1813270 221
1813280 221
1813290 220
1813300 220
1813310 220
1813320 220
1813330 220
1813340 220
1813350 220
1813360 220
1813370 220
1813380 220
1813390 220
1813400 220
1813410 220
1813420 220
1813430 220
1813440 220
1813450 219
1813460 219
1813470 219
1813480 218
1813490 218
1813500 217
1813510 217
1813520 216
1813530 216
1813540 216
1813550 216
1813560 216
1813570 216
1813580 215
1813590 215
1813600 215
1813610 215
1813620 215
1813630 215
1813640 215
1813650 215
1813660 215
1813670 215
1813680 215
1813690 215
1813700 215
1813710 215
1813720 215
1813730 215
1813740 215
1813750 215
1813760 215
1813770 215
1813780 215
1813790 215
1813800 215
1813810 215
1813820 215
1813830 215
1813840 215
1813850 214
1813860 213
1813870 213
1813880 213
1813890 213
1813900 213
1813910 213
1813920 214
1813930 214
1813940 215
1813950 215
1813960 215
1813970 215
1813980 215
1813990 215
1814000 215
1814010 215
1814020 215
1814030 215
1814040 215
1814050 215
1814060 215
1814070 215
1814080 215
1814090 215
1814100 215
1814110 215
1814120 215
1814130 215
1814140 215
1814150 215
1814160 215
1814170 215
1814180 215
1814190 215
1814200 214
1814210 214
1814220 214
1814230 214
1814240 214
1814250 214
1814260 214
1814270 214
1814280 214
1814290 214
1814300 214
1814310 214
1814320 214
1814330 214
1814340 214
1814350 214
1814360 214
1814370 214
1814380 214
1814390 214
1814400 214
1814410 214
1814420 214
1814430 214
1814440 214
1814450 214
1814460 214
1814470 214
1814480 214
1814490 214
1814500 214
1814510 214
1814520 214
1814530 214
1814540 214
1814550 214
1814560 214
1814570 214
1814580 214
1814590 214
1814600 214
1814610 214
1814620 214
1814630 214
1814640 214
1814650 214
1814660 214
1814670 213
1814680 213
1814690 213
1814700 213
1814710 213
1814720 213
1814730 213
1814740 213
1814750 213
1814760 213
1814770 213
1814780 213
1814790 213
1814800 213
1814810 213
1814820 213
1814830 213
1814840 212
1814850 212
1814860 212
1814870 212
1814880 212
1814890 212
1814900 212
1814910 212
1814920 212
1814930 212
1814940 212
1814950 212
1814960 212
1814970 212
1814980 212
1814990 212
1815000 212
1815010 211
1815020 211
1815030 211
1815040 211
1815050 211
1815060 211
1815070 211
1815080 211
1815090 211
1815100 211
1815110 211
1815120 210
1815130 210
1815140 210
1815150 210
1815160 210
1815170 210
1815180 210
1815190 210
1815200 210
1815210 210
1815220 210
1815230 210
1815240 210
1815250 210
1815260 210
1815270 210
1815280 210
1815290 210
1815300 209
1815310 209
1815320 209
1815330 209
1815340 209
1815350 209
1815360 209
1815370 209
1815380 209
1815390 209
1815400 209
1815410 209
1815420 209
1815430 208
1815440 208
1815450 208
1815460 208
1815470 209
1815480 209
1815490 208
1815500 208
1815510 208
1815520 208
1815530 208
1815540 208
1815550 208
1815560 208
1815570 208
1815580 208
1815590 208
1815600 208
1815610 208
1815620 207
1815630 207
1815640 207
1815650 207
1815660 207
1815670 207
1815680 207
1815690 207
1815700 207
1815710 207
1815720 207
1815730 206
1815740 206
1815750 206
1815760 206
1815770 206
1815780 206
1815790 206
1815800 206
1815810 206
1815820 206
1815830 206
1815840 206
1815850 206
1815860 206
1815870 206
1815880 206
1815890 205
1815900 205
1815910 205
1815920 204
1815930 204
1815940 204
1815950 205
1815960 204
1815970 204
1815980 204
1815990 204
1816000 204
1816010 205
1816020 205
1816030 205
1816040 205
1816050 205
1816060 205
1816070 205
1816080 205
1816090 205
1816100 205
1816110 205
1816120 204
1816130 204
1816140 204
1816150 203
1816160 203
1816170 203
1816180 203
1816190 203
1816200 203
1816210 203
1816220 203
1816230 203
1816240 203
1816250 203
1816260 203
1816270 203
1816280 203
1816290 203
1816300 203
1816310 203
1816320 203
1816330 203
1816340 203
1816350 203
1816360 203
1816370 203
1816380 203
1816390 202
1816400 202
1816410 202
1816420 202
1816430 202
1816440 202
1816450 202
1816460 202
1816470 202
1816480 202
1816490 202
1816500 202
1816510 202
1816520 202
1816530 202
1816540 202
1816550 202
1816560 201
1816570 201
1816580 201
1816590 201
1816600 201
1816610 201
1816620 201
1816630 201
1816640 201
1816650 201
1816660 201
1816670 201
1816680 200
1816690 200
1816700 200
1816710 200
1816720 200
1816730 200
1816740 200
1816750 200
1816760 200
1816770 200
1816780 200
1816790 200
1816800 200
1816810 200
1816820 200
1816830 199
1816840 199
1816850 199
1816860 199
1816870 199
1816880 199
1816890 199
1816900 199
1816910 199
1816920 199
1816930 199
1816940 199
1816950 199
1816960 199
1816970 198
1816980 198
1816990 198
1817000 198
1817010 198
1817020 198
1817030 198
1817040 198
1817050 198
1817060 198
1817070 198
1817080 198
1817090 198
1817100 198
1817110 198
1817120 198
1817130 198
1817140 198
1817150 198
1817160 198
1817170 197
1817180 197
1817190 197
1817200 197
1817210 197
1817220 197
1817230 197
1817240 197
1817250 197
1817260 197
1817270 197
1817280 197
1817290 197
1817300 197
1817310 196
1817320 196
1817330 196
1817340 196
1817350 196
1817360 196
1817370 196
1817380 196
1817390 196
1817400 196
1817410 196
1817420 196
1817430 196
1817440 196
1817450 196
1817460 196
1817470 196
1817480 196
1817490 196
1817500 196
1817510 195
1817520 195
1817530 195
1817540 195
1817550 195
1817560 195
1817570 195
1817580 195
1817590 195
1817600 195
1817610 195
1817620 195
1817630 195
1817640 194
1817650 194
1817660 194
1817670 194
1817680 194
1817690 194
1817700 194
1817710 194
1817720 194
1817730 194
1817740 194
1817750 195
1817760 196
1817770 196
1817780 195
1817790 194
1817800 195
1817810 195
1817820 195
1817830 194
1817840 194
1817850 195
1817860 194
1817870 194
1817880 193
1817890 193
1817900 193
1817910 193
1817920 193
1817930 193
1817940 193
1817950 192
1817960 192
1817970 192
1817980 192
1817990 192
1818000 192
1818010 192
1818020 192
1818030 192
1818040 192
1818050 192
1818060 192
1818070 192
1818080 192
1818090 191
1818100 191
1818110 191
1818120 191
1818130 191
1818140 191
1818150 191
1818160 191
1818170 191
1818180 191
1818190 191
1818200 191
1818210 191
1818220 191
1818230 191
1818240 191
1818250 191
1818260 191
1818270 191
1818280 191
1818290 191
1818300 190
1818310 190
1818320 190
1818330 190
1818340 190
1818350 190
1818360 190
1818370 190
1818380 190
1818390 190
1818400 190
1818410 190
1818420 190
1818430 190
1818440 190
1818450 190
1818460 190
1818470 190
1818480 190
1818490 190
1818500 190
1818510 189
1818520 189
1818530 189
1818540 189
1818550 189
1818560 189
1818570 189
1818580 189
1818590 189
1818600 189
1818610 189
1818620 189
1818630 189
1818640 189
1818650 189
1818660 189
1818670 189
1818680 189
1818690 189
1818700 189
1818710 189
1818720 188
1818730 188
1818740 188
1818750 188
1818760 188
1818770 188
1818780 188
1818790 188
1818800 188
1818810 188
1818820 188
1818830 188
1818840 188
1818850 188
1818860 188
1818870 188
1818880 188
1818890 188
1818900 188
1818910 188
1818920 188
1818930 187
1818940 187
1818950 187
1818960 187
1818970 187
1818980 187
1818990 187
1819000 187
1819010 187
1819020 187
1819030 187
1819040 187
1819050 187
1819060 187
1819070 187
1819080 187
1819090 187
1819100 187
1819110 187
1819120 187
1819130 187
1819140 187
1819150 187
1819160 187
1819170 187
1819180 187
1819190 186
1819200 186
1819210 186
1819220 186
1819230 186
1819240 186
1819250 186
1819260 186
1819270 186
1819280 186
1819290 186
1819300 186
1819310 186
1819320 186
1819330 185
1819340 185
1819350 185
1819360 185
1819370 185
1819380 185
1819390 185
1819400 185
1819410 185
1819420 185
1819430 185
1819440 185
1819450 185
1819460 185
1819470 185
1819480 185
1819490 184
1819500 184
1819510 184
1819520 184
1819530 184
1819540 184
1819550 184
1819560 184
1819570 184
1819580 184
1819590 184
1819600 184
1819610 184
1819620 185
1819630 185
1819640 185
1819650 185
1819660 185
1819670 185
1819680 185
1819690 185
1819700 185
1819710 185
1819720 185
1819730 185
1819740 185
1819750 184
1819760 185
1819770 184
1819780 184
1819790 184
1819800 184
1819810 184
1819820 184
1819830 184
1819840 184
1819850 184
1819860 183
1819870 183
1819880 183
1819890 183
1819900 183
1819910 183
1819920 183
1819930 183
1819940 183
1819950 183
1819960 183
1819970 183
1819980 183
1819990 183
