1800000 489
1800010 492
1800020 496
1800030 499
1800040 503
1800050 506
1800060 509
1800070 511
1800080 514
1800090 516
1800100 519
1800110 522
1800120 525
1800130 527
1800140 529
1800150 531
1800160 533
1800170 535
1800180 537
1800190 538
1800200 539
1800210 539
1800220 541
1800230 542
1800240 543
1800250 544
1800260 546
1800270 547
1800280 548
1800290 548
1800300 548
1800310 547
1800320 546
1800330 546
1800340 545
1800350 545
1800360 545
1800370 544
1800380 544
1800390 543
1800400 542
1800410 540
1800420 539
1800430 537
1800440 535
1800450 533
1800460 532
1800470 530
1800480 528
1800490 527
1800500 525
1800510 523
1800520 521
1800530 519
1800540 517
1800550 515
1800560 513
1800570 511
1800580 509
1800590 507
1800600 505
1800610 503
1800620 501
1800630 498
1800640 496
1800650 494
1800660 492
1800670 490
1800680 488
1800690 486
1800700 484
1800710 482
1800720 480
1800730 478
1800740 476
1800750 475
1800760 473
1800770 472
1800780 471
1800790 469
1800800 468
1800810 466
1800820 464
1800830 462
1800840 460
1800850 458
1800860 456
1800870 455
1800880 453
1800890 452
1800900 450
1800910 448
1800920 446
1800930 444
1800940 442
1800950 440
1800960 437
1800970 436
1800980 434
1800990 433
1801000 431
1801010 430
1801020 428
1801030 427
1801040 425
1801050 423
1801060 422
1801070 421
1801080 421
1801090 421
1801100 421
1801110 421
1801120 422
1801130 422
1801140 422
1801150 422
1801160 422
1801170 422
1801180 422
1801190 422
1801200 422
1801210 423
1801220 423
1801230 424
1801240 424
1801250 425
1801260 425
1801270 426
1801280 426
1801290 426
1801300 427
1801310 427
1801320 428
1801330 429
1801340 429
1801350 430
1801360 431
1801370 431
1801380 432
1801390 432
1801400 431
1801410 429
1801420 425
1801430 421
1801440 417
1801450 413
1801460 409
1801470 406
1801480 404
1801490 404
1801500 404
1801510 403
1801520 404
1801530 404
1801540 405
1801550 408
1801560 412
1801570 415
1801580 418
1801590 421
1801600 425
1801610 428
1801620 431
1801630 435
1801640 437
1801650 438
1801660 438
1801670 438
1801680 437
1801690 438
1801700 440
1801710 443
1801720 447
1801730 451
1801740 455
1801750 458
1801760 462
1801770 466
1801780 470
1801790 473
1801800 477
1801810 480
1801820 484
1801830 488
1801840 492
1801850 496
1801860 501
1801870 506
1801880 510
1801890 514
1801900 518
1801910 521
1801920 524
1801930 526
1801940 528
1801950 531
1801960 535
1801970 539
1801980 543
1801990 547
1802000 550
1802010 554
1802020 557
1802030 560
1802040 563
1802050 565
1802060 568
1802070 569
1802080 570
1802090 570
1802100 570
1802110 570
1802120 571
1802130 571
1802140 572
1802150 572
1802160 573
1802170 574
1802180 574
1802190 574
1802200 574
1802210 573
1802220 573
1802230 573
1802240 572
1802250 572
1802260 572
1802270 572
1802280 571
1802290 571
1802300 570
1802310 569
1802320 568
1802330 567
1802340 565
1802350 564
1802360 563
1802370 561
1802380 560
1802390 558
1802400 557
1802410 555
1802420 553
1802430 552
1802440 550
1802450 548
1802460 547
1802470 545
1802480 544
1802490 542
1802500 540
1802510 539
1802520 537
1802530 535
1802540 533
1802550 531
1802560 528
1802570 526
1802580 524
1802590 522
1802600 521
1802610 519
1802620 518
1802630 516
1802640 515
1802650 514
1802660 513
1802670 512
1802680 511
1802690 510
1802700 509
1802710 509
1802720 508
1802730 507
1802740 507
1802750 506
1802760 505
1802770 505
1802780 505
1802790 504
1802800 504
1802810 503
1802820 503
1802830 502
1802840 502
1802850 501
1802860 501
1802870 500
1802880 500
1802890 499
1802900 499
1802910 498
1802920 498
1802930 498
1802940 497
1802950 497
1802960 496
1802970 496
1802980 495
1802990 494
1803000 494
1803010 493
1803020 492
1803030 491
1803040 491
1803050 490
1803060 489
1803070 488
1803080 488
1803090 487
1803100 487
1803110 486
1803120 485
1803130 484
1803140 483
1803150 483
1803160 482
1803170 480
1803180 479
1803190 478
1803200 476
1803210 474
1803220 472
1803230 472
1803240 472
1803250 472
1803260 471
1803270 471
1803280 470
1803290 469
1803300 468
1803310 467
1803320 466
1803330 465
1803340 464
1803350 463
1803360 463
1803370 463
1803380 464
1803390 464
1803400 464
1803410 465
1803420 466
1803430 466
1803440 467
1803450 467
1803460 468
1803470 468
1803480 468
1803490 469
1803500 469
1803510 470
1803520 470
1803530 470
1803540 470
1803550 470
1803560 470
1803570 470
1803580 470
1803590 470
1803600 470
1803610 470
1803620 470
1803630 470
1803640 469
1803650 469
1803660 469
1803670 468
1803680 468
1803690 467
1803700 466
1803710 466
1803720 465
1803730 465
1803740 464
1803750 464
1803760 463
1803770 462
1803780 462
1803790 461
1803800 460
1803810 459
1803820 458
1803830 457
1803840 456
1803850 454
1803860 453
1803870 451
1803880 451
1803890 450
1803900 449
1803910 448
1803920 447
1803930 445
1803940 444
1803950 443
1803960 442
1803970 441
1803980 440
1803990 439
1804000 438
1804010 437
1804020 436
1804030 435
1804040 434
1804050 433
1804060 432
1804070 430
1804080 429
1804090 428
1804100 426
1804110 425
1804120 424
1804130 423
1804140 421
1804150 420
1804160 418
1804170 417
1804180 416
1804190 415
1804200 414
1804210 413
1804220 413
1804230 412
1804240 411
1804250 411
1804260 410
1804270 410
1804280 409
1804290 409
1804300 409
1804310 408
1804320 408
1804330 407
1804340 406
1804350 406
1804360 405
1804370 404
1804380 403
1804390 401
1804400 400
1804410 399
1804420 398
1804430 396
1804440 396
1804450 395
1804460 394
1804470 393
1804480 392
1804490 391
1804500 390
1804510 390
1804520 389
1804530 388
1804540 388
1804550 388
1804560 386
1804570 385
1804580 383
1804590 381
1804600 380
1804610 378
1804620 376
1804630 374
1804640 372
1804650 370
1804660 367
1804670 364
1804680 362
1804690 359
1804700 356
1804710 354
1804720 351
1804730 348
1804740 346
1804750 344
1804760 342
1804770 339
1804780 337
1804790 336
1804800 335
1804810 335
1804820 335
1804830 335
1804840 335
1804850 337
1804860 339
1804870 342
1804880 344
1804890 346
1804900 349
1804910 351
1804920 353
1804930 356
1804940 359
1804950 363
1804960 368
1804970 371
1804980 375
1804990 378
1805000 380
1805010 381
1805020 384
1805030 387
1805040 391
1805050 394
1805060 398
1805070 402
1805080 404
1805090 407
1805100 409
1805110 412
1805120 415
1805130 417
1805140 419
1805150 421
1805160 422
1805170 424
1805180 424
1805190 425
1805200 425
1805210 426
1805220 426
1805230 426
1805240 426
1805250 426
1805260 427
1805270 427
1805280 427
1805290 427
1805300 427
1805310 428
1805320 428
1805330 428
1805340 428
1805350 427
1805360 426
1805370 425
1805380 424
1805390 423
1805400 422
1805410 420
1805420 417
1805430 415
1805440 413
1805450 411
1805460 410
1805470 409
1805480 407
1805490 406
1805500 403
1805510 403
1805520 403
1805530 405
1805540 406
1805550 408
1805560 410
1805570 411
1805580 413
1805590 416
1805600 418
1805610 420
1805620 422
1805630 424
1805640 425
1805650 427
1805660 428
1805670 429
1805680 429
1805690 431
1805700 432
1805710 434
1805720 437
1805730 438
1805740 440
1805750 441
1805760 443
1805770 445
1805780 446
1805790 447
1805800 448
1805810 449
1805820 450
1805830 451
1805840 451
1805850 452
1805860 452
1805870 453
1805880 453
1805890 453
1805900 454
1805910 454
1805920 454
1805930 454
1805940 454
1805950 454
1805960 453
1805970 453
1805980 453
1805990 453
1806000 453
1806010 452
1806020 452
1806030 451
1806040 451
1806050 450
1806060 449
1806070 449
1806080 448
1806090 448
1806100 447
1806110 447
1806120 446
1806130 446
1806140 445
1806150 445
1806160 444
1806170 444
1806180 443
1806190 443
1806200 443
1806210 443
1806220 443
1806230 443
1806240 443
1806250 442
1806260 442
1806270 441
1806280 441
1806290 441
1806300 441
1806310 440
1806320 439
1806330 439
1806340 438
1806350 437
1806360 437
1806370 436
1806380 435
1806390 434
1806400 433
1806410 433
1806420 432
1806430 432
1806440 431
1806450 431
1806460 430
1806470 429
1806480 429
1806490 428
1806500 427
1806510 427
1806520 426
1806530 425
1806540 425
1806550 425
1806560 424
1806570 424
1806580 423
1806590 423
1806600 423
1806610 422
1806620 422
1806630 422
1806640 421
1806650 420
1806660 420
1806670 419
1806680 418
1806690 417
1806700 416
1806710 416
1806720 415
1806730 414
1806740 414
1806750 413
1806760 412
1806770 412
1806780 411
1806790 410
1806800 409
1806810 408
1806820 407
1806830 406
1806840 406
1806850 405
1806860 404
1806870 404
1806880 403
1806890 403
1806900 402
1806910 401
1806920 400
1806930 399
1806940 398
1806950 397
1806960 396
1806970 394
1806980 391
1806990 390
1807000 389
1807010 389
1807020 389
1807030 388
1807040 388
1807050 388
1807060 388
1807070 386
1807080 385
1807090 383
1807100 382
1807110 381
1807120 380
1807130 379
1807140 378
1807150 376
1807160 375
1807170 372
1807180 369
1807190 366
1807200 363
1807210 360
1807220 357
1807230 354
1807240 352
1807250 349
1807260 347
1807270 345
1807280 342
1807290 339
1807300 337
1807310 335
1807320 332
1807330 330
1807340 327
1807350 325
1807360 322
1807370 319
1807380 317
1807390 316
1807400 315
1807410 315
1807420 314
1807430 314
1807440 313
1807450 312
1807460 311
1807470 310
1807480 309
1807490 308
1807500 307
1807510 306
1807520 304
1807530 303
1807540 302
1807550 302
1807560 301
1807570 300
1807580 299
1807590 298
1807600 297
1807610 297
1807620 296
1807630 295
1807640 295
1807650 294
1807660 294
1807670 293
1807680 293
1807690 293
1807700 292
1807710 292
1807720 291
1807730 291
1807740 290
1807750 290
1807760 289
1807770 288
1807780 287
1807790 287
1807800 286
1807810 286
1807820 286
1807830 286
1807840 286
1807850 285
1807860 285
1807870 285
1807880 285
1807890 285
1807900 285
1807910 284
1807920 284
1807930 284
1807940 284
1807950 284
1807960 283
1807970 283
1807980 283
1807990 283
1808000 283
1808010 283
1808020 283
1808030 283
1808040 283
1808050 283
1808060 283
1808070 283
1808080 282
1808090 282
1808100 282
1808110 282
1808120 282
1808130 282
1808140 282
1808150 281
1808160 281
1808170 281
1808180 280
1808190 280
1808200 280
1808210 279
1808220 279
1808230 279
1808240 278
1808250 278
1808260 277
1808270 277
1808280 277
1808290 277
1808300 277
1808310 277
1808320 278
1808330 279
1808340 279
1808350 278
1808360 278
1808370 277
1808380 277
1808390 276
1808400 276
1808410 275
1808420 274
1808430 274
1808440 273
1808450 272
1808460 271
1808470 270
1808480 270
1808490 269
1808500 268
1808510 267
1808520 266
1808530 266
1808540 265
1808550 264
1808560 264
1808570 263
1808580 264
1808590 264
1808600 264
1808610 264
1808620 265
1808630 266
1808640 266
1808650 267
1808660 267
1808670 267
1808680 268
1808690 268
1808700 269
1808710 269
1808720 270
1808730 270
1808740 270
1808750 270
1808760 270
1808770 269
1808780 268
1808790 267
1808800 266
1808810 265
1808820 264
1808830 262
1808840 260
1808850 257
1808860 255
1808870 254
1808880 253
1808890 253
1808900 253
1808910 253
1808920 253
1808930 252
1808940 252
1808950 252
1808960 252
1808970 251
1808980 251
1808990 251
1809000 251
1809010 251
1809020 251
1809030 251
1809040 251
1809050 251
1809060 251
1809070 250
1809080 250
1809090 250
1809100 250
1809110 250
1809120 251
1809130 250
1809140 250
1809150 250
1809160 250
1809170 250
1809180 250
1809190 250
1809200 250
1809210 250
1809220 250
1809230 250
1809240 250
1809250 250
1809260 250
1809270 250
1809280 250
1809290 250
1809300 250
1809310 250
1809320 250
1809330 250
1809340 250
1809350 250
1809360 250
1809370 250
1809380 250
1809390 250
1809400 250
1809410 249
1809420 249
1809430 249
1809440 249
1809450 249
1809460 249
1809470 249
1809480 249
1809490 250
1809500 250
1809510 250
1809520 250
1809530 250
1809540 250
1809550 250
1809560 250
1809570 250
1809580 251
1809590 251
1809600 251
1809610 251
1809620 252
1809630 252
1809640 252
1809650 253
1809660 254
1809670 254
1809680 254
1809690 255
1809700 255
1809710 255
1809720 255
1809730 256
1809740 256
1809750 256
1809760 256
1809770 256
1809780 256
1809790 257
1809800 257
1809810 257
1809820 257
1809830 257
1809840 258
1809850 258
1809860 258
1809870 259
1809880 259
1809890 260
1809900 260
1809910 260
1809920 261
1809930 261
1809940 262
1809950 262
1809960 263
1809970 264
1809980 265
1809990 265
1810000 266
1810010 267
1810020 267
1810030 268
1810040 269
1810050 270
1810060 270
1810070 271
1810080 272
1810090 273
1810100 274
1810110 275
1810120 276
1810130 277
1810140 277
1810150 277
1810160 277
1810170 277
1810180 277
1810190 277
1810200 277
1810210 277
1810220 277
1810230 277
1810240 275
1810250 273
1810260 273
1810270 273
1810280 272
1810290 272
1810300 271
1810310 271
1810320 270
1810330 270
1810340 269
1810350 269
1810360 269
1810370 269
1810380 269
1810390 269
1810400 269
1810410 269
1810420 269
1810430 269
1810440 270
1810450 270
1810460 271
1810470 272
1810480 273
1810490 273
1810500 274
1810510 275
1810520 276
1810530 276
1810540 277
1810550 278
1810560 279
1810570 280
1810580 281
1810590 282
1810600 282
1810610 283
1810620 284
1810630 287
1810640 290
1810650 293
1810660 296
1810670 298
1810680 301
1810690 304
1810700 307
1810710 310
1810720 313
1810730 317
1810740 320
1810750 323
1810760 327
1810770 330
1810780 333
1810790 336
1810800 338
1810810 341
1810820 342
1810830 343
1810840 344
1810850 344
1810860 344
1810870 345
1810880 344
1810890 344
1810900 344
1810910 344
1810920 344
1810930 343
1810940 343
1810950 343
1810960 343
1810970 342
1810980 342
1810990 342
1811000 342
1811010 341
1811020 341
1811030 341
1811040 341
1811050 341
1811060 341
1811070 340
1811080 340
1811090 340
1811100 340
1811110 339
1811120 339
1811130 339
1811140 340
1811150 340
1811160 340
1811170 340
1811180 340
1811190 339
1811200 338
1811210 337
1811220 336
1811230 335
1811240 335
1811250 334
1811260 333
1811270 333
1811280 332
1811290 331
1811300 331
1811310 330
1811320 330
1811330 329
1811340 329
1811350 329
1811360 329
1811370 328
1811380 328
1811390 327
1811400 327
1811410 327
1811420 327
1811430 328
1811440 327
1811450 327
1811460 327
1811470 327
1811480 327
1811490 326
1811500 325
1811510 324
1811520 323
1811530 322
1811540 322
1811550 321
1811560 320
1811570 319
1811580 319
1811590 319
1811600 318
1811610 318
1811620 318
1811630 318
1811640 317
1811650 316
1811660 315
1811670 314
1811680 314
1811690 314
1811700 313
1811710 313
1811720 312
1811730 312
1811740 311
1811750 311
1811760 310
1811770 309
1811780 308
1811790 307
1811800 307
1811810 306
1811820 305
1811830 305
1811840 304
1811850 303
1811860 303
1811870 302
1811880 300
1811890 299
1811900 298
1811910 297
1811920 297
1811930 296
1811940 295
1811950 294
1811960 292
1811970 291
1811980 289
1811990 286
1812000 284
1812010 282
1812020 280
1812030 277
1812040 274
1812050 270
1812060 267
1812070 266
1812080 266
1812090 266
1812100 265
1812110 264
1812120 264
1812130 263
1812140 263
1812150 262
1812160 262
1812170 261
1812180 261
1812190 261
1812200 260
1812210 259
1812220 259
1812230 259
1812240 258
1812250 257
1812260 255
1812270 254
1812280 254
1812290 253
1812300 253
1812310 252
1812320 252
1812330 251
1812340 249
1812350 249
1812360 248
1812370 247
1812380 246
1812390 245
1812400 245
1812410 244
1812420 244
1812430 243
1812440 243
1812450 242
1812460 241
1812470 240
1812480 239
1812490 238
1812500 238
1812510 237
1812520 236
1812530 235
1812540 235
1812550 234
1812560 233
1812570 233
1812580 233
1812590 232
1812600 232
1812610 231
1812620 231
1812630 231
1812640 230
1812650 230
1812660 230
1812670 229
1812680 229
1812690 229
1812700 229
1812710 229
1812720 228
1812730 228
1812740 228
1812750 228
1812760 227
1812770 228
1812780 227
1812790 227
1812800 226
1812810 226
1812820 226
1812830 226
1812840 226
1812850 226
1812860 226
1812870 226
1812880 226
1812890 226
1812900 225
1812910 225
1812920 225
1812930 225
1812940 225
1812950 225
1812960 225
1812970 224
1812980 224
1812990 224
1813000 224
1813010 224
1813020 224
1813030 224
1813040 224
1813050 224
1813060 224
1813070 224
1813080 224
1813090 224
1813100 223
1813110 222
1813120 222
1813130 222
1813140 222
1813150 222
1813160 222
1813170 222
1813180 222
1813190 222
1813200 221
1813210 221
1813220 221
1813230 221
1813240 221
1813250 221
1813260 220
1813270 220
1813280 220
1813290 221
1813300 221
1813310 221
1813320 221
1813330 221
1813340 221
1813350 221
1813360 221
1813370 221
1813380 221
1813390 221
1813400 221
1813410 221
1813420 221
1813430 221
1813440 221
1813450 221
1813460 220
1813470 220
1813480 220
1813490 220
1813500 220
1813510 220
1813520 220
1813530 220
1813540 220
1813550 220
1813560 220
1813570 220
1813580 220
1813590 219
1813600 219
1813610 219
1813620 219
1813630 220
1813640 219
1813650 219
1813660 219
1813670 219
1813680 219
1813690 219
1813700 219
1813710 219
1813720 219
1813730 219
1813740 219
1813750 218
1813760 218
1813770 218
1813780 218
1813790 218
1813800 218
1813810 218
1813820 218
1813830 218
1813840 217
1813850 217
1813860 217
1813870 217
1813880 217
1813890 214
1813900 213
1813910 213
1813920 213
1813930 213
1813940 213
1813950 214
1813960 215
1813970 216
1813980 216
1813990 216
1814000 216
1814010 216
1814020 216
1814030 216
1814040 216
1814050 216
1814060 216
1814070 216
1814080 216
1814090 216
1814100 216
1814110 216
1814120 216
1814130 216
1814140 216
1814150 216
1814160 216
1814170 216
1814180 216
1814190 216
1814200 216
1814210 216
1814220 216
1814230 215
1814240 215
1814250 215
1814260 215
1814270 215
1814280 215
1814290 215
1814300 215
1814310 215
1814320 215
1814330 215
1814340 215
1814350 215
1814360 215
1814370 215
1814380 215
1814390 215
1814400 215
1814410 215
1814420 214
1814430 214
1814440 214
1814450 214
1814460 214
1814470 214
1814480 214
1814490 214
1814500 214
1814510 214
1814520 214
1814530 214
1814540 214
1814550 214
1814560 214
1814570 214
1814580 214
1814590 214
1814600 214
1814610 213
1814620 213
1814630 213
1814640 213
1814650 213
1814660 213
1814670 213
1814680 213
1814690 213
1814700 213
1814710 213
1814720 213
1814730 213
1814740 213
1814750 213
1814760 213
1814770 213
1814780 213
1814790 213
1814800 213
1814810 212
1814820 212
1814830 212
1814840 212
1814850 212
1814860 212
1814870 212
1814880 212
1814890 212
1814900 212
1814910 212
1814920 211
1814930 211
1814940 211
1814950 211
1814960 211
1814970 211
1814980 211
1814990 211
1815000 211
1815010 211
1815020 211
1815030 211
1815040 211
1815050 211
1815060 211
1815070 211
1815080 211
1815090 210
1815100 210
1815110 210
1815120 210
1815130 210
1815140 210
1815150 210
1815160 210
1815170 210
1815180 210
1815190 210
1815200 210
1815210 210
1815220 210
1815230 210
1815240 210
1815250 210
1815260 210
1815270 209
1815280 209
1815290 209
1815300 210
1815310 209
1815320 209
1815330 209
1815340 209
1815350 209
1815360 209
1815370 209
1815380 209
1815390 209
1815400 209
1815410 209
1815420 209
1815430 209
1815440 209
1815450 208
1815460 208
1815470 208
1815480 208
1815490 208
1815500 208
1815510 208
1815520 208
1815530 208
1815540 208
1815550 208
1815560 208
1815570 208
1815580 207
1815590 207
1815600 207
1815610 207
1815620 207
1815630 207
1815640 207
1815650 207
1815660 207
1815670 207
1815680 206
1815690 206
1815700 206
1815710 206
1815720 206
1815730 206
1815740 206
1815750 206
1815760 206
1815770 206
1815780 206
1815790 206
1815800 206
1815810 206
1815820 206
1815830 206
1815840 206
1815850 206
1815860 206
1815870 206
1815880 206
1815890 206
1815900 206
1815910 206
1815920 206
1815930 205
1815940 205
1815950 205
1815960 205
1815970 205
1815980 205
1815990 205
1816000 205
1816010 205
1816020 205
1816030 205
1816040 205
1816050 205
1816060 205
1816070 205
1816080 205
1816090 205
1816100 205
1816110 205
1816120 205
1816130 204
1816140 204
1816150 204
1816160 204
1816170 204
1816180 204
1816190 204
1816200 204
1816210 204
1816220 204
1816230 204
1816240 204
1816250 203
1816260 203
1816270 203
1816280 203
1816290 202
1816300 202
1816310 203
1816320 203
1816330 203
1816340 204
1816350 203
1816360 203
1816370 203
1816380 203
1816390 203
1816400 203
1816410 202
1816420 202
1816430 202
1816440 202
1816450 202
1816460 202
1816470 202
1816480 202
1816490 202
1816500 202
1816510 202
1816520 202
1816530 202
1816540 202
1816550 202
1816560 202
1816570 202
1816580 201
1816590 201
1816600 201
1816610 201
1816620 201
1816630 201
1816640 201
1816650 201
1816660 201
1816670 201
1816680 200
1816690 201
1816700 201
1816710 200
1816720 200
1816730 200
1816740 200
1816750 200
1816760 200
1816770 200
1816780 200
1816790 200
1816800 200
1816810 200
1816820 200
1816830 200
1816840 200
1816850 199
1816860 199
1816870 199
1816880 199
1816890 199
1816900 199
1816910 199
1816920 199
1816930 199
1816940 199
1816950 199
1816960 199
1816970 199
1816980 199
1816990 199
1817000 199
1817010 198
1817020 198
1817030 198
1817040 198
1817050 198
1817060 198
1817070 198
1817080 198
1817090 198
1817100 198
1817110 198
1817120 198
1817130 198
1817140 198
1817150 198
1817160 198
1817170 198
1817180 198
1817190 197
1817200 197
1817210 197
1817220 197
1817230 197
1817240 197
1817250 197
1817260 197
1817270 197
1817280 197
1817290 197
1817300 197
1817310 197
1817320 197
1817330 197
1817340 196
1817350 196
1817360 196
1817370 196
1817380 196
1817390 196
1817400 196
1817410 196
1817420 196
1817430 196
1817440 196
1817450 196
1817460 196
1817470 196
1817480 196
1817490 196
1817500 196
1817510 196
1817520 196
1817530 196
1817540 195
1817550 195
1817560 195
1817570 195
1817580 195
1817590 195
1817600 195
1817610 195
1817620 195
1817630 195
1817640 195
1817650 195
1817660 195
1817670 194
1817680 194
1817690 194
1817700 194
1817710 194
1817720 194
1817730 194
1817740 194
1817750 194
1817760 194
1817770 194
1817780 194
1817790 194
1817800 194
1817810 196
1817820 196
1817830 195
1817840 194
1817850 194
1817860 194
1817870 194
1817880 194
1817890 194
1817900 195
1817910 194
1817920 193
1817930 193
1817940 192
1817950 192
1817960 192
1817970 192
1817980 192
1817990 192
1818000 192
1818010 192
1818020 192
1818030 192
1818040 192
1818050 192
1818060 192
1818070 192
1818080 191
1818090 191
1818100 191
1818110 191
1818120 191
1818130 191
1818140 191
1818150 191
1818160 191
1818170 191
1818180 191
1818190 191
1818200 191
1818210 191
1818220 191
1818230 191
1818240 191
1818250 191
1818260 190
1818270 190
1818280 190
1818290 190
1818300 190
1818310 190
1818320 190
1818330 190
1818340 190
1818350 190
1818360 190
1818370 190
1818380 190
1818390 190
1818400 190
1818410 190
1818420 190
1818430 190
1818440 190
1818450 189
1818460 189
1818470 189
1818480 189
1818490 189
1818500 189
1818510 189
1818520 189
1818530 189
1818540 189
1818550 189
1818560 189
1818570 189
1818580 189
1818590 189
1818600 189
1818610 189
1818620 189
1818630 189
1818640 189
1818650 189
1818660 189
1818670 189
1818680 189
1818690 189
1818700 189
1818710 188
1818720 188
1818730 188
1818740 188
1818750 188
1818760 188
1818770 188
1818780 188
1818790 188
1818800 188
1818810 188
1818820 188
1818830 188
1818840 188
1818850 188
1818860 188
1818870 188
1818880 188
1818890 188
1818900 188
1818910 187
1818920 187
1818930 187
1818940 187
1818950 187
1818960 187
1818970 187
1818980 187
1818990 187
1819000 187
1819010 187
1819020 187
1819030 187
1819040 187
1819050 187
1819060 187
1819070 187
1819080 187
1819090 187
1819100 187
1819110 187
1819120 187
1819130 186
1819140 186
1819150 186
1819160 186
1819170 186
1819180 186
1819190 186
1819200 186
1819210 186
1819220 186
1819230 186
1819240 186
1819250 186
1819260 186
1819270 186
1819280 186
1819290 186
1819300 186
1819310 186
1819320 186
1819330 186
1819340 186
1819350 186
1819360 186
1819370 186
1819380 186
1819390 186
1819400 186
1819410 186
1819420 186
1819430 186
1819440 185
1819450 185
1819460 185
1819470 185
1819480 185
1819490 185
1819500 186
1819510 186
1819520 186
1819530 186
1819540 185
1819550 185
1819560 185
1819570 185
1819580 185
1819590 185
1819600 185
1819610 185
1819620 185
1819630 185
1819640 185
1819650 185
1819660 185
1819670 185
1819680 185
1819690 185
1819700 185
1819710 185
1819720 185
1819730 184
1819740 185
1819750 185
1819760 184
1819770 184
1819780 185
1819790 185
1819800 185
1819810 184
1819820 184
1819830 184
1819840 184
1819850 184
1819860 184
1819870 184
1819880 184
1819890 183
1819900 183
1819910 183
1819920 184
1819930 184
1819940 184
1819950 184
1819960 183
1819970 183
1819980 183
1819990 183
