1800000 559
1800010 558
1800020 558
1800030 558
1800040 558
1800050 558
1800060 559
1800070 559
1800080 560
1800090 561
1800100 562
1800110 562
1800120 563
1800130 564
1800140 563
1800150 563
1800160 562
1800170 562
1800180 561
1800190 560
1800200 559
1800210 558
1800220 557
1800230 556
1800240 556
1800250 555
1800260 555
1800270 554
1800280 554
1800290 553
1800300 553
1800310 552
1800320 551
1800330 551
1800340 550
1800350 549
1800360 548
1800370 546
1800380 545
1800390 544
1800400 542
1800410 541
1800420 540
1800430 540
1800440 539
1800450 539
1800460 539
1800470 539
1800480 540
1800490 540
1800500 540
1800510 541
1800520 541
1800530 542
1800540 542
1800550 541
1800560 538
1800570 535
1800580 531
1800590 529
1800600 526
1800610 525
1800620 523
1800630 522
1800640 521
1800650 520
1800660 520
1800670 518
1800680 517
1800690 516
1800700 515
1800710 514
1800720 513
1800730 511
1800740 509
1800750 510
1800760 512
1800770 514
1800780 516
1800790 517
1800800 519
1800810 521
1800820 524
1800830 525
1800840 527
1800850 529
1800860 531
1800870 532
1800880 534
1800890 536
1800900 539
1800910 541
1800920 544
1800930 546
1800940 548
1800950 550
1800960 552
1800970 555
1800980 557
1800990 559
1801000 561
1801010 564
1801020 566
1801030 568
1801040 570
1801050 572
1801060 574
1801070 575
1801080 577
1801090 579
1801100 581
1801110 583
1801120 584
1801130 586
1801140 587
1801150 588
1801160 589
1801170 590
1801180 590
1801190 590
1801200 590
1801210 590
1801220 589
1801230 588
1801240 587
1801250 586
1801260 585
1801270 583
1801280 581
1801290 580
1801300 579
1801310 578
1801320 578
1801330 577
1801340 576
1801350 576
1801360 575
1801370 574
1801380 574
1801390 573
1801400 572
1801410 571
1801420 571
1801430 570
1801440 569
1801450 568
1801460 568
1801470 568
1801480 567
1801490 567
1801500 566
1801510 566
1801520 565
1801530 565
1801540 564
1801550 563
1801560 563
1801570 562
1801580 561
1801590 560
1801600 560
1801610 559
1801620 558
1801630 557
1801640 556
1801650 555
1801660 554
1801670 553
1801680 552
1801690 550
1801700 548
1801710 547
1801720 545
1801730 544
1801740 542
1801750 540
1801760 538
1801770 536
1801780 534
1801790 533
1801800 531
1801810 530
1801820 529
1801830 527
1801840 526
1801850 525
1801860 524
1801870 523
1801880 522
1801890 521
1801900 521
1801910 520
1801920 519
1801930 518
1801940 517
1801950 516
1801960 514
1801970 513
1801980 513
1801990 512
1802000 511
1802010 510
1802020 510
1802030 509
1802040 508
1802050 508
1802060 507
1802070 506
1802080 506
1802090 505
1802100 504
1802110 503
1802120 503
1802130 502
1802140 501
1802150 501
1802160 501
1802170 501
1802180 501
1802190 501
1802200 502
1802210 502
1802220 502
1802230 503
1802240 503
1802250 503
1802260 503
1802270 503
1802280 503
1802290 503
1802300 503
1802310 502
1802320 502
1802330 501
1802340 500
1802350 498
1802360 496
1802370 493
1802380 490
1802390 486
1802400 483
1802410 480
1802420 477
1802430 476
1802440 476
1802450 476
1802460 476
1802470 475
1802480 474
1802490 473
1802500 472
1802510 472
1802520 472
1802530 471
1802540 471
1802550 470
1802560 470
1802570 469
1802580 469
1802590 469
1802600 468
1802610 467
1802620 467
1802630 468
1802640 470
1802650 472
1802660 475
1802670 477
1802680 479
1802690 481
1802700 482
1802710 483
1802720 484
1802730 485
1802740 486
1802750 486
1802760 487
1802770 487
1802780 488
1802790 488
1802800 489
1802810 489
1802820 489
1802830 489
1802840 489
1802850 488
1802860 488
1802870 487
1802880 485
1802890 482
1802900 479
1802910 477
1802920 476
1802930 475
1802940 476
1802950 476
1802960 477
1802970 479
1802980 480
1802990 481
1803000 483
1803010 484
1803020 485
1803030 486
1803040 487
1803050 488
1803060 489
1803070 490
1803080 491
1803090 491
1803100 491
1803110 492
1803120 492
1803130 493
1803140 493
1803150 493
1803160 494
1803170 494
1803180 494
1803190 493
1803200 493
1803210 492
1803220 491
1803230 490
1803240 489
1803250 488
1803260 487
1803270 486
1803280 483
1803290 479
1803300 475
1803310 471
1803320 468
1803330 466
1803340 466
1803350 466
1803360 466
1803370 467
1803380 468
1803390 469
1803400 470
1803410 472
1803420 475
1803430 477
1803440 480
1803450 482
1803460 485
1803470 486
1803480 487
1803490 488
1803500 488
1803510 488
1803520 489
1803530 489
1803540 489
1803550 490
1803560 490
1803570 489
1803580 488
1803590 487
1803600 485
1803610 485
1803620 486
1803630 488
1803640 490
1803650 493
1803660 495
1803670 498
1803680 501
1803690 504
1803700 507
1803710 510
1803720 513
1803730 516
1803740 519
1803750 521
1803760 523
1803770 525
1803780 528
1803790 530
1803800 533
1803810 535
1803820 538
1803830 541
1803840 540
1803850 538
1803860 534
1803870 530
1803880 526
1803890 523
1803900 519
1803910 516
1803920 512
1803930 508
1803940 504
1803950 500
1803960 497
1803970 493
1803980 489
1803990 485
1804000 481
1804010 477
1804020 473
1804030 469
1804040 466
1804050 464
1804060 462
1804070 460
1804080 458
1804090 457
1804100 456
1804110 455
1804120 454
1804130 453
1804140 452
1804150 451
1804160 450
1804170 449
1804180 447
1804190 445
1804200 444
1804210 443
1804220 441
1804230 440
1804240 439
1804250 438
1804260 436
1804270 435
1804280 433
1804290 432
1804300 431
1804310 430
1804320 430
1804330 428
1804340 427
1804350 425
1804360 422
1804370 420
1804380 419
1804390 417
1804400 416
1804410 415
1804420 415
1804430 416
1804440 417
1804450 418
1804460 420
1804470 422
1804480 424
1804490 426
1804500 428
1804510 431
1804520 433
1804530 436
1804540 438
1804550 440
1804560 442
1804570 444
1804580 446
1804590 448
1804600 449
1804610 451
1804620 452
1804630 452
1804640 452
1804650 452
1804660 452
1804670 451
1804680 450
1804690 449
1804700 449
1804710 449
1804720 448
1804730 448
1804740 447
1804750 446
1804760 445
1804770 444
1804780 443
1804790 441
1804800 439
1804810 437
1804820 434
1804830 432
1804840 429
1804850 427
1804860 424
1804870 422
1804880 419
1804890 417
1804900 414
1804910 412
1804920 410
1804930 408
1804940 407
1804950 405
1804960 405
1804970 404
1804980 403
1804990 402
1805000 401
1805010 399
1805020 398
1805030 397
1805040 396
1805050 396
1805060 396
1805070 397
1805080 397
1805090 399
1805100 401
1805110 405
1805120 408
1805130 412
1805140 415
1805150 419
1805160 423
1805170 427
1805180 430
1805190 434
1805200 437
1805210 441
1805220 444
1805230 447
1805240 449
1805250 452
1805260 455
1805270 458
1805280 460
1805290 463
1805300 466
1805310 469
1805320 472
1805330 476
1805340 479
1805350 483
1805360 485
1805370 487
1805380 489
1805390 490
1805400 491
1805410 492
1805420 492
1805430 493
1805440 493
1805450 493
1805460 493
1805470 492
1805480 492
1805490 492
1805500 491
1805510 491
1805520 491
1805530 491
1805540 489
1805550 488
1805560 486
1805570 485
1805580 484
1805590 482
1805600 481
1805610 479
1805620 477
1805630 475
1805640 473
1805650 471
1805660 469
1805670 467
1805680 465
1805690 463
1805700 462
1805710 460
1805720 459
1805730 458
1805740 457
1805750 456
1805760 456
1805770 455
1805780 455
1805790 454
1805800 453
1805810 452
1805820 451
1805830 449
1805840 448
1805850 447
1805860 446
1805870 445
1805880 445
1805890 444
1805900 444
1805910 444
1805920 444
1805930 444
1805940 443
1805950 444
1805960 444
1805970 444
1805980 444
1805990 445
1806000 445
1806010 446
1806020 447
1806030 448
1806040 449
1806050 449
1806060 450
1806070 450
1806080 450
1806090 450
1806100 451
1806110 452
1806120 452
1806130 453
1806140 453
1806150 454
1806160 454
1806170 455
1806180 456
1806190 456
1806200 457
1806210 458
1806220 458
1806230 458
1806240 458
1806250 458
1806260 458
1806270 458
1806280 458
1806290 458
1806300 458
1806310 458
1806320 458
1806330 457
1806340 457
1806350 457
1806360 457
1806370 457
1806380 456
1806390 456
1806400 456
1806410 456
1806420 456
1806430 455
1806440 455
1806450 454
1806460 454
1806470 453
1806480 453
1806490 452
1806500 451
1806510 451
1806520 450
1806530 450
1806540 449
1806550 449
1806560 448
1806570 447
1806580 447
1806590 446
1806600 446
1806610 445
1806620 444
1806630 444
1806640 443
1806650 443
1806660 442
1806670 442
1806680 441
1806690 440
1806700 440
1806710 439
1806720 439
1806730 438
1806740 438
1806750 437
1806760 437
1806770 436
1806780 436
1806790 435
1806800 435
1806810 434
1806820 433
1806830 433
1806840 432
1806850 431
1806860 431
1806870 430
1806880 430
1806890 429
1806900 429
1806910 428
1806920 428
1806930 428
1806940 427
1806950 427
1806960 427
1806970 427
1806980 426
1806990 426
1807000 426
1807010 426
1807020 425
1807030 425
1807040 425
1807050 425
1807060 425
1807070 425
1807080 425
1807090 425
1807100 425
1807110 425
1807120 425
1807130 426
1807140 427
1807150 428
1807160 428
1807170 428
1807180 428
1807190 428
1807200 428
1807210 427
1807220 427
1807230 426
1807240 426
1807250 425
1807260 425
1807270 424
1807280 422
1807290 420
1807300 419
1807310 417
1807320 416
1807330 414
1807340 413
1807350 412
1807360 411
1807370 409
1807380 409
1807390 408
1807400 407
1807410 406
1807420 405
1807430 404
1807440 403
1807450 402
1807460 402
1807470 401
1807480 399
1807490 399
1807500 397
1807510 396
1807520 396
1807530 395
1807540 394
1807550 393
1807560 392
1807570 392
1807580 391
1807590 391
1807600 390
1807610 390
1807620 391
1807630 391
1807640 391
1807650 391
1807660 391
1807670 391
1807680 392
1807690 392
1807700 393
1807710 393
1807720 394
1807730 394
1807740 394
1807750 395
1807760 395
1807770 394
1807780 394
1807790 394
1807800 394
1807810 394
1807820 394
1807830 393
1807840 393
1807850 393
1807860 393
1807870 393
1807880 392
1807890 392
1807900 392
1807910 392
1807920 392
1807930 392
1807940 391
1807950 391
1807960 391
1807970 391
1807980 391
1807990 391
1808000 390
1808010 390
1808020 390
1808030 390
1808040 390
1808050 389
1808060 389
1808070 389
1808080 389
1808090 389
1808100 389
1808110 389
1808120 388
1808130 388
1808140 389
1808150 388
1808160 388
1808170 387
1808180 387
1808190 387
1808200 387
1808210 387
1808220 387
1808230 387
1808240 386
1808250 386
1808260 386
1808270 386
1808280 386
1808290 386
1808300 386
1808310 386
1808320 386
1808330 386
1808340 386
1808350 386
1808360 386
1808370 386
1808380 386
1808390 386
1808400 386
1808410 385
1808420 384
1808430 382
1808440 381
1808450 381
1808460 380
1808470 380
1808480 380
1808490 379
1808500 379
1808510 379
1808520 379
1808530 379
1808540 379
1808550 380
1808560 381
1808570 382
1808580 382
1808590 382
1808600 382
1808610 382
1808620 381
1808630 381
1808640 381
1808650 381
1808660 380
1808670 380
1808680 380
1808690 380
1808700 379
1808710 379
1808720 379
1808730 379
1808740 379
1808750 379
1808760 379
1808770 379
1808780 379
1808790 378
1808800 378
1808810 377
1808820 376
1808830 376
1808840 376
1808850 375
1808860 375
1808870 374
1808880 374
1808890 374
1808900 374
1808910 373
1808920 372
1808930 372
1808940 371
1808950 371
1808960 370
1808970 370
1808980 370
1808990 369
1809000 369
1809010 369
1809020 368
1809030 368
1809040 368
1809050 368
1809060 367
1809070 367
1809080 367
1809090 367
1809100 367
1809110 366
1809120 366
1809130 366
1809140 366
1809150 365
1809160 365
1809170 365
1809180 365
1809190 365
1809200 366
1809210 365
1809220 364
1809230 363
1809240 362
1809250 361
1809260 360
1809270 360
1809280 359
1809290 358
1809300 357
1809310 356
1809320 356
1809330 356
1809340 355
1809350 355
1809360 354
1809370 353
1809380 351
1809390 351
1809400 350
1809410 349
1809420 348
1809430 348
1809440 347
1809450 347
1809460 346
1809470 345
1809480 345
1809490 344
1809500 344
1809510 343
1809520 343
1809530 342
1809540 342
1809550 341
1809560 340
1809570 339
1809580 338
1809590 337
1809600 337
1809610 336
1809620 336
1809630 336
1809640 336
1809650 335
1809660 334
1809670 332
1809680 329
1809690 328
1809700 327
1809710 326
1809720 325
1809730 324
1809740 323
1809750 322
1809760 321
1809770 320
1809780 320
1809790 319
1809800 318
1809810 317
1809820 316
1809830 315
1809840 315
1809850 314
1809860 313
1809870 313
1809880 312
1809890 311
1809900 310
1809910 309
1809920 308
1809930 308
1809940 307
1809950 307
1809960 306
1809970 306
1809980 305
1809990 305
1810000 305
1810010 305
1810020 305
1810030 304
1810040 303
1810050 303
1810060 303
1810070 302
1810080 302
1810090 302
1810100 302
1810110 301
1810120 301
1810130 301
1810140 300
1810150 300
1810160 300
1810170 300
1810180 300
1810190 300
1810200 300
1810210 300
1810220 300
1810230 300
1810240 299
1810250 299
1810260 299
1810270 299
1810280 299
1810290 300
1810300 300
1810310 300
1810320 300
1810330 300
1810340 300
1810350 301
1810360 301
1810370 302
1810380 302
1810390 302
1810400 302
1810410 302
1810420 303
1810430 303
1810440 303
1810450 304
1810460 304
1810470 303
1810480 303
1810490 303
1810500 303
1810510 303
1810520 303
1810530 304
1810540 303
1810550 303
1810560 303
1810570 302
1810580 302
1810590 302
1810600 301
1810610 301
1810620 301
1810630 300
1810640 300
1810650 300
1810660 299
1810670 299
1810680 298
1810690 298
1810700 297
1810710 296
1810720 296
1810730 295
1810740 295
1810750 295
1810760 294
1810770 294
1810780 294
1810790 293
1810800 293
1810810 292
1810820 292
1810830 292
1810840 291
1810850 291
1810860 290
1810870 289
1810880 289
1810890 288
1810900 288
1810910 287
1810920 287
1810930 286
1810940 286
1810950 285
1810960 285
1810970 284
1810980 282
1810990 282
1811000 281
1811010 280
1811020 279
1811030 278
1811040 278
1811050 277
1811060 277
1811070 276
1811080 276
1811090 276
1811100 275
1811110 275
1811120 274
1811130 274
1811140 274
1811150 274
1811160 273
1811170 273
1811180 272
1811190 272
1811200 272
1811210 271
1811220 271
1811230 271
1811240 271
1811250 271
1811260 270
1811270 270
1811280 270
1811290 270
1811300 271
1811310 271
1811320 271
1811330 271
1811340 270
1811350 270
1811360 270
1811370 271
1811380 271
1811390 270
1811400 270
1811410 270
1811420 269
1811430 269
1811440 268
1811450 268
1811460 268
1811470 268
1811480 268
1811490 268
1811500 267
1811510 267
1811520 267
1811530 267
1811540 267
1811550 267
1811560 267
1811570 267
1811580 267
1811590 267
1811600 266
1811610 266
1811620 266
1811630 265
1811640 265
1811650 265
1811660 264
1811670 264
1811680 263
1811690 263
1811700 262
1811710 262
1811720 261
1811730 260
1811740 260
1811750 260
1811760 260
1811770 259
1811780 259
1811790 258
1811800 257
1811810 256
1811820 255
1811830 255
1811840 255
1811850 254
1811860 254
1811870 254
1811880 254
1811890 254
1811900 254
1811910 254
1811920 253
1811930 252
1811940 251
1811950 250
1811960 249
1811970 248
1811980 247
1811990 246
1812000 246
1812010 246
1812020 245
1812030 245
1812040 245
1812050 245
1812060 244
1812070 244
1812080 243
1812090 243
1812100 242
1812110 241
1812120 241
1812130 240
1812140 239
1812150 239
1812160 239
1812170 238
1812180 237
1812190 237
1812200 236
1812210 236
1812220 235
1812230 235
1812240 234
1812250 234
1812260 233
1812270 233
1812280 233
1812290 232
1812300 232
1812310 232
1812320 232
1812330 232
1812340 232
1812350 231
1812360 230
1812370 230
1812380 229
1812390 229
1812400 229
1812410 229
1812420 229
1812430 228
1812440 227
1812450 227
1812460 226
1812470 226
1812480 225
1812490 225
1812500 225
1812510 224
1812520 224
1812530 224
1812540 224
1812550 224
1812560 224
1812570 223
1812580 223
1812590 223
1812600 223
1812610 223
1812620 224
1812630 224
1812640 224
1812650 223
1812660 223
1812670 223
1812680 223
1812690 223
1812700 223
1812710 222
1812720 222
1812730 222
1812740 221
1812750 221
1812760 221
1812770 221
1812780 221
1812790 221
1812800 221
1812810 221
1812820 221
1812830 221
1812840 220
1812850 220
1812860 220
1812870 220
1812880 219
1812890 219
1812900 219
1812910 219
1812920 218
1812930 218
1812940 217
1812950 217
1812960 217
1812970 217
1812980 217
1812990 217
1813000 216
1813010 216
1813020 216
1813030 216
1813040 216
1813050 216
1813060 216
1813070 216
1813080 216
1813090 216
1813100 216
1813110 216
1813120 215
1813130 215
1813140 215
1813150 215
1813160 215
1813170 215
1813180 215
1813190 215
1813200 215
1813210 214
1813220 214
1813230 214
1813240 213
1813250 213
1813260 214
1813270 215
1813280 216
1813290 214
1813300 212
1813310 212
1813320 212
1813330 212
1813340 212
1813350 212
1813360 211
1813370 211
1813380 211
1813390 211
1813400 211
1813410 211
1813420 211
1813430 210
1813440 210
1813450 210
1813460 210
1813470 210
1813480 210
1813490 210
1813500 210
1813510 209
1813520 209
1813530 209
1813540 209
1813550 209
1813560 209
1813570 209
1813580 209
1813590 209
1813600 209
1813610 208
1813620 208
1813630 208
1813640 208
1813650 208
1813660 208
1813670 208
1813680 208
1813690 207
1813700 207
1813710 207
1813720 207
1813730 207
1813740 207
1813750 207
1813760 207
1813770 207
1813780 207
1813790 206
1813800 206
1813810 206
1813820 206
1813830 206
1813840 206
1813850 206
1813860 206
1813870 206
1813880 206
1813890 205
1813900 205
1813910 205
1813920 205
1813930 205
1813940 205
1813950 205
1813960 205
1813970 205
1813980 205
1813990 205
1814000 205
1814010 205
1814020 205
1814030 204
1814040 204
1814050 204
1814060 204
1814070 204
1814080 204
1814090 204
1814100 204
1814110 204
1814120 204
1814130 204
1814140 204
1814150 204
1814160 204
1814170 204
1814180 204
1814190 204
1814200 204
1814210 204
1814220 204
1814230 204
1814240 203
1814250 203
1814260 203
1814270 203
1814280 203
1814290 203
1814300 203
1814310 203
1814320 203
1814330 203
1814340 203
1814350 203
1814360 203
1814370 202
1814380 202
1814390 202
1814400 202
1814410 202
1814420 202
1814430 202
1814440 202
1814450 202
1814460 202
1814470 202
1814480 202
1814490 202
1814500 202
1814510 202
1814520 202
1814530 202
1814540 202
1814550 202
1814560 202
1814570 202
1814580 202
1814590 202
1814600 202
1814610 202
1814620 202
1814630 202
1814640 202
1814650 202
1814660 202
1814670 202
1814680 202
1814690 202
1814700 202
1814710 202
1814720 202
1814730 202
1814740 202
1814750 202
1814760 202
1814770 202
1814780 202
1814790 202
1814800 202
1814810 202
1814820 202
1814830 202
1814840 202
1814850 202
1814860 201
1814870 201
1814880 201
1814890 201
1814900 200
1814910 200
1814920 200
1814930 200
1814940 200
1814950 200
1814960 200
1814970 200
1814980 200
1814990 200
1815000 200
1815010 200
1815020 200
1815030 200
1815040 200
1815050 200
1815060 200
1815070 200
1815080 199
1815090 199
1815100 199
1815110 199
1815120 199
1815130 199
1815140 199
1815150 199
1815160 199
1815170 199
1815180 199
1815190 199
1815200 199
1815210 199
1815220 199
1815230 199
1815240 199
1815250 199
1815260 199
1815270 198
1815280 198
1815290 198
1815300 198
1815310 198
1815320 198
1815330 198
1815340 198
1815350 198
1815360 198
1815370 198
1815380 198
1815390 198
1815400 198
1815410 198
1815420 198
1815430 198
1815440 198
1815450 198
1815460 198
1815470 198
1815480 198
1815490 198
1815500 198
1815510 198
1815520 198
1815530 198
1815540 198
1815550 198
1815560 198
1815570 198
1815580 198
1815590 198
1815600 198
1815610 199
1815620 199
1815630 199
1815640 199
1815650 199
1815660 199
1815670 198
1815680 198
1815690 198
1815700 198
1815710 198
1815720 197
1815730 197
1815740 197
1815750 197
1815760 197
1815770 197
1815780 196
1815790 196
1815800 196
1815810 196
1815820 196
1815830 196
1815840 196
1815850 196
1815860 196
1815870 196
1815880 196
1815890 197
1815900 197
1815910 197
1815920 197
1815930 197
1815940 197
1815950 196
1815960 195
1815970 195
1815980 195
1815990 195
1816000 195
1816010 195
1816020 195
1816030 195
1816040 195
1816050 195
1816060 195
1816070 195
1816080 195
1816090 195
1816100 196
1816110 196
1816120 199
1816130 202
1816140 203
1816150 204
1816160 202
1816170 197
1816180 196
1816190 196
1816200 196
1816210 196
1816220 198
1816230 200
1816240 200
1816250 199
1816260 196
1816270 195
1816280 195
1816290 195
1816300 195
1816310 195
1816320 195
1816330 195
1816340 195
1816350 195
1816360 195
1816370 195
1816380 195
1816390 195
1816400 195
1816410 194
1816420 194
1816430 194
1816440 193
1816450 193
1816460 193
1816470 192
1816480 192
1816490 192
1816500 192
1816510 192
1816520 192
1816530 192
1816540 193
1816550 193
1816560 193
1816570 193
1816580 192
1816590 192
1816600 193
1816610 193
1816620 193
1816630 193
1816640 193
1816650 193
1816660 193
1816670 193
1816680 193
1816690 193
1816700 193
1816710 193
1816720 193
1816730 193
1816740 193
1816750 192
1816760 192
1816770 192
1816780 192
1816790 192
1816800 192
1816810 192
1816820 192
1816830 192
1816840 193
1816850 194
1816860 196
1816870 198
1816880 198
1816890 198
1816900 198
1816910 198
1816920 198
1816930 198
1816940 198
1816950 198
1816960 196
1816970 194
1816980 192
1816990 192
1817000 192
1817010 191
1817020 191
1817030 191
1817040 191
1817050 191
1817060 191
1817070 191
1817080 192
1817090 192
1817100 192
1817110 191
1817120 191
1817130 191
1817140 191
1817150 191
1817160 191
1817170 191
1817180 191
1817190 191
1817200 191
1817210 191
1817220 192
1817230 192
1817240 192
1817250 192
1817260 192
1817270 192
1817280 192
1817290 192
1817300 192
1817310 192
1817320 192
1817330 192
1817340 192
1817350 192
1817360 192
1817370 192
1817380 192
1817390 192
1817400 192
1817410 192
1817420 192
1817430 192
1817440 193
1817450 193
1817460 193
1817470 193
1817480 193
1817490 193
1817500 193
1817510 193
1817520 193
1817530 193
1817540 193
1817550 193
1817560 193
1817570 193
1817580 193
1817590 193
1817600 193
1817610 193
1817620 193
1817630 193
1817640 193
1817650 193
1817660 193
1817670 193
1817680 193
1817690 193
1817700 194
1817710 194
1817720 194
1817730 194
1817740 194
1817750 194
1817760 194
1817770 194
1817780 194
1817790 194
1817800 194
1817810 194
1817820 194
1817830 194
1817840 194
1817850 194
1817860 194
1817870 194
1817880 194
1817890 194
1817900 194
1817910 194
1817920 194
1817930 194
1817940 194
1817950 194
1817960 194
1817970 194
1817980 194
1817990 194
1818000 194
1818010 194
1818020 194
1818030 194
1818040 194
1818050 194
1818060 194
1818070 194
1818080 194
1818090 193
1818100 193
1818110 193
1818120 193
1818130 193
1818140 193
1818150 193
1818160 193
1818170 192
1818180 192
1818190 192
1818200 192
1818210 192
1818220 192
1818230 192
1818240 191
1818250 191
1818260 191
1818270 191
1818280 191
1818290 191
1818300 191
1818310 191
1818320 190
1818330 190
1818340 190
1818350 190
1818360 190
1818370 190
1818380 189
1818390 189
1818400 189
1818410 189
1818420 189
1818430 189
1818440 188
1818450 188
1818460 188
1818470 188
1818480 188
1818490 188
1818500 188
1818510 188
1818520 187
1818530 187
1818540 187
1818550 187
1818560 187
1818570 187
1818580 187
1818590 187
1818600 187
1818610 187
1818620 187
1818630 187
1818640 187
1818650 187
1818660 187
1818670 187
1818680 187
1818690 187
1818700 187
1818710 187
1818720 187
1818730 188
1818740 188
1818750 188
1818760 188
1818770 188
1818780 188
1818790 188
1818800 188
1818810 188
1818820 188
1818830 188
1818840 188
1818850 188
1818860 188
1818870 188
1818880 188
1818890 188
1818900 188
1818910 188
1818920 188
1818930 188
1818940 189
1818950 189
1818960 189
1818970 189
1818980 189
1818990 189
1819000 189
1819010 189
1819020 189
1819030 189
1819040 189
1819050 189
1819060 189
1819070 189
1819080 189
1819090 189
1819100 189
1819110 189
1819120 189
1819130 190
1819140 190
1819150 190
1819160 190
1819170 190
1819180 190
1819190 190
1819200 190
1819210 190
1819220 191
1819230 191
1819240 191
1819250 191
1819260 191
1819270 191
1819280 192
1819290 192
1819300 191
1819310 191
1819320 191
1819330 191
1819340 191
1819350 190
1819360 188
1819370 187
1819380 186
1819390 186
1819400 186
1819410 186
1819420 186
1819430 186
1819440 186
1819450 186
1819460 186
1819470 186
1819480 185
1819490 185
1819500 185
1819510 185
1819520 185
1819530 185
1819540 185
1819550 185
1819560 185
1819570 185
1819580 185
1819590 186
1819600 186
1819610 186
1819620 186
1819630 186
1819640 186
1819650 186
1819660 187
1819670 188
1819680 189
1819690 190
1819700 191
1819710 191
1819720 191
1819730 191
1819740 191
1819750 191
1819760 191
1819770 191
1819780 191
1819790 191
1819800 191
1819810 191
1819820 191
1819830 191
1819840 191
1819850 191
1819860 191
1819870 191
1819880 191
1819890 191
1819900 191
1819910 191
1819920 191
1819930 191
1819940 191
1819950 191
1819960 191
1819970 191
1819980 191
1819990 191
