1800000 411
1800010 410
1800020 410
1800030 409
1800040 409
1800050 408
1800060 408
1800070 407
1800080 407
1800090 407
1800100 406
1800110 406
1800120 406
1800130 406
1800140 407
1800150 406
1800160 405
1800170 405
1800180 405
1800190 404
1800200 403
1800210 402
1800220 401
1800230 400
1800240 399
1800250 398
1800260 396
1800270 395
1800280 393
1800290 391
1800300 389
1800310 386
1800320 383
1800330 381
1800340 379
1800350 378
1800360 378
1800370 378
1800380 378
1800390 378
1800400 379
1800410 379
1800420 379
1800430 380
1800440 381
1800450 381
1800460 382
1800470 383
1800480 384
1800490 385
1800500 386
1800510 386
1800520 387
1800530 387
1800540 388
1800550 388
1800560 388
1800570 389
1800580 390
1800590 391
1800600 392
1800610 394
1800620 394
1800630 395
1800640 396
1800650 396
1800660 396
1800670 397
1800680 397
1800690 397
1800700 397
1800710 396
1800720 396
1800730 395
1800740 394
1800750 393
1800760 393
1800770 396
1800780 398
1800790 401
1800800 403
1800810 405
1800820 406
1800830 407
1800840 408
1800850 409
1800860 410
1800870 411
1800880 411
1800890 412
1800900 412
1800910 413
1800920 413
1800930 413
1800940 413
1800950 413
1800960 412
1800970 412
1800980 412
1800990 411
1801000 410
1801010 410
1801020 409
1801030 409
1801040 408
1801050 407
1801060 406
1801070 406
1801080 405
1801090 405
1801100 404
1801110 403
1801120 402
1801130 401
1801140 401
1801150 400
1801160 399
1801170 398
1801180 398
1801190 397
1801200 397
1801210 397
1801220 397
1801230 398
1801240 399
1801250 399
1801260 399
1801270 399
1801280 398
1801290 398
1801300 397
1801310 397
1801320 396
1801330 396
1801340 395
1801350 394
1801360 393
1801370 393
1801380 392
1801390 391
1801400 390
1801410 389
1801420 388
1801430 387
1801440 386
1801450 386
1801460 385
1801470 384
1801480 383
1801490 383
1801500 382
1801510 381
1801520 380
1801530 380
1801540 379
1801550 377
1801560 375
1801570 374
1801580 375
1801590 376
1801600 377
1801610 377
1801620 376
1801630 376
1801640 375
1801650 375
1801660 375
1801670 374
1801680 374
1801690 374
1801700 374
1801710 374
1801720 375
1801730 374
1801740 374
1801750 374
1801760 374
1801770 374
1801780 374
1801790 374
1801800 374
1801810 374
1801820 375
1801830 375
1801840 376
1801850 376
1801860 377
1801870 378
1801880 379
1801890 379
1801900 380
1801910 381
1801920 381
1801930 382
1801940 382
1801950 382
1801960 383
1801970 383
1801980 384
1801990 385
1802000 385
1802010 386
1802020 386
1802030 386
1802040 386
1802050 386
1802060 386
1802070 386
1802080 386
1802090 386
1802100 386
1802110 385
1802120 385
1802130 384
1802140 384
1802150 383
1802160 382
1802170 381
1802180 381
1802190 380
1802200 379
1802210 378
1802220 377
1802230 376
1802240 376
1802250 375
1802260 374
1802270 373
1802280 373
1802290 372
1802300 371
1802310 370
1802320 369
1802330 368
1802340 367
1802350 366
1802360 365
1802370 364
1802380 363
1802390 361
1802400 360
1802410 358
1802420 356
1802430 354
1802440 353
1802450 352
1802460 351
1802470 350
1802480 349
1802490 348
1802500 348
1802510 347
1802520 347
1802530 346
1802540 345
1802550 345
1802560 345
1802570 345
1802580 345
1802590 345
1802600 345
1802610 345
1802620 345
1802630 345
1802640 344
1802650 344
1802660 344
1802670 344
1802680 344
1802690 344
1802700 344
1802710 344
1802720 344
1802730 344
1802740 344
1802750 344
1802760 345
1802770 345
1802780 346
1802790 347
1802800 348
1802810 348
1802820 350
1802830 352
1802840 355
1802850 357
1802860 359
1802870 360
1802880 361
1802890 362
1802900 363
1802910 364
1802920 367
1802930 370
1802940 376
1802950 382
1802960 386
1802970 389
1802980 390
1802990 390
1803000 389
1803010 388
1803020 388
1803030 389
1803040 391
1803050 393
1803060 395
1803070 397
1803080 400
1803090 403
1803100 406
1803110 410
1803120 413
1803130 416
1803140 418
1803150 421
1803160 422
1803170 421
1803180 416
1803190 411
1803200 406
1803210 401
1803220 396
1803230 391
1803240 387
1803250 383
1803260 379
1803270 376
1803280 373
1803290 371
1803300 370
1803310 369
1803320 368
1803330 369
1803340 369
1803350 369
1803360 370
1803370 371
1803380 372
1803390 374
1803400 376
1803410 378
1803420 381
1803430 383
1803440 385
1803450 387
1803460 389
1803470 391
1803480 393
1803490 395
1803500 398
1803510 401
1803520 404
1803530 408
1803540 410
1803550 411
1803560 412
1803570 407
1803580 404
1803590 401
1803600 400
1803610 400
1803620 400
1803630 399
1803640 399
1803650 398
1803660 398
1803670 397
1803680 397
1803690 396
1803700 395
1803710 394
1803720 394
1803730 394
1803740 394
1803750 395
1803760 397
1803770 399
1803780 403
1803790 406
1803800 408
1803810 410
1803820 411
1803830 412
1803840 413
1803850 414
1803860 414
1803870 414
1803880 414
1803890 414
1803900 416
1803910 419
1803920 422
1803930 425
1803940 427
1803950 429
1803960 430
1803970 431
1803980 433
1803990 435
1804000 437
1804010 440
1804020 443
1804030 445
1804040 447
1804050 449
1804060 450
1804070 451
1804080 453
1804090 454
1804100 455
1804110 455
1804120 456
1804130 457
1804140 458
1804150 459
1804160 460
1804170 462
1804180 462
1804190 464
1804200 465
1804210 468
1804220 470
1804230 473
1804240 475
1804250 477
1804260 479
1804270 480
1804280 482
1804290 484
1804300 486
1804310 488
1804320 490
1804330 492
1804340 494
1804350 496
1804360 498
1804370 501
1804380 503
1804390 505
1804400 506
1804410 508
1804420 509
1804430 510
1804440 508
1804450 505
1804460 501
1804470 496
1804480 491
1804490 486
1804500 481
1804510 478
1804520 475
1804530 471
1804540 465
1804550 459
1804560 454
1804570 451
1804580 449
1804590 446
1804600 443
1804610 440
1804620 438
1804630 435
1804640 433
1804650 431
1804660 429
1804670 427
1804680 425
1804690 423
1804700 422
1804710 421
1804720 419
1804730 417
1804740 415
1804750 413
1804760 410
1804770 407
1804780 405
1804790 403
1804800 401
1804810 399
1804820 397
1804830 396
1804840 396
1804850 397
1804860 400
1804870 404
1804880 407
1804890 409
1804900 411
1804910 413
1804920 413
1804930 412
1804940 412
1804950 412
1804960 412
1804970 413
1804980 414
1804990 415
1805000 417
1805010 418
1805020 420
1805030 423
1805040 426
1805050 429
1805060 433
1805070 437
1805080 441
1805090 445
1805100 450
1805110 454
1805120 458
1805130 462
1805140 465
1805150 469
1805160 473
1805170 476
1805180 480
1805190 484
1805200 488
1805210 491
1805220 495
1805230 498
1805240 502
1805250 505
1805260 508
1805270 511
1805280 514
1805290 517
1805300 520
1805310 521
1805320 522
1805330 523
1805340 524
1805350 525
1805360 526
1805370 528
1805380 529
1805390 529
1805400 530
1805410 529
1805420 529
1805430 528
1805440 528
1805450 527
1805460 527
1805470 527
1805480 528
1805490 528
1805500 528
1805510 528
1805520 528
1805530 529
1805540 530
1805550 532
1805560 532
1805570 533
1805580 533
1805590 533
1805600 534
1805610 535
1805620 536
1805630 537
1805640 538
1805650 539
1805660 539
1805670 540
1805680 540
1805690 540
1805700 540
1805710 541
1805720 540
1805730 540
1805740 540
1805750 539
1805760 539
1805770 538
1805780 537
1805790 537
1805800 536
1805810 535
1805820 534
1805830 534
1805840 533
1805850 532
1805860 531
1805870 530
1805880 530
1805890 529
1805900 529
1805910 529
1805920 529
1805930 530
1805940 530
1805950 530
1805960 530
1805970 530
1805980 529
1805990 529
1806000 529
1806010 530
1806020 530
1806030 531
1806040 531
1806050 532
1806060 532
1806070 533
1806080 533
1806090 533
1806100 533
1806110 533
1806120 534
1806130 534
1806140 534
1806150 534
1806160 533
1806170 534
1806180 535
1806190 537
1806200 538
1806210 540
1806220 541
1806230 541
1806240 541
1806250 540
1806260 538
1806270 537
1806280 536
1806290 535
1806300 533
1806310 532
1806320 531
1806330 531
1806340 530
1806350 530
1806360 530
1806370 529
1806380 529
1806390 529
1806400 529
1806410 530
1806420 530
1806430 530
1806440 530
1806450 531
1806460 531
1806470 531
1806480 531
1806490 530
1806500 529
1806510 529
1806520 528
1806530 528
1806540 528
1806550 527
1806560 527
1806570 526
1806580 524
1806590 522
1806600 520
1806610 519
1806620 517
1806630 515
1806640 514
1806650 512
1806660 510
1806670 509
1806680 507
1806690 506
1806700 504
1806710 502
1806720 500
1806730 498
1806740 495
1806750 493
1806760 491
1806770 490
1806780 488
1806790 486
1806800 485
1806810 483
1806820 481
1806830 480
1806840 479
1806850 478
1806860 477
1806870 476
1806880 476
1806890 475
1806900 475
1806910 475
1806920 475
1806930 474
1806940 474
1806950 474
1806960 473
1806970 473
1806980 472
1806990 472
1807000 472
1807010 472
1807020 472
1807030 472
1807040 472
1807050 472
1807060 472
1807070 471
1807080 471
1807090 471
1807100 470
1807110 469
1807120 468
1807130 467
1807140 467
1807150 467
1807160 466
1807170 466
1807180 466
1807190 466
1807200 465
1807210 465
1807220 464
1807230 463
1807240 462
1807250 461
1807260 460
1807270 459
1807280 457
1807290 456
1807300 455
1807310 454
1807320 452
1807330 450
1807340 450
1807350 449
1807360 448
1807370 446
1807380 444
1807390 442
1807400 440
1807410 437
1807420 435
1807430 432
1807440 430
1807450 428
1807460 426
1807470 424
1807480 422
1807490 419
1807500 416
1807510 414
1807520 412
1807530 409
1807540 407
1807550 404
1807560 400
1807570 396
1807580 391
1807590 387
1807600 384
1807610 382
1807620 381
1807630 380
1807640 379
1807650 378
1807660 377
1807670 376
1807680 375
1807690 375
1807700 374
1807710 374
1807720 373
1807730 373
1807740 372
1807750 372
1807760 371
1807770 371
1807780 371
1807790 371
1807800 370
1807810 370
1807820 370
1807830 370
1807840 371
1807850 371
1807860 372
1807870 373
1807880 373
1807890 372
1807900 371
1807910 370
1807920 370
1807930 369
1807940 368
1807950 367
1807960 366
1807970 365
1807980 364
1807990 363
1808000 362
1808010 361
1808020 360
1808030 358
1808040 357
1808050 356
1808060 355
1808070 354
1808080 354
1808090 353
1808100 352
1808110 351
1808120 350
1808130 349
1808140 347
1808150 346
1808160 345
1808170 345
1808180 344
1808190 343
1808200 342
1808210 341
1808220 340
1808230 340
1808240 339
1808250 339
1808260 338
1808270 338
1808280 338
1808290 337
1808300 336
1808310 336
1808320 335
1808330 334
1808340 334
1808350 333
1808360 333
1808370 332
1808380 332
1808390 331
1808400 330
1808410 330
1808420 329
1808430 329
1808440 328
1808450 328
1808460 327
1808470 327
1808480 327
1808490 326
1808500 326
1808510 325
1808520 324
1808530 324
1808540 324
1808550 323
1808560 323
1808570 322
1808580 322
1808590 322
1808600 321
1808610 321
1808620 321
1808630 321
1808640 320
1808650 319
1808660 319
1808670 318
1808680 318
1808690 318
1808700 317
1808710 317
1808720 316
1808730 316
1808740 316
1808750 315
1808760 315
1808770 315
1808780 314
1808790 314
1808800 314
1808810 314
1808820 314
1808830 313
1808840 313
1808850 313
1808860 313
1808870 312
1808880 312
1808890 312
1808900 312
1808910 312
1808920 312
1808930 311
1808940 311
1808950 311
1808960 311
1808970 311
1808980 311
1808990 311
1809000 310
1809010 310
1809020 310
1809030 310
1809040 310
1809050 310
1809060 310
1809070 310
1809080 309
1809090 309
1809100 309
1809110 309
1809120 309
1809130 309
1809140 309
1809150 308
1809160 308
1809170 308
1809180 308
1809190 308
1809200 308
1809210 308
1809220 307
1809230 307
1809240 307
1809250 307
1809260 306
1809270 306
1809280 306
1809290 306
1809300 306
1809310 306
1809320 307
1809330 307
1809340 307
1809350 306
1809360 306
1809370 306
1809380 306
1809390 307
1809400 307
1809410 307
1809420 307
1809430 307
1809440 307
1809450 306
1809460 306
1809470 306
1809480 306
1809490 305
1809500 305
1809510 305
1809520 305
1809530 305
1809540 305
1809550 304
1809560 304
1809570 304
1809580 304
1809590 304
1809600 304
1809610 303
1809620 303
1809630 303
1809640 303
1809650 303
1809660 303
1809670 303
1809680 303
1809690 304
1809700 304
1809710 305
1809720 305
1809730 305
1809740 305
1809750 304
1809760 303
1809770 302
1809780 301
1809790 299
1809800 298
1809810 297
1809820 296
1809830 295
1809840 295
1809850 294
1809860 294
1809870 293
1809880 293
1809890 292
1809900 291
1809910 291
1809920 290
1809930 290
1809940 289
1809950 289
1809960 288
1809970 288
1809980 287
1809990 287
1810000 287
1810010 286
1810020 286
1810030 285
1810040 285
1810050 285
1810060 284
1810070 284
1810080 283
1810090 283
1810100 282
1810110 282
1810120 281
1810130 280
1810140 279
1810150 279
1810160 278
1810170 278
1810180 277
1810190 277
1810200 276
1810210 276
1810220 275
1810230 275
1810240 274
1810250 273
1810260 273
1810270 273
1810280 272
1810290 272
1810300 272
1810310 273
1810320 273
1810330 274
1810340 274
1810350 274
1810360 275
1810370 275
1810380 275
1810390 275
1810400 276
1810410 276
1810420 276
1810430 276
1810440 276
1810450 277
1810460 277
1810470 277
1810480 277
1810490 277
1810500 277
1810510 277
1810520 276
1810530 276
1810540 276
1810550 275
1810560 275
1810570 275
1810580 274
1810590 274
1810600 274
1810610 273
1810620 273
1810630 272
1810640 272
1810650 271
1810660 271
1810670 270
1810680 270
1810690 269
1810700 269
1810710 269
1810720 268
1810730 268
1810740 267
1810750 266
1810760 266
1810770 266
1810780 265
1810790 265
1810800 264
1810810 263
1810820 262
1810830 262
1810840 262
1810850 261
1810860 261
1810870 261
1810880 261
1810890 260
1810900 259
1810910 258
1810920 258
1810930 258
1810940 257
1810950 257
1810960 256
1810970 256
1810980 256
1810990 255
1811000 255
1811010 254
1811020 254
1811030 253
1811040 253
1811050 253
1811060 253
1811070 253
1811080 253
1811090 253
1811100 253
1811110 253
1811120 253
1811130 253
1811140 253
1811150 253
1811160 253
1811170 253
1811180 253
1811190 253
1811200 252
1811210 252
1811220 252
1811230 252
1811240 252
1811250 252
1811260 252
1811270 252
1811280 252
1811290 252
1811300 252
1811310 252
1811320 252
1811330 252
1811340 252
1811350 252
1811360 253
1811370 253
1811380 253
1811390 252
1811400 252
1811410 252
1811420 253
1811430 253
1811440 253
1811450 253
1811460 253
1811470 252
1811480 252
1811490 252
1811500 252
1811510 252
1811520 252
1811530 252
1811540 251
1811550 250
1811560 250
1811570 249
1811580 249
1811590 249
1811600 249
1811610 248
1811620 248
1811630 248
1811640 248
1811650 248
1811660 247
1811670 247
1811680 246
1811690 246
1811700 246
1811710 245
1811720 245
1811730 245
1811740 245
1811750 244
1811760 244
1811770 244
1811780 244
1811790 244
1811800 243
1811810 243
1811820 243
1811830 242
1811840 242
1811850 242
1811860 242
1811870 242
1811880 241
1811890 241
1811900 241
1811910 241
1811920 241
1811930 240
1811940 240
1811950 240
1811960 240
1811970 239
1811980 239
1811990 239
1812000 239
1812010 239
1812020 239
1812030 238
1812040 238
1812050 238
1812060 238
1812070 237
1812080 237
1812090 237
1812100 237
1812110 236
1812120 236
1812130 236
1812140 237
1812150 238
1812160 238
1812170 239
1812180 239
1812190 239
1812200 239
1812210 239
1812220 239
1812230 238
1812240 237
1812250 236
1812260 235
1812270 234
1812280 234
1812290 233
1812300 233
1812310 233
1812320 233
1812330 232
1812340 232
1812350 232
1812360 232
1812370 232
1812380 232
1812390 232
1812400 231
1812410 231
1812420 231
1812430 231
1812440 231
1812450 230
1812460 230
1812470 230
1812480 230
1812490 230
1812500 229
1812510 229
1812520 229
1812530 229
1812540 229
1812550 228
1812560 228
1812570 228
1812580 228
1812590 228
1812600 228
1812610 227
1812620 227
1812630 227
1812640 227
1812650 227
1812660 227
1812670 226
1812680 226
1812690 226
1812700 226
1812710 226
1812720 226
1812730 226
1812740 226
1812750 225
1812760 225
1812770 225
1812780 225
1812790 225
1812800 225
1812810 225
1812820 225
1812830 225
1812840 225
1812850 225
1812860 225
1812870 224
1812880 224
1812890 224
1812900 224
1812910 224
1812920 224
1812930 224
1812940 223
1812950 223
1812960 223
1812970 223
1812980 223
1812990 223
1813000 222
1813010 221
1813020 221
1813030 221
1813040 221
1813050 221
1813060 221
1813070 222
1813080 222
1813090 222
1813100 222
1813110 222
1813120 222
1813130 222
1813140 222
1813150 222
1813160 222
1813170 222
1813180 222
1813190 221
1813200 221
1813210 221
1813220 221
1813230 221
1813240 221
1813250 221
1813260 221
1813270 221
1813280 221
1813290 221
1813300 221
1813310 220
1813320 220
1813330 220
1813340 220
1813350 220
1813360 220
1813370 220
1813380 220
1813390 220
1813400 220
1813410 220
1813420 220
1813430 220
1813440 220
1813450 219
1813460 219
1813470 219
1813480 219
1813490 219
1813500 219
1813510 219
1813520 219
1813530 219
1813540 219
1813550 219
1813560 219
1813570 219
1813580 218
1813590 218
1813600 218
1813610 218
1813620 218
1813630 218
1813640 218
1813650 217
1813660 217
1813670 217
1813680 217
1813690 217
1813700 216
1813710 216
1813720 216
1813730 216
1813740 216
1813750 215
1813760 215
1813770 215
1813780 215
1813790 215
1813800 215
1813810 215
1813820 214
1813830 214
1813840 214
1813850 214
1813860 214
1813870 214
1813880 214
1813890 214
1813900 214
1813910 214
1813920 214
1813930 214
1813940 214
1813950 213
1813960 213
1813970 213
1813980 213
1813990 213
1814000 213
1814010 213
1814020 212
1814030 212
1814040 212
1814050 212
1814060 212
1814070 212
1814080 212
1814090 212
1814100 212
1814110 211
1814120 211
1814130 211
1814140 211
1814150 211
1814160 211
1814170 211
1814180 211
1814190 211
1814200 211
1814210 211
1814220 211
1814230 211
1814240 211
1814250 210
1814260 210
1814270 210
1814280 210
1814290 210
1814300 210
1814310 210
1814320 210
1814330 210
1814340 209
1814350 209
1814360 209
1814370 209
1814380 209
1814390 209
1814400 209
1814410 209
1814420 209
1814430 209
1814440 209
1814450 209
1814460 209
1814470 209
1814480 209
1814490 208
1814500 208
1814510 208
1814520 208
1814530 208
1814540 208
1814550 208
1814560 208
1814570 208
1814580 208
1814590 208
1814600 208
1814610 208
1814620 208
1814630 208
1814640 208
1814650 208
1814660 207
1814670 207
1814680 206
1814690 207
1814700 207
1814710 207
1814720 208
1814730 208
1814740 208
1814750 208
1814760 208
1814770 207
1814780 206
1814790 206
1814800 206
1814810 206
1814820 206
1814830 206
1814840 206
1814850 206
1814860 206
1814870 206
1814880 206
1814890 206
1814900 206
1814910 206
1814920 206
1814930 206
1814940 206
1814950 206
1814960 206
1814970 206
1814980 206
1814990 206
1815000 206
1815010 206
1815020 206
1815030 206
1815040 206
1815050 205
1815060 205
1815070 205
1815080 205
1815090 205
1815100 205
1815110 204
1815120 204
1815130 204
1815140 204
1815150 204
1815160 204
1815170 204
1815180 204
1815190 204
1815200 204
1815210 204
1815220 204
1815230 203
1815240 203
1815250 203
1815260 203
1815270 203
1815280 203
1815290 203
1815300 203
1815310 202
1815320 202
1815330 202
1815340 202
1815350 202
1815360 202
1815370 202
1815380 202
1815390 202
1815400 202
1815410 203
1815420 203
1815430 203
1815440 203
1815450 203
1815460 204
1815470 204
1815480 204
1815490 205
1815500 206
1815510 207
1815520 208
1815530 209
1815540 209
1815550 209
1815560 209
1815570 209
1815580 209
1815590 208
1815600 208
1815610 208
1815620 207
1815630 207
1815640 207
1815650 207
1815660 207
1815670 207
1815680 206
1815690 206
1815700 205
1815710 205
1815720 205
1815730 206
1815740 206
1815750 206
1815760 206
1815770 206
1815780 206
1815790 206
1815800 206
1815810 206
1815820 207
1815830 208
1815840 208
1815850 208
1815860 208
1815870 208
1815880 208
1815890 208
1815900 208
1815910 208
1815920 208
1815930 209
1815940 209
1815950 209
1815960 209
1815970 209
1815980 208
1815990 208
1816000 208
1816010 208
1816020 208
1816030 208
1816040 209
1816050 209
1816060 209
1816070 209
1816080 209
1816090 209
1816100 209
1816110 209
1816120 209
1816130 208
1816140 208
1816150 208
1816160 208
1816170 208
1816180 208
1816190 208
1816200 209
1816210 209
1816220 209
1816230 208
1816240 208
1816250 208
1816260 208
1816270 208
1816280 208
1816290 208
1816300 208
1816310 208
1816320 208
1816330 208
1816340 207
1816350 208
1816360 208
1816370 208
1816380 208
1816390 208
1816400 208
1816410 208
1816420 208
1816430 208
1816440 208
1816450 208
1816460 208
1816470 208
1816480 208
1816490 208
1816500 208
1816510 208
1816520 208
1816530 208
1816540 208
1816550 208
1816560 208
1816570 208
1816580 208
1816590 208
1816600 208
1816610 207
1816620 207
1816630 207
1816640 207
1816650 207
1816660 207
1816670 207
1816680 207
1816690 207
1816700 207
1816710 207
1816720 207
1816730 207
1816740 207
1816750 207
1816760 207
1816770 207
1816780 207
1816790 207
1816800 207
1816810 207
1816820 207
1816830 207
1816840 207
1816850 208
1816860 208
1816870 208
1816880 208
1816890 208
1816900 209
1816910 209
1816920 209
1816930 209
1816940 209
1816950 209
1816960 209
1816970 209
1816980 209
1816990 209
1817000 209
1817010 210
1817020 212
1817030 213
1817040 212
1817050 209
1817060 206
1817070 205
1817080 205
1817090 205
1817100 205
1817110 205
1817120 205
1817130 205
1817140 205
1817150 205
1817160 205
1817170 205
1817180 205
1817190 205
1817200 205
1817210 205
1817220 204
1817230 204
1817240 204
1817250 204
1817260 204
1817270 204
1817280 204
1817290 204
1817300 204
1817310 204
1817320 204
1817330 204
1817340 204
1817350 204
1817360 204
1817370 204
1817380 204
1817390 204
1817400 204
1817410 204
1817420 204
1817430 204
1817440 204
1817450 204
1817460 204
1817470 204
1817480 204
1817490 204
1817500 204
1817510 204
1817520 204
1817530 204
1817540 204
1817550 203
1817560 203
1817570 203
1817580 203
1817590 203
1817600 203
1817610 203
1817620 203
1817630 203
1817640 203
1817650 203
1817660 203
1817670 203
1817680 203
1817690 203
1817700 203
1817710 203
1817720 203
1817730 203
1817740 203
1817750 202
1817760 202
1817770 202
1817780 202
1817790 202
1817800 202
1817810 202
1817820 202
1817830 202
1817840 202
1817850 202
1817860 202
1817870 202
1817880 202
1817890 202
1817900 202
1817910 202
1817920 202
1817930 202
1817940 202
1817950 202
1817960 202
1817970 202
1817980 201
1817990 201
1818000 201
1818010 201
1818020 201
1818030 201
1818040 201
1818050 201
1818060 201
1818070 201
1818080 201
1818090 201
1818100 201
1818110 201
1818120 201
1818130 201
1818140 201
1818150 201
1818160 201
1818170 201
1818180 201
1818190 200
1818200 200
1818210 200
1818220 200
1818230 200
1818240 200
1818250 200
1818260 200
1818270 200
1818280 200
1818290 200
1818300 200
1818310 200
1818320 200
1818330 201
1818340 201
1818350 201
1818360 201
1818370 201
1818380 200
1818390 200
1818400 200
1818410 200
1818420 200
1818430 200
1818440 200
1818450 200
1818460 200
1818470 200
1818480 200
1818490 200
1818500 200
1818510 200
1818520 199
1818530 199
1818540 199
1818550 199
1818560 199
1818570 199
1818580 199
1818590 198
1818600 198
1818610 198
1818620 198
1818630 198
1818640 198
1818650 198
1818660 198
1818670 198
1818680 198
1818690 198
1818700 198
1818710 198
1818720 198
1818730 198
1818740 197
1818750 197
1818760 197
1818770 197
1818780 197
1818790 197
1818800 197
1818810 197
1818820 197
1818830 197
1818840 197
1818850 197
1818860 197
1818870 196
1818880 196
1818890 196
1818900 196
1818910 196
1818920 196
1818930 196
1818940 196
1818950 196
1818960 196
1818970 196
1818980 196
1818990 196
1819000 196
1819010 196
1819020 196
1819030 195
1819040 195
1819050 195
1819060 195
1819070 195
1819080 195
1819090 195
1819100 195
1819110 195
1819120 195
1819130 195
1819140 195
1819150 194
1819160 194
1819170 194
1819180 194
1819190 194
1819200 194
1819210 194
1819220 194
1819230 194
1819240 193
1819250 193
1819260 193
1819270 193
1819280 193
1819290 193
1819300 193
1819310 193
1819320 193
1819330 193
1819340 193
1819350 193
1819360 193
1819370 192
1819380 192
1819390 192
1819400 192
1819410 192
1819420 192
1819430 192
1819440 192
1819450 192
1819460 192
1819470 191
1819480 191
1819490 191
1819500 191
1819510 191
1819520 191
1819530 191
1819540 191
1819550 191
1819560 191
1819570 191
1819580 191
1819590 191
1819600 191
1819610 190
1819620 190
1819630 190
1819640 190
1819650 190
1819660 190
1819670 190
1819680 190
1819690 190
1819700 190
1819710 189
1819720 190
1819730 189
1819740 189
1819750 189
1819760 189
1819770 189
1819780 189
1819790 189
1819800 189
1819810 189
1819820 189
1819830 189
1819840 189
1819850 189
1819860 189
1819870 188
1819880 188
1819890 188
1819900 188
1819910 188
1819920 188
1819930 188
1819940 188
1819950 188
1819960 188
1819970 188
1819980 188
1819990 188
