1800000 364
1800010 362
1800020 362
1800030 363
1800040 364
1800050 365
1800060 365
1800070 366
1800080 366
1800090 365
1800100 365
1800110 365
1800120 364
1800130 363
1800140 362
1800150 361
1800160 361
1800170 361
1800180 362
1800190 362
1800200 362
1800210 362
1800220 362
1800230 362
1800240 363
1800250 363
1800260 364
1800270 364
1800280 364
1800290 363
1800300 362
1800310 360
1800320 360
1800330 362
1800340 364
1800350 366
1800360 368
1800370 369
1800380 371
1800390 372
1800400 374
1800410 376
1800420 377
1800430 379
1800440 381
1800450 382
1800460 383
1800470 384
1800480 384
1800490 385
1800500 386
1800510 386
1800520 387
1800530 387
1800540 387
1800550 387
1800560 387
1800570 387
1800580 387
1800590 387
1800600 386
1800610 386
1800620 385
1800630 386
1800640 387
1800650 389
1800660 391
1800670 393
1800680 394
1800690 396
1800700 397
1800710 399
1800720 400
1800730 401
1800740 403
1800750 404
1800760 405
1800770 406
1800780 408
1800790 409
1800800 410
1800810 411
1800820 412
1800830 413
1800840 414
1800850 415
1800860 416
1800870 417
1800880 418
1800890 418
1800900 419
1800910 419
1800920 420
1800930 420
1800940 420
1800950 421
1800960 422
1800970 422
1800980 423
1800990 424
1801000 425
1801010 426
1801020 426
1801030 427
1801040 427
1801050 428
1801060 428
1801070 429
1801080 429
1801090 430
1801100 430
1801110 431
1801120 431
1801130 431
1801140 431
1801150 431
1801160 431
1801170 431
1801180 431
1801190 431
1801200 432
1801210 433
1801220 434
1801230 435
1801240 436
1801250 437
1801260 438
1801270 439
1801280 440
1801290 441
1801300 441
1801310 442
1801320 443
1801330 444
1801340 445
1801350 445
1801360 446
1801370 446
1801380 447
1801390 448
1801400 448
1801410 448
1801420 449
1801430 449
1801440 450
1801450 450
1801460 450
1801470 450
1801480 450
1801490 449
1801500 449
1801510 448
1801520 448
1801530 447
1801540 447
1801550 446
1801560 446
1801570 445
1801580 445
1801590 444
1801600 444
1801610 443
1801620 443
1801630 443
1801640 442
1801650 442
1801660 442
1801670 442
1801680 442
1801690 442
1801700 442
1801710 442
1801720 442
1801730 442
1801740 442
1801750 442
1801760 441
1801770 441
1801780 441
1801790 440
1801800 440
1801810 440
1801820 440
1801830 440
1801840 439
1801850 439
1801860 439
1801870 439
1801880 439
1801890 439
1801900 438
1801910 438
1801920 437
1801930 437
1801940 436
1801950 436
1801960 435
1801970 435
1801980 435
1801990 434
1802000 434
1802010 433
1802020 433
1802030 432
1802040 432
1802050 432
1802060 431
1802070 431
1802080 431
1802090 431
1802100 430
1802110 430
1802120 430
1802130 429
1802140 429
1802150 429
1802160 429
1802170 429
1802180 429
1802190 428
1802200 428
1802210 428
1802220 428
1802230 428
1802240 428
1802250 428
1802260 427
1802270 427
1802280 427
1802290 427
1802300 427
1802310 426
1802320 426
1802330 426
1802340 426
1802350 425
1802360 425
1802370 425
1802380 424
1802390 423
1802400 423
1802410 422
1802420 421
1802430 421
1802440 420
1802450 419
1802460 418
1802470 417
1802480 416
1802490 415
1802500 414
1802510 414
1802520 413
1802530 411
1802540 409
1802550 407
1802560 404
1802570 402
1802580 402
1802590 403
1802600 404
1802610 403
1802620 403
1802630 403
1802640 403
1802650 403
1802660 403
1802670 403
1802680 402
1802690 402
1802700 402
1802710 402
1802720 403
1802730 403
1802740 403
1802750 402
1802760 402
1802770 402
1802780 402
1802790 402
1802800 402
1802810 401
1802820 401
1802830 401
1802840 400
1802850 399
1802860 398
1802870 396
1802880 395
1802890 394
1802900 393
1802910 393
1802920 393
1802930 393
1802940 392
1802950 391
1802960 390
1802970 389
1802980 388
1802990 387
1803000 388
1803010 389
1803020 388
1803030 388
1803040 386
1803050 385
1803060 383
1803070 381
1803080 380
1803090 379
1803100 377
1803110 377
1803120 377
1803130 378
1803140 379
1803150 381
1803160 382
1803170 384
1803180 385
1803190 387
1803200 388
1803210 389
1803220 390
1803230 392
1803240 393
1803250 395
1803260 396
1803270 398
1803280 399
1803290 401
1803300 403
1803310 404
1803320 406
1803330 406
1803340 406
1803350 407
1803360 407
1803370 407
1803380 408
1803390 408
1803400 409
1803410 409
1803420 409
1803430 409
1803440 409
1803450 408
1803460 408
1803470 407
1803480 407
1803490 406
1803500 406
1803510 405
1803520 405
1803530 404
1803540 403
1803550 402
1803560 401
1803570 399
1803580 398
1803590 397
1803600 396
1803610 396
1803620 396
1803630 396
1803640 396
1803650 395
1803660 394
1803670 390
1803680 387
1803690 385
1803700 383
1803710 382
1803720 381
1803730 379
1803740 377
1803750 376
1803760 374
1803770 372
1803780 371
1803790 370
1803800 370
1803810 369
1803820 369
1803830 369
1803840 369
1803850 369
1803860 369
1803870 369
1803880 368
1803890 367
1803900 367
1803910 369
1803920 371
1803930 375
1803940 378
1803950 380
1803960 382
1803970 383
1803980 383
1803990 383
1804000 383
1804010 382
1804020 382
1804030 382
1804040 381
1804050 381
1804060 381
1804070 381
1804080 380
1804090 380
1804100 380
1804110 379
1804120 378
1804130 378
1804140 377
1804150 377
1804160 376
1804170 375
1804180 374
1804190 373
1804200 372
1804210 372
1804220 371
1804230 371
1804240 370
1804250 370
1804260 369
1804270 369
1804280 368
1804290 366
1804300 363
1804310 361
1804320 359
1804330 357
1804340 355
1804350 352
1804360 349
1804370 346
1804380 343
1804390 341
1804400 338
1804410 336
1804420 335
1804430 334
1804440 333
1804450 332
1804460 332
1804470 331
1804480 330
1804490 330
1804500 330
1804510 329
1804520 327
1804530 325
1804540 324
1804550 323
1804560 322
1804570 322
1804580 321
1804590 321
1804600 320
1804610 320
1804620 319
1804630 319
1804640 319
1804650 319
1804660 319
1804670 319
1804680 319
1804690 319
1804700 318
1804710 318
1804720 318
1804730 317
1804740 317
1804750 317
1804760 316
1804770 316
1804780 316
1804790 316
1804800 315
1804810 315
1804820 315
1804830 315
1804840 315
1804850 315
1804860 314
1804870 314
1804880 314
1804890 314
1804900 314
1804910 314
1804920 314
1804930 314
1804940 315
1804950 316
1804960 318
1804970 320
1804980 321
1804990 322
1805000 322
1805010 323
1805020 324
1805030 325
1805040 325
1805050 327
1805060 328
1805070 328
1805080 329
1805090 330
1805100 331
1805110 332
1805120 333
1805130 335
1805140 337
1805150 338
1805160 339
1805170 340
1805180 342
1805190 343
1805200 344
1805210 346
1805220 348
1805230 349
1805240 351
1805250 352
1805260 353
1805270 355
1805280 356
1805290 358
1805300 360
1805310 361
1805320 363
1805330 364
1805340 366
1805350 367
1805360 367
1805370 367
1805380 367
1805390 366
1805400 365
1805410 364
1805420 362
1805430 361
1805440 359
1805450 358
1805460 358
1805470 357
1805480 357
1805490 356
1805500 356
1805510 354
1805520 353
1805530 351
1805540 350
1805550 349
1805560 348
1805570 347
1805580 345
1805590 343
1805600 342
1805610 342
1805620 342
1805630 343
1805640 343
1805650 343
1805660 343
1805670 344
1805680 344
1805690 345
1805700 345
1805710 346
1805720 346
1805730 346
1805740 346
1805750 344
1805760 342
1805770 342
1805780 341
1805790 341
1805800 341
1805810 341
1805820 341
1805830 341
1805840 341
1805850 341
1805860 341
1805870 341
1805880 341
1805890 341
1805900 341
1805910 341
1805920 341
1805930 341
1805940 341
1805950 341
1805960 341
1805970 341
1805980 341
1805990 341
1806000 341
1806010 341
1806020 341
1806030 342
1806040 342
1806050 343
1806060 344
1806070 345
1806080 347
1806090 350
1806100 354
1806110 356
1806120 358
1806130 361
1806140 366
1806150 373
1806160 380
1806170 381
1806180 385
1806190 392
1806200 403
1806210 412
1806220 418
1806230 423
1806240 427
1806250 432
1806260 439
1806270 448
1806280 458
1806290 462
1806300 465
1806310 469
1806320 473
1806330 476
1806340 479
1806350 482
1806360 485
1806370 488
1806380 491
1806390 494
1806400 497
1806410 499
1806420 501
1806430 504
1806440 506
1806450 509
1806460 511
1806470 514
1806480 517
1806490 519
1806500 522
1806510 524
1806520 526
1806530 528
1806540 530
1806550 532
1806560 533
1806570 532
1806580 531
1806590 531
1806600 530
1806610 529
1806620 529
1806630 528
1806640 527
1806650 527
1806660 526
1806670 525
1806680 524
1806690 523
1806700 522
1806710 521
1806720 521
1806730 521
1806740 521
1806750 521
1806760 522
1806770 523
1806780 524
1806790 525
1806800 526
1806810 528
1806820 529
1806830 529
1806840 529
1806850 528
1806860 527
1806870 525
1806880 524
1806890 523
1806900 522
1806910 521
1806920 521
1806930 520
1806940 520
1806950 519
1806960 518
1806970 517
1806980 516
1806990 515
1807000 514
1807010 513
1807020 512
1807030 511
1807040 510
1807050 509
1807060 507
1807070 506
1807080 504
1807090 503
1807100 501
1807110 500
1807120 499
1807130 498
1807140 497
1807150 496
1807160 496
1807170 496
1807180 496
1807190 496
1807200 496
1807210 495
1807220 495
1807230 494
1807240 493
1807250 492
1807260 491
1807270 489
1807280 487
1807290 485
1807300 482
1807310 479
1807320 477
1807330 474
1807340 472
1807350 471
1807360 470
1807370 469
1807380 468
1807390 468
1807400 467
1807410 466
1807420 466
1807430 465
1807440 464
1807450 463
1807460 463
1807470 462
1807480 462
1807490 462
1807500 462
1807510 462
1807520 462
1807530 462
1807540 461
1807550 461
1807560 461
1807570 462
1807580 463
1807590 464
1807600 465
1807610 464
1807620 462
1807630 461
1807640 459
1807650 459
1807660 458
1807670 458
1807680 458
1807690 458
1807700 457
1807710 457
1807720 456
1807730 456
1807740 455
1807750 455
1807760 454
1807770 454
1807780 454
1807790 453
1807800 453
1807810 453
1807820 452
1807830 451
1807840 451
1807850 450
1807860 449
1807870 448
1807880 447
1807890 446
1807900 446
1807910 445
1807920 444
1807930 443
1807940 442
1807950 441
1807960 440
1807970 439
1807980 438
1807990 437
1808000 436
1808010 435
1808020 434
1808030 433
1808040 432
1808050 431
1808060 430
1808070 429
1808080 427
1808090 426
1808100 425
1808110 424
1808120 422
1808130 421
1808140 419
1808150 417
1808160 415
1808170 413
1808180 412
1808190 411
1808200 410
1808210 409
1808220 408
1808230 407
1808240 406
1808250 405
1808260 404
1808270 403
1808280 402
1808290 401
1808300 400
1808310 398
1808320 397
1808330 396
1808340 395
1808350 393
1808360 392
1808370 391
1808380 389
1808390 388
1808400 386
1808410 384
1808420 382
1808430 379
1808440 376
1808450 374
1808460 372
1808470 370
1808480 368
1808490 367
1808500 365
1808510 363
1808520 361
1808530 360
1808540 359
1808550 357
1808560 356
1808570 355
1808580 354
1808590 353
1808600 352
1808610 351
1808620 350
1808630 349
1808640 347
1808650 346
1808660 345
1808670 344
1808680 344
1808690 343
1808700 342
1808710 341
1808720 340
1808730 339
1808740 338
1808750 337
1808760 337
1808770 336
1808780 336
1808790 335
1808800 334
1808810 333
1808820 333
1808830 332
1808840 331
1808850 330
1808860 329
1808870 329
1808880 328
1808890 327
1808900 326
1808910 324
1808920 323
1808930 322
1808940 322
1808950 321
1808960 320
1808970 320
1808980 319
1808990 318
1809000 317
1809010 317
1809020 316
1809030 316
1809040 315
1809050 315
1809060 315
1809070 315
1809080 315
1809090 315
1809100 315
1809110 314
1809120 313
1809130 312
1809140 311
1809150 311
1809160 310
1809170 309
1809180 309
1809190 308
1809200 307
1809210 306
1809220 306
1809230 305
1809240 304
1809250 304
1809260 303
1809270 302
1809280 301
1809290 300
1809300 300
1809310 299
1809320 298
1809330 297
1809340 296
1809350 296
1809360 295
1809370 294
1809380 293
1809390 292
1809400 291
1809410 289
1809420 288
1809430 286
1809440 286
1809450 286
1809460 285
1809470 285
1809480 284
1809490 283
1809500 283
1809510 283
1809520 283
1809530 282
1809540 281
1809550 280
1809560 279
1809570 279
1809580 279
1809590 278
1809600 278
1809610 277
1809620 277
1809630 277
1809640 277
1809650 276
1809660 276
1809670 276
1809680 276
1809690 275
1809700 275
1809710 275
1809720 275
1809730 275
1809740 275
1809750 275
1809760 275
1809770 275
1809780 275
1809790 275
1809800 275
1809810 276
1809820 277
1809830 277
1809840 278
1809850 278
1809860 278
1809870 278
1809880 277
1809890 277
1809900 277
1809910 277
1809920 277
1809930 278
1809940 279
1809950 279
1809960 279
1809970 279
1809980 280
1809990 281
1810000 282
1810010 283
1810020 283
1810030 284
1810040 284
1810050 284
1810060 283
1810070 283
1810080 283
1810090 283
1810100 283
1810110 282
1810120 282
1810130 282
1810140 282
1810150 282
1810160 281
1810170 281
1810180 281
1810190 281
1810200 280
1810210 280
1810220 280
1810230 279
1810240 279
1810250 278
1810260 278
1810270 277
1810280 276
1810290 275
1810300 274
1810310 274
1810320 273
1810330 272
1810340 271
1810350 271
1810360 270
1810370 269
1810380 268
1810390 267
1810400 267
1810410 266
1810420 265
1810430 264
1810440 263
1810450 262
1810460 262
1810470 261
1810480 260
1810490 258
1810500 258
1810510 257
1810520 257
1810530 256
1810540 256
1810550 255
1810560 255
1810570 254
1810580 253
1810590 252
1810600 252
1810610 251
1810620 251
1810630 251
1810640 251
1810650 250
1810660 250
1810670 250
1810680 250
1810690 250
1810700 250
1810710 250
1810720 250
1810730 250
1810740 249
1810750 249
1810760 249
1810770 249
1810780 249
1810790 249
1810800 248
1810810 248
1810820 248
1810830 248
1810840 248
1810850 248
1810860 248
1810870 248
1810880 247
1810890 247
1810900 247
1810910 247
1810920 247
1810930 248
1810940 248
1810950 248
1810960 247
1810970 247
1810980 247
1810990 247
1811000 247
1811010 247
1811020 247
1811030 247
1811040 247
1811050 247
1811060 247
1811070 247
1811080 247
1811090 247
1811100 247
1811110 247
1811120 247
1811130 247
1811140 247
1811150 247
1811160 247
1811170 246
1811180 246
1811190 246
1811200 246
1811210 246
1811220 246
1811230 245
1811240 245
1811250 245
1811260 245
1811270 245
1811280 244
1811290 244
1811300 244
1811310 244
1811320 244
1811330 244
1811340 244
1811350 244
1811360 244
1811370 244
1811380 243
1811390 243
1811400 243
1811410 243
1811420 243
1811430 243
1811440 243
1811450 243
1811460 243
1811470 243
1811480 242
1811490 242
1811500 242
1811510 242
1811520 242
1811530 242
1811540 242
1811550 241
1811560 241
1811570 241
1811580 241
1811590 241
1811600 241
1811610 241
1811620 241
1811630 241
1811640 241
1811650 241
1811660 240
1811670 240
1811680 240
1811690 240
1811700 240
1811710 239
1811720 239
1811730 239
1811740 239
1811750 239
1811760 239
1811770 239
1811780 239
1811790 239
1811800 238
1811810 238
1811820 238
1811830 237
1811840 237
1811850 237
1811860 237
1811870 237
1811880 237
1811890 237
1811900 237
1811910 237
1811920 236
1811930 236
1811940 236
1811950 236
1811960 236
1811970 236
1811980 236
1811990 235
1812000 235
1812010 235
1812020 235
1812030 235
1812040 235
1812050 234
1812060 234
1812070 234
1812080 234
1812090 234
1812100 234
1812110 234
1812120 234
1812130 234
1812140 234
1812150 233
1812160 233
1812170 233
1812180 233
1812190 233
1812200 233
1812210 233
1812220 232
1812230 232
1812240 232
1812250 232
1812260 232
1812270 231
1812280 231
1812290 231
1812300 231
1812310 231
1812320 231
1812330 231
1812340 231
1812350 231
1812360 230
1812370 230
1812380 230
1812390 230
1812400 230
1812410 230
1812420 230
1812430 230
1812440 230
1812450 230
1812460 229
1812470 229
1812480 229
1812490 229
1812500 229
1812510 229
1812520 229
1812530 229
1812540 229
1812550 229
1812560 228
1812570 228
1812580 228
1812590 228
1812600 228
1812610 228
1812620 228
1812630 227
1812640 227
1812650 227
1812660 227
1812670 227
1812680 227
1812690 227
1812700 227
1812710 227
1812720 227
1812730 227
1812740 227
1812750 227
1812760 226
1812770 226
1812780 226
1812790 226
1812800 226
1812810 226
1812820 226
1812830 226
1812840 226
1812850 226
1812860 226
1812870 226
1812880 226
1812890 226
1812900 226
1812910 225
1812920 224
1812930 223
1812940 223
1812950 225
1812960 226
1812970 226
1812980 225
1812990 225
1813000 225
1813010 225
1813020 225
1813030 225
1813040 224
1813050 224
1813060 224
1813070 224
1813080 224
1813090 224
1813100 224
1813110 224
1813120 224
1813130 224
1813140 224
1813150 224
1813160 224
1813170 224
1813180 224
1813190 224
1813200 224
1813210 224
1813220 224
1813230 224
1813240 224
1813250 224
1813260 223
1813270 223
1813280 223
1813290 223
1813300 223
1813310 223
1813320 223
1813330 223
1813340 223
1813350 223
1813360 223
1813370 223
1813380 222
1813390 222
1813400 222
1813410 222
1813420 222
1813430 222
1813440 222
1813450 222
1813460 222
1813470 222
1813480 222
1813490 222
1813500 222
1813510 222
1813520 222
1813530 222
1813540 221
1813550 221
1813560 221
1813570 221
1813580 221
1813590 221
1813600 221
1813610 221
1813620 221
1813630 221
1813640 221
1813650 221
1813660 221
1813670 220
1813680 220
1813690 220
1813700 220
1813710 220
1813720 220
1813730 220
1813740 220
1813750 219
1813760 219
1813770 219
1813780 219
1813790 219
1813800 219
1813810 219
1813820 218
1813830 219
1813840 219
1813850 219
1813860 219
1813870 219
1813880 219
1813890 219
1813900 219
1813910 219
1813920 219
1813930 219
1813940 219
1813950 219
1813960 218
1813970 218
1813980 218
1813990 218
1814000 218
1814010 218
1814020 218
1814030 218
1814040 218
1814050 218
1814060 218
1814070 218
1814080 218
1814090 218
1814100 218
1814110 218
1814120 218
1814130 218
1814140 218
1814150 218
1814160 218
1814170 218
1814180 218
1814190 218
1814200 218
1814210 218
1814220 218
1814230 218
1814240 217
1814250 217
1814260 217
1814270 217
1814280 217
1814290 217
1814300 217
1814310 217
1814320 217
1814330 217
1814340 217
1814350 217
1814360 217
1814370 217
1814380 217
1814390 217
1814400 217
1814410 217
1814420 217
1814430 217
1814440 217
1814450 217
1814460 217
1814470 217
1814480 217
1814490 217
1814500 217
1814510 217
1814520 217
1814530 217
1814540 217
1814550 217
1814560 217
1814570 217
1814580 217
1814590 217
1814600 217
1814610 217
1814620 217
1814630 217
1814640 217
1814650 217
1814660 217
1814670 217
1814680 217
1814690 217
1814700 217
1814710 217
1814720 217
1814730 217
1814740 217
1814750 217
1814760 217
1814770 217
1814780 217
1814790 217
1814800 217
1814810 217
1814820 217
1814830 217
1814840 217
1814850 217
1814860 217
1814870 217
1814880 217
1814890 217
1814900 217
1814910 217
1814920 217
1814930 218
1814940 218
1814950 218
1814960 218
1814970 218
1814980 218
1814990 218
1815000 218
1815010 218
1815020 218
1815030 218
1815040 218
1815050 218
1815060 218
1815070 218
1815080 218
1815090 218
1815100 219
1815110 219
1815120 219
1815130 219
1815140 219
1815150 219
1815160 219
1815170 219
1815180 219
1815190 219
1815200 219
1815210 219
1815220 219
1815230 219
1815240 219
1815250 218
1815260 218
1815270 217
1815280 217
1815290 217
1815300 216
1815310 216
1815320 216
1815330 216
1815340 216
1815350 216
1815360 216
1815370 216
1815380 216
1815390 216
1815400 216
1815410 217
1815420 217
1815430 218
1815440 218
1815450 219
1815460 219
1815470 220
1815480 220
1815490 220
1815500 220
1815510 220
1815520 220
1815530 219
1815540 219
1815550 219
1815560 219
1815570 218
1815580 218
1815590 218
1815600 218
1815610 218
1815620 218
1815630 218
1815640 218
1815650 219
1815660 219
1815670 219
1815680 220
1815690 220
1815700 220
1815710 221
1815720 221
1815730 221
1815740 221
1815750 221
1815760 221
1815770 221
1815780 221
1815790 221
1815800 221
1815810 221
1815820 221
1815830 221
1815840 221
1815850 221
1815860 221
1815870 221
1815880 221
1815890 221
1815900 221
1815910 220
1815920 220
1815930 220
1815940 219
1815950 219
1815960 219
1815970 218
1815980 218
1815990 218
1816000 218
1816010 218
1816020 218
1816030 218
1816040 218
1816050 218
1816060 218
1816070 218
1816080 218
1816090 218
1816100 218
1816110 218
1816120 217
1816130 217
1816140 217
1816150 216
1816160 216
1816170 216
1816180 216
1816190 217
1816200 217
1816210 216
1816220 215
1816230 215
1816240 215
1816250 215
1816260 215
1816270 215
1816280 215
1816290 215
1816300 215
1816310 215
1816320 215
1816330 216
1816340 216
1816350 216
1816360 216
1816370 216
1816380 217
1816390 217
1816400 217
1816410 217
1816420 218
1816430 218
1816440 217
1816450 216
1816460 215
1816470 216
1816480 216
1816490 216
1816500 217
1816510 218
1816520 219
1816530 221
1816540 221
1816550 222
1816560 222
1816570 222
1816580 222
1816590 222
1816600 222
1816610 222
1816620 222
1816630 222
1816640 222
1816650 222
1816660 222
1816670 221
1816680 221
1816690 221
1816700 221
1816710 221
1816720 221
1816730 221
1816740 220
1816750 220
1816760 220
1816770 220
1816780 220
1816790 220
1816800 220
1816810 220
1816820 220
1816830 220
1816840 220
1816850 220
1816860 220
1816870 220
1816880 220
1816890 220
1816900 220
1816910 220
1816920 220
1816930 220
1816940 220
1816950 220
1816960 220
1816970 220
1816980 220
1816990 220
1817000 219
1817010 219
1817020 219
1817030 219
1817040 219
1817050 219
1817060 219
1817070 219
1817080 219
1817090 219
1817100 219
1817110 219
1817120 219
1817130 219
1817140 218
1817150 218
1817160 218
1817170 217
1817180 215
1817190 211
1817200 208
1817210 207
1817220 206
1817230 208
1817240 208
1817250 209
1817260 209
1817270 209
1817280 209
1817290 209
1817300 209
1817310 209
1817320 209
1817330 209
1817340 209
1817350 209
1817360 209
1817370 209
1817380 209
1817390 209
1817400 209
1817410 208
1817420 208
1817430 207
1817440 206
1817450 206
1817460 205
1817470 205
1817480 205
1817490 205
1817500 206
1817510 207
1817520 209
1817530 209
1817540 209
1817550 209
1817560 208
1817570 208
1817580 208
1817590 210
1817600 211
1817610 211
1817620 211
1817630 212
1817640 212
1817650 212
1817660 214
1817670 216
1817680 217
1817690 215
1817700 213
1817710 210
1817720 209
1817730 208
1817740 208
1817750 208
1817760 208
1817770 206
1817780 205
1817790 203
1817800 203
1817810 203
1817820 203
1817830 203
1817840 203
1817850 203
1817860 202
1817870 202
1817880 202
1817890 202
1817900 202
1817910 202
1817920 202
1817930 202
1817940 201
1817950 201
1817960 201
1817970 201
1817980 201
1817990 201
1818000 200
1818010 200
1818020 200
1818030 200
1818040 200
1818050 200
1818060 200
1818070 199
1818080 199
1818090 199
1818100 199
1818110 199
1818120 199
1818130 199
1818140 199
1818150 199
1818160 198
1818170 198
1818180 198
1818190 198
1818200 198
1818210 198
1818220 198
1818230 198
1818240 198
1818250 198
1818260 198
1818270 197
1818280 197
1818290 197
1818300 197
1818310 197
1818320 197
1818330 197
1818340 197
1818350 197
1818360 197
1818370 197
1818380 196
1818390 196
1818400 196
1818410 196
1818420 196
1818430 196
1818440 196
1818450 195
1818460 195
1818470 195
1818480 195
1818490 195
1818500 195
1818510 195
1818520 195
1818530 195
1818540 195
1818550 195
1818560 195
1818570 195
1818580 195
1818590 194
1818600 194
1818610 193
1818620 193
1818630 193
1818640 192
1818650 192
1818660 192
1818670 192
1818680 192
1818690 192
1818700 192
1818710 192
1818720 193
1818730 193
1818740 192
1818750 192
1818760 192
1818770 192
1818780 192
1818790 192
1818800 192
1818810 192
1818820 192
1818830 191
1818840 191
1818850 191
1818860 191
1818870 191
1818880 191
1818890 192
1818900 192
1818910 192
1818920 192
1818930 192
1818940 192
1818950 192
1818960 192
1818970 191
1818980 191
1818990 191
1819000 191
1819010 191
1819020 191
1819030 191
1819040 191
1819050 192
1819060 192
1819070 192
1819080 192
1819090 192
1819100 192
1819110 192
1819120 192
1819130 192
1819140 191
1819150 191
1819160 191
1819170 192
1819180 192
1819190 192
1819200 191
1819210 190
1819220 191
1819230 191
1819240 191
1819250 191
1819260 191
1819270 191
1819280 191
1819290 191
1819300 191
1819310 191
1819320 191
1819330 190
1819340 191
1819350 191
1819360 192
1819370 191
1819380 191
1819390 191
1819400 191
1819410 191
1819420 191
1819430 191
1819440 191
1819450 191
1819460 191
1819470 190
1819480 190
1819490 190
1819500 190
1819510 190
1819520 190
1819530 190
1819540 190
1819550 190
1819560 190
1819570 190
1819580 190
1819590 190
1819600 190
1819610 189
1819620 189
1819630 189
1819640 189
1819650 190
1819660 190
1819670 189
1819680 189
1819690 189
1819700 189
1819710 189
1819720 189
1819730 189
1819740 189
1819750 189
1819760 189
1819770 189
1819780 189
1819790 189
1819800 189
1819810 188
1819820 188
1819830 188
1819840 188
1819850 188
1819860 188
1819870 188
1819880 188
1819890 188
1819900 189
1819910 189
1819920 189
1819930 189
1819940 189
1819950 189
1819960 188
1819970 188
1819980 188
1819990 188
