1800000 358
1800010 357
1800020 356
1800030 355
1800040 354
1800050 353
1800060 352
1800070 352
1800080 351
1800090 351
1800100 351
1800110 351
1800120 350
1800130 350
1800140 349
1800150 348
1800160 348
1800170 347
1800180 346
1800190 346
1800200 345
1800210 345
1800220 344
1800230 344
1800240 343
1800250 343
1800260 342
1800270 341
1800280 340
1800290 339
1800300 338
1800310 337
1800320 337
1800330 336
1800340 336
1800350 335
1800360 333
1800370 332
1800380 331
1800390 330
1800400 330
1800410 330
1800420 329
1800430 329
1800440 328
1800450 328
1800460 328
1800470 328
1800480 329
1800490 330
1800500 331
1800510 332
1800520 332
1800530 333
1800540 334
1800550 335
1800560 337
1800570 339
1800580 340
1800590 341
1800600 342
1800610 343
1800620 345
1800630 346
1800640 348
1800650 349
1800660 350
1800670 351
1800680 352
1800690 353
1800700 355
1800710 356
1800720 357
1800730 358
1800740 358
1800750 359
1800760 360
1800770 360
1800780 360
1800790 360
1800800 359
1800810 359
1800820 358
1800830 357
1800840 356
1800850 356
1800860 355
1800870 354
1800880 353
1800890 352
1800900 351
1800910 350
1800920 349
1800930 349
1800940 348
1800950 347
1800960 347
1800970 346
1800980 345
1800990 343
1801000 342
1801010 342
1801020 341
1801030 340
1801040 340
1801050 340
1801060 339
1801070 339
1801080 339
1801090 339
1801100 339
1801110 339
1801120 339
1801130 339
1801140 339
1801150 339
1801160 339
1801170 339
1801180 339
1801190 339
1801200 339
1801210 339
1801220 339
1801230 339
1801240 339
1801250 339
1801260 339
1801270 339
1801280 339
1801290 340
1801300 340
1801310 340
1801320 340
1801330 340
1801340 340
1801350 340
1801360 340
1801370 340
1801380 340
1801390 340
1801400 340
1801410 340
1801420 340
1801430 340
1801440 340
1801450 340
1801460 340
1801470 340
1801480 341
1801490 341
1801500 342
1801510 342
1801520 342
1801530 342
1801540 341
1801550 341
1801560 341
1801570 342
1801580 342
1801590 343
1801600 343
1801610 344
1801620 345
1801630 346
1801640 347
1801650 347
1801660 347
1801670 347
1801680 347
1801690 346
1801700 346
1801710 346
1801720 346
1801730 346
1801740 346
1801750 347
1801760 348
1801770 348
1801780 349
1801790 349
1801800 349
1801810 349
1801820 349
1801830 349
1801840 350
1801850 351
1801860 353
1801870 354
1801880 355
1801890 356
1801900 357
1801910 357
1801920 358
1801930 358
1801940 359
1801950 359
1801960 359
1801970 359
1801980 359
1801990 359
1802000 359
1802010 360
1802020 362
1802030 363
1802040 365
1802050 366
1802060 366
1802070 366
1802080 366
1802090 366
1802100 366
1802110 366
1802120 367
1802130 367
1802140 367
1802150 367
1802160 368
1802170 369
1802180 369
1802190 370
1802200 371
1802210 372
1802220 373
1802230 374
1802240 374
1802250 375
1802260 376
1802270 378
1802280 380
1802290 382
1802300 385
1802310 387
1802320 389
1802330 391
1802340 393
1802350 395
1802360 396
1802370 397
1802380 398
1802390 399
1802400 400
1802410 401
1802420 402
1802430 403
1802440 404
1802450 404
1802460 404
1802470 405
1802480 404
1802490 403
1802500 403
1802510 402
1802520 401
1802530 401
1802540 401
1802550 400
1802560 401
1802570 401
1802580 402
1802590 403
1802600 403
1802610 404
1802620 405
1802630 406
1802640 406
1802650 407
1802660 408
1802670 409
1802680 409
1802690 410
1802700 411
1802710 411
1802720 412
1802730 413
1802740 414
1802750 415
1802760 415
1802770 416
1802780 416
1802790 417
1802800 417
1802810 417
1802820 416
1802830 416
1802840 416
1802850 416
1802860 416
1802870 415
1802880 415
1802890 415
1802900 415
1802910 414
1802920 414
1802930 413
1802940 413
1802950 412
1802960 412
1802970 412
1802980 412
1802990 411
1803000 411
1803010 411
1803020 411
1803030 411
1803040 411
1803050 411
1803060 411
1803070 411
1803080 411
1803090 411
1803100 410
1803110 409
1803120 409
1803130 408
1803140 407
1803150 407
1803160 406
1803170 406
1803180 405
1803190 404
1803200 404
1803210 403
1803220 402
1803230 402
1803240 401
1803250 400
1803260 398
1803270 396
1803280 393
1803290 392
1803300 392
1803310 392
1803320 393
1803330 392
1803340 392
1803350 391
1803360 391
1803370 390
1803380 389
1803390 387
1803400 385
1803410 383
1803420 382
1803430 381
1803440 381
1803450 382
1803460 382
1803470 382
1803480 381
1803490 380
1803500 380
1803510 380
1803520 382
1803530 383
1803540 385
1803550 386
1803560 386
1803570 387
1803580 387
1803590 387
1803600 387
1803610 387
1803620 387
1803630 387
1803640 386
1803650 386
1803660 386
1803670 387
1803680 387
1803690 389
1803700 391
1803710 393
1803720 395
1803730 397
1803740 398
1803750 399
1803760 400
1803770 400
1803780 401
1803790 401
1803800 401
1803810 401
1803820 401
1803830 401
1803840 402
1803850 403
1803860 404
1803870 404
1803880 405
1803890 405
1803900 406
1803910 406
1803920 407
1803930 407
1803940 407
1803950 407
1803960 407
1803970 406
1803980 406
1803990 406
1804000 406
1804010 406
1804020 405
1804030 406
1804040 406
1804050 406
1804060 406
1804070 406
1804080 406
1804090 407
1804100 408
1804110 408
1804120 409
1804130 409
1804140 409
1804150 408
1804160 408
1804170 408
1804180 407
1804190 407
1804200 407
1804210 406
1804220 406
1804230 406
1804240 406
1804250 406
1804260 405
1804270 405
1804280 404
1804290 403
1804300 402
1804310 401
1804320 400
1804330 400
1804340 399
1804350 398
1804360 397
1804370 397
1804380 396
1804390 395
1804400 394
1804410 393
1804420 392
1804430 392
1804440 391
1804450 390
1804460 390
1804470 389
1804480 388
1804490 388
1804500 387
1804510 387
1804520 386
1804530 386
1804540 386
1804550 385
1804560 385
1804570 384
1804580 384
1804590 383
1804600 383
1804610 382
1804620 381
1804630 381
1804640 380
1804650 379
1804660 379
1804670 378
1804680 378
1804690 378
1804700 377
1804710 377
1804720 376
1804730 376
1804740 376
1804750 375
1804760 375
1804770 374
1804780 374
1804790 373
1804800 373
1804810 372
1804820 372
1804830 371
1804840 371
1804850 370
1804860 370
1804870 370
1804880 370
1804890 369
1804900 369
1804910 368
1804920 368
1804930 368
1804940 367
1804950 368
1804960 368
1804970 367
1804980 368
1804990 369
1805000 369
1805010 368
1805020 368
1805030 368
1805040 369
1805050 370
1805060 371
1805070 370
1805080 369
1805090 368
1805100 367
1805110 366
1805120 364
1805130 362
1805140 361
1805150 359
1805160 355
1805170 351
1805180 347
1805190 343
1805200 339
1805210 335
1805220 332
1805230 330
1805240 329
1805250 330
1805260 331
1805270 332
1805280 333
1805290 333
1805300 333
1805310 333
1805320 333
1805330 334
1805340 334
1805350 335
1805360 336
1805370 337
1805380 338
1805390 339
1805400 338
1805410 337
1805420 335
1805430 333
1805440 330
1805450 327
1805460 326
1805470 324
1805480 324
1805490 323
1805500 322
1805510 321
1805520 320
1805530 319
1805540 317
1805550 316
1805560 315
1805570 314
1805580 314
1805590 313
1805600 312
1805610 311
1805620 310
1805630 309
1805640 307
1805650 306
1805660 305
1805670 304
1805680 303
1805690 302
1805700 302
1805710 301
1805720 301
1805730 301
1805740 301
1805750 302
1805760 301
1805770 301
1805780 301
1805790 301
1805800 301
1805810 301
1805820 301
1805830 301
1805840 301
1805850 301
1805860 301
1805870 301
1805880 300
1805890 300
1805900 300
1805910 299
1805920 299
1805930 298
1805940 298
1805950 298
1805960 298
1805970 298
1805980 298
1805990 298
1806000 298
1806010 298
1806020 298
1806030 298
1806040 298
1806050 298
1806060 297
1806070 297
1806080 297
1806090 297
1806100 297
1806110 297
1806120 297
1806130 296
1806140 296
1806150 297
1806160 297
1806170 297
1806180 298
1806190 300
1806200 301
1806210 303
1806220 305
1806230 308
1806240 310
1806250 312
1806260 313
1806270 315
1806280 317
1806290 318
1806300 320
1806310 322
1806320 323
1806330 326
1806340 328
1806350 330
1806360 332
1806370 333
1806380 335
1806390 337
1806400 338
1806410 340
1806420 341
1806430 343
1806440 343
1806450 343
1806460 343
1806470 341
1806480 338
1806490 336
1806500 333
1806510 332
1806520 331
1806530 331
1806540 333
1806550 335
1806560 337
1806570 341
1806580 344
1806590 348
1806600 352
1806610 355
1806620 359
1806630 363
1806640 366
1806650 369
1806660 371
1806670 370
1806680 369
1806690 367
1806700 366
1806710 364
1806720 363
1806730 361
1806740 359
1806750 358
1806760 357
1806770 357
1806780 357
1806790 357
1806800 358
1806810 360
1806820 361
1806830 363
1806840 365
1806850 368
1806860 370
1806870 373
1806880 376
1806890 379
1806900 382
1806910 385
1806920 387
1806930 389
1806940 392
1806950 395
1806960 397
1806970 400
1806980 403
1806990 406
1807000 409
1807010 413
1807020 416
1807030 419
1807040 422
1807050 426
1807060 429
1807070 432
1807080 435
1807090 436
1807100 436
1807110 435
1807120 433
1807130 431
1807140 429
1807150 429
1807160 429
1807170 430
1807180 432
1807190 434
1807200 437
1807210 439
1807220 441
1807230 444
1807240 446
1807250 448
1807260 451
1807270 453
1807280 456
1807290 458
1807300 461
1807310 463
1807320 466
1807330 468
1807340 470
1807350 472
1807360 474
1807370 476
1807380 477
1807390 477
1807400 477
1807410 478
1807420 477
1807430 477
1807440 477
1807450 476
1807460 475
1807470 475
1807480 474
1807490 473
1807500 472
1807510 471
1807520 470
1807530 470
1807540 469
1807550 469
1807560 468
1807570 468
1807580 467
1807590 467
1807600 466
1807610 465
1807620 463
1807630 462
1807640 461
1807650 459
1807660 458
1807670 457
1807680 456
1807690 456
1807700 456
1807710 455
1807720 455
1807730 454
1807740 453
1807750 452
1807760 452
1807770 452
1807780 452
1807790 453
1807800 454
1807810 456
1807820 457
1807830 459
1807840 460
1807850 461
1807860 462
1807870 461
1807880 460
1807890 460
1807900 459
1807910 458
1807920 457
1807930 456
1807940 455
1807950 453
1807960 452
1807970 451
1807980 449
1807990 447
1808000 446
1808010 444
1808020 443
1808030 441
1808040 439
1808050 438
1808060 436
1808070 435
1808080 433
1808090 432
1808100 431
1808110 429
1808120 427
1808130 424
1808140 422
1808150 419
1808160 417
1808170 415
1808180 413
1808190 411
1808200 410
1808210 409
1808220 408
1808230 406
1808240 405
1808250 404
1808260 403
1808270 402
1808280 401
1808290 399
1808300 397
1808310 396
1808320 394
1808330 393
1808340 391
1808350 389
1808360 388
1808370 386
1808380 384
1808390 382
1808400 380
1808410 379
1808420 377
1808430 375
1808440 373
1808450 372
1808460 371
1808470 371
1808480 370
1808490 368
1808500 366
1808510 364
1808520 362
1808530 360
1808540 359
1808550 357
1808560 356
1808570 355
1808580 353
1808590 352
1808600 351
1808610 350
1808620 349
1808630 347
1808640 345
1808650 343
1808660 341
1808670 340
1808680 339
1808690 338
1808700 337
1808710 336
1808720 336
1808730 335
1808740 334
1808750 333
1808760 332
1808770 331
1808780 330
1808790 330
1808800 329
1808810 328
1808820 327
1808830 326
1808840 325
1808850 324
1808860 323
1808870 323
1808880 322
1808890 321
1808900 320
1808910 319
1808920 318
1808930 318
1808940 317
1808950 316
1808960 316
1808970 315
1808980 315
1808990 314
1809000 314
1809010 313
1809020 313
1809030 312
1809040 312
1809050 312
1809060 312
1809070 311
1809080 311
1809090 311
1809100 311
1809110 311
1809120 312
1809130 312
1809140 312
1809150 313
1809160 314
1809170 314
1809180 314
1809190 314
1809200 313
1809210 313
1809220 312
1809230 311
1809240 310
1809250 310
1809260 309
1809270 308
1809280 308
1809290 307
1809300 306
1809310 306
1809320 305
1809330 304
1809340 303
1809350 302
1809360 301
1809370 301
1809380 300
1809390 299
1809400 298
1809410 296
1809420 295
1809430 294
1809440 292
1809450 290
1809460 290
1809470 288
1809480 286
1809490 284
1809500 284
1809510 283
1809520 282
1809530 280
1809540 278
1809550 277
1809560 275
1809570 273
1809580 270
1809590 269
1809600 268
1809610 268
1809620 268
1809630 268
1809640 268
1809650 268
1809660 268
1809670 268
1809680 267
1809690 266
1809700 266
1809710 266
1809720 265
1809730 265
1809740 265
1809750 264
1809760 264
1809770 264
1809780 263
1809790 263
1809800 263
1809810 263
1809820 262
1809830 262
1809840 262
1809850 261
1809860 261
1809870 261
1809880 260
1809890 260
1809900 259
1809910 259
1809920 259
1809930 258
1809940 258
1809950 258
1809960 258
1809970 257
1809980 257
1809990 257
1810000 257
1810010 257
1810020 256
1810030 256
1810040 256
1810050 256
1810060 255
1810070 255
1810080 255
1810090 255
1810100 254
1810110 254
1810120 254
1810130 254
1810140 254
1810150 254
1810160 253
1810170 253
1810180 253
1810190 253
1810200 253
1810210 253
1810220 253
1810230 253
1810240 253
1810250 253
1810260 253
1810270 252
1810280 252
1810290 251
1810300 251
1810310 251
1810320 251
1810330 251
1810340 251
1810350 251
1810360 251
1810370 251
1810380 251
1810390 250
1810400 250
1810410 250
1810420 250
1810430 250
1810440 250
1810450 250
1810460 249
1810470 249
1810480 249
1810490 249
1810500 249
1810510 249
1810520 248
1810530 248
1810540 248
1810550 249
1810560 248
1810570 248
1810580 249
1810590 249
1810600 249
1810610 249
1810620 248
1810630 248
1810640 248
1810650 249
1810660 249
1810670 249
1810680 249
1810690 248
1810700 247
1810710 247
1810720 247
1810730 248
1810740 248
1810750 247
1810760 247
1810770 247
1810780 247
1810790 246
1810800 246
1810810 246
1810820 246
1810830 246
1810840 246
1810850 246
1810860 246
1810870 246
1810880 246
1810890 246
1810900 246
1810910 246
1810920 246
1810930 246
1810940 246
1810950 246
1810960 246
1810970 245
1810980 245
1810990 245
1811000 245
1811010 245
1811020 245
1811030 245
1811040 245
1811050 245
1811060 245
1811070 245
1811080 245
1811090 244
1811100 244
1811110 244
1811120 244
1811130 244
1811140 244
1811150 244
1811160 243
1811170 243
1811180 243
1811190 243
1811200 243
1811210 243
1811220 243
1811230 243
1811240 243
1811250 243
1811260 243
1811270 243
1811280 242
1811290 242
1811300 242
1811310 242
1811320 242
1811330 242
1811340 242
1811350 242
1811360 241
1811370 241
1811380 241
1811390 241
1811400 241
1811410 240
1811420 240
1811430 240
1811440 240
1811450 240
1811460 240
1811470 239
1811480 239
1811490 239
1811500 239
1811510 239
1811520 239
1811530 239
1811540 239
1811550 239
1811560 238
1811570 238
1811580 238
1811590 238
1811600 238
1811610 238
1811620 238
1811630 237
1811640 237
1811650 237
1811660 237
1811670 237
1811680 237
1811690 237
1811700 237
1811710 237
1811720 237
1811730 236
1811740 236
1811750 236
1811760 236
1811770 236
1811780 236
1811790 236
1811800 236
1811810 236
1811820 236
1811830 236
1811840 236
1811850 235
1811860 235
1811870 235
1811880 235
1811890 235
1811900 235
1811910 235
1811920 234
1811930 234
1811940 234
1811950 234
1811960 234
1811970 234
1811980 233
1811990 233
1812000 233
1812010 233
1812020 233
1812030 233
1812040 233
1812050 233
1812060 233
1812070 233
1812080 233
1812090 233
1812100 232
1812110 232
1812120 232
1812130 232
1812140 232
1812150 232
1812160 232
1812170 232
1812180 232
1812190 232
1812200 232
1812210 232
1812220 231
1812230 231
1812240 231
1812250 231
1812260 231
1812270 231
1812280 231
1812290 230
1812300 230
1812310 230
1812320 230
1812330 230
1812340 230
1812350 230
1812360 230
1812370 230
1812380 230
1812390 230
1812400 230
1812410 230
1812420 230
1812430 230
1812440 230
1812450 230
1812460 230
1812470 230
1812480 229
1812490 228
1812500 228
1812510 228
1812520 228
1812530 227
1812540 227
1812550 227
1812560 227
1812570 227
1812580 227
1812590 227
1812600 227
1812610 227
1812620 227
1812630 226
1812640 226
1812650 226
1812660 226
1812670 226
1812680 226
1812690 226
1812700 226
1812710 226
1812720 226
1812730 226
1812740 226
1812750 226
1812760 226
1812770 225
1812780 225
1812790 225
1812800 225
1812810 225
1812820 225
1812830 225
1812840 226
1812850 225
1812860 224
1812870 224
1812880 224
1812890 225
1812900 225
1812910 224
1812920 224
1812930 224
1812940 224
1812950 224
1812960 224
1812970 224
1812980 223
1812990 223
1813000 223
1813010 223
1813020 223
1813030 223
1813040 223
1813050 223
1813060 223
1813070 223
1813080 223
1813090 222
1813100 222
1813110 223
1813120 223
1813130 223
1813140 223
1813150 223
1813160 222
1813170 222
1813180 222
1813190 222
1813200 222
1813210 222
1813220 222
1813230 222
1813240 222
1813250 222
1813260 222
1813270 222
1813280 222
1813290 222
1813300 221
1813310 221
1813320 221
1813330 221
1813340 221
1813350 221
1813360 221
1813370 221
1813380 221
1813390 221
1813400 220
1813410 220
1813420 220
1813430 220
1813440 220
1813450 220
1813460 220
1813470 220
1813480 220
1813490 220
1813500 220
1813510 220
1813520 220
1813530 220
1813540 220
1813550 220
1813560 219
1813570 219
1813580 219
1813590 219
1813600 219
1813610 219
1813620 219
1813630 219
1813640 219
1813650 219
1813660 219
1813670 219
1813680 219
1813690 219
1813700 219
1813710 219
1813720 218
1813730 218
1813740 218
1813750 218
1813760 218
1813770 218
1813780 218
1813790 218
1813800 218
1813810 218
1813820 218
1813830 218
1813840 218
1813850 218
1813860 218
1813870 218
1813880 218
1813890 218
1813900 218
1813910 218
1813920 219
1813930 219
1813940 220
1813950 220
1813960 219
1813970 219
1813980 219
1813990 219
1814000 219
1814010 220
1814020 220
1814030 220
1814040 220
1814050 220
1814060 220
1814070 220
1814080 219
1814090 219
1814100 219
1814110 219
1814120 219
1814130 219
1814140 219
1814150 219
1814160 220
1814170 220
1814180 220
1814190 220
1814200 220
1814210 220
1814220 220
1814230 220
1814240 220
1814250 220
1814260 220
1814270 221
1814280 221
1814290 221
1814300 221
1814310 221
1814320 221
1814330 221
1814340 222
1814350 222
1814360 222
1814370 222
1814380 222
1814390 222
1814400 222
1814410 222
1814420 223
1814430 223
1814440 221
1814450 220
1814460 218
1814470 218
1814480 218
1814490 218
1814500 218
1814510 218
1814520 218
1814530 218
1814540 218
1814550 218
1814560 218
1814570 218
1814580 218
1814590 218
1814600 218
1814610 218
1814620 218
1814630 218
1814640 219
1814650 219
1814660 219
1814670 219
1814680 219
1814690 219
1814700 219
1814710 219
1814720 219
1814730 219
1814740 219
1814750 218
1814760 219
1814770 220
1814780 221
1814790 223
1814800 223
1814810 223
1814820 223
1814830 223
1814840 223
1814850 223
1814860 223
1814870 223
1814880 223
1814890 223
1814900 223
1814910 223
1814920 223
1814930 223
1814940 223
1814950 222
1814960 223
1814970 223
1814980 223
1814990 224
1815000 224
1815010 224
1815020 223
1815030 223
1815040 221
1815050 219
1815060 215
1815070 213
1815080 212
1815090 211
1815100 211
1815110 211
1815120 211
1815130 211
1815140 211
1815150 211
1815160 211
1815170 210
1815180 210
1815190 210
1815200 210
1815210 210
1815220 210
1815230 210
1815240 211
1815250 211
1815260 211
1815270 210
1815280 210
1815290 210
1815300 211
1815310 211
1815320 211
1815330 212
1815340 214
1815350 215
1815360 215
1815370 215
1815380 215
1815390 215
1815400 215
1815410 215
1815420 215
1815430 215
1815440 215
1815450 214
1815460 214
1815470 214
1815480 214
1815490 214
1815500 214
1815510 213
1815520 213
1815530 213
1815540 213
1815550 213
1815560 213
1815570 213
1815580 212
1815590 212
1815600 212
1815610 212
1815620 212
1815630 212
1815640 212
1815650 212
1815660 212
1815670 212
1815680 211
1815690 211
1815700 211
1815710 210
1815720 210
1815730 209
1815740 209
1815750 209
1815760 209
1815770 209
1815780 209
1815790 209
1815800 209
1815810 209
1815820 209
1815830 208
1815840 208
1815850 208
1815860 208
1815870 208
1815880 208
1815890 208
1815900 208
1815910 208
1815920 208
1815930 207
1815940 207
1815950 207
1815960 207
1815970 208
1815980 209
1815990 210
1816000 211
1816010 210
1816020 209
1816030 207
1816040 207
1816050 207
1816060 207
1816070 207
1816080 207
1816090 207
1816100 207
1816110 207
1816120 207
1816130 207
1816140 207
1816150 207
1816160 207
1816170 207
1816180 207
1816190 207
1816200 207
1816210 207
1816220 207
1816230 207
1816240 207
1816250 207
1816260 207
1816270 207
1816280 207
1816290 206
1816300 206
1816310 206
1816320 206
1816330 206
1816340 206
1816350 206
1816360 206
1816370 206
1816380 206
1816390 206
1816400 206
1816410 206
1816420 206
1816430 206
1816440 206
1816450 206
1816460 205
1816470 205
1816480 205
1816490 205
1816500 205
1816510 205
1816520 205
1816530 205
1816540 205
1816550 205
1816560 205
1816570 205
1816580 205
1816590 205
1816600 204
1816610 204
1816620 203
1816630 203
1816640 203
1816650 203
1816660 203
1816670 202
1816680 202
1816690 202
1816700 203
1816710 203
1816720 203
1816730 203
1816740 203
1816750 203
1816760 203
1816770 203
1816780 203
1816790 202
1816800 202
1816810 202
1816820 202
1816830 202
1816840 202
1816850 202
1816860 202
1816870 202
1816880 202
1816890 202
1816900 202
1816910 202
1816920 202
1816930 202
1816940 202
1816950 202
1816960 202
1816970 202
1816980 202
1816990 202
1817000 201
1817010 201
1817020 201
1817030 201
1817040 201
1817050 201
1817060 201
1817070 201
1817080 201
1817090 201
1817100 201
1817110 201
1817120 201
1817130 201
1817140 201
1817150 201
1817160 201
1817170 201
1817180 201
1817190 201
1817200 201
1817210 200
1817220 200
1817230 200
1817240 200
1817250 200
1817260 200
1817270 200
1817280 200
1817290 200
1817300 200
1817310 200
1817320 200
1817330 200
1817340 200
1817350 200
1817360 200
1817370 200
1817380 200
1817390 200
1817400 201
1817410 202
1817420 205
1817430 206
1817440 206
1817450 206
1817460 206
1817470 206
1817480 206
1817490 206
1817500 206
1817510 206
1817520 205
1817530 205
1817540 202
1817550 200
1817560 199
1817570 199
1817580 199
1817590 199
1817600 199
1817610 199
1817620 199
1817630 199
1817640 199
1817650 199
1817660 199
1817670 199
1817680 199
1817690 199
1817700 199
1817710 199
1817720 199
1817730 199
1817740 199
1817750 199
1817760 199
1817770 198
1817780 198
1817790 198
1817800 198
1817810 198
1817820 198
1817830 198
1817840 198
1817850 198
1817860 198
1817870 200
1817880 201
1817890 201
1817900 201
1817910 200
1817920 200
1817930 198
1817940 196
1817950 196
1817960 196
1817970 197
1817980 197
1817990 197
1818000 197
1818010 197
1818020 197
1818030 197
1818040 197
1818050 196
1818060 196
1818070 196
1818080 196
1818090 196
1818100 196
1818110 196
1818120 196
1818130 196
1818140 196
1818150 196
1818160 196
1818170 196
1818180 195
1818190 195
1818200 195
1818210 195
1818220 195
1818230 195
1818240 195
1818250 195
1818260 195
1818270 195
1818280 195
1818290 195
1818300 195
1818310 195
1818320 195
1818330 195
1818340 195
1818350 195
1818360 195
1818370 195
1818380 195
1818390 195
1818400 194
1818410 194
1818420 194
1818430 194
1818440 194
1818450 194
1818460 194
1818470 194
1818480 194
1818490 194
1818500 194
1818510 194
1818520 194
1818530 194
1818540 194
1818550 194
1818560 194
1818570 194
1818580 194
1818590 194
1818600 194
1818610 194
1818620 194
1818630 194
1818640 194
1818650 194
1818660 194
1818670 194
1818680 194
1818690 194
1818700 194
1818710 194
1818720 194
1818730 193
1818740 193
1818750 193
1818760 193
1818770 193
1818780 193
1818790 193
1818800 193
1818810 193
1818820 193
1818830 193
1818840 193
1818850 193
1818860 193
1818870 193
1818880 193
1818890 193
1818900 193
1818910 193
1818920 193
1818930 193
1818940 192
1818950 192
1818960 192
1818970 192
1818980 192
1818990 192
1819000 192
1819010 192
1819020 192
1819030 192
1819040 192
1819050 192
1819060 192
1819070 192
1819080 192
1819090 192
1819100 192
1819110 192
1819120 192
1819130 193
1819140 193
1819150 193
1819160 193
1819170 193
1819180 193
1819190 193
1819200 192
1819210 192
1819220 192
1819230 192
1819240 192
1819250 192
1819260 192
1819270 192
1819280 192
1819290 192
1819300 192
1819310 192
1819320 192
1819330 192
1819340 192
1819350 192
1819360 192
1819370 192
1819380 192
1819390 192
1819400 192
1819410 192
1819420 192
1819430 192
1819440 192
1819450 192
1819460 192
1819470 192
1819480 193
1819490 193
1819500 193
1819510 193
1819520 193
1819530 193
1819540 193
1819550 193
1819560 193
1819570 193
1819580 193
1819590 193
1819600 193
1819610 193
1819620 193
1819630 193
1819640 193
1819650 193
1819660 193
1819670 193
1819680 193
1819690 193
1819700 193
1819710 193
1819720 193
1819730 193
1819740 193
1819750 193
1819760 193
1819770 193
1819780 193
1819790 193
1819800 193
1819810 193
1819820 193
1819830 193
1819840 193
1819850 193
1819860 193
1819870 193
1819880 193
1819890 193
1819900 193
1819910 193
1819920 193
1819930 194
1819940 194
1819950 194
1819960 194
1819970 194
1819980 194
1819990 194
