1800000 452
1800010 453
1800020 453
1800030 454
1800040 454
1800050 455
1800060 455
1800070 455
1800080 455
1800090 456
1800100 455
1800110 455
1800120 455
1800130 454
1800140 453
1800150 452
1800160 451
1800170 451
1800180 450
1800190 448
1800200 447
1800210 446
1800220 445
1800230 443
1800240 442
1800250 441
1800260 439
1800270 438
1800280 437
1800290 436
1800300 435
1800310 434
1800320 434
1800330 433
1800340 432
1800350 431
1800360 430
1800370 429
1800380 428
1800390 427
1800400 425
1800410 423
1800420 420
1800430 417
1800440 413
1800450 410
1800460 407
1800470 403
1800480 400
1800490 397
1800500 395
1800510 392
1800520 391
1800530 390
1800540 390
1800550 391
1800560 392
1800570 393
1800580 393
1800590 392
1800600 392
1800610 391
1800620 391
1800630 392
1800640 393
1800650 395
1800660 397
1800670 399
1800680 401
1800690 403
1800700 405
1800710 407
1800720 409
1800730 411
1800740 413
1800750 414
1800760 415
1800770 416
1800780 417
1800790 418
1800800 419
1800810 420
1800820 420
1800830 421
1800840 421
1800850 422
1800860 422
1800870 422
1800880 422
1800890 422
1800900 422
1800910 421
1800920 421
1800930 420
1800940 420
1800950 419
1800960 418
1800970 418
1800980 417
1800990 416
1801000 415
1801010 414
1801020 413
1801030 412
1801040 411
1801050 410
1801060 409
1801070 408
1801080 407
1801090 406
1801100 404
1801110 403
1801120 402
1801130 400
1801140 399
1801150 398
1801160 397
1801170 396
1801180 395
1801190 394
1801200 393
1801210 392
1801220 392
1801230 391
1801240 390
1801250 389
1801260 388
1801270 387
1801280 386
1801290 385
1801300 384
1801310 383
1801320 382
1801330 382
1801340 381
1801350 380
1801360 379
1801370 378
1801380 377
1801390 376
1801400 375
1801410 375
1801420 374
1801430 374
1801440 373
1801450 373
1801460 373
1801470 373
1801480 372
1801490 372
1801500 372
1801510 371
1801520 370
1801530 369
1801540 368
1801550 367
1801560 366
1801570 365
1801580 364
1801590 363
1801600 363
1801610 362
1801620 361
1801630 360
1801640 360
1801650 359
1801660 358
1801670 357
1801680 357
1801690 356
1801700 355
1801710 354
1801720 354
1801730 353
1801740 352
1801750 352
1801760 351
1801770 351
1801780 351
1801790 351
1801800 350
1801810 350
1801820 349
1801830 349
1801840 348
1801850 347
1801860 347
1801870 346
1801880 345
1801890 345
1801900 344
1801910 343
1801920 342
1801930 341
1801940 341
1801950 340
1801960 340
1801970 339
1801980 339
1801990 338
1802000 338
1802010 337
1802020 337
1802030 337
1802040 337
1802050 337
1802060 337
1802070 338
1802080 338
1802090 338
1802100 339
1802110 339
1802120 339
1802130 339
1802140 340
1802150 340
1802160 340
1802170 340
1802180 340
1802190 340
1802200 340
1802210 341
1802220 341
1802230 341
1802240 341
1802250 341
1802260 341
1802270 341
1802280 341
1802290 341
1802300 340
1802310 340
1802320 340
1802330 340
1802340 339
1802350 339
1802360 339
1802370 338
1802380 337
1802390 337
1802400 336
1802410 336
1802420 335
1802430 335
1802440 334
1802450 334
1802460 334
1802470 333
1802480 333
1802490 332
1802500 332
1802510 330
1802520 330
1802530 330
1802540 330
1802550 329
1802560 329
1802570 328
1802580 327
1802590 327
1802600 326
1802610 325
1802620 325
1802630 324
1802640 323
1802650 323
1802660 322
1802670 321
1802680 320
1802690 320
1802700 319
1802710 318
1802720 317
1802730 316
1802740 315
1802750 314
1802760 314
1802770 313
1802780 312
1802790 311
1802800 310
1802810 309
1802820 308
1802830 307
1802840 306
1802850 305
1802860 303
1802870 302
1802880 301
1802890 300
1802900 298
1802910 297
1802920 296
1802930 295
1802940 294
1802950 293
1802960 291
1802970 289
1802980 288
1802990 287
1803000 286
1803010 285
1803020 284
1803030 284
1803040 284
1803050 284
1803060 284
1803070 284
1803080 284
1803090 283
1803100 283
1803110 282
1803120 282
1803130 282
1803140 282
1803150 282
1803160 282
1803170 282
1803180 282
1803190 282
1803200 282
1803210 282
1803220 282
1803230 282
1803240 282
1803250 282
1803260 282
1803270 282
1803280 282
1803290 282
1803300 282
1803310 282
1803320 282
1803330 282
1803340 282
1803350 281
1803360 280
1803370 279
1803380 280
1803390 281
1803400 281
1803410 281
1803420 281
1803430 280
1803440 280
1803450 280
1803460 280
1803470 280
1803480 280
1803490 280
1803500 281
1803510 281
1803520 282
1803530 282
1803540 282
1803550 282
1803560 282
1803570 282
1803580 283
1803590 283
1803600 283
1803610 283
1803620 283
1803630 283
1803640 284
1803650 284
1803660 284
1803670 284
1803680 284
1803690 285
1803700 285
1803710 285
1803720 286
1803730 286
1803740 287
1803750 287
1803760 287
1803770 287
1803780 288
1803790 288
1803800 288
1803810 288
1803820 287
1803830 287
1803840 288
1803850 288
1803860 289
1803870 290
1803880 290
1803890 291
1803900 292
1803910 293
1803920 294
1803930 296
1803940 298
1803950 299
1803960 302
1803970 304
1803980 306
1803990 308
1804000 310
1804010 312
1804020 314
1804030 315
1804040 318
1804050 320
1804060 321
1804070 323
1804080 324
1804090 325
1804100 326
1804110 328
1804120 329
1804130 330
1804140 332
1804150 333
1804160 335
1804170 336
1804180 336
1804190 336
1804200 337
1804210 337
1804220 338
1804230 338
1804240 339
1804250 339
1804260 339
1804270 339
1804280 339
1804290 339
1804300 339
1804310 339
1804320 339
1804330 340
1804340 341
1804350 341
1804360 342
1804370 343
1804380 344
1804390 345
1804400 346
1804410 347
1804420 348
1804430 350
1804440 350
1804450 351
1804460 350
1804470 349
1804480 348
1804490 347
1804500 346
1804510 345
1804520 343
1804530 342
1804540 341
1804550 340
1804560 339
1804570 338
1804580 337
1804590 336
1804600 336
1804610 335
1804620 334
1804630 333
1804640 333
1804650 332
1804660 332
1804670 331
1804680 331
1804690 331
1804700 331
1804710 331
1804720 332
1804730 332
1804740 331
1804750 330
1804760 329
1804770 327
1804780 326
1804790 325
1804800 324
1804810 323
1804820 321
1804830 320
1804840 319
1804850 318
1804860 317
1804870 316
1804880 315
1804890 314
1804900 313
1804910 312
1804920 311
1804930 310
1804940 309
1804950 309
1804960 308
1804970 307
1804980 306
1804990 305
1805000 305
1805010 304
1805020 304
1805030 303
1805040 302
1805050 302
1805060 301
1805070 301
1805080 300
1805090 299
1805100 299
1805110 298
1805120 297
1805130 296
1805140 295
1805150 293
1805160 293
1805170 293
1805180 295
1805190 296
1805200 297
1805210 298
1805220 299
1805230 300
1805240 300
1805250 300
1805260 301
1805270 301
1805280 301
1805290 301
1805300 301
1805310 301
1805320 301
1805330 301
1805340 301
1805350 301
1805360 301
1805370 301
1805380 301
1805390 301
1805400 301
1805410 301
1805420 301
1805430 300
1805440 300
1805450 300
1805460 299
1805470 299
1805480 299
1805490 298
1805500 297
1805510 296
1805520 295
1805530 296
1805540 297
1805550 298
1805560 300
1805570 301
1805580 302
1805590 303
1805600 304
1805610 304
1805620 305
1805630 306
1805640 307
1805650 308
1805660 309
1805670 309
1805680 310
1805690 311
1805700 311
1805710 311
1805720 311
1805730 311
1805740 311
1805750 310
1805760 310
1805770 310
1805780 310
1805790 310
1805800 310
1805810 309
1805820 309
1805830 309
1805840 309
1805850 309
1805860 308
1805870 308
1805880 307
1805890 307
1805900 307
1805910 306
1805920 306
1805930 306
1805940 306
1805950 306
1805960 306
1805970 306
1805980 306
1805990 306
1806000 306
1806010 306
1806020 306
1806030 307
1806040 307
1806050 307
1806060 307
1806070 306
1806080 306
1806090 306
1806100 306
1806110 306
1806120 305
1806130 305
1806140 305
1806150 304
1806160 304
1806170 303
1806180 303
1806190 301
1806200 300
1806210 299
1806220 297
1806230 296
1806240 296
1806250 296
1806260 297
1806270 298
1806280 300
1806290 301
1806300 303
1806310 304
1806320 305
1806330 306
1806340 308
1806350 309
1806360 310
1806370 311
1806380 312
1806390 313
1806400 314
1806410 315
1806420 316
1806430 317
1806440 318
1806450 319
1806460 320
1806470 321
1806480 321
1806490 322
1806500 323
1806510 324
1806520 324
1806530 325
1806540 325
1806550 326
1806560 327
1806570 327
1806580 327
1806590 327
1806600 328
1806610 328
1806620 328
1806630 328
1806640 328
1806650 328
1806660 327
1806670 327
1806680 327
1806690 326
1806700 325
1806710 325
1806720 324
1806730 324
1806740 323
1806750 323
1806760 322
1806770 322
1806780 321
1806790 321
1806800 320
1806810 320
1806820 320
1806830 319
1806840 319
1806850 318
1806860 317
1806870 317
1806880 316
1806890 316
1806900 315
1806910 315
1806920 314
1806930 314
1806940 314
1806950 313
1806960 313
1806970 312
1806980 312
1806990 311
1807000 311
1807010 310
1807020 310
1807030 309
1807040 309
1807050 308
1807060 308
1807070 307
1807080 307
1807090 306
1807100 306
1807110 305
1807120 304
1807130 304
1807140 303
1807150 302
1807160 301
1807170 301
1807180 300
1807190 299
1807200 299
1807210 298
1807220 297
1807230 297
1807240 296
1807250 296
1807260 295
1807270 294
1807280 294
1807290 293
1807300 292
1807310 291
1807320 290
1807330 288
1807340 287
1807350 286
1807360 284
1807370 283
1807380 281
1807390 280
1807400 278
1807410 277
1807420 276
1807430 275
1807440 274
1807450 273
1807460 272
1807470 271
1807480 270
1807490 269
1807500 267
1807510 266
1807520 264
1807530 262
1807540 260
1807550 259
1807560 258
1807570 257
1807580 257
1807590 257
1807600 257
1807610 258
1807620 258
1807630 258
1807640 258
1807650 258
1807660 258
1807670 258
1807680 258
1807690 258
1807700 258
1807710 258
1807720 259
1807730 261
1807740 262
1807750 265
1807760 267
1807770 269
1807780 272
1807790 274
1807800 275
1807810 275
1807820 276
1807830 277
1807840 281
1807850 286
1807860 290
1807870 293
1807880 296
1807890 298
1807900 300
1807910 302
1807920 304
1807930 306
1807940 307
1807950 308
1807960 309
1807970 310
1807980 310
1807990 310
1808000 309
1808010 309
1808020 308
1808030 306
1808040 304
1808050 301
1808060 298
1808070 296
1808080 293
1808090 291
1808100 289
1808110 287
1808120 286
1808130 285
1808140 284
1808150 283
1808160 282
1808170 281
1808180 280
1808190 279
1808200 278
1808210 276
1808220 275
1808230 273
1808240 272
1808250 272
1808260 274
1808270 276
1808280 278
1808290 280
1808300 282
1808310 284
1808320 286
1808330 288
1808340 290
1808350 292
1808360 294
1808370 296
1808380 298
1808390 300
1808400 302
1808410 305
1808420 307
1808430 310
1808440 313
1808450 316
1808460 319
1808470 322
1808480 325
1808490 328
1808500 330
1808510 332
1808520 334
1808530 336
1808540 337
1808550 338
1808560 338
1808570 338
1808580 338
1808590 337
1808600 337
1808610 336
1808620 336
1808630 336
1808640 335
1808650 334
1808660 334
1808670 333
1808680 333
1808690 332
1808700 332
1808710 331
1808720 331
1808730 330
1808740 330
1808750 329
1808760 329
1808770 328
1808780 328
1808790 327
1808800 326
1808810 325
1808820 323
1808830 321
1808840 320
1808850 318
1808860 316
1808870 314
1808880 312
1808890 311
1808900 310
1808910 309
1808920 308
1808930 307
1808940 306
1808950 306
1808960 305
1808970 304
1808980 304
1808990 303
1809000 302
1809010 302
1809020 301
1809030 301
1809040 300
1809050 300
1809060 299
1809070 298
1809080 298
1809090 297
1809100 296
1809110 296
1809120 295
1809130 295
1809140 295
1809150 295
1809160 295
1809170 295
1809180 296
1809190 295
1809200 294
1809210 293
1809220 291
1809230 291
1809240 290
1809250 290
1809260 291
1809270 291
1809280 291
1809290 291
1809300 292
1809310 292
1809320 292
1809330 292
1809340 292
1809350 292
1809360 291
1809370 291
1809380 291
1809390 291
1809400 291
1809410 290
1809420 290
1809430 289
1809440 289
1809450 289
1809460 288
1809470 288
1809480 287
1809490 287
1809500 286
1809510 286
1809520 285
1809530 285
1809540 284
1809550 284
1809560 283
1809570 283
1809580 282
1809590 282
1809600 281
1809610 281
1809620 280
1809630 280
1809640 279
1809650 278
1809660 278
1809670 277
1809680 277
1809690 277
1809700 276
1809710 276
1809720 276
1809730 276
1809740 276
1809750 276
1809760 276
1809770 276
1809780 276
1809790 276
1809800 277
1809810 277
1809820 277
1809830 277
1809840 277
1809850 277
1809860 277
1809870 277
1809880 277
1809890 277
1809900 278
1809910 278
1809920 278
1809930 278
1809940 278
1809950 277
1809960 277
1809970 277
1809980 276
1809990 275
1810000 274
1810010 273
1810020 272
1810030 272
1810040 271
1810050 271
1810060 270
1810070 269
1810080 268
1810090 267
1810100 266
1810110 265
1810120 265
1810130 268
1810140 270
1810150 271
1810160 272
1810170 272
1810180 273
1810190 273
1810200 274
1810210 274
1810220 274
1810230 275
1810240 275
1810250 275
1810260 275
1810270 275
1810280 275
1810290 275
1810300 275
1810310 274
1810320 274
1810330 274
1810340 274
1810350 274
1810360 274
1810370 274
1810380 274
1810390 274
1810400 274
1810410 274
1810420 274
1810430 273
1810440 273
1810450 273
1810460 273
1810470 272
1810480 272
1810490 272
1810500 272
1810510 272
1810520 272
1810530 271
1810540 271
1810550 271
1810560 271
1810570 271
1810580 270
1810590 270
1810600 270
1810610 270
1810620 270
1810630 270
1810640 269
1810650 269
1810660 269
1810670 269
1810680 269
1810690 269
1810700 269
1810710 269
1810720 268
1810730 268
1810740 267
1810750 267
1810760 266
1810770 266
1810780 266
1810790 266
1810800 265
1810810 265
1810820 265
1810830 265
1810840 265
1810850 265
1810860 264
1810870 264
1810880 264
1810890 264
1810900 264
1810910 264
1810920 264
1810930 264
1810940 264
1810950 264
1810960 263
1810970 263
1810980 263
1810990 263
1811000 263
1811010 263
1811020 263
1811030 262
1811040 262
1811050 262
1811060 262
1811070 261
1811080 261
1811090 261
1811100 261
1811110 261
1811120 261
1811130 261
1811140 260
1811150 259
1811160 258
1811170 255
1811180 256
1811190 257
1811200 259
1811210 259
1811220 259
1811230 258
1811240 258
1811250 258
1811260 258
1811270 258
1811280 258
1811290 257
1811300 257
1811310 257
1811320 257
1811330 257
1811340 256
1811350 256
1811360 256
1811370 256
1811380 256
1811390 256
1811400 256
1811410 255
1811420 255
1811430 255
1811440 255
1811450 255
1811460 255
1811470 254
1811480 254
1811490 254
1811500 254
1811510 254
1811520 254
1811530 255
1811540 255
1811550 255
1811560 255
1811570 255
1811580 255
1811590 254
1811600 254
1811610 253
1811620 253
1811630 253
1811640 252
1811650 252
1811660 252
1811670 252
1811680 252
1811690 252
1811700 252
1811710 252
1811720 251
1811730 251
1811740 251
1811750 251
1811760 251
1811770 251
1811780 251
1811790 251
1811800 251
1811810 251
1811820 251
1811830 251
1811840 251
1811850 251
1811860 251
1811870 251
1811880 251
1811890 251
1811900 251
1811910 251
1811920 251
1811930 251
1811940 251
1811950 251
1811960 251
1811970 251
1811980 251
1811990 251
1812000 251
1812010 251
1812020 251
1812030 251
1812040 251
1812050 250
1812060 250
1812070 250
1812080 250
1812090 250
1812100 249
1812110 248
1812120 248
1812130 247
1812140 247
1812150 247
1812160 247
1812170 246
1812180 246
1812190 245
1812200 245
1812210 245
1812220 244
1812230 244
1812240 244
1812250 244
1812260 244
1812270 243
1812280 243
1812290 242
1812300 242
1812310 242
1812320 241
1812330 241
1812340 241
1812350 241
1812360 240
1812370 240
1812380 240
1812390 239
1812400 239
1812410 238
1812420 238
1812430 238
1812440 237
1812450 237
1812460 237
1812470 236
1812480 236
1812490 236
1812500 236
1812510 235
1812520 235
1812530 235
1812540 235
1812550 234
1812560 233
1812570 233
1812580 232
1812590 232
1812600 232
1812610 232
1812620 232
1812630 231
1812640 231
1812650 231
1812660 231
1812670 231
1812680 230
1812690 230
1812700 230
1812710 230
1812720 230
1812730 229
1812740 229
1812750 229
1812760 229
1812770 229
1812780 228
1812790 228
1812800 228
1812810 227
1812820 227
1812830 227
1812840 227
1812850 227
1812860 226
1812870 226
1812880 226
1812890 226
1812900 226
1812910 225
1812920 223
1812930 222
1812940 222
1812950 222
1812960 222
1812970 222
1812980 222
1812990 222
1813000 222
1813010 222
1813020 222
1813030 222
1813040 222
1813050 222
1813060 222
1813070 222
1813080 222
1813090 222
1813100 221
1813110 221
1813120 221
1813130 221
1813140 221
1813150 221
1813160 221
1813170 221
1813180 221
1813190 221
1813200 221
1813210 221
1813220 221
1813230 221
1813240 221
1813250 221
1813260 219
1813270 219
1813280 218
1813290 218
1813300 218
1813310 218
1813320 218
1813330 218
1813340 217
1813350 217
1813360 217
1813370 217
1813380 217
1813390 217
1813400 217
1813410 217
1813420 216
1813430 216
1813440 216
1813450 216
1813460 216
1813470 216
1813480 216
1813490 216
1813500 216
1813510 216
1813520 216
1813530 216
1813540 216
1813550 216
1813560 216
1813570 216
1813580 215
1813590 215
1813600 215
1813610 215
1813620 215
1813630 215
1813640 215
1813650 215
1813660 215
1813670 215
1813680 214
1813690 214
1813700 214
1813710 214
1813720 214
1813730 214
1813740 213
1813750 212
1813760 213
1813770 215
1813780 215
1813790 215
1813800 215
1813810 215
1813820 214
1813830 213
1813840 213
1813850 212
1813860 212
1813870 212
1813880 212
1813890 212
1813900 212
1813910 212
1813920 213
1813930 214
1813940 214
1813950 214
1813960 214
1813970 214
1813980 213
1813990 213
1814000 213
1814010 213
1814020 213
1814030 213
1814040 213
1814050 213
1814060 213
1814070 214
1814080 214
1814090 214
1814100 213
1814110 213
1814120 213
1814130 213
1814140 213
1814150 213
1814160 213
1814170 213
1814180 213
1814190 212
1814200 212
1814210 212
1814220 212
1814230 212
1814240 212
1814250 212
1814260 212
1814270 212
1814280 212
1814290 212
1814300 212
1814310 212
1814320 212
1814330 212
1814340 212
1814350 211
1814360 211
1814370 211
1814380 211
1814390 211
1814400 211
1814410 211
1814420 211
1814430 211
1814440 211
1814450 211
1814460 211
1814470 211
1814480 211
1814490 211
1814500 211
1814510 211
1814520 211
1814530 211
1814540 211
1814550 211
1814560 211
1814570 211
1814580 211
1814590 211
1814600 211
1814610 211
1814620 210
1814630 210
1814640 210
1814650 210
1814660 210
1814670 210
1814680 210
1814690 210
1814700 210
1814710 209
1814720 209
1814730 209
1814740 209
1814750 209
1814760 209
1814770 209
1814780 209
1814790 209
1814800 209
1814810 209
1814820 209
1814830 209
1814840 209
1814850 209
1814860 209
1814870 209
1814880 209
1814890 209
1814900 209
1814910 208
1814920 208
1814930 208
1814940 208
1814950 208
1814960 208
1814970 208
1814980 208
1814990 208
1815000 208
1815010 208
1815020 208
1815030 208
1815040 208
1815050 208
1815060 208
1815070 208
1815080 207
1815090 207
1815100 207
1815110 207
1815120 207
1815130 207
1815140 207
1815150 207
1815160 207
1815170 207
1815180 207
1815190 207
1815200 207
1815210 207
1815220 207
1815230 207
1815240 207
1815250 207
1815260 207
1815270 206
1815280 206
1815290 206
1815300 206
1815310 206
1815320 206
1815330 206
1815340 206
1815350 206
1815360 206
1815370 206
1815380 206
1815390 206
1815400 206
1815410 206
1815420 206
1815430 206
1815440 206
1815450 205
1815460 205
1815470 205
1815480 205
1815490 205
1815500 205
1815510 205
1815520 205
1815530 205
1815540 205
1815550 205
1815560 205
1815570 205
1815580 205
1815590 205
1815600 205
1815610 205
1815620 205
1815630 205
1815640 204
1815650 204
1815660 204
1815670 204
1815680 204
1815690 204
1815700 204
1815710 204
1815720 205
1815730 205
1815740 205
1815750 204
1815760 204
1815770 204
1815780 204
1815790 204
1815800 204
1815810 204
1815820 204
1815830 204
1815840 204
1815850 204
1815860 204
1815870 204
1815880 204
1815890 204
1815900 204
1815910 204
1815920 204
1815930 204
1815940 204
1815950 204
1815960 204
1815970 203
1815980 203
1815990 203
1816000 203
1816010 203
1816020 203
1816030 203
1816040 203
1816050 203
1816060 203
1816070 203
1816080 203
1816090 203
1816100 203
1816110 203
1816120 203
1816130 203
1816140 203
1816150 203
1816160 203
1816170 203
1816180 203
1816190 203
1816200 203
1816210 203
1816220 203
1816230 203
1816240 203
1816250 203
1816260 203
1816270 203
1816280 203
1816290 203
1816300 203
1816310 202
1816320 202
1816330 202
1816340 202
1816350 202
1816360 202
1816370 202
1816380 202
1816390 202
1816400 202
1816410 201
1816420 201
1816430 201
1816440 201
1816450 201
1816460 201
1816470 201
1816480 201
1816490 201
1816500 201
1816510 201
1816520 201
1816530 201
1816540 201
1816550 201
1816560 201
1816570 201
1816580 201
1816590 201
1816600 201
1816610 200
1816620 200
1816630 200
1816640 201
1816650 201
1816660 200
1816670 200
1816680 200
1816690 200
1816700 200
1816710 200
1816720 200
1816730 200
1816740 200
1816750 200
1816760 200
1816770 200
1816780 200
1816790 200
1816800 200
1816810 200
1816820 200
1816830 200
1816840 200
1816850 200
1816860 201
1816870 201
1816880 200
1816890 200
1816900 200
1816910 200
1816920 200
1816930 200
1816940 200
1816950 200
1816960 200
1816970 200
1816980 200
1816990 200
1817000 200
1817010 200
1817020 200
1817030 200
1817040 200
1817050 199
1817060 199
1817070 199
1817080 199
1817090 199
1817100 199
1817110 199
1817120 199
1817130 199
1817140 199
1817150 199
1817160 199
1817170 199
1817180 199
1817190 199
1817200 199
1817210 199
1817220 199
1817230 199
1817240 199
1817250 199
1817260 199
1817270 198
1817280 198
1817290 198
1817300 198
1817310 198
1817320 198
1817330 198
1817340 198
1817350 198
1817360 198
1817370 198
1817380 198
1817390 198
1817400 198
1817410 198
1817420 198
1817430 198
1817440 198
1817450 198
1817460 198
1817470 198
1817480 198
1817490 198
1817500 198
1817510 198
1817520 198
1817530 198
1817540 198
1817550 198
1817560 198
1817570 198
1817580 198
1817590 198
1817600 198
1817610 198
1817620 197
1817630 197
1817640 197
1817650 197
1817660 197
1817670 197
1817680 197
1817690 197
1817700 197
1817710 197
1817720 197
1817730 197
1817740 197
1817750 197
1817760 197
1817770 197
1817780 197
1817790 197
1817800 197
1817810 197
1817820 197
1817830 197
1817840 197
1817850 197
1817860 197
1817870 197
1817880 197
1817890 197
1817900 197
1817910 196
1817920 196
1817930 196
1817940 196
1817950 196
1817960 196
1817970 196
1817980 196
1817990 196
1818000 196
1818010 196
1818020 196
1818030 196
1818040 196
1818050 196
1818060 196
1818070 196
1818080 196
1818090 196
1818100 195
1818110 195
1818120 195
1818130 195
1818140 195
1818150 195
1818160 196
1818170 196
1818180 196
1818190 196
1818200 196
1818210 196
1818220 195
1818230 196
1818240 197
1818250 198
1818260 198
1818270 198
1818280 198
1818290 198
1818300 198
1818310 198
1818320 197
1818330 197
1818340 197
1818350 197
1818360 197
1818370 196
1818380 196
1818390 196
1818400 198
1818410 199
1818420 200
1818430 200
1818440 198
1818450 196
1818460 194
1818470 194
1818480 193
1818490 194
1818500 194
1818510 194
1818520 193
1818530 193
1818540 193
1818550 193
1818560 193
1818570 193
1818580 193
1818590 194
1818600 194
1818610 194
1818620 194
1818630 194
1818640 194
1818650 193
1818660 193
1818670 193
1818680 193
1818690 193
1818700 193
1818710 193
1818720 193
1818730 193
1818740 194
1818750 194
1818760 194
1818770 194
1818780 194
1818790 194
1818800 193
1818810 193
1818820 193
1818830 193
1818840 193
1818850 193
1818860 193
1818870 193
1818880 193
1818890 193
1818900 193
1818910 193
1818920 193
1818930 193
1818940 193
1818950 192
1818960 192
1818970 192
1818980 192
1818990 192
1819000 192
1819010 192
1819020 192
1819030 192
1819040 192
1819050 192
1819060 192
1819070 192
1819080 192
1819090 192
1819100 192
1819110 192
1819120 192
1819130 192
1819140 192
1819150 192
1819160 192
1819170 192
1819180 191
1819190 191
1819200 192
1819210 192
1819220 192
1819230 192
1819240 192
1819250 192
1819260 192
1819270 191
1819280 191
1819290 191
1819300 191
1819310 191
1819320 191
1819330 191
1819340 191
1819350 191
1819360 191
1819370 191
1819380 192
1819390 192
1819400 192
1819410 192
1819420 192
1819430 191
1819440 191
1819450 192
1819460 192
1819470 192
1819480 192
1819490 192
1819500 192
1819510 191
1819520 191
1819530 191
1819540 191
1819550 191
1819560 191
1819570 191
1819580 191
1819590 191
1819600 191
1819610 191
1819620 191
1819630 191
1819640 190
1819650 190
1819660 190
1819670 190
1819680 190
1819690 190
1819700 190
1819710 190
1819720 190
1819730 190
1819740 190
1819750 190
1819760 190
1819770 190
1819780 190
1819790 190
1819800 190
1819810 190
1819820 190
1819830 190
1819840 190
1819850 189
1819860 189
1819870 189
1819880 189
1819890 189
1819900 189
1819910 189
1819920 189
1819930 189
1819940 189
1819950 189
1819960 189
1819970 189
1819980 189
1819990 189
