1800000 376
1800010 375
1800020 375
1800030 376
1800040 376
1800050 376
1800060 376
1800070 375
1800080 375
1800090 375
1800100 376
1800110 377
1800120 379
1800130 379
1800140 380
1800150 380
1800160 381
1800170 381
1800180 381
1800190 381
1800200 382
1800210 382
1800220 382
1800230 382
1800240 382
1800250 382
1800260 382
1800270 381
1800280 381
1800290 381
1800300 382
1800310 382
1800320 382
1800330 382
1800340 381
1800350 381
1800360 381
1800370 381
1800380 380
1800390 380
1800400 379
1800410 379
1800420 378
1800430 378
1800440 377
1800450 377
1800460 376
1800470 376
1800480 375
1800490 375
1800500 375
1800510 375
1800520 374
1800530 374
1800540 373
1800550 372
1800560 372
1800570 372
1800580 371
1800590 371
1800600 370
1800610 370
1800620 369
1800630 369
1800640 368
1800650 368
1800660 367
1800670 366
1800680 365
1800690 364
1800700 363
1800710 363
1800720 363
1800730 364
1800740 364
1800750 364
1800760 363
1800770 363
1800780 363
1800790 363
1800800 363
1800810 363
1800820 363
1800830 362
1800840 362
1800850 361
1800860 361
1800870 362
1800880 362
1800890 362
1800900 363
1800910 363
1800920 363
1800930 363
1800940 363
1800950 363
1800960 363
1800970 363
1800980 363
1800990 363
1801000 363
1801010 363
1801020 362
1801030 362
1801040 363
1801050 363
1801060 363
1801070 363
1801080 364
1801090 364
1801100 364
1801110 365
1801120 366
1801130 367
1801140 369
1801150 370
1801160 371
1801170 372
1801180 373
1801190 373
1801200 373
1801210 374
1801220 374
1801230 374
1801240 375
1801250 376
1801260 376
1801270 377
1801280 378
1801290 378
1801300 379
1801310 380
1801320 381
1801330 382
1801340 382
1801350 383
1801360 384
1801370 385
1801380 386
1801390 387
1801400 387
1801410 388
1801420 389
1801430 389
1801440 390
1801450 390
1801460 391
1801470 391
1801480 391
1801490 390
1801500 390
1801510 390
1801520 389
1801530 388
1801540 387
1801550 387
1801560 386
1801570 385
1801580 385
1801590 384
1801600 383
1801610 383
1801620 382
1801630 381
1801640 380
1801650 379
1801660 378
1801670 377
1801680 375
1801690 374
1801700 372
1801710 371
1801720 369
1801730 368
1801740 367
1801750 365
1801760 363
1801770 361
1801780 359
1801790 356
1801800 353
1801810 350
1801820 349
1801830 349
1801840 350
1801850 351
1801860 351
1801870 351
1801880 352
1801890 353
1801900 353
1801910 354
1801920 354
1801930 355
1801940 355
1801950 356
1801960 357
1801970 357
1801980 357
1801990 357
1802000 357
1802010 356
1802020 356
1802030 355
1802040 354
1802050 353
1802060 352
1802070 350
1802080 349
1802090 347
1802100 346
1802110 345
1802120 344
1802130 342
1802140 341
1802150 339
1802160 338
1802170 336
1802180 335
1802190 333
1802200 332
1802210 330
1802220 328
1802230 326
1802240 325
1802250 323
1802260 321
1802270 319
1802280 318
1802290 316
1802300 314
1802310 312
1802320 310
1802330 308
1802340 307
1802350 305
1802360 304
1802370 302
1802380 300
1802390 298
1802400 297
1802410 295
1802420 294
1802430 293
1802440 292
1802450 291
1802460 291
1802470 291
1802480 291
1802490 291
1802500 289
1802510 289
1802520 289
1802530 289
1802540 290
1802550 290
1802560 290
1802570 289
1802580 289
1802590 290
1802600 290
1802610 290
1802620 291
1802630 292
1802640 295
1802650 298
1802660 300
1802670 303
1802680 305
1802690 307
1802700 309
1802710 311
1802720 313
1802730 315
1802740 317
1802750 319
1802760 321
1802770 323
1802780 325
1802790 327
1802800 329
1802810 331
1802820 333
1802830 335
1802840 337
1802850 339
1802860 341
1802870 342
1802880 344
1802890 346
1802900 347
1802910 349
1802920 350
1802930 351
1802940 352
1802950 353
1802960 353
1802970 354
1802980 354
1802990 355
1803000 356
1803010 356
1803020 357
1803030 357
1803040 358
1803050 359
1803060 359
1803070 360
1803080 361
1803090 361
1803100 362
1803110 362
1803120 362
1803130 363
1803140 363
1803150 363
1803160 363
1803170 363
1803180 364
1803190 364
1803200 365
1803210 366
1803220 366
1803230 367
1803240 368
1803250 369
1803260 370
1803270 371
1803280 372
1803290 373
1803300 374
1803310 375
1803320 376
1803330 377
1803340 378
1803350 379
1803360 380
1803370 381
1803380 381
1803390 382
1803400 383
1803410 384
1803420 385
1803430 386
1803440 387
1803450 388
1803460 388
1803470 389
1803480 390
1803490 391
1803500 392
1803510 393
1803520 393
1803530 394
1803540 394
1803550 394
1803560 394
1803570 394
1803580 395
1803590 395
1803600 395
1803610 396
1803620 396
1803630 396
1803640 396
1803650 396
1803660 397
1803670 397
1803680 398
1803690 398
1803700 399
1803710 399
1803720 399
1803730 399
1803740 399
1803750 398
1803760 398
1803770 398
1803780 397
1803790 397
1803800 397
1803810 397
1803820 397
1803830 397
1803840 397
1803850 397
1803860 397
1803870 397
1803880 397
1803890 397
1803900 397
1803910 397
1803920 397
1803930 396
1803940 396
1803950 396
1803960 395
1803970 395
1803980 394
1803990 394
1804000 393
1804010 392
1804020 391
1804030 390
1804040 389
1804050 388
1804060 387
1804070 386
1804080 385
1804090 383
1804100 381
1804110 378
1804120 375
1804130 372
1804140 368
1804150 366
1804160 364
1804170 363
1804180 363
1804190 362
1804200 362
1804210 362
1804220 362
1804230 361
1804240 359
1804250 358
1804260 356
1804270 355
1804280 353
1804290 352
1804300 352
1804310 352
1804320 354
1804330 356
1804340 358
1804350 360
1804360 361
1804370 362
1804380 363
1804390 363
1804400 363
1804410 363
1804420 363
1804430 362
1804440 362
1804450 362
1804460 361
1804470 361
1804480 360
1804490 360
1804500 359
1804510 359
1804520 358
1804530 357
1804540 357
1804550 356
1804560 355
1804570 355
1804580 355
1804590 354
1804600 354
1804610 354
1804620 354
1804630 353
1804640 353
1804650 352
1804660 352
1804670 351
1804680 351
1804690 350
1804700 349
1804710 348
1804720 347
1804730 346
1804740 344
1804750 342
1804760 339
1804770 337
1804780 338
1804790 339
1804800 341
1804810 343
1804820 345
1804830 347
1804840 349
1804850 351
1804860 353
1804870 355
1804880 356
1804890 358
1804900 360
1804910 361
1804920 362
1804930 363
1804940 363
1804950 363
1804960 364
1804970 364
1804980 364
1804990 364
1805000 364
1805010 365
1805020 365
1805030 365
1805040 365
1805050 365
1805060 365
1805070 364
1805080 364
1805090 364
1805100 364
1805110 364
1805120 363
1805130 363
1805140 363
1805150 363
1805160 363
1805170 362
1805180 362
1805190 362
1805200 362
1805210 361
1805220 361
1805230 361
1805240 360
1805250 360
1805260 360
1805270 359
1805280 359
1805290 358
1805300 357
1805310 357
1805320 356
1805330 355
1805340 354
1805350 353
1805360 352
1805370 351
1805380 350
1805390 349
1805400 349
1805410 348
1805420 347
1805430 346
1805440 346
1805450 345
1805460 344
1805470 343
1805480 343
1805490 342
1805500 341
1805510 340
1805520 340
1805530 339
1805540 338
1805550 337
1805560 336
1805570 335
1805580 335
1805590 333
1805600 332
1805610 332
1805620 331
1805630 331
1805640 332
1805650 331
1805660 330
1805670 329
1805680 327
1805690 325
1805700 324
1805710 323
1805720 322
1805730 321
1805740 320
1805750 319
1805760 318
1805770 318
1805780 318
1805790 317
1805800 316
1805810 316
1805820 315
1805830 314
1805840 313
1805850 313
1805860 312
1805870 311
1805880 311
1805890 310
1805900 309
1805910 308
1805920 307
1805930 306
1805940 305
1805950 304
1805960 303
1805970 302
1805980 301
1805990 301
1806000 300
1806010 299
1806020 299
1806030 298
1806040 298
1806050 298
1806060 297
1806070 297
1806080 297
1806090 297
1806100 297
1806110 297
1806120 296
1806130 296
1806140 296
1806150 295
1806160 295
1806170 294
1806180 294
1806190 294
1806200 294
1806210 293
1806220 293
1806230 293
1806240 292
1806250 292
1806260 292
1806270 291
1806280 290
1806290 290
1806300 289
1806310 289
1806320 289
1806330 289
1806340 288
1806350 288
1806360 288
1806370 287
1806380 287
1806390 287
1806400 286
1806410 286
1806420 286
1806430 285
1806440 285
1806450 284
1806460 284
1806470 284
1806480 283
1806490 283
1806500 282
1806510 282
1806520 282
1806530 281
1806540 281
1806550 281
1806560 280
1806570 280
1806580 280
1806590 279
1806600 279
1806610 278
1806620 278
1806630 277
1806640 276
1806650 276
1806660 275
1806670 274
1806680 274
1806690 273
1806700 273
1806710 273
1806720 272
1806730 272
1806740 272
1806750 272
1806760 271
1806770 271
1806780 270
1806790 269
1806800 268
1806810 267
1806820 268
1806830 269
1806840 270
1806850 271
1806860 270
1806870 270
1806880 270
1806890 270
1806900 270
1806910 270
1806920 270
1806930 270
1806940 270
1806950 269
1806960 269
1806970 269
1806980 269
1806990 269
1807000 270
1807010 270
1807020 270
1807030 270
1807040 270
1807050 271
1807060 271
1807070 271
1807080 272
1807090 272
1807100 273
1807110 273
1807120 273
1807130 274
1807140 274
1807150 274
1807160 275
1807170 275
1807180 276
1807190 276
1807200 277
1807210 277
1807220 278
1807230 279
1807240 280
1807250 281
1807260 282
1807270 283
1807280 284
1807290 285
1807300 285
1807310 286
1807320 287
1807330 287
1807340 288
1807350 289
1807360 289
1807370 289
1807380 290
1807390 290
1807400 290
1807410 290
1807420 290
1807430 290
1807440 290
1807450 290
1807460 290
1807470 290
1807480 289
1807490 289
1807500 289
1807510 288
1807520 287
1807530 286
1807540 284
1807550 283
1807560 283
1807570 283
1807580 284
1807590 284
1807600 285
1807610 287
1807620 288
1807630 290
1807640 292
1807650 294
1807660 296
1807670 298
1807680 300
1807690 302
1807700 304
1807710 306
1807720 307
1807730 309
1807740 310
1807750 312
1807760 313
1807770 315
1807780 316
1807790 317
1807800 318
1807810 319
1807820 320
1807830 321
1807840 322
1807850 322
1807860 323
1807870 324
1807880 324
1807890 325
1807900 325
1807910 326
1807920 326
1807930 326
1807940 326
1807950 326
1807960 326
1807970 326
1807980 326
1807990 326
1808000 326
1808010 326
1808020 326
1808030 326
1808040 326
1808050 326
1808060 325
1808070 325
1808080 325
1808090 324
1808100 324
1808110 324
1808120 323
1808130 323
1808140 323
1808150 323
1808160 323
1808170 323
1808180 322
1808190 322
1808200 322
1808210 322
1808220 322
1808230 322
1808240 321
1808250 321
1808260 321
1808270 321
1808280 320
1808290 320
1808300 320
1808310 320
1808320 319
1808330 319
1808340 319
1808350 318
1808360 318
1808370 318
1808380 317
1808390 317
1808400 317
1808410 317
1808420 317
1808430 317
1808440 317
1808450 317
1808460 317
1808470 316
1808480 317
1808490 318
1808500 320
1808510 322
1808520 323
1808530 323
1808540 323
1808550 323
1808560 324
1808570 324
1808580 324
1808590 324
1808600 324
1808610 324
1808620 324
1808630 324
1808640 325
1808650 325
1808660 325
1808670 325
1808680 325
1808690 326
1808700 326
1808710 326
1808720 327
1808730 327
1808740 327
1808750 327
1808760 327
1808770 327
1808780 326
1808790 326
1808800 326
1808810 326
1808820 325
1808830 324
1808840 323
1808850 322
1808860 322
1808870 323
1808880 323
1808890 323
1808900 323
1808910 323
1808920 323
1808930 323
1808940 323
1808950 325
1808960 326
1808970 327
1808980 328
1808990 328
1809000 328
1809010 329
1809020 329
1809030 329
1809040 329
1809050 329
1809060 329
1809070 329
1809080 328
1809090 328
1809100 328
1809110 327
1809120 327
1809130 327
1809140 327
1809150 327
1809160 327
1809170 327
1809180 328
1809190 328
1809200 328
1809210 328
1809220 328
1809230 328
1809240 328
1809250 328
1809260 327
1809270 327
1809280 327
1809290 327
1809300 326
1809310 326
1809320 326
1809330 326
1809340 325
1809350 325
1809360 324
1809370 324
1809380 324
1809390 323
1809400 323
1809410 323
1809420 323
1809430 322
1809440 322
1809450 321
1809460 320
1809470 319
1809480 319
1809490 319
1809500 319
1809510 318
1809520 317
1809530 317
1809540 316
1809550 316
1809560 316
1809570 315
1809580 315
1809590 314
1809600 314
1809610 313
1809620 313
1809630 312
1809640 312
1809650 311
1809660 310
1809670 310
1809680 309
1809690 309
1809700 309
1809710 308
1809720 308
1809730 308
1809740 307
1809750 307
1809760 306
1809770 305
1809780 305
1809790 304
1809800 303
1809810 303
1809820 302
1809830 302
1809840 301
1809850 301
1809860 300
1809870 299
1809880 298
1809890 298
1809900 297
1809910 297
1809920 296
1809930 295
1809940 295
1809950 294
1809960 294
1809970 293
1809980 292
1809990 291
1810000 290
1810010 290
1810020 289
1810030 288
1810040 287
1810050 286
1810060 286
1810070 285
1810080 284
1810090 283
1810100 282
1810110 282
1810120 281
1810130 281
1810140 280
1810150 280
1810160 279
1810170 279
1810180 279
1810190 278
1810200 277
1810210 276
1810220 275
1810230 274
1810240 273
1810250 273
1810260 272
1810270 271
1810280 271
1810290 270
1810300 269
1810310 269
1810320 269
1810330 268
1810340 267
1810350 266
1810360 266
1810370 265
1810380 265
1810390 264
1810400 264
1810410 263
1810420 262
1810430 262
1810440 261
1810450 261
1810460 260
1810470 260
1810480 259
1810490 259
1810500 258
1810510 258
1810520 257
1810530 257
1810540 257
1810550 256
1810560 256
1810570 256
1810580 255
1810590 255
1810600 255
1810610 254
1810620 254
1810630 253
1810640 253
1810650 253
1810660 253
1810670 252
1810680 252
1810690 252
1810700 252
1810710 252
1810720 252
1810730 252
1810740 252
1810750 251
1810760 251
1810770 250
1810780 250
1810790 250
1810800 250
1810810 250
1810820 250
1810830 249
1810840 249
1810850 249
1810860 249
1810870 249
1810880 248
1810890 248
1810900 248
1810910 248
1810920 248
1810930 248
1810940 248
1810950 248
1810960 248
1810970 248
1810980 248
1810990 248
1811000 248
1811010 248
1811020 248
1811030 248
1811040 248
1811050 248
1811060 248
1811070 248
1811080 248
1811090 247
1811100 247
1811110 247
1811120 247
1811130 246
1811140 246
1811150 246
1811160 246
1811170 246
1811180 246
1811190 246
1811200 246
1811210 246
1811220 245
1811230 245
1811240 245
1811250 245
1811260 244
1811270 244
1811280 244
1811290 243
1811300 243
1811310 243
1811320 243
1811330 243
1811340 243
1811350 243
1811360 243
1811370 243
1811380 242
1811390 242
1811400 242
1811410 242
1811420 242
1811430 242
1811440 242
1811450 242
1811460 242
1811470 242
1811480 242
1811490 242
1811500 242
1811510 243
1811520 243
1811530 243
1811540 243
1811550 243
1811560 243
1811570 243
1811580 243
1811590 243
1811600 243
1811610 243
1811620 244
1811630 244
1811640 244
1811650 244
1811660 244
1811670 244
1811680 245
1811690 245
1811700 245
1811710 245
1811720 245
1811730 245
1811740 245
1811750 246
1811760 246
1811770 246
1811780 246
1811790 247
1811800 247
1811810 247
1811820 248
1811830 248
1811840 248
1811850 248
1811860 248
1811870 249
1811880 248
1811890 248
1811900 248
1811910 249
1811920 249
1811930 249
1811940 249
1811950 249
1811960 249
1811970 248
1811980 248
1811990 248
1812000 248
1812010 248
1812020 247
1812030 247
1812040 247
1812050 247
1812060 247
1812070 246
1812080 246
1812090 246
1812100 246
1812110 245
1812120 245
1812130 245
1812140 245
1812150 245
1812160 246
1812170 247
1812180 246
1812190 244
1812200 243
1812210 242
1812220 242
1812230 242
1812240 241
1812250 241
1812260 241
1812270 241
1812280 240
1812290 240
1812300 240
1812310 239
1812320 239
1812330 239
1812340 239
1812350 238
1812360 238
1812370 238
1812380 237
1812390 237
1812400 237
1812410 237
1812420 237
1812430 236
1812440 236
1812450 236
1812460 235
1812470 235
1812480 235
1812490 235
1812500 235
1812510 235
1812520 234
1812530 234
1812540 233
1812550 233
1812560 232
1812570 232
1812580 232
1812590 231
1812600 231
1812610 231
1812620 230
1812630 230
1812640 229
1812650 229
1812660 229
1812670 228
1812680 228
1812690 228
1812700 228
1812710 227
1812720 227
1812730 227
1812740 227
1812750 227
1812760 227
1812770 227
1812780 226
1812790 226
1812800 225
1812810 224
1812820 224
1812830 223
1812840 223
1812850 223
1812860 223
1812870 223
1812880 222
1812890 222
1812900 222
1812910 222
1812920 222
1812930 221
1812940 221
1812950 221
1812960 221
1812970 221
1812980 220
1812990 220
1813000 220
1813010 221
1813020 220
1813030 220
1813040 220
1813050 220
1813060 220
1813070 220
1813080 219
1813090 219
1813100 219
1813110 219
1813120 219
1813130 219
1813140 219
1813150 219
1813160 219
1813170 220
1813180 220
1813190 220
1813200 220
1813210 219
1813220 219
1813230 218
1813240 218
1813250 218
1813260 218
1813270 218
1813280 218
1813290 218
1813300 218
1813310 217
1813320 217
1813330 217
1813340 217
1813350 217
1813360 217
1813370 217
1813380 216
1813390 216
1813400 216
1813410 216
1813420 216
1813430 216
1813440 216
1813450 216
1813460 216
1813470 216
1813480 215
1813490 215
1813500 215
1813510 215
1813520 215
1813530 215
1813540 215
1813550 215
1813560 215
1813570 215
1813580 215
1813590 215
1813600 215
1813610 214
1813620 214
1813630 214
1813640 214
1813650 214
1813660 214
1813670 214
1813680 214
1813690 214
1813700 214
1813710 214
1813720 214
1813730 214
1813740 214
1813750 214
1813760 213
1813770 213
1813780 213
1813790 213
1813800 213
1813810 213
1813820 213
1813830 213
1813840 213
1813850 213
1813860 212
1813870 212
1813880 212
1813890 212
1813900 212
1813910 212
1813920 212
1813930 212
1813940 212
1813950 212
1813960 212
1813970 212
1813980 211
1813990 211
1814000 211
1814010 211
1814020 211
1814030 211
1814040 211
1814050 211
1814060 211
1814070 211
1814080 211
1814090 211
1814100 211
1814110 211
1814120 211
1814130 211
1814140 211
1814150 211
1814160 210
1814170 210
1814180 210
1814190 210
1814200 210
1814210 210
1814220 210
1814230 209
1814240 209
1814250 209
1814260 209
1814270 209
1814280 209
1814290 209
1814300 209
1814310 209
1814320 209
1814330 209
1814340 208
1814350 208
1814360 208
1814370 208
1814380 208
1814390 208
1814400 208
1814410 208
1814420 208
1814430 208
1814440 208
1814450 208
1814460 208
1814470 208
1814480 208
1814490 208
1814500 208
1814510 208
1814520 208
1814530 208
1814540 208
1814550 208
1814560 208
1814570 208
1814580 208
1814590 208
1814600 208
1814610 208
1814620 208
1814630 208
1814640 207
1814650 207
1814660 207
1814670 207
1814680 207
1814690 208
1814700 208
1814710 207
1814720 207
1814730 207
1814740 207
1814750 207
1814760 207
1814770 207
1814780 207
1814790 207
1814800 207
1814810 207
1814820 207
1814830 207
1814840 207
1814850 207
1814860 207
1814870 207
1814880 207
1814890 207
1814900 207
1814910 207
1814920 207
1814930 206
1814940 206
1814950 206
1814960 206
1814970 206
1814980 206
1814990 206
1815000 206
1815010 206
1815020 205
1815030 205
1815040 206
1815050 206
1815060 206
1815070 206
1815080 206
1815090 206
1815100 206
1815110 206
1815120 206
1815130 206
1815140 206
1815150 206
1815160 205
1815170 205
1815180 205
1815190 205
1815200 205
1815210 205
1815220 204
1815230 204
1815240 204
1815250 204
1815260 204
1815270 204
1815280 204
1815290 204
1815300 204
1815310 204
1815320 204
1815330 204
1815340 204
1815350 204
1815360 204
1815370 204
1815380 204
1815390 204
1815400 204
1815410 204
1815420 204
1815430 204
1815440 204
1815450 204
1815460 204
1815470 204
1815480 204
1815490 204
1815500 204
1815510 204
1815520 204
1815530 204
1815540 203
1815550 203
1815560 203
1815570 203
1815580 203
1815590 203
1815600 203
1815610 203
1815620 203
1815630 203
1815640 203
1815650 203
1815660 203
1815670 203
1815680 203
1815690 203
1815700 202
1815710 202
1815720 202
1815730 202
1815740 202
1815750 202
1815760 202
1815770 202
1815780 202
1815790 202
1815800 201
1815810 201
1815820 201
1815830 201
1815840 201
1815850 201
1815860 201
1815870 201
1815880 201
1815890 201
1815900 201
1815910 201
1815920 201
1815930 201
1815940 201
1815950 201
1815960 201
1815970 201
1815980 201
1815990 201
1816000 200
1816010 200
1816020 200
1816030 200
1816040 201
1816050 201
1816060 201
1816070 201
1816080 201
1816090 200
1816100 200
1816110 200
1816120 200
1816130 200
1816140 200
1816150 200
1816160 200
1816170 200
1816180 200
1816190 200
1816200 199
1816210 199
1816220 199
1816230 199
1816240 199
1816250 199
1816260 200
1816270 200
1816280 201
1816290 201
1816300 201
1816310 201
1816320 201
1816330 201
1816340 201
1816350 201
1816360 201
1816370 201
1816380 201
1816390 200
1816400 200
1816410 199
1816420 199
1816430 199
1816440 199
1816450 199
1816460 199
1816470 199
1816480 199
1816490 198
1816500 198
1816510 198
1816520 198
1816530 198
1816540 198
1816550 198
1816560 198
1816570 198
1816580 198
1816590 198
1816600 198
1816610 198
1816620 198
1816630 198
1816640 198
1816650 198
1816660 198
1816670 198
1816680 198
1816690 198
1816700 198
1816710 198
1816720 198
1816730 198
1816740 198
1816750 198
1816760 198
1816770 198
1816780 198
1816790 198
1816800 198
1816810 198
1816820 198
1816830 198
1816840 198
1816850 198
1816860 198
1816870 198
1816880 198
1816890 198
1816900 198
1816910 198
1816920 198
1816930 198
1816940 198
1816950 198
1816960 198
1816970 198
1816980 198
1816990 198
1817000 198
1817010 198
1817020 198
1817030 197
1817040 197
1817050 197
1817060 196
1817070 196
1817080 196
1817090 196
1817100 196
1817110 196
1817120 196
1817130 196
1817140 196
1817150 196
1817160 196
1817170 196
1817180 196
1817190 196
1817200 196
1817210 196
1817220 196
1817230 196
1817240 196
1817250 196
1817260 196
1817270 196
1817280 196
1817290 196
1817300 196
1817310 196
1817320 196
1817330 196
1817340 196
1817350 196
1817360 196
1817370 196
1817380 196
1817390 196
1817400 196
1817410 196
1817420 196
1817430 195
1817440 195
1817450 195
1817460 195
1817470 195
1817480 195
1817490 195
1817500 195
1817510 195
1817520 195
1817530 195
1817540 195
1817550 195
1817560 195
1817570 195
1817580 195
1817590 195
1817600 195
1817610 195
1817620 195
1817630 195
1817640 195
1817650 195
1817660 195
1817670 195
1817680 195
1817690 195
1817700 194
1817710 194
1817720 194
1817730 194
1817740 194
1817750 194
1817760 194
1817770 194
1817780 194
1817790 194
1817800 194
1817810 194
1817820 194
1817830 194
1817840 194
1817850 194
1817860 194
1817870 194
1817880 194
1817890 194
1817900 194
1817910 194
1817920 194
1817930 194
1817940 194
1817950 193
1817960 193
1817970 193
1817980 193
1817990 193
1818000 193
1818010 193
1818020 193
1818030 193
1818040 193
1818050 193
1818060 193
1818070 193
1818080 193
1818090 193
1818100 193
1818110 194
1818120 194
1818130 194
1818140 194
1818150 194
1818160 194
1818170 194
1818180 194
1818190 194
1818200 194
1818210 194
1818220 194
1818230 194
1818240 194
1818250 193
1818260 193
1818270 193
1818280 193
1818290 193
1818300 193
1818310 193
1818320 193
1818330 193
1818340 193
1818350 193
1818360 193
1818370 193
1818380 193
1818390 193
1818400 193
1818410 193
1818420 193
1818430 193
1818440 193
1818450 193
1818460 195
1818470 197
1818480 199
1818490 199
1818500 199
1818510 199
1818520 199
1818530 199
1818540 199
1818550 198
1818560 196
1818570 194
1818580 192
1818590 192
1818600 192
1818610 192
1818620 192
1818630 192
1818640 192
1818650 192
1818660 192
1818670 192
1818680 191
1818690 191
1818700 191
1818710 191
1818720 191
1818730 191
1818740 191
1818750 191
1818760 191
1818770 192
1818780 192
1818790 192
1818800 193
1818810 193
1818820 194
1818830 195
1818840 195
1818850 195
1818860 195
1818870 195
1818880 195
1818890 194
1818900 193
1818910 192
1818920 192
1818930 191
1818940 192
1818950 191
1818960 191
1818970 191
1818980 191
1818990 191
1819000 191
1819010 191
1819020 191
1819030 191
1819040 191
1819050 191
1819060 191
1819070 192
1819080 191
1819090 191
1819100 191
1819110 191
1819120 191
1819130 191
1819140 191
1819150 191
1819160 191
1819170 191
1819180 191
1819190 191
1819200 191
1819210 191
1819220 191
1819230 191
1819240 191
1819250 191
1819260 191
1819270 191
1819280 191
1819290 191
1819300 190
1819310 190
1819320 190
1819330 190
1819340 190
1819350 190
1819360 190
1819370 190
1819380 190
1819390 190
1819400 190
1819410 190
1819420 190
1819430 190
1819440 190
1819450 190
1819460 190
1819470 190
1819480 190
1819490 190
1819500 190
1819510 190
1819520 190
1819530 190
1819540 190
1819550 190
1819560 190
1819570 190
1819580 190
1819590 190
1819600 190
1819610 190
1819620 190
1819630 190
1819640 190
1819650 190
1819660 190
1819670 190
1819680 190
1819690 190
1819700 190
1819710 190
1819720 190
1819730 189
1819740 189
1819750 189
1819760 189
1819770 189
1819780 189
1819790 189
1819800 189
1819810 189
1819820 189
1819830 189
1819840 189
1819850 189
1819860 189
1819870 189
1819880 189
1819890 189
1819900 189
1819910 189
1819920 189
1819930 189
1819940 189
1819950 189
1819960 189
1819970 189
1819980 189
1819990 189
