1800000 379
1800010 377
1800020 377
1800030 378
1800040 379
1800050 379
1800060 379
1800070 379
1800080 379
1800090 379
1800100 379
1800110 378
1800120 378
1800130 380
1800140 381
1800150 381
1800160 382
1800170 382
1800180 383
1800190 383
1800200 383
1800210 384
1800220 384
1800230 384
1800240 384
1800250 383
1800260 383
1800270 384
1800280 384
1800290 384
1800300 384
1800310 384
1800320 383
1800330 383
1800340 383
1800350 383
1800360 383
1800370 382
1800380 382
1800390 381
1800400 381
1800410 380
1800420 380
1800430 380
1800440 379
1800450 379
1800460 379
1800470 379
1800480 378
1800490 378
1800500 378
1800510 377
1800520 377
1800530 376
1800540 375
1800550 375
1800560 374
1800570 374
1800580 374
1800590 373
1800600 373
1800610 372
1800620 372
1800630 371
1800640 371
1800650 370
1800660 370
1800670 369
1800680 367
1800690 366
1800700 366
1800710 366
1800720 366
1800730 366
1800740 366
1800750 366
1800760 366
1800770 367
1800780 367
1800790 367
1800800 367
1800810 367
1800820 367
1800830 366
1800840 366
1800850 365
1800860 365
1800870 366
1800880 366
1800890 367
1800900 367
1800910 367
1800920 368
1800930 368
1800940 369
1800950 369
1800960 369
1800970 370
1800980 370
1800990 370
1801000 369
1801010 369
1801020 369
1801030 369
1801040 369
1801050 369
1801060 369
1801070 369
1801080 369
1801090 369
1801100 370
1801110 370
1801120 371
1801130 372
1801140 373
1801150 374
1801160 375
1801170 376
1801180 377
1801190 378
1801200 378
1801210 379
1801220 379
1801230 379
1801240 380
1801250 380
1801260 381
1801270 381
1801280 382
1801290 382
1801300 383
1801310 383
1801320 384
1801330 385
1801340 386
1801350 387
1801360 388
1801370 389
1801380 389
1801390 390
1801400 391
1801410 392
1801420 392
1801430 393
1801440 393
1801450 393
1801460 394
1801470 394
1801480 394
1801490 394
1801500 394
1801510 393
1801520 393
1801530 392
1801540 390
1801550 390
1801560 389
1801570 388
1801580 387
1801590 386
1801600 385
1801610 384
1801620 383
1801630 382
1801640 381
1801650 380
1801660 379
1801670 377
1801680 376
1801690 375
1801700 373
1801710 372
1801720 371
1801730 369
1801740 368
1801750 366
1801760 363
1801770 361
1801780 358
1801790 355
1801800 354
1801810 354
1801820 355
1801830 356
1801840 357
1801850 357
1801860 357
1801870 357
1801880 357
1801890 357
1801900 358
1801910 359
1801920 359
1801930 360
1801940 361
1801950 361
1801960 362
1801970 362
1801980 362
1801990 362
1802000 362
1802010 361
1802020 360
1802030 359
1802040 358
1802050 356
1802060 355
1802070 353
1802080 352
1802090 351
1802100 350
1802110 348
1802120 347
1802130 346
1802140 345
1802150 343
1802160 341
1802170 340
1802180 338
1802190 336
1802200 334
1802210 331
1802220 329
1802230 328
1802240 326
1802250 324
1802260 322
1802270 320
1802280 318
1802290 316
1802300 314
1802310 312
1802320 310
1802330 309
1802340 307
1802350 305
1802360 303
1802370 302
1802380 300
1802390 298
1802400 296
1802410 294
1802420 293
1802430 292
1802440 291
1802450 291
1802460 291
1802470 291
1802480 291
1802490 291
1802500 291
1802510 291
1802520 291
1802530 290
1802540 289
1802550 288
1802560 288
1802570 289
1802580 290
1802590 290
1802600 290
1802610 290
1802620 290
1802630 290
1802640 290
1802650 292
1802660 295
1802670 298
1802680 300
1802690 302
1802700 304
1802710 306
1802720 308
1802730 310
1802740 312
1802750 314
1802760 316
1802770 318
1802780 320
1802790 322
1802800 324
1802810 326
1802820 328
1802830 330
1802840 331
1802850 333
1802860 335
1802870 337
1802880 339
1802890 341
1802900 342
1802910 344
1802920 345
1802930 347
1802940 348
1802950 349
1802960 351
1802970 352
1802980 353
1802990 354
1803000 355
1803010 356
1803020 357
1803030 358
1803040 359
1803050 360
1803060 360
1803070 361
1803080 362
1803090 363
1803100 363
1803110 364
1803120 364
1803130 364
1803140 364
1803150 364
1803160 364
1803170 364
1803180 365
1803190 365
1803200 366
1803210 366
1803220 367
1803230 368
1803240 368
1803250 369
1803260 370
1803270 371
1803280 372
1803290 373
1803300 374
1803310 376
1803320 377
1803330 378
1803340 379
1803350 380
1803360 381
1803370 382
1803380 382
1803390 383
1803400 384
1803410 385
1803420 386
1803430 386
1803440 387
1803450 388
1803460 389
1803470 390
1803480 390
1803490 391
1803500 391
1803510 392
1803520 392
1803530 393
1803540 393
1803550 393
1803560 393
1803570 393
1803580 394
1803590 394
1803600 394
1803610 394
1803620 394
1803630 394
1803640 394
1803650 394
1803660 395
1803670 395
1803680 395
1803690 396
1803700 396
1803710 396
1803720 396
1803730 396
1803740 396
1803750 396
1803760 395
1803770 395
1803780 394
1803790 394
1803800 394
1803810 393
1803820 393
1803830 393
1803840 393
1803850 393
1803860 393
1803870 393
1803880 393
1803890 393
1803900 393
1803910 393
1803920 393
1803930 392
1803940 392
1803950 391
1803960 391
1803970 390
1803980 389
1803990 389
1804000 388
1804010 387
1804020 386
1804030 385
1804040 384
1804050 383
1804060 382
1804070 381
1804080 379
1804090 378
1804100 376
1804110 374
1804120 371
1804130 368
1804140 365
1804150 362
1804160 360
1804170 359
1804180 358
1804190 358
1804200 358
1804210 357
1804220 357
1804230 357
1804240 356
1804250 355
1804260 353
1804270 351
1804280 350
1804290 349
1804300 350
1804310 351
1804320 354
1804330 356
1804340 358
1804350 360
1804360 360
1804370 361
1804380 361
1804390 361
1804400 361
1804410 361
1804420 361
1804430 361
1804440 361
1804450 361
1804460 360
1804470 360
1804480 359
1804490 359
1804500 358
1804510 357
1804520 356
1804530 356
1804540 355
1804550 354
1804560 353
1804570 353
1804580 353
1804590 353
1804600 354
1804610 353
1804620 353
1804630 353
1804640 352
1804650 352
1804660 351
1804670 350
1804680 349
1804690 348
1804700 347
1804710 346
1804720 344
1804730 342
1804740 341
1804750 339
1804760 337
1804770 336
1804780 336
1804790 337
1804800 339
1804810 341
1804820 343
1804830 345
1804840 347
1804850 349
1804860 351
1804870 353
1804880 355
1804890 357
1804900 358
1804910 359
1804920 361
1804930 362
1804940 363
1804950 365
1804960 365
1804970 366
1804980 366
1804990 365
1805000 365
1805010 365
1805020 365
1805030 365
1805040 364
1805050 364
1805060 364
1805070 364
1805080 364
1805090 364
1805100 363
1805110 363
1805120 363
1805130 363
1805140 363
1805150 363
1805160 362
1805170 362
1805180 362
1805190 361
1805200 361
1805210 361
1805220 360
1805230 360
1805240 360
1805250 359
1805260 359
1805270 358
1805280 358
1805290 357
1805300 357
1805310 356
1805320 355
1805330 355
1805340 354
1805350 354
1805360 353
1805370 352
1805380 351
1805390 350
1805400 349
1805410 348
1805420 347
1805430 346
1805440 346
1805450 345
1805460 344
1805470 343
1805480 342
1805490 341
1805500 340
1805510 339
1805520 338
1805530 338
1805540 337
1805550 337
1805560 337
1805570 336
1805580 336
1805590 336
1805600 336
1805610 337
1805620 336
1805630 335
1805640 334
1805650 333
1805660 331
1805670 329
1805680 328
1805690 327
1805700 326
1805710 325
1805720 324
1805730 323
1805740 322
1805750 321
1805760 321
1805770 320
1805780 319
1805790 319
1805800 318
1805810 318
1805820 317
1805830 317
1805840 317
1805850 316
1805860 315
1805870 314
1805880 314
1805890 313
1805900 311
1805910 310
1805920 309
1805930 308
1805940 307
1805950 306
1805960 305
1805970 304
1805980 303
1805990 303
1806000 302
1806010 302
1806020 302
1806030 301
1806040 301
1806050 301
1806060 301
1806070 301
1806080 301
1806090 301
1806100 300
1806110 300
1806120 299
1806130 299
1806140 298
1806150 297
1806160 297
1806170 296
1806180 296
1806190 296
1806200 295
1806210 295
1806220 295
1806230 294
1806240 294
1806250 293
1806260 293
1806270 292
1806280 292
1806290 291
1806300 291
1806310 291
1806320 291
1806330 291
1806340 291
1806350 291
1806360 291
1806370 290
1806380 289
1806390 289
1806400 288
1806410 288
1806420 287
1806430 287
1806440 286
1806450 286
1806460 286
1806470 286
1806480 285
1806490 285
1806500 284
1806510 284
1806520 283
1806530 283
1806540 282
1806550 282
1806560 282
1806570 281
1806580 281
1806590 280
1806600 280
1806610 279
1806620 278
1806630 278
1806640 277
1806650 277
1806660 276
1806670 275
1806680 275
1806690 275
1806700 274
1806710 274
1806720 273
1806730 273
1806740 272
1806750 272
1806760 272
1806770 271
1806780 271
1806790 271
1806800 270
1806810 269
1806820 268
1806830 267
1806840 266
1806850 268
1806860 269
1806870 270
1806880 270
1806890 270
1806900 270
1806910 270
1806920 269
1806930 269
1806940 269
1806950 269
1806960 269
1806970 269
1806980 269
1806990 269
1807000 269
1807010 269
1807020 269
1807030 269
1807040 269
1807050 269
1807060 270
1807070 270
1807080 270
1807090 271
1807100 271
1807110 271
1807120 272
1807130 272
1807140 273
1807150 273
1807160 274
1807170 274
1807180 275
1807190 276
1807200 277
1807210 277
1807220 278
1807230 279
1807240 280
1807250 281
1807260 282
1807270 282
1807280 283
1807290 284
1807300 284
1807310 285
1807320 286
1807330 286
1807340 286
1807350 287
1807360 287
1807370 287
1807380 287
1807390 287
1807400 288
1807410 288
1807420 288
1807430 288
1807440 288
1807450 287
1807460 287
1807470 287
1807480 286
1807490 285
1807500 284
1807510 283
1807520 282
1807530 282
1807540 282
1807550 282
1807560 283
1807570 284
1807580 285
1807590 287
1807600 289
1807610 292
1807620 294
1807630 296
1807640 298
1807650 300
1807660 302
1807670 304
1807680 306
1807690 307
1807700 309
1807710 311
1807720 313
1807730 314
1807740 315
1807750 315
1807760 316
1807770 316
1807780 317
1807790 318
1807800 319
1807810 320
1807820 321
1807830 321
1807840 322
1807850 322
1807860 323
1807870 323
1807880 323
1807890 324
1807900 324
1807910 324
1807920 324
1807930 324
1807940 324
1807950 324
1807960 324
1807970 324
1807980 324
1807990 323
1808000 323
1808010 323
1808020 323
1808030 323
1808040 322
1808050 322
1808060 322
1808070 322
1808080 322
1808090 322
1808100 322
1808110 321
1808120 321
1808130 321
1808140 321
1808150 321
1808160 321
1808170 321
1808180 320
1808190 320
1808200 320
1808210 320
1808220 320
1808230 319
1808240 319
1808250 319
1808260 319
1808270 318
1808280 318
1808290 318
1808300 318
1808310 318
1808320 318
1808330 317
1808340 317
1808350 317
1808360 317
1808370 316
1808380 316
1808390 315
1808400 315
1808410 315
1808420 314
1808430 314
1808440 314
1808450 314
1808460 314
1808470 314
1808480 314
1808490 315
1808500 316
1808510 317
1808520 318
1808530 319
1808540 319
1808550 319
1808560 320
1808570 320
1808580 320
1808590 320
1808600 320
1808610 320
1808620 320
1808630 320
1808640 320
1808650 320
1808660 320
1808670 320
1808680 320
1808690 320
1808700 321
1808710 321
1808720 321
1808730 322
1808740 322
1808750 322
1808760 322
1808770 323
1808780 323
1808790 323
1808800 323
1808810 323
1808820 323
1808830 323
1808840 322
1808850 321
1808860 320
1808870 320
1808880 321
1808890 321
1808900 321
1808910 320
1808920 320
1808930 320
1808940 320
1808950 321
1808960 323
1808970 324
1808980 324
1808990 325
1809000 325
1809010 325
1809020 325
1809030 325
1809040 325
1809050 325
1809060 325
1809070 325
1809080 325
1809090 326
1809100 326
1809110 326
1809120 326
1809130 326
1809140 326
1809150 326
1809160 325
1809170 325
1809180 325
1809190 325
1809200 325
1809210 325
1809220 326
1809230 326
1809240 327
1809250 326
1809260 326
1809270 326
1809280 326
1809290 325
1809300 325
1809310 325
1809320 325
1809330 325
1809340 324
1809350 324
1809360 324
1809370 324
1809380 323
1809390 323
1809400 323
1809410 323
1809420 322
1809430 321
1809440 320
1809450 320
1809460 320
1809470 319
1809480 319
1809490 318
1809500 318
1809510 317
1809520 317
1809530 316
1809540 316
1809550 315
1809560 315
1809570 314
1809580 314
1809590 314
1809600 313
1809610 312
1809620 312
1809630 312
1809640 311
1809650 311
1809660 310
1809670 310
1809680 309
1809690 309
1809700 309
1809710 309
1809720 308
1809730 308
1809740 307
1809750 307
1809760 306
1809770 305
1809780 305
1809790 304
1809800 304
1809810 303
1809820 303
1809830 302
1809840 302
1809850 301
1809860 300
1809870 300
1809880 299
1809890 299
1809900 298
1809910 297
1809920 297
1809930 296
1809940 296
1809950 295
1809960 295
1809970 294
1809980 293
1809990 292
1810000 291
1810010 291
1810020 290
1810030 289
1810040 288
1810050 288
1810060 287
1810070 286
1810080 285
1810090 285
1810100 284
1810110 283
1810120 282
1810130 282
1810140 281
1810150 281
1810160 280
1810170 280
1810180 279
1810190 278
1810200 278
1810210 277
1810220 277
1810230 276
1810240 276
1810250 275
1810260 274
1810270 273
1810280 272
1810290 271
1810300 271
1810310 270
1810320 270
1810330 269
1810340 269
1810350 268
1810360 267
1810370 267
1810380 266
1810390 265
1810400 265
1810410 264
1810420 264
1810430 263
1810440 262
1810450 262
1810460 261
1810470 261
1810480 261
1810490 260
1810500 259
1810510 259
1810520 258
1810530 258
1810540 258
1810550 257
1810560 257
1810570 256
1810580 256
1810590 256
1810600 256
1810610 255
1810620 255
1810630 254
1810640 254
1810650 254
1810660 253
1810670 253
1810680 253
1810690 253
1810700 253
1810710 253
1810720 252
1810730 252
1810740 252
1810750 252
1810760 251
1810770 251
1810780 250
1810790 250
1810800 250
1810810 250
1810820 250
1810830 250
1810840 249
1810850 249
1810860 249
1810870 249
1810880 249
1810890 249
1810900 249
1810910 249
1810920 249
1810930 249
1810940 248
1810950 248
1810960 249
1810970 249
1810980 249
1810990 249
1811000 249
1811010 249
1811020 249
1811030 249
1811040 249
1811050 249
1811060 249
1811070 249
1811080 248
1811090 248
1811100 248
1811110 248
1811120 248
1811130 247
1811140 247
1811150 247
1811160 247
1811170 247
1811180 247
1811190 247
1811200 247
1811210 247
1811220 247
1811230 246
1811240 246
1811250 245
1811260 245
1811270 245
1811280 245
1811290 245
1811300 244
1811310 244
1811320 244
1811330 244
1811340 244
1811350 243
1811360 243
1811370 243
1811380 243
1811390 243
1811400 243
1811410 243
1811420 243
1811430 243
1811440 243
1811450 243
1811460 243
1811470 243
1811480 243
1811490 243
1811500 243
1811510 243
1811520 243
1811530 244
1811540 244
1811550 244
1811560 244
1811570 244
1811580 244
1811590 244
1811600 244
1811610 244
1811620 244
1811630 244
1811640 244
1811650 245
1811660 245
1811670 245
1811680 245
1811690 246
1811700 246
1811710 246
1811720 247
1811730 247
1811740 247
1811750 247
1811760 247
1811770 247
1811780 248
1811790 248
1811800 249
1811810 249
1811820 249
1811830 249
1811840 250
1811850 250
1811860 250
1811870 250
1811880 250
1811890 249
1811900 249
1811910 249
1811920 250
1811930 250
1811940 249
1811950 249
1811960 249
1811970 249
1811980 249
1811990 249
1812000 248
1812010 248
1812020 248
1812030 248
1812040 248
1812050 248
1812060 247
1812070 247
1812080 247
1812090 247
1812100 247
1812110 246
1812120 246
1812130 246
1812140 246
1812150 246
1812160 247
1812170 247
1812180 245
1812190 243
1812200 242
1812210 242
1812220 242
1812230 241
1812240 241
1812250 241
1812260 241
1812270 241
1812280 240
1812290 240
1812300 240
1812310 239
1812320 239
1812330 239
1812340 239
1812350 238
1812360 238
1812370 238
1812380 238
1812390 237
1812400 237
1812410 237
1812420 237
1812430 236
1812440 236
1812450 236
1812460 235
1812470 235
1812480 235
1812490 235
1812500 235
1812510 234
1812520 234
1812530 234
1812540 233
1812550 233
1812560 233
1812570 233
1812580 232
1812590 232
1812600 231
1812610 231
1812620 231
1812630 230
1812640 230
1812650 230
1812660 229
1812670 229
1812680 229
1812690 229
1812700 228
1812710 228
1812720 228
1812730 228
1812740 227
1812750 227
1812760 227
1812770 227
1812780 227
1812790 227
1812800 226
1812810 226
1812820 225
1812830 225
1812840 224
1812850 224
1812860 223
1812870 223
1812880 223
1812890 223
1812900 223
1812910 222
1812920 222
1812930 221
1812940 221
1812950 221
1812960 221
1812970 221
1812980 221
1812990 221
1813000 221
1813010 221
1813020 220
1813030 220
1813040 220
1813050 220
1813060 220
1813070 219
1813080 219
1813090 219
1813100 219
1813110 219
1813120 219
1813130 218
1813140 219
1813150 219
1813160 221
1813170 221
1813180 221
1813190 221
1813200 220
1813210 219
1813220 218
1813230 218
1813240 217
1813250 217
1813260 217
1813270 217
1813280 217
1813290 217
1813300 217
1813310 217
1813320 217
1813330 217
1813340 217
1813350 217
1813360 216
1813370 216
1813380 216
1813390 216
1813400 216
1813410 216
1813420 216
1813430 216
1813440 216
1813450 216
1813460 216
1813470 215
1813480 215
1813490 215
1813500 215
1813510 215
1813520 215
1813530 215
1813540 215
1813550 215
1813560 215
1813570 215
1813580 215
1813590 215
1813600 215
1813610 214
1813620 214
1813630 214
1813640 214
1813650 214
1813660 214
1813670 214
1813680 214
1813690 214
1813700 214
1813710 214
1813720 214
1813730 214
1813740 214
1813750 213
1813760 213
1813770 213
1813780 213
1813790 213
1813800 213
1813810 213
1813820 213
1813830 213
1813840 213
1813850 213
1813860 213
1813870 213
1813880 212
1813890 212
1813900 212
1813910 212
1813920 212
1813930 212
1813940 212
1813950 212
1813960 212
1813970 212
1813980 212
1813990 212
1814000 211
1814010 211
1814020 211
1814030 211
1814040 211
1814050 211
1814060 211
1814070 211
1814080 211
1814090 211
1814100 211
1814110 211
1814120 211
1814130 211
1814140 211
1814150 211
1814160 211
1814170 210
1814180 210
1814190 210
1814200 210
1814210 210
1814220 210
1814230 209
1814240 209
1814250 209
1814260 209
1814270 209
1814280 209
1814290 209
1814300 209
1814310 209
1814320 209
1814330 209
1814340 209
1814350 209
1814360 208
1814370 208
1814380 208
1814390 208
1814400 208
1814410 208
1814420 209
1814430 209
1814440 209
1814450 208
1814460 208
1814470 208
1814480 208
1814490 208
1814500 208
1814510 208
1814520 208
1814530 208
1814540 208
1814550 208
1814560 208
1814570 208
1814580 208
1814590 208
1814600 208
1814610 208
1814620 208
1814630 208
1814640 208
1814650 208
1814660 208
1814670 208
1814680 208
1814690 207
1814700 207
1814710 207
1814720 207
1814730 207
1814740 207
1814750 207
1814760 207
1814770 207
1814780 207
1814790 207
1814800 207
1814810 207
1814820 207
1814830 207
1814840 206
1814850 206
1814860 206
1814870 206
1814880 206
1814890 206
1814900 206
1814910 207
1814920 206
1814930 206
1814940 206
1814950 206
1814960 206
1814970 206
1814980 206
1814990 206
1815000 206
1815010 206
1815020 206
1815030 206
1815040 206
1815050 206
1815060 206
1815070 206
1815080 206
1815090 206
1815100 206
1815110 206
1815120 207
1815130 207
1815140 206
1815150 206
1815160 206
1815170 205
1815180 205
1815190 205
1815200 205
1815210 205
1815220 204
1815230 204
1815240 204
1815250 204
1815260 204
1815270 204
1815280 204
1815290 204
1815300 204
1815310 204
1815320 204
1815330 204
1815340 204
1815350 204
1815360 204
1815370 204
1815380 204
1815390 204
1815400 204
1815410 204
1815420 204
1815430 204
1815440 204
1815450 204
1815460 204
1815470 204
1815480 204
1815490 204
1815500 204
1815510 204
1815520 204
1815530 204
1815540 203
1815550 203
1815560 203
1815570 203
1815580 203
1815590 203
1815600 203
1815610 202
1815620 202
1815630 202
1815640 202
1815650 202
1815660 202
1815670 202
1815680 202
1815690 202
1815700 202
1815710 202
1815720 202
1815730 202
1815740 202
1815750 202
1815760 202
1815770 202
1815780 202
1815790 202
1815800 201
1815810 201
1815820 201
1815830 201
1815840 201
1815850 201
1815860 201
1815870 201
1815880 201
1815890 201
1815900 201
1815910 201
1815920 201
1815930 201
1815940 201
1815950 201
1815960 201
1815970 201
1815980 201
1815990 201
1816000 201
1816010 201
1816020 200
1816030 201
1816040 201
1816050 202
1816060 203
1816070 203
1816080 202
1816090 201
1816100 200
1816110 200
1816120 200
1816130 200
1816140 200
1816150 200
1816160 200
1816170 200
1816180 200
1816190 200
1816200 200
1816210 200
1816220 200
1816230 199
1816240 199
1816250 199
1816260 200
1816270 200
1816280 201
1816290 201
1816300 201
1816310 201
1816320 201
1816330 201
1816340 201
1816350 201
1816360 201
1816370 201
1816380 201
1816390 200
1816400 200
1816410 199
1816420 199
1816430 199
1816440 199
1816450 199
1816460 199
1816470 199
1816480 199
1816490 199
1816500 199
1816510 199
1816520 199
1816530 198
1816540 198
1816550 198
1816560 198
1816570 198
1816580 198
1816590 198
1816600 198
1816610 198
1816620 198
1816630 198
1816640 198
1816650 198
1816660 198
1816670 198
1816680 198
1816690 198
1816700 198
1816710 198
1816720 198
1816730 198
1816740 198
1816750 198
1816760 198
1816770 198
1816780 198
1816790 198
1816800 198
1816810 198
1816820 198
1816830 198
1816840 198
1816850 198
1816860 198
1816870 198
1816880 198
1816890 198
1816900 198
1816910 198
1816920 198
1816930 198
1816940 198
1816950 198
1816960 198
1816970 198
1816980 198
1816990 198
1817000 198
1817010 198
1817020 197
1817030 197
1817040 197
1817050 197
1817060 197
1817070 197
1817080 197
1817090 197
1817100 197
1817110 197
1817120 197
1817130 197
1817140 197
1817150 197
1817160 197
1817170 197
1817180 196
1817190 196
1817200 196
1817210 196
1817220 196
1817230 196
1817240 196
1817250 196
1817260 196
1817270 196
1817280 196
1817290 196
1817300 196
1817310 196
1817320 196
1817330 196
1817340 196
1817350 196
1817360 196
1817370 196
1817380 196
1817390 196
1817400 196
1817410 196
1817420 196
1817430 196
1817440 196
1817450 195
1817460 195
1817470 195
1817480 195
1817490 195
1817500 195
1817510 195
1817520 195
1817530 195
1817540 195
1817550 195
1817560 195
1817570 195
1817580 195
1817590 195
1817600 195
1817610 195
1817620 195
1817630 195
1817640 195
1817650 195
1817660 195
1817670 195
1817680 195
1817690 195
1817700 195
1817710 195
1817720 194
1817730 194
1817740 194
1817750 194
1817760 194
1817770 194
1817780 194
1817790 194
1817800 194
1817810 194
1817820 194
1817830 194
1817840 194
1817850 194
1817860 194
1817870 194
1817880 194
1817890 194
1817900 194
1817910 194
1817920 194
1817930 194
1817940 194
1817950 194
1817960 194
1817970 193
1817980 193
1817990 193
1818000 193
1818010 193
1818020 193
1818030 193
1818040 193
1818050 193
1818060 193
1818070 193
1818080 194
1818090 194
1818100 194
1818110 194
1818120 194
1818130 194
1818140 194
1818150 194
1818160 194
1818170 194
1818180 194
1818190 194
1818200 194
1818210 194
1818220 194
1818230 194
1818240 194
1818250 193
1818260 193
1818270 193
1818280 193
1818290 193
1818300 193
1818310 193
1818320 193
1818330 193
1818340 193
1818350 193
1818360 193
1818370 193
1818380 193
1818390 193
1818400 193
1818410 193
1818420 193
1818430 193
1818440 194
1818450 195
1818460 198
1818470 198
1818480 199
1818490 199
1818500 199
1818510 199
1818520 200
1818530 199
1818540 199
1818550 199
1818560 196
1818570 194
1818580 192
1818590 192
1818600 192
1818610 192
1818620 192
1818630 192
1818640 192
1818650 192
1818660 192
1818670 192
1818680 192
1818690 191
1818700 191
1818710 191
1818720 191
1818730 191
1818740 191
1818750 192
1818760 192
1818770 192
1818780 193
1818790 194
1818800 194
1818810 195
1818820 195
1818830 195
1818840 195
1818850 195
1818860 194
1818870 193
1818880 192
1818890 191
1818900 191
1818910 191
1818920 191
1818930 191
1818940 191
1818950 191
1818960 192
1818970 192
1818980 192
1818990 192
1819000 192
1819010 191
1819020 191
1819030 192
1819040 192
1819050 192
1819060 192
1819070 192
1819080 191
1819090 191
1819100 191
1819110 191
1819120 191
1819130 191
1819140 191
1819150 191
1819160 191
1819170 191
1819180 191
1819190 191
1819200 191
1819210 191
1819220 191
1819230 191
1819240 191
1819250 191
1819260 191
1819270 191
1819280 191
1819290 191
1819300 190
1819310 190
1819320 190
1819330 190
1819340 190
1819350 191
1819360 191
1819370 191
1819380 191
1819390 191
1819400 191
1819410 190
1819420 190
1819430 190
1819440 190
1819450 190
1819460 190
1819470 190
1819480 190
1819490 190
1819500 190
1819510 190
1819520 190
1819530 190
1819540 190
1819550 190
1819560 190
1819570 190
1819580 190
1819590 190
1819600 190
1819610 190
1819620 190
1819630 190
1819640 190
1819650 190
1819660 190
1819670 190
1819680 190
1819690 190
1819700 190
1819710 190
1819720 190
1819730 189
1819740 189
1819750 189
1819760 189
1819770 189
1819780 189
1819790 189
1819800 189
1819810 189
1819820 189
1819830 189
1819840 189
1819850 189
1819860 189
1819870 189
1819880 189
1819890 189
1819900 189
1819910 189
1819920 189
1819930 189
1819940 189
1819950 189
1819960 189
1819970 189
1819980 189
1819990 189
