1800000 341
1800010 341
1800020 340
1800030 339
1800040 339
1800050 338
1800060 338
1800070 338
1800080 338
1800090 338
1800100 338
1800110 338
1800120 338
1800130 338
1800140 338
1800150 339
1800160 339
1800170 339
1800180 339
1800190 339
1800200 339
1800210 339
1800220 339
1800230 339
1800240 339
1800250 339
1800260 339
1800270 339
1800280 339
1800290 339
1800300 339
1800310 339
1800320 339
1800330 339
1800340 340
1800350 340
1800360 340
1800370 341
1800380 341
1800390 341
1800400 342
1800410 342
1800420 343
1800430 343
1800440 343
1800450 343
1800460 343
1800470 343
1800480 343
1800490 343
1800500 343
1800510 343
1800520 343
1800530 344
1800540 344
1800550 344
1800560 344
1800570 344
1800580 344
1800590 344
1800600 344
1800610 344
1800620 345
1800630 345
1800640 345
1800650 345
1800660 345
1800670 345
1800680 345
1800690 345
1800700 345
1800710 345
1800720 345
1800730 346
1800740 346
1800750 346
1800760 346
1800770 346
1800780 346
1800790 346
1800800 346
1800810 346
1800820 346
1800830 346
1800840 346
1800850 345
1800860 345
1800870 345
1800880 345
1800890 345
1800900 345
1800910 345
1800920 345
1800930 345
1800940 345
1800950 344
1800960 344
1800970 344
1800980 344
1800990 344
1801000 344
1801010 343
1801020 343
1801030 343
1801040 343
1801050 343
1801060 343
1801070 343
1801080 343
1801090 343
1801100 343
1801110 343
1801120 343
1801130 342
1801140 342
1801150 342
1801160 342
1801170 341
1801180 341
1801190 340
1801200 340
1801210 340
1801220 340
1801230 339
1801240 339
1801250 339
1801260 338
1801270 337
1801280 337
1801290 336
1801300 336
1801310 335
1801320 335
1801330 335
1801340 335
1801350 336
1801360 337
1801370 337
1801380 338
1801390 338
1801400 339
1801410 339
1801420 340
1801430 341
1801440 342
1801450 344
1801460 345
1801470 346
1801480 347
1801490 348
1801500 349
1801510 349
1801520 350
1801530 351
1801540 352
1801550 352
1801560 353
1801570 353
1801580 354
1801590 354
1801600 355
1801610 356
1801620 357
1801630 358
1801640 358
1801650 359
1801660 360
1801670 361
1801680 362
1801690 362
1801700 363
1801710 363
1801720 364
1801730 364
1801740 364
1801750 365
1801760 365
1801770 365
1801780 365
1801790 365
1801800 365
1801810 364
1801820 364
1801830 364
1801840 364
1801850 364
1801860 363
1801870 363
1801880 363
1801890 363
1801900 363
1801910 363
1801920 362
1801930 362
1801940 362
1801950 362
1801960 362
1801970 362
1801980 362
1801990 362
1802000 362
1802010 362
1802020 361
1802030 361
1802040 361
1802050 361
1802060 361
1802070 361
1802080 361
1802090 361
1802100 361
1802110 360
1802120 360
1802130 359
1802140 358
1802150 358
1802160 358
1802170 357
1802180 357
1802190 357
1802200 357
1802210 356
1802220 356
1802230 356
1802240 356
1802250 355
1802260 355
1802270 355
1802280 354
1802290 354
1802300 354
1802310 353
1802320 353
1802330 352
1802340 351
1802350 351
1802360 350
1802370 349
1802380 348
1802390 348
1802400 347
1802410 347
1802420 346
1802430 345
1802440 345
1802450 344
1802460 343
1802470 343
1802480 342
1802490 342
1802500 341
1802510 340
1802520 339
1802530 337
1802540 335
1802550 333
1802560 332
1802570 332
1802580 331
1802590 331
1802600 332
1802610 332
1802620 333
1802630 334
1802640 336
1802650 337
1802660 338
1802670 338
1802680 338
1802690 338
1802700 339
1802710 340
1802720 342
1802730 343
1802740 344
1802750 345
1802760 346
1802770 348
1802780 349
1802790 350
1802800 352
1802810 354
1802820 356
1802830 358
1802840 360
1802850 361
1802860 363
1802870 364
1802880 366
1802890 367
1802900 369
1802910 370
1802920 371
1802930 372
1802940 373
1802950 374
1802960 375
1802970 376
1802980 377
1802990 379
1803000 379
1803010 380
1803020 381
1803030 381
1803040 381
1803050 381
1803060 382
1803070 382
1803080 383
1803090 383
1803100 384
1803110 385
1803120 387
1803130 389
1803140 392
1803150 395
1803160 397
1803170 399
1803180 401
1803190 403
1803200 405
1803210 407
1803220 409
1803230 411
1803240 413
1803250 415
1803260 417
1803270 418
1803280 420
1803290 421
1803300 421
1803310 422
1803320 422
1803330 422
1803340 422
1803350 421
1803360 421
1803370 420
1803380 420
1803390 419
1803400 419
1803410 418
1803420 417
1803430 416
1803440 415
1803450 415
1803460 414
1803470 413
1803480 412
1803490 411
1803500 410
1803510 409
1803520 408
1803530 407
1803540 406
1803550 405
1803560 403
1803570 402
1803580 401
1803590 400
1803600 398
1803610 396
1803620 395
1803630 393
1803640 391
1803650 390
1803660 389
1803670 388
1803680 386
1803690 385
1803700 384
1803710 383
1803720 382
1803730 381
1803740 380
1803750 379
1803760 378
1803770 377
1803780 377
1803790 376
1803800 375
1803810 374
1803820 374
1803830 373
1803840 372
1803850 372
1803860 371
1803870 371
1803880 370
1803890 370
1803900 369
1803910 368
1803920 367
1803930 366
1803940 365
1803950 364
1803960 363
1803970 363
1803980 362
1803990 361
1804000 361
1804010 360
1804020 359
1804030 359
1804040 358
1804050 358
1804060 357
1804070 356
1804080 356
1804090 355
1804100 354
1804110 354
1804120 353
1804130 353
1804140 352
1804150 352
1804160 351
1804170 351
1804180 350
1804190 350
1804200 349
1804210 349
1804220 348
1804230 348
1804240 348
1804250 347
1804260 347
1804270 347
1804280 346
1804290 346
1804300 346
1804310 346
1804320 345
1804330 345
1804340 344
1804350 344
1804360 343
1804370 343
1804380 342
1804390 342
1804400 341
1804410 341
1804420 340
1804430 340
1804440 340
1804450 339
1804460 339
1804470 339
1804480 338
1804490 338
1804500 338
1804510 337
1804520 337
1804530 336
1804540 335
1804550 335
1804560 334
1804570 334
1804580 333
1804590 333
1804600 332
1804610 332
1804620 331
1804630 330
1804640 330
1804650 329
1804660 329
1804670 328
1804680 328
1804690 327
1804700 326
1804710 326
1804720 325
1804730 324
1804740 324
1804750 323
1804760 322
1804770 322
1804780 321
1804790 320
1804800 320
1804810 319
1804820 319
1804830 319
1804840 318
1804850 318
1804860 317
1804870 317
1804880 316
1804890 317
1804900 317
1804910 318
1804920 318
1804930 317
1804940 317
1804950 317
1804960 318
1804970 318
1804980 318
1804990 318
1805000 319
1805010 319
1805020 319
1805030 320
1805040 320
1805050 320
1805060 320
1805070 320
1805080 321
1805090 321
1805100 322
1805110 322
1805120 323
1805130 323
1805140 324
1805150 324
1805160 324
1805170 325
1805180 325
1805190 326
1805200 326
1805210 327
1805220 327
1805230 327
1805240 327
1805250 328
1805260 328
1805270 328
1805280 327
1805290 326
1805300 325
1805310 325
1805320 324
1805330 325
1805340 326
1805350 327
1805360 329
1805370 331
1805380 332
1805390 334
1805400 335
1805410 336
1805420 337
1805430 338
1805440 339
1805450 341
1805460 342
1805470 343
1805480 344
1805490 345
1805500 347
1805510 348
1805520 349
1805530 350
1805540 351
1805550 351
1805560 352
1805570 353
1805580 353
1805590 354
1805600 354
1805610 355
1805620 356
1805630 356
1805640 357
1805650 357
1805660 357
1805670 358
1805680 358
1805690 358
1805700 358
1805710 359
1805720 359
1805730 359
1805740 359
1805750 359
1805760 359
1805770 359
1805780 359
1805790 359
1805800 358
1805810 358
1805820 358
1805830 357
1805840 357
1805850 356
1805860 356
1805870 355
1805880 355
1805890 354
1805900 353
1805910 352
1805920 351
1805930 349
1805940 348
1805950 347
1805960 346
1805970 345
1805980 344
1805990 344
1806000 343
1806010 343
1806020 343
1806030 342
1806040 342
1806050 342
1806060 342
1806070 341
1806080 341
1806090 340
1806100 340
1806110 339
1806120 339
1806130 339
1806140 338
1806150 337
1806160 337
1806170 336
1806180 336
1806190 335
1806200 335
1806210 335
1806220 334
1806230 334
1806240 334
1806250 333
1806260 333
1806270 332
1806280 332
1806290 332
1806300 331
1806310 331
1806320 331
1806330 331
1806340 331
1806350 331
1806360 330
1806370 329
1806380 329
1806390 328
1806400 328
1806410 328
1806420 328
1806430 328
1806440 327
1806450 326
1806460 325
1806470 326
1806480 326
1806490 326
1806500 326
1806510 326
1806520 326
1806530 326
1806540 325
1806550 325
1806560 325
1806570 325
1806580 325
1806590 324
1806600 324
1806610 324
1806620 323
1806630 322
1806640 321
1806650 320
1806660 319
1806670 318
1806680 318
1806690 319
1806700 321
1806710 322
1806720 323
1806730 324
1806740 325
1806750 325
1806760 326
1806770 327
1806780 327
1806790 328
1806800 328
1806810 329
1806820 330
1806830 330
1806840 331
1806850 332
1806860 333
1806870 335
1806880 336
1806890 338
1806900 339
1806910 340
1806920 341
1806930 341
1806940 341
1806950 340
1806960 339
1806970 338
1806980 337
1806990 337
1807000 337
1807010 337
1807020 337
1807030 336
1807040 336
1807050 336
1807060 336
1807070 336
1807080 336
1807090 335
1807100 335
1807110 335
1807120 335
1807130 335
1807140 336
1807150 336
1807160 336
1807170 337
1807180 337
1807190 336
1807200 336
1807210 336
1807220 336
1807230 335
1807240 335
1807250 334
1807260 333
1807270 332
1807280 332
1807290 333
1807300 334
1807310 335
1807320 335
1807330 336
1807340 337
1807350 338
1807360 339
1807370 341
1807380 342
1807390 343
1807400 343
1807410 344
1807420 345
1807430 345
1807440 345
1807450 345
1807460 346
1807470 346
1807480 345
1807490 345
1807500 344
1807510 343
1807520 343
1807530 342
1807540 341
1807550 341
1807560 341
1807570 341
1807580 341
1807590 341
1807600 341
1807610 341
1807620 341
1807630 341
1807640 340
1807650 340
1807660 339
1807670 339
1807680 339
1807690 338
1807700 338
1807710 338
1807720 338
1807730 338
1807740 338
1807750 338
1807760 338
1807770 337
1807780 337
1807790 337
1807800 337
1807810 337
1807820 336
1807830 336
1807840 336
1807850 337
1807860 337
1807870 338
1807880 338
1807890 339
1807900 340
1807910 340
1807920 341
1807930 341
1807940 342
1807950 342
1807960 342
1807970 342
1807980 342
1807990 342
1808000 343
1808010 343
1808020 343
1808030 343
1808040 344
1808050 344
1808060 345
1808070 346
1808080 347
1808090 347
1808100 348
1808110 349
1808120 350
1808130 351
1808140 352
1808150 352
1808160 352
1808170 352
1808180 352
1808190 352
1808200 353
1808210 353
1808220 353
1808230 353
1808240 353
1808250 353
1808260 353
1808270 353
1808280 353
1808290 353
1808300 353
1808310 353
1808320 353
1808330 353
1808340 353
1808350 353
1808360 353
1808370 353
1808380 354
1808390 354
1808400 354
1808410 354
1808420 354
1808430 354
1808440 354
1808450 354
1808460 354
1808470 354
1808480 354
1808490 353
1808500 353
1808510 353
1808520 353
1808530 352
1808540 352
1808550 352
1808560 352
1808570 351
1808580 351
1808590 350
1808600 350
1808610 350
1808620 350
1808630 349
1808640 349
1808650 348
1808660 348
1808670 348
1808680 347
1808690 347
1808700 347
1808710 346
1808720 346
1808730 346
1808740 346
1808750 346
1808760 346
1808770 346
1808780 346
1808790 346
1808800 346
1808810 346
1808820 345
1808830 345
1808840 345
1808850 345
1808860 345
1808870 345
1808880 345
1808890 345
1808900 345
1808910 345
1808920 345
1808930 344
1808940 344
1808950 344
1808960 344
1808970 344
1808980 343
1808990 343
1809000 342
1809010 341
1809020 341
1809030 340
1809040 340
1809050 339
1809060 339
1809070 339
1809080 338
1809090 338
1809100 338
1809110 338
1809120 337
1809130 337
1809140 337
1809150 336
1809160 336
1809170 336
1809180 336
1809190 335
1809200 335
1809210 334
1809220 333
1809230 331
1809240 329
1809250 328
1809260 328
1809270 328
1809280 328
1809290 328
1809300 328
1809310 328
1809320 328
1809330 328
1809340 328
1809350 328
1809360 328
1809370 328
1809380 328
1809390 328
1809400 328
1809410 328
1809420 328
1809430 328
1809440 328
1809450 328
1809460 328
1809470 328
1809480 328
1809490 328
1809500 328
1809510 328
1809520 328
1809530 328
1809540 328
1809550 328
1809560 328
1809570 326
1809580 324
1809590 322
1809600 320
1809610 319
1809620 318
1809630 318
1809640 317
1809650 316
1809660 316
1809670 315
1809680 314
1809690 314
1809700 313
1809710 312
1809720 312
1809730 311
1809740 310
1809750 310
1809760 309
1809770 309
1809780 308
1809790 308
1809800 307
1809810 307
1809820 306
1809830 306
1809840 305
1809850 304
1809860 303
1809870 303
1809880 303
1809890 302
1809900 301
1809910 300
1809920 300
1809930 299
1809940 299
1809950 298
1809960 298
1809970 298
1809980 299
1809990 297
1810000 296
1810010 296
1810020 295
1810030 295
1810040 295
1810050 294
1810060 294
1810070 293
1810080 293
1810090 293
1810100 293
1810110 293
1810120 294
1810130 294
1810140 294
1810150 293
1810160 293
1810170 290
1810180 289
1810190 288
1810200 288
1810210 287
1810220 286
1810230 286
1810240 286
1810250 285
1810260 285
1810270 285
1810280 285
1810290 285
1810300 284
1810310 284
1810320 284
1810330 284
1810340 283
1810350 283
1810360 283
1810370 283
1810380 283
1810390 283
1810400 282
1810410 282
1810420 282
1810430 282
1810440 282
1810450 281
1810460 281
1810470 281
1810480 280
1810490 280
1810500 279
1810510 279
1810520 279
1810530 279
1810540 278
1810550 278
1810560 277
1810570 277
1810580 276
1810590 276
1810600 276
1810610 276
1810620 275
1810630 275
1810640 275
1810650 274
1810660 274
1810670 273
1810680 273
1810690 273
1810700 272
1810710 272
1810720 272
1810730 271
1810740 271
1810750 270
1810760 270
1810770 269
1810780 269
1810790 268
1810800 267
1810810 267
1810820 267
1810830 266
1810840 266
1810850 266
1810860 265
1810870 265
1810880 265
1810890 264
1810900 264
1810910 264
1810920 263
1810930 263
1810940 263
1810950 262
1810960 262
1810970 261
1810980 261
1810990 261
1811000 260
1811010 260
1811020 260
1811030 260
1811040 259
1811050 259
1811060 259
1811070 258
1811080 258
1811090 258
1811100 257
1811110 257
1811120 257
1811130 257
1811140 256
1811150 256
1811160 256
1811170 256
1811180 256
1811190 255
1811200 255
1811210 255
1811220 255
1811230 255
1811240 254
1811250 254
1811260 254
1811270 254
1811280 254
1811290 253
1811300 253
1811310 253
1811320 253
1811330 253
1811340 253
1811350 253
1811360 252
1811370 252
1811380 252
1811390 252
1811400 252
1811410 252
1811420 251
1811430 251
1811440 251
1811450 251
1811460 251
1811470 251
1811480 251
1811490 251
1811500 251
1811510 250
1811520 250
1811530 250
1811540 250
1811550 250
1811560 250
1811570 250
1811580 250
1811590 249
1811600 249
1811610 249
1811620 249
1811630 249
1811640 249
1811650 249
1811660 249
1811670 249
1811680 249
1811690 249
1811700 248
1811710 248
1811720 248
1811730 248
1811740 248
1811750 248
1811760 248
1811770 248
1811780 248
1811790 248
1811800 248
1811810 247
1811820 247
1811830 247
1811840 247
1811850 247
1811860 247
1811870 247
1811880 247
1811890 246
1811900 246
1811910 246
1811920 246
1811930 246
1811940 246
1811950 246
1811960 246
1811970 246
1811980 246
1811990 246
1812000 246
1812010 246
1812020 246
1812030 245
1812040 245
1812050 245
1812060 245
1812070 245
1812080 245
1812090 245
1812100 245
1812110 244
1812120 244
1812130 244
1812140 244
1812150 244
1812160 244
1812170 244
1812180 244
1812190 244
1812200 244
1812210 244
1812220 244
1812230 244
1812240 244
1812250 244
1812260 244
1812270 244
1812280 244
1812290 244
1812300 244
1812310 244
1812320 244
1812330 244
1812340 244
1812350 244
1812360 244
1812370 244
1812380 244
1812390 244
1812400 245
1812410 245
1812420 245
1812430 245
1812440 245
1812450 245
1812460 245
1812470 245
1812480 245
1812490 245
1812500 245
1812510 245
1812520 245
1812530 245
1812540 246
1812550 246
1812560 247
1812570 247
1812580 247
1812590 247
1812600 247
1812610 248
1812620 248
1812630 248
1812640 248
1812650 248
1812660 248
1812670 248
1812680 248
1812690 248
1812700 249
1812710 250
1812720 250
1812730 251
1812740 252
1812750 252
1812760 253
1812770 254
1812780 255
1812790 254
1812800 254
1812810 254
1812820 254
1812830 255
1812840 255
1812850 256
1812860 256
1812870 256
1812880 256
1812890 255
1812900 255
1812910 256
1812920 256
1812930 257
1812940 257
1812950 257
1812960 256
1812970 256
1812980 255
1812990 255
1813000 255
1813010 254
1813020 254
1813030 254
1813040 253
1813050 253
1813060 253
1813070 252
1813080 252
1813090 252
1813100 252
1813110 252
1813120 251
1813130 251
1813140 250
1813150 250
1813160 249
1813170 248
1813180 248
1813190 248
1813200 248
1813210 248
1813220 248
1813230 248
1813240 248
1813250 248
1813260 248
1813270 248
1813280 248
1813290 248
1813300 248
1813310 248
1813320 248
1813330 248
1813340 248
1813350 248
1813360 248
1813370 248
1813380 248
1813390 248
1813400 248
1813410 248
1813420 248
1813430 247
1813440 246
1813450 245
1813460 244
1813470 244
1813480 244
1813490 243
1813500 243
1813510 243
1813520 243
1813530 243
1813540 242
1813550 242
1813560 241
1813570 240
1813580 240
1813590 240
1813600 240
1813610 239
1813620 239
1813630 239
1813640 238
1813650 238
1813660 238
1813670 238
1813680 238
1813690 237
1813700 237
1813710 237
1813720 237
1813730 236
1813740 236
1813750 236
1813760 236
1813770 235
1813780 235
1813790 235
1813800 235
1813810 235
1813820 235
1813830 234
1813840 234
1813850 233
1813860 233
1813870 233
1813880 233
1813890 232
1813900 232
1813910 232
1813920 232
1813930 231
1813940 231
1813950 231
1813960 231
1813970 231
1813980 230
1813990 230
1814000 230
1814010 230
1814020 230
1814030 229
1814040 229
1814050 229
1814060 229
1814070 228
1814080 228
1814090 228
1814100 228
1814110 227
1814120 227
1814130 227
1814140 227
1814150 227
1814160 226
1814170 226
1814180 226
1814190 226
1814200 226
1814210 225
1814220 225
1814230 225
1814240 225
1814250 224
1814260 224
1814270 224
1814280 224
1814290 224
1814300 224
1814310 224
1814320 224
1814330 224
1814340 223
1814350 223
1814360 223
1814370 223
1814380 223
1814390 223
1814400 223
1814410 222
1814420 223
1814430 223
1814440 222
1814450 221
1814460 221
1814470 221
1814480 221
1814490 220
1814500 220
1814510 220
1814520 220
1814530 220
1814540 219
1814550 219
1814560 219
1814570 219
1814580 219
1814590 219
1814600 219
1814610 219
1814620 219
1814630 219
1814640 219
1814650 218
1814660 218
1814670 218
1814680 218
1814690 218
1814700 218
1814710 218
1814720 217
1814730 217
1814740 217
1814750 217
1814760 217
1814770 217
1814780 216
1814790 216
1814800 216
1814810 216
1814820 216
1814830 216
1814840 215
1814850 215
1814860 216
1814870 216
1814880 216
1814890 216
1814900 215
1814910 214
1814920 214
1814930 214
1814940 213
1814950 213
1814960 213
1814970 213
1814980 213
1814990 213
1815000 213
1815010 212
1815020 211
1815030 211
1815040 211
1815050 211
1815060 211
1815070 211
1815080 211
1815090 211
1815100 211
1815110 211
1815120 211
1815130 211
1815140 211
1815150 211
1815160 211
1815170 211
1815180 211
1815190 210
1815200 210
1815210 210
1815220 210
1815230 210
1815240 210
1815250 210
1815260 210
1815270 209
1815280 209
1815290 209
1815300 209
1815310 209
1815320 209
1815330 209
1815340 209
1815350 209
1815360 209
1815370 208
1815380 208
1815390 207
1815400 207
1815410 207
1815420 207
1815430 207
1815440 207
1815450 207
1815460 207
1815470 207
1815480 207
1815490 207
1815500 207
1815510 207
1815520 207
1815530 207
1815540 206
1815550 206
1815560 206
1815570 206
1815580 206
1815590 206
1815600 206
1815610 206
1815620 206
1815630 205
1815640 205
1815650 205
1815660 205
1815670 205
1815680 205
1815690 205
1815700 205
1815710 204
1815720 204
1815730 204
1815740 204
1815750 204
1815760 204
1815770 204
1815780 204
1815790 204
1815800 204
1815810 204
1815820 204
1815830 203
1815840 203
1815850 203
1815860 203
1815870 203
1815880 203
1815890 203
1815900 203
1815910 203
1815920 203
1815930 203
1815940 202
1815950 202
1815960 202
1815970 202
1815980 202
1815990 202
1816000 202
1816010 201
1816020 201
1816030 201
1816040 201
1816050 201
1816060 201
1816070 201
1816080 201
1816090 201
1816100 201
1816110 201
1816120 200
1816130 200
1816140 200
1816150 200
1816160 200
1816170 200
1816180 200
1816190 200
1816200 200
1816210 200
1816220 200
1816230 200
1816240 200
1816250 199
1816260 199
1816270 199
1816280 199
1816290 199
1816300 199
1816310 199
1816320 199
1816330 199
1816340 199
1816350 199
1816360 199
1816370 199
1816380 199
1816390 199
1816400 199
1816410 199
1816420 199
1816430 199
1816440 198
1816450 198
1816460 198
1816470 198
1816480 198
1816490 198
1816500 198
1816510 197
1816520 198
1816530 198
1816540 198
1816550 198
1816560 198
1816570 198
1816580 198
1816590 198
1816600 198
1816610 198
1816620 198
1816630 198
1816640 198
1816650 197
1816660 197
1816670 197
1816680 197
1816690 197
1816700 197
1816710 197
1816720 197
1816730 198
1816740 198
1816750 198
1816760 198
1816770 198
1816780 198
1816790 198
1816800 198
1816810 198
1816820 198
1816830 198
1816840 198
1816850 198
1816860 198
1816870 198
1816880 198
1816890 198
1816900 198
1816910 198
1816920 198
1816930 197
1816940 197
1816950 197
1816960 197
1816970 197
1816980 197
1816990 197
1817000 197
1817010 197
1817020 197
1817030 197
1817040 197
1817050 197
1817060 196
1817070 196
1817080 196
1817090 197
1817100 197
1817110 199
1817120 201
1817130 202
1817140 202
1817150 198
1817160 196
1817170 196
1817180 196
1817190 196
1817200 196
1817210 195
1817220 195
1817230 195
1817240 195
1817250 195
1817260 195
1817270 195
1817280 195
1817290 195
1817300 195
1817310 195
1817320 195
1817330 195
1817340 195
1817350 195
1817360 195
1817370 195
1817380 195
1817390 195
1817400 195
1817410 195
1817420 195
1817430 195
1817440 195
1817450 195
1817460 195
1817470 195
1817480 195
1817490 195
1817500 195
1817510 194
1817520 194
1817530 194
1817540 194
1817550 194
1817560 194
1817570 194
1817580 194
1817590 194
1817600 195
1817610 195
1817620 195
1817630 196
1817640 196
1817650 197
1817660 197
1817670 197
1817680 196
1817690 197
1817700 196
1817710 196
1817720 196
1817730 196
1817740 196
1817750 196
1817760 196
1817770 196
1817780 196
1817790 196
1817800 197
1817810 197
1817820 197
1817830 197
1817840 197
1817850 197
1817860 197
1817870 196
1817880 196
1817890 196
1817900 196
1817910 196
1817920 196
1817930 196
1817940 196
1817950 196
1817960 196
1817970 196
1817980 196
1817990 196
1818000 196
1818010 196
1818020 196
1818030 196
1818040 197
1818050 197
1818060 197
1818070 197
1818080 197
1818090 197
1818100 197
1818110 197
1818120 197
1818130 197
1818140 197
1818150 197
1818160 197
1818170 197
1818180 197
1818190 197
1818200 197
1818210 197
1818220 197
1818230 197
1818240 198
1818250 198
1818260 198
1818270 198
1818280 197
1818290 197
1818300 197
1818310 197
1818320 197
1818330 197
1818340 198
1818350 198
1818360 198
1818370 197
1818380 197
1818390 198
1818400 198
1818410 198
1818420 199
1818430 200
1818440 202
1818450 202
1818460 203
1818470 203
1818480 204
1818490 204
1818500 203
1818510 201
1818520 199
1818530 198
1818540 198
1818550 198
1818560 198
1818570 199
1818580 199
1818590 199
1818600 199
1818610 199
1818620 199
1818630 199
1818640 199
1818650 199
1818660 199
1818670 199
1818680 199
1818690 199
1818700 199
1818710 198
1818720 198
1818730 198
1818740 198
1818750 198
1818760 198
1818770 198
1818780 198
1818790 198
1818800 198
1818810 197
1818820 196
1818830 195
1818840 194
1818850 195
1818860 196
1818870 196
1818880 197
1818890 197
1818900 196
1818910 196
1818920 197
1818930 197
1818940 197
1818950 197
1818960 197
1818970 197
1818980 197
1818990 197
1819000 197
1819010 197
1819020 197
1819030 197
1819040 197
1819050 197
1819060 198
1819070 198
1819080 198
1819090 198
1819100 198
1819110 198
1819120 198
1819130 198
1819140 198
1819150 198
1819160 198
1819170 198
1819180 198
1819190 198
1819200 198
1819210 198
1819220 198
1819230 198
1819240 198
1819250 198
1819260 198
1819270 198
1819280 198
1819290 198
1819300 198
1819310 198
1819320 197
1819330 197
1819340 197
1819350 197
1819360 198
1819370 199
1819380 200
1819390 201
1819400 201
1819410 202
1819420 204
1819430 206
1819440 207
1819450 207
1819460 208
1819470 207
1819480 206
1819490 204
1819500 201
1819510 198
1819520 196
1819530 196
1819540 196
1819550 195
1819560 195
1819570 195
1819580 195
1819590 195
1819600 196
1819610 196
1819620 196
1819630 196
1819640 196
1819650 195
1819660 195
1819670 195
1819680 195
1819690 195
1819700 195
1819710 195
1819720 195
1819730 195
1819740 195
1819750 195
1819760 195
1819770 195
1819780 195
1819790 195
1819800 195
1819810 195
1819820 195
1819830 195
1819840 195
1819850 195
1819860 196
1819870 196
1819880 196
1819890 196
1819900 195
1819910 195
1819920 195
1819930 195
1819940 196
1819950 196
1819960 196
1819970 196
1819980 196
1819990 196
