1801490 497
1801500 497
1801510 497
1801520 498
1801530 498
1801540 498
1801550 498
1801560 497
1801570 497
1801580 497
1801590 496
1801600 495
1801610 495
1801620 494
1801630 493
1801640 493
1801650 492
1801660 491
1801670 490
1801680 490
1801690 489
1801700 488
1801710 487
1801720 486
1801730 485
1801740 484
1801750 484
1801760 483
1801770 482
1801780 481
1801790 480
1801800 479
1801810 478
1801820 476
1801830 475
1801840 474
1801850 472
1801860 471
1801870 469
1801880 467
1801890 465
1801900 462
1801910 459
1801920 456
1801930 453
1801940 451
1801950 450
1801960 452
1801970 454
1801980 455
1801990 456
1802000 456
1802010 457
1802020 458
1802030 459
1802040 459
1802050 460
1802060 461
1802070 461
1802080 462
1802090 462
1802100 463
1802110 465
1802120 466
1802130 468
1802140 469
1802150 469
1802160 469
1802170 469
1802180 470
1802190 470
1802200 471
1802210 472
1802220 472
1802230 473
1802240 474
1802250 475
1802260 476
1802270 476
1802280 476
1802290 476
1802300 476
1802310 476
1802320 477
1802330 477
1802340 477
1802350 477
1802360 478
1802370 478
1802380 479
1802390 479
1802400 480
1802410 480
1802420 481
1802430 481
1802440 481
1802450 481
1802460 481
1802470 481
1802480 482
1802490 481
1802500 481
1802510 481
1802520 480
1802530 480
1802540 480
1802550 480
1802560 479
1802570 479
1802580 478
1802590 478
1802600 477
1802610 476
1802620 476
1802630 475
1802640 474
1802650 474
1802660 473
1802670 473
1802680 472
1802690 471
1802700 470
1802710 469
1802720 469
1802730 468
1802740 467
1802750 466
1802760 465
1802770 463
1802780 462
1802790 461
1802800 460
1802810 459
1802820 458
1802830 457
1802840 456
1802850 455
1802860 454
1802870 453
1802880 452
1802890 451
1802900 450
1802910 449
1802920 447
1802930 446
1802940 444
1802950 443
1802960 441
1802970 440
1802980 438
1802990 437
1803000 435
1803010 432
1803020 429
1803030 426
1803040 425
1803050 425
1803060 425
1803070 427
1803080 428
1803090 429
1803100 430
1803110 431
1803120 431
1803130 431
1803140 431
1803150 431
1803160 432
1803170 432
1803180 432
1803190 433
1803200 434
1803210 435
1803220 435
1803230 435
1803240 435
1803250 435
1803260 435
1803270 435
1803280 435
1803290 435
1803300 434
1803310 434
1803320 433
1803330 433
1803340 432
1803350 431
1803360 431
1803370 430
1803380 429
1803390 428
1803400 427
1803410 427
1803420 426
1803430 425
1803440 425
1803450 424
1803460 423
1803470 422
1803480 422
1803490 421
1803500 420
1803510 419
1803520 418
1803530 417
1803540 416
1803550 415
1803560 414
1803570 414
1803580 413
1803590 413
1803600 413
1803610 412
1803620 412
1803630 411
1803640 411
1803650 411
1803660 410
1803670 410
1803680 410
1803690 409
1803700 409
1803710 408
1803720 408
1803730 407
1803740 407
1803750 406
1803760 405
1803770 405
1803780 404
1803790 404
1803800 403
1803810 403
1803820 402
1803830 402
1803840 402
1803850 401
1803860 401
1803870 400
1803880 400
1803890 400
1803900 400
1803910 401
1803920 401
1803930 401
1803940 401
1803950 402
1803960 403
1803970 403
1803980 404
1803990 405
1804000 406
1804010 407
1804020 408
1804030 408
1804040 409
1804050 409
1804060 410
1804070 411
1804080 411
1804090 412
1804100 412
1804110 412
1804120 412
1804130 413
1804140 413
1804150 414
1804160 414
1804170 415
1804180 415
1804190 416
1804200 416
1804210 417
1804220 417
1804230 417
1804240 418
1804250 419
1804260 419
1804270 420
1804280 420
1804290 421
1804300 422
1804310 423
1804320 424
1804330 426
1804340 427
1804350 429
1804360 430
1804370 431
1804380 432
1804390 433
1804400 436
1804410 438
1804420 441
1804430 444
1804440 446
1804450 448
1804460 450
1804470 452
1804480 454
1804490 456
1804500 458
1804510 459
1804520 461
1804530 462
1804540 464
1804550 465
1804560 466
1804570 468
1804580 469
1804590 470
1804600 471
1804610 472
1804620 473
1804630 474
1804640 475
1804650 476
1804660 477
1804670 478
1804680 480
1804690 481
1804700 482
1804710 484
1804720 485
1804730 487
1804740 488
1804750 490
1804760 491
1804770 493
1804780 494
1804790 494
1804800 495
1804810 495
1804820 495
1804830 494
1804840 494
1804850 493
1804860 491
1804870 490
1804880 487
1804890 485
1804900 483
1804910 480
1804920 478
1804930 476
1804940 474
1804950 472
1804960 470
1804970 469
1804980 468
1804990 467
1805000 465
1805010 464
1805020 463
1805030 461
1805040 460
1805050 458
1805060 456
1805070 454
1805080 453
1805090 451
1805100 450
1805110 449
1805120 449
1805130 448
1805140 447
1805150 445
1805160 444
1805170 443
1805180 443
1805190 442
1805200 441
1805210 441
1805220 441
1805230 440
1805240 440
1805250 439
1805260 439
1805270 438
1805280 437
1805290 437
1805300 436
1805310 436
1805320 437
1805330 437
1805340 437
1805350 436
1805360 436
1805370 436
1805380 436
1805390 436
1805400 436
1805410 435
1805420 434
1805430 433
1805440 433
1805450 436
1805460 438
1805470 440
1805480 441
1805490 441
1805500 440
1805510 440
1805520 442
1805530 444
1805540 446
1805550 448
1805560 449
1805570 450
1805580 451
1805590 452
1805600 452
1805610 453
1805620 454
1805630 454
1805640 455
1805650 456
1805660 457
1805670 458
1805680 459
1805690 459
1805700 460
1805710 460
1805720 461
1805730 463
1805740 464
1805750 465
1805760 467
1805770 469
1805780 471
1805790 472
1805800 473
1805810 474
1805820 475
1805830 477
1805840 478
1805850 479
1805860 480
1805870 481
1805880 481
1805890 482
1805900 482
1805910 483
1805920 484
1805930 484
1805940 484
1805950 484
1805960 484
1805970 483
1805980 483
1805990 482
1806000 482
1806010 481
1806020 480
1806030 480
1806040 479
1806050 478
1806060 478
1806070 477
1806080 476
1806090 475
1806100 474
1806110 473
1806120 473
1806130 472
1806140 471
1806150 470
1806160 469
1806170 468
1806180 467
1806190 466
1806200 465
1806210 464
1806220 463
1806230 463
1806240 462
1806250 461
1806260 460
1806270 459
1806280 459
1806290 458
1806300 457
1806310 456
1806320 455
1806330 454
1806340 453
1806350 452
1806360 451
1806370 449
1806380 448
1806390 447
1806400 445
1806410 444
1806420 443
1806430 442
1806440 440
1806450 439
1806460 438
1806470 437
1806480 435
1806490 434
1806500 433
1806510 431
1806520 430
1806530 429
1806540 428
1806550 427
1806560 425
1806570 424
1806580 423
1806590 422
1806600 420
1806610 419
1806620 418
1806630 416
1806640 415
1806650 414
1806660 413
1806670 412
1806680 411
1806690 411
1806700 410
1806710 409
1806720 407
1806730 405
1806740 403
1806750 401
1806760 400
1806770 399
1806780 398
1806790 397
1806800 395
1806810 394
1806820 393
1806830 393
1806840 392
1806850 392
1806860 392
1806870 392
1806880 392
1806890 392
1806900 393
1806910 393
1806920 393
1806930 392
1806940 391
1806950 390
1806960 390
1806970 389
1806980 389
1806990 388
1807000 388
1807010 388
1807020 388
1807030 388
1807040 387
1807050 387
1807060 386
1807070 386
1807080 385
1807090 384
1807100 383
1807110 383
1807120 383
1807130 383
1807140 383
1807150 382
1807160 383
1807170 383
1807180 383
1807190 383
1807200 382
1807210 382
1807220 382
1807230 381
1807240 381
1807250 380
1807260 379
1807270 378
1807280 377
1807290 377
1807300 376
1807310 375
1807320 374
1807330 373
1807340 372
1807350 370
1807360 369
1807370 368
1807380 367
1807390 365
1807400 364
1807410 363
1807420 361
1807430 360
1807440 360
1807450 359
1807460 358
1807470 357
1807480 357
1807490 356
1807500 355
1807510 355
1807520 354
1807530 354
1807540 353
1807550 353
1807560 352
1807570 352
1807580 352
1807590 351
1807600 351
1807610 350
1807620 349
1807630 349
1807640 348
1807650 347
1807660 346
1807670 345
1807680 344
1807690 344
1807700 343
1807710 343
1807720 342
1807730 342
1807740 341
1807750 341
1807760 340
1807770 339
1807780 338
1807790 338
1807800 337
1807810 337
1807820 336
1807830 336
1807840 335
1807850 334
1807860 334
1807870 333
1807880 333
1807890 332
1807900 331
1807910 330
1807920 329
1807930 328
1807940 328
1807950 327
1807960 326
1807970 326
1807980 325
1807990 324
1808000 323
1808010 323
1808020 322
1808030 321
1808040 321
1808050 320
1808060 319
1808070 319
1808080 318
1808090 317
1808100 317
1808110 316
1808120 316
1808130 315
1808140 314
1808150 314
1808160 313
1808170 313
1808180 312
1808190 312
1808200 311
1808210 311
1808220 310
1808230 309
1808240 308
1808250 308
1808260 307
1808270 306
1808280 306
1808290 305
1808300 304
1808310 304
1808320 303
1808330 303
1808340 302
1808350 301
1808360 300
1808370 298
1808380 297
1808390 297
1808400 297
1808410 297
1808420 297
1808430 297
1808440 297
1808450 297
1808460 297
1808470 297
1808480 297
1808490 297
1808500 296
1808510 296
1808520 296
1808530 296
1808540 296
1808550 296
1808560 295
1808570 295
1808580 294
1808590 294
1808600 294
1808610 294
1808620 294
1808630 294
1808640 294
1808650 294
1808660 294
1808670 294
1808680 294
1808690 294
1808700 294
1808710 294
1808720 294
1808730 294
1808740 294
1808750 293
1808760 293
1808770 293
1808780 293
1808790 293
1808800 293
1808810 293
1808820 293
1808830 293
1808840 293
1808850 293
1808860 293
1808870 292
1808880 292
1808890 292
1808900 292
1808910 292
1808920 291
1808930 291
1808940 291
1808950 291
1808960 291
1808970 291
1808980 291
1808990 290
1809000 290
1809010 290
1809020 290
1809030 290
1809040 290
1809050 290
1809060 291
1809070 291
1809080 291
1809090 292
1809100 292
1809110 292
1809120 292
1809130 292
1809140 292
1809150 292
1809160 292
1809170 292
1809180 291
1809190 291
1809200 290
1809210 290
1809220 289
1809230 289
1809240 289
1809250 289
1809260 288
1809270 288
1809280 288
1809290 288
1809300 287
1809310 287
1809320 287
1809330 287
1809340 287
1809350 287
1809360 287
1809370 286
1809380 286
1809390 286
1809400 286
1809410 285
1809420 285
1809430 285
1809440 285
1809450 285
1809460 285
1809470 285
1809480 285
1809490 285
1809500 286
1809510 286
1809520 286
1809530 286
1809540 286
1809550 286
1809560 286
1809570 286
1809580 286
1809590 285
1809600 285
1809610 285
1809620 285
1809630 285
1809640 285
1809650 284
1809660 284
1809670 284
1809680 283
1809690 283
1809700 284
1809710 284
1809720 285
1809730 285
1809740 286
1809750 286
1809760 287
1809770 288
1809780 288
1809790 288
1809800 289
1809810 289
1809820 290
1809830 290
1809840 291
1809850 291
1809860 291
1809870 291
1809880 291
1809890 291
1809900 291
1809910 292
1809920 292
1809930 292
1809940 292
1809950 292
1809960 292
1809970 291
1809980 291
1809990 291
1810000 291
1810010 292
1810020 292
1810030 293
1810040 293
1810050 293
1810060 294
1810070 294
1810080 294
1810090 295
1810100 295
1810110 295
1810120 295
1810130 295
1810140 295
1810150 295
1810160 295
1810170 295
1810180 295
1810190 295
1810200 295
1810210 295
1810220 295
1810230 295
1810240 295
1810250 295
1810260 295
1810270 295
1810280 295
1810290 295
1810300 295
1810310 295
1810320 295
1810330 295
1810340 295
1810350 294
1810360 293
1810370 292
1810380 292
1810390 292
1810400 291
1810410 291
1810420 291
1810430 291
1810440 290
1810450 290
1810460 290
1810470 289
1810480 289
1810490 289
1810500 289
1810510 288
1810520 288
1810530 288
1810540 288
1810550 287
1810560 287
1810570 287
1810580 287
1810590 287
1810600 287
1810610 287
1810620 287
1810630 286
1810640 286
1810650 286
1810660 286
1810670 286
1810680 286
1810690 285
1810700 285
1810710 285
1810720 285
1810730 285
1810740 284
1810750 284
1810760 284
1810770 283
1810780 283
1810790 282
1810800 282
1810810 281
1810820 281
1810830 280
1810840 280
1810850 279
1810860 279
1810870 278
1810880 277
1810890 276
1810900 276
1810910 275
1810920 275
1810930 274
1810940 274
1810950 273
1810960 273
1810970 272
1810980 271
1810990 271
1811000 270
1811010 269
1811020 268
1811030 268
1811040 267
1811050 267
1811060 266
1811070 266
1811080 265
1811090 264
1811100 264
1811110 263
1811120 263
1811130 262
1811140 261
1811150 261
1811160 260
1811170 260
1811180 259
1811190 259
1811200 258
1811210 258
1811220 257
1811230 257
1811240 256
1811250 256
1811260 255
1811270 255
1811280 254
1811290 253
1811300 253
1811310 252
1811320 252
1811330 251
1811340 251
1811350 250
1811360 250
1811370 249
1811380 249
1811390 248
1811400 248
1811410 247
1811420 247
1811430 245
1811440 244
1811450 242
1811460 241
1811470 241
1811480 241
1811490 241
1811500 240
1811510 240
1811520 240
1811530 240
1811540 239
1811550 239
1811560 239
1811570 238
1811580 238
1811590 238
1811600 237
1811610 237
1811620 237
1811630 237
1811640 236
1811650 236
1811660 236
1811670 236
1811680 236
1811690 235
1811700 235
1811710 235
1811720 234
1811730 234
1811740 234
1811750 233
1811760 233
1811770 233
1811780 232
1811790 232
1811800 232
1811810 232
1811820 232
1811830 232
1811840 231
1811850 231
1811860 231
1811870 230
1811880 230
1811890 230
1811900 229
1811910 228
1811920 227
1811930 226
1811940 226
1811950 225
1811960 225
1811970 225
1811980 225
1811990 225
1812000 225
1812010 225
1812020 225
1812030 224
1812040 224
1812050 224
1812060 224
1812070 224
1812080 224
1812090 224
1812100 224
1812110 223
1812120 223
1812130 224
1812140 224
1812150 224
1812160 224
1812170 223
1812180 223
1812190 222
1812200 222
1812210 222
1812220 223
1812230 222
1812240 222
1812250 222
1812260 222
1812270 222
1812280 221
1812290 221
1812300 221
1812310 221
1812320 221
1812330 221
1812340 220
1812350 220
1812360 220
1812370 220
1812380 220
1812390 220
1812400 220
1812410 220
1812420 220
1812430 220
1812440 220
1812450 220
1812460 220
1812470 220
1812480 221
1812490 221
1812500 221
1812510 221
1812520 221
1812530 220
1812540 220
1812550 220
1812560 220
1812570 220
1812580 220
1812590 220
1812600 220
1812610 220
1812620 220
1812630 220
1812640 220
1812650 220
1812660 220
1812670 220
1812680 220
1812690 220
1812700 219
1812710 219
1812720 219
1812730 219
1812740 219
1812750 219
1812760 219
1812770 219
1812780 219
1812790 219
1812800 219
1812810 219
1812820 219
1812830 218
1812840 218
1812850 218
1812860 218
1812870 218
1812880 218
1812890 218
1812900 218
1812910 218
1812920 218
1812930 218
1812940 218
1812950 218
1812960 218
1812970 218
1812980 217
1812990 217
1813000 216
1813010 216
1813020 216
1813030 216
1813040 216
1813050 216
1813060 215
1813070 214
1813080 214
1813090 214
1813100 214
1813110 215
1813120 215
1813130 215
1813140 216
1813150 216
1813160 216
1813170 215
1813180 215
1813190 215
1813200 216
1813210 215
1813220 215
1813230 215
1813240 215
1813250 215
1813260 215
1813270 215
1813280 215
1813290 216
1813300 216
1813310 216
1813320 215
1813330 215
1813340 216
1813350 217
1813360 217
1813370 217
1813380 217
1813390 217
1813400 217
1813410 217
1813420 217
1813430 217
1813440 217
1813450 217
1813460 217
1813470 217
1813480 217
1813490 217
1813500 217
1813510 217
1813520 217
1813530 217
1813540 217
1813550 217
1813560 217
1813570 217
1813580 217
1813590 217
1813600 217
1813610 217
1813620 217
1813630 218
1813640 218
1813650 218
1813660 218
1813670 218
1813680 218
1813690 218
1813700 218
1813710 218
1813720 218
1813730 218
1813740 219
1813750 219
1813760 219
1813770 220
1813780 220
1813790 220
1813800 220
1813810 220
1813820 220
1813830 221
1813840 221
1813850 221
1813860 221
1813870 221
1813880 221
1813890 221
1813900 221
1813910 221
1813920 222
1813930 222
1813940 222
1813950 222
1813960 223
1813970 223
1813980 223
1813990 223
1814000 223
1814010 223
1814020 223
1814030 223
1814040 223
1814050 223
1814060 223
1814070 223
1814080 224
1814090 224
1814100 224
1814110 224
1814120 224
1814130 224
1814140 224
1814150 226
1814160 227
1814170 227
1814180 226
1814190 225
1814200 225
1814210 225
1814220 225
1814230 226
1814240 226
1814250 226
1814260 226
1814270 226
1814280 226
1814290 226
1814300 226
1814310 227
1814320 227
1814330 227
1814340 227
1814350 227
1814360 227
1814370 227
1814380 227
1814390 227
1814400 227
1814410 227
1814420 227
1814430 227
1814440 227
1814450 227
1814460 227
1814470 227
1814480 227
1814490 227
1814500 227
1814510 227
1814520 228
1814530 228
1814540 228
1814550 228
1814560 228
1814570 228
1814580 228
1814590 228
1814600 228
1814610 228
1814620 228
1814630 228
1814640 228
1814650 228
1814660 228
1814670 228
1814680 228
1814690 228
1814700 228
1814710 228
1814720 228
1814730 228
1814740 227
1814750 227
1814760 227
1814770 227
1814780 227
1814790 227
1814800 227
1814810 227
1814820 227
1814830 227
1814840 227
1814850 227
1814860 227
1814870 227
1814880 227
1814890 227
1814900 228
1814910 228
1814920 228
1814930 228
1814940 227
1814950 227
1814960 227
1814970 226
1814980 226
1814990 226
1815000 226
1815010 226
1815020 226
1815030 226
1815040 227
1815050 227
1815060 227
1815070 227
1815080 227
1815090 227
1815100 227
1815110 227
1815120 227
1815130 227
1815140 227
1815150 227
1815160 227
1815170 227
1815180 227
1815190 227
1815200 227
1815210 227
1815220 227
1815230 227
1815240 227
1815250 227
1815260 227
1815270 227
1815280 227
1815290 227
1815300 227
1815310 227
1815320 226
1815330 226
1815340 226
1815350 226
1815360 226
1815370 226
1815380 227
1815390 227
1815400 227
1815410 227
1815420 227
1815430 227
1815440 227
1815450 226
1815460 226
1815470 226
1815480 226
1815490 226
1815500 225
1815510 224
1815520 224
1815530 223
1815540 223
1815550 223
1815560 223
1815570 223
1815580 223
1815590 223
1815600 223
1815610 222
1815620 222
1815630 222
1815640 222
1815650 222
1815660 222
1815670 222
1815680 222
1815690 222
1815700 222
1815710 222
1815720 222
1815730 222
1815740 221
1815750 221
1815760 221
1815770 221
1815780 221
1815790 221
1815800 221
1815810 221
1815820 221
1815830 221
1815840 221
1815850 221
1815860 221
1815870 221
1815880 221
1815890 221
1815900 221
1815910 220
1815920 220
1815930 220
1815940 220
1815950 220
1815960 220
1815970 220
1815980 220
1815990 220
1816000 220
1816010 220
1816020 220
1816030 220
1816040 220
1816050 220
1816060 220
1816070 220
1816080 220
1816090 221
1816100 221
1816110 221
1816120 221
1816130 221
1816140 221
1816150 221
1816160 220
1816170 220
1816180 220
1816190 219
1816200 219
1816210 218
1816220 218
1816230 217
1816240 216
1816250 216
1816260 216
1816270 216
1816280 216
1816290 216
1816300 215
1816310 215
1816320 215
1816330 215
1816340 215
1816350 216
1816360 217
1816370 217
1816380 217
1816390 217
1816400 217
1816410 217
1816420 217
1816430 217
1816440 218
1816450 218
1816460 219
1816470 220
1816480 221
1816490 221
1816500 222
1816510 222
1816520 222
1816530 222
1816540 222
1816550 222
1816560 221
1816570 221
1816580 221
1816590 222
1816600 222
1816610 222
1816620 222
1816630 222
1816640 222
1816650 222
1816660 222
1816670 222
1816680 222
1816690 222
1816700 222
1816710 222
1816720 222
1816730 222
1816740 222
1816750 222
1816760 221
1816770 221
1816780 221
1816790 221
1816800 221
1816810 221
1816820 221
1816830 221
1816840 221
1816850 222
1816860 222
1816870 223
1816880 226
1816890 228
1816900 230
1816910 228
1816920 226
1816930 224
1816940 223
1816950 223
1816960 223
1816970 223
1816980 223
1816990 223
1817000 223
1817010 223
1817020 223
1817030 222
1817040 221
1817050 219
1817060 217
1817070 215
1817080 214
1817090 213
1817100 212
1817110 212
1817120 212
1817130 212
1817140 211
1817150 210
1817160 208
1817170 207
1817180 208
1817190 209
1817200 211
1817210 213
1817220 216
1817230 218
1817240 220
1817250 221
1817260 221
1817270 222
1817280 222
1817290 222
1817300 222
1817310 222
1817320 222
1817330 222
1817340 221
1817350 221
1817360 221
1817370 221
1817380 221
1817390 221
1817400 221
1817410 221
1817420 221
1817430 221
1817440 221
1817450 221
1817460 221
1817470 221
1817480 221
1817490 221
1817500 220
1817510 220
1817520 220
1817530 220
1817540 220
1817550 220
1817560 220
1817570 220
1817580 220
1817590 220
1817600 220
1817610 220
1817620 220
1817630 220
1817640 220
1817650 220
1817660 220
1817670 221
1817680 221
1817690 221
1817700 221
1817710 220
1817720 220
1817730 220
1817740 220
1817750 220
1817760 220
1817770 220
1817780 220
1817790 220
1817800 220
1817810 220
1817820 220
1817830 220
1817840 220
1817850 220
1817860 220
1817870 217
1817880 215
1817890 214
1817900 212
1817910 212
1817920 214
1817930 218
1817940 220
1817950 220
1817960 220
1817970 220
1817980 220
1817990 220
1818000 220
1818010 220
1818020 220
1818030 220
1818040 220
1818050 220
1818060 220
1818070 220
1818080 220
1818090 220
1818100 220
1818110 219
1818120 219
1818130 219
1818140 219
1818150 219
1818160 219
1818170 219
1818180 219
1818190 219
1818200 219
1818210 220
1818220 220
1818230 219
1818240 219
1818250 219
1818260 219
1818270 219
1818280 219
1818290 219
1818300 219
1818310 219
1818320 219
1818330 219
1818340 219
1818350 219
1818360 219
1818370 219
1818380 219
1818390 219
1818400 218
1818410 218
1818420 218
1818430 218
1818440 218
1818450 218
1818460 218
1818470 218
1818480 218
1818490 218
1818500 218
1818510 218
1818520 218
1818530 218
1818540 218
1818550 218
1818560 218
1818570 218
1818580 218
1818590 218
1818600 218
1818610 218
1818620 218
1818630 218
1818640 218
1818650 218
1818660 218
1818670 218
1818680 218
1818690 218
1818700 218
1818710 218
1818720 218
1818730 218
1818740 218
1818750 218
1818760 219
1818770 219
1818780 219
1818790 219
1818800 219
1818810 219
1818820 219
1818830 219
1818840 219
1818850 219
1818860 219
1818870 219
1818880 219
1818890 219
1818900 219
1818910 219
1818920 219
1818930 219
1818940 219
1818950 219
1818960 219
1818970 219
1818980 219
1818990 219
1819000 220
1819010 220
1819020 220
1819030 220
1819040 219
1819050 219
1819060 219
1819070 219
1819080 220
1819090 220
1819100 220
1819110 220
1819120 220
1819130 220
1819140 220
1819150 220
1819160 220
1819170 220
1819180 220
1819190 220
1819200 220
1819210 220
1819220 220
1819230 221
1819240 221
1819250 221
1819260 221
1819270 221
1819280 221
1819290 221
1819300 221
1819310 221
1819320 221
1819330 222
1819340 222
1819350 222
1819360 222
1819370 222
1819380 222
1819390 222
1819400 222
1819410 222
1819420 222
1819430 222
1819440 222
1819450 222
1819460 223
1819470 223
1819480 223
1819490 223
1819500 223
1819510 223
1819520 223
1819530 223
1819540 223
1819550 223
1819560 223
1819570 223
1819580 223
1819590 223
1819600 224
1819610 224
1819620 224
1819630 224
1819640 224
1819650 224
1819660 224
1819670 225
1819680 225
1819690 225
1819700 225
1819710 225
1819720 226
1819730 226
1819740 226
1819750 226
1819760 226
1819770 227
1819780 227
1819790 227
1819800 227
1819810 227
1819820 228
1819830 228
1819840 228
1819850 228
1819860 228
1819870 228
1819880 229
1819890 229
1819900 229
1819910 229
1819920 229
1819930 230
1819940 230
1819950 230
1819960 230
1819970 231
1819980 231
1819990 231
