1800000 417
1800010 418
1800020 419
1800030 420
1800040 420
1800050 420
1800060 420
1800070 420
1800080 420
1800090 420
1800100 420
1800110 420
1800120 420
1800130 420
1800140 420
1800150 420
1800160 420
1800170 420
1800180 420
1800190 420
1800200 420
1800210 419
1800220 419
1800230 419
1800240 419
1800250 419
1800260 418
1800270 417
1800280 416
1800290 415
1800300 414
1800310 413
1800320 411
1800330 410
1800340 407
1800350 405
1800360 403
1800370 401
1800380 398
1800390 395
1800400 392
1800410 389
1800420 389
1800430 390
1800440 391
1800450 392
1800460 393
1800470 394
1800480 395
1800490 396
1800500 397
1800510 397
1800520 397
1800530 397
1800540 397
1800550 396
1800560 395
1800570 395
1800580 394
1800590 393
1800600 392
1800610 391
1800620 389
1800630 387
1800640 385
1800650 382
1800660 380
1800670 378
1800680 376
1800690 375
1800700 373
1800710 372
1800720 370
1800730 368
1800740 366
1800750 366
1800760 368
1800770 371
1800780 373
1800790 375
1800800 375
1800810 375
1800820 374
1800830 373
1800840 373
1800850 372
1800860 371
1800870 369
1800880 366
1800890 365
1800900 366
1800910 368
1800920 370
1800930 371
1800940 372
1800950 373
1800960 375
1800970 376
1800980 378
1800990 380
1801000 382
1801010 383
1801020 385
1801030 387
1801040 389
1801050 391
1801060 394
1801070 396
1801080 399
1801090 401
1801100 403
1801110 405
1801120 407
1801130 409
1801140 410
1801150 412
1801160 414
1801170 416
1801180 418
1801190 420
1801200 422
1801210 424
1801220 425
1801230 428
1801240 430
1801250 432
1801260 435
1801270 437
1801280 439
1801290 441
1801300 443
1801310 445
1801320 447
1801330 449
1801340 451
1801350 452
1801360 454
1801370 455
1801380 456
1801390 458
1801400 459
1801410 460
1801420 460
1801430 461
1801440 462
1801450 463
1801460 464
1801470 466
1801480 467
1801490 468
1801500 469
1801510 470
1801520 471
1801530 472
1801540 473
1801550 474
1801560 475
1801570 476
1801580 477
1801590 478
1801600 479
1801610 479
1801620 480
1801630 481
1801640 481
1801650 482
1801660 482
1801670 482
1801680 482
1801690 482
1801700 482
1801710 482
1801720 482
1801730 483
1801740 483
1801750 483
1801760 483
1801770 483
1801780 483
1801790 483
1801800 483
1801810 484
1801820 484
1801830 485
1801840 486
1801850 487
1801860 488
1801870 488
1801880 489
1801890 490
1801900 490
1801910 491
1801920 491
1801930 492
1801940 492
1801950 492
1801960 492
1801970 493
1801980 493
1801990 493
