1802140 473
1802150 472
1802160 472
1802170 471
1802180 470
1802190 469
1802200 468
1802210 467
1802220 465
1802230 464
1802240 462
1802250 459
1802260 456
1802270 453
1802280 450
1802290 447
1802300 445
1802310 442
1802320 439
1802330 436
1802340 432
1802350 429
1802360 426
1802370 424
1802380 422
1802390 422
1802400 423
1802410 424
1802420 425
1802430 427
1802440 427
1802450 427
1802460 427
1802470 426
1802480 425
1802490 425
1802500 426
1802510 428
1802520 430
1802530 432
1802540 434
1802550 436
1802560 437
1802570 439
1802580 440
1802590 441
1802600 442
1802610 443
1802620 445
1802630 446
1802640 447
1802650 448
1802660 448
1802670 449
1802680 449
1802690 449
1802700 449
1802710 450
1802720 450
1802730 449
1802740 449
1802750 449
1802760 449
1802770 449
1802780 449
1802790 448
1802800 447
1802810 447
1802820 446
1802830 445
1802840 444
1802850 443
1802860 442
1802870 441
1802880 439
1802890 438
1802900 437
1802910 435
1802920 433
1802930 432
1802940 429
1802950 426
1802960 422
1802970 419
1802980 416
1802990 412
1803000 409
1803010 408
1803020 409
1803030 411
1803040 413
1803050 414
1803060 416
1803070 419
1803080 421
1803090 424
1803100 425
1803110 427
1803120 428
1803130 429
1803140 430
1803150 432
1803160 433
1803170 435
1803180 437
1803190 439
1803200 440
1803210 442
1803220 444
1803230 445
1803240 445
1803250 446
1803260 446
1803270 446
1803280 447
1803290 447
1803300 446
1803310 446
1803320 446
1803330 446
1803340 446
1803350 445
1803360 445
1803370 444
1803380 443
1803390 442
1803400 441
1803410 440
1803420 439
1803430 437
1803440 436
1803450 435
1803460 434
1803470 433
1803480 431
1803490 430
1803500 429
1803510 427
1803520 425
1803530 424
1803540 422
1803550 421
1803560 420
1803570 419
1803580 418
1803590 417
1803600 416
1803610 416
1803620 415
1803630 414
1803640 413
1803650 412
1803660 412
1803670 410
1803680 409
1803690 408
1803700 406
1803710 405
1803720 403
1803730 402
1803740 400
1803750 398
1803760 396
1803770 394
1803780 392
1803790 390
1803800 387
1803810 383
1803820 379
1803830 375
1803840 372
1803850 368
1803860 364
1803870 361
1803880 359
1803890 357
1803900 355
1803910 354
1803920 352
1803930 350
1803940 348
1803950 346
1803960 345
1803970 346
1803980 349
1803990 350
1804000 351
1804010 352
1804020 353
1804030 353
1804040 353
1804050 352
1804060 353
1804070 355
1804080 356
1804090 357
1804100 358
1804110 358
1804120 358
1804130 358
1804140 359
1804150 359
1804160 359
1804170 359
1804180 360
1804190 360
1804200 360
1804210 360
1804220 361
1804230 362
1804240 362
1804250 363
1804260 363
1804270 363
1804280 363
1804290 364
1804300 364
1804310 365
1804320 365
1804330 366
1804340 367
1804350 367
1804360 368
1804370 368
1804380 369
1804390 369
1804400 370
1804410 370
1804420 371
1804430 371
1804440 372
1804450 372
1804460 373
1804470 373
1804480 374
1804490 374
1804500 374
1804510 374
1804520 374
1804530 374
1804540 375
1804550 375
1804560 375
1804570 376
1804580 376
1804590 377
1804600 377
1804610 377
1804620 378
1804630 378
1804640 378
1804650 379
1804660 379
1804670 379
1804680 379
1804690 379
1804700 379
1804710 380
1804720 381
1804730 381
1804740 382
1804750 382
1804760 383
1804770 383
1804780 384
1804790 384
1804800 384
1804810 384
1804820 384
1804830 384
1804840 384
1804850 384
1804860 384
1804870 384
1804880 384
1804890 384
1804900 384
1804910 384
1804920 384
1804930 384
1804940 385
1804950 385
1804960 386
1804970 386
1804980 387
1804990 388
1805000 389
1805010 390
1805020 390
1805030 390
1805040 391
1805050 391
1805060 391
1805070 392
1805080 392
1805090 392
1805100 393
1805110 393
1805120 393
1805130 393
1805140 393
1805150 393
1805160 393
1805170 393
1805180 394
1805190 394
1805200 394
1805210 395
1805220 395
1805230 396
1805240 396
1805250 396
1805260 396
1805270 396
1805280 396
1805290 396
1805300 396
1805310 396
1805320 396
1805330 397
1805340 397
1805350 397
1805360 397
1805370 396
1805380 395
1805390 393
1805400 391
1805410 388
1805420 385
1805430 381
1805440 378
1805450 375
1805460 371
1805470 368
1805480 365
1805490 364
1805500 364
1805510 364
1805520 366
1805530 369
1805540 372
1805550 375
1805560 379
1805570 383
1805580 386
1805590 388
1805600 391
1805610 393
1805620 394
1805630 394
1805640 393
1805650 392
1805660 390
1805670 388
1805680 386
1805690 384
1805700 383
1805710 382
1805720 383
1805730 385
1805740 388
1805750 390
1805760 392
1805770 395
1805780 397
1805790 399
1805800 401
1805810 403
1805820 405
1805830 406
1805840 408
1805850 409
1805860 410
1805870 411
1805880 412
1805890 413
1805900 414
1805910 415
1805920 416
1805930 418
1805940 419
1805950 421
1805960 422
1805970 424
1805980 425
1805990 427
1806000 428
1806010 429
1806020 429
1806030 430
1806040 431
1806050 432
1806060 433
1806070 434
1806080 435
1806090 436
1806100 437
1806110 438
1806120 439
1806130 440
1806140 441
1806150 441
1806160 442
1806170 442
1806180 443
1806190 443
1806200 443
1806210 444
1806220 444
1806230 445
1806240 445
1806250 445
1806260 445
1806270 445
1806280 445
1806290 445
1806300 445
1806310 445
1806320 445
1806330 445
1806340 445
1806350 444
1806360 444
1806370 444
1806380 444
1806390 444
1806400 444
1806410 443
1806420 443
1806430 442
1806440 442
1806450 441
1806460 440
1806470 440
1806480 439
1806490 439
1806500 438
1806510 438
1806520 438
1806530 437
1806540 437
1806550 436
1806560 435
1806570 435
1806580 434
1806590 434
1806600 433
1806610 432
1806620 432
1806630 432
1806640 431
1806650 431
1806660 430
1806670 430
1806680 430
1806690 429
1806700 429
1806710 428
1806720 428
1806730 427
1806740 427
1806750 426
1806760 426
1806770 426
1806780 426
1806790 425
1806800 425
1806810 424
1806820 423
1806830 422
1806840 421
1806850 420
1806860 419
1806870 418
1806880 417
1806890 416
1806900 415
1806910 415
1806920 414
1806930 413
1806940 412
1806950 411
1806960 410
1806970 409
1806980 408
1806990 407
1807000 405
1807010 404
1807020 403
1807030 402
1807040 401
1807050 400
1807060 399
1807070 398
1807080 397
1807090 396
1807100 395
1807110 394
1807120 392
1807130 391
1807140 390
1807150 388
1807160 386
1807170 385
1807180 384
1807190 383
1807200 382
1807210 381
1807220 381
1807230 380
1807240 379
1807250 379
1807260 378
1807270 377
1807280 376
1807290 375
1807300 374
1807310 373
1807320 372
1807330 371
1807340 370
1807350 369
1807360 367
1807370 366
1807380 365
1807390 364
1807400 363
1807410 362
1807420 361
1807430 361
1807440 360
1807450 360
1807460 359
1807470 358
1807480 358
1807490 357
1807500 355
1807510 354
1807520 353
1807530 352
1807540 351
1807550 350
1807560 350
1807570 349
1807580 348
1807590 347
1807600 346
1807610 346
1807620 344
1807630 343
1807640 342
1807650 340
1807660 339
1807670 337
1807680 336
1807690 334
1807700 333
1807710 333
1807720 336
1807730 338
1807740 339
1807750 341
1807760 342
1807770 344
1807780 345
1807790 346
1807800 348
1807810 349
1807820 350
1807830 351
1807840 352
1807850 353
1807860 353
1807870 354
1807880 354
1807890 355
1807900 355
1807910 356
1807920 356
1807930 357
1807940 357
1807950 357
1807960 358
1807970 358
1807980 358
1807990 358
1808000 358
1808010 358
1808020 357
1808030 357
1808040 357
1808050 357
1808060 357
1808070 357
1808080 357
1808090 357
1808100 357
1808110 357
1808120 358
1808130 358
1808140 358
1808150 358
1808160 358
1808170 358
1808180 358
1808190 358
1808200 358
1808210 358
1808220 358
1808230 358
1808240 358
1808250 357
1808260 357
1808270 357
1808280 356
1808290 356
1808300 356
1808310 355
1808320 355
1808330 355
1808340 355
1808350 355
1808360 355
1808370 355
1808380 355
1808390 355
1808400 355
1808410 355
1808420 356
1808430 356
1808440 356
1808450 357
1808460 357
1808470 357
1808480 358
1808490 358
1808500 358
1808510 358
1808520 358
1808530 358
1808540 357
1808550 356
1808560 355
1808570 354
1808580 353
1808590 352
1808600 351
1808610 350
1808620 350
1808630 349
1808640 349
1808650 349
1808660 349
1808670 349
1808680 349
1808690 349
1808700 348
1808710 348
1808720 347
1808730 347
1808740 346
1808750 346
1808760 346
1808770 345
1808780 345
1808790 345
1808800 344
1808810 344
1808820 344
1808830 343
1808840 343
1808850 342
1808860 340
1808870 338
1808880 337
1808890 336
1808900 334
1808910 333
1808920 332
1808930 331
1808940 330
1808950 330
1808960 329
1808970 328
1808980 327
1808990 325
1809000 324
1809010 323
1809020 322
1809030 322
1809040 321
1809050 320
1809060 319
1809070 318
1809080 318
1809090 317
1809100 316
1809110 316
1809120 315
1809130 315
1809140 315
1809150 314
1809160 313
1809170 312
1809180 311
1809190 311
1809200 312
1809210 312
1809220 312
1809230 312
1809240 313
1809250 313
1809260 314
1809270 314
1809280 314
1809290 314
1809300 314
1809310 314
1809320 314
1809330 313
1809340 313
1809350 313
1809360 312
1809370 312
1809380 311
1809390 311
1809400 311
1809410 311
1809420 310
1809430 310
1809440 310
1809450 310
1809460 310
1809470 309
1809480 309
1809490 309
1809500 309
1809510 308
1809520 308
1809530 307
1809540 307
1809550 306
1809560 306
1809570 306
1809580 305
1809590 305
1809600 305
1809610 304
1809620 304
1809630 303
1809640 303
1809650 302
1809660 302
1809670 301
1809680 300
1809690 300
1809700 299
1809710 298
1809720 297
1809730 297
1809740 296
1809750 295
1809760 294
1809770 294
1809780 293
1809790 292
1809800 292
1809810 291
1809820 291
1809830 290
1809840 290
1809850 290
1809860 289
1809870 289
1809880 288
1809890 288
1809900 287
1809910 286
1809920 284
1809930 283
1809940 283
1809950 282
1809960 281
1809970 281
1809980 280
1809990 280
1810000 279
1810010 279
1810020 279
1810030 279
1810040 278
1810050 278
1810060 278
1810070 278
1810080 278
1810090 279
1810100 280
1810110 280
1810120 280
1810130 280
1810140 280
1810150 279
1810160 279
1810170 279
1810180 279
1810190 278
1810200 278
1810210 278
1810220 277
1810230 277
1810240 276
1810250 276
1810260 276
1810270 276
1810280 276
1810290 276
1810300 276
1810310 275
1810320 275
1810330 275
1810340 274
1810350 274
1810360 273
1810370 273
1810380 272
1810390 273
1810400 273
1810410 274
1810420 274
1810430 274
1810440 275
1810450 275
1810460 275
1810470 275
1810480 276
1810490 276
1810500 276
1810510 276
1810520 276
1810530 275
1810540 275
1810550 275
1810560 275
1810570 274
1810580 273
1810590 273
1810600 272
1810610 272
1810620 272
1810630 272
1810640 271
1810650 271
1810660 271
1810670 271
1810680 271
1810690 272
1810700 272
1810710 272
1810720 271
1810730 271
1810740 272
1810750 272
1810760 272
1810770 271
1810780 271
1810790 271
1810800 271
1810810 271
1810820 271
1810830 271
1810840 271
1810850 270
1810860 270
1810870 269
1810880 269
1810890 269
1810900 268
1810910 268
1810920 267
1810930 267
1810940 266
1810950 266
1810960 265
1810970 264
1810980 264
1810990 263
1811000 262
1811010 261
1811020 261
1811030 260
1811040 260
1811050 259
1811060 258
1811070 257
1811080 257
1811090 256
1811100 255
1811110 254
1811120 254
1811130 253
1811140 252
1811150 251
1811160 250
1811170 249
1811180 249
1811190 248
1811200 248
1811210 246
1811220 245
1811230 244
1811240 243
1811250 243
1811260 243
1811270 243
1811280 243
1811290 243
1811300 243
1811310 242
1811320 241
1811330 239
1811340 238
1811350 238
1811360 238
1811370 237
1811380 237
1811390 236
1811400 236
1811410 235
1811420 235
1811430 235
1811440 235
1811450 235
1811460 234
1811470 234
1811480 234
1811490 233
1811500 233
1811510 233
1811520 233
1811530 232
1811540 232
1811550 231
1811560 231
1811570 230
1811580 230
1811590 229
1811600 228
1811610 228
1811620 227
1811630 226
1811640 225
1811650 225
1811660 225
1811670 225
1811680 225
1811690 225
1811700 225
1811710 224
1811720 224
1811730 223
1811740 223
1811750 222
1811760 222
1811770 221
1811780 221
1811790 221
1811800 221
1811810 221
1811820 221
1811830 221
1811840 221
1811850 221
1811860 221
1811870 220
1811880 220
1811890 220
1811900 220
1811910 220
1811920 220
1811930 220
1811940 219
1811950 219
1811960 218
1811970 218
1811980 218
1811990 218
1812000 218
1812010 218
1812020 218
1812030 218
1812040 218
1812050 218
1812060 218
1812070 218
1812080 218
1812090 217
1812100 217
1812110 217
1812120 216
1812130 216
1812140 216
1812150 216
1812160 216
1812170 216
1812180 216
1812190 216
1812200 216
1812210 216
1812220 216
1812230 216
1812240 215
1812250 215
1812260 215
1812270 215
1812280 215
1812290 215
1812300 214
1812310 214
1812320 214
1812330 214
1812340 214
1812350 214
1812360 214
1812370 214
1812380 213
1812390 213
1812400 213
1812410 213
1812420 212
1812430 212
1812440 212
1812450 212
1812460 212
1812470 212
1812480 212
1812490 212
1812500 212
1812510 212
1812520 212
1812530 212
1812540 212
1812550 212
1812560 212
1812570 211
1812580 211
1812590 211
1812600 211
1812610 211
1812620 210
1812630 210
1812640 210
1812650 210
1812660 210
1812670 210
1812680 210
1812690 210
1812700 210
1812710 210
1812720 209
1812730 209
1812740 209
1812750 209
1812760 209
1812770 209
1812780 209
1812790 209
1812800 209
1812810 209
1812820 209
1812830 209
1812840 209
1812850 209
1812860 209
1812870 209
1812880 210
1812890 210
1812900 210
1812910 210
1812920 210
1812930 210
1812940 210
1812950 210
1812960 210
1812970 210
1812980 210
1812990 210
1813000 210
1813010 210
1813020 210
1813030 210
1813040 211
1813050 212
1813060 213
1813070 214
1813080 214
1813090 215
1813100 215
1813110 216
1813120 217
1813130 218
1813140 218
1813150 219
1813160 220
1813170 220
1813180 221
1813190 222
1813200 223
1813210 224
1813220 225
1813230 225
1813240 226
1813250 227
1813260 228
1813270 230
1813280 231
1813290 232
1813300 232
1813310 233
1813320 233
1813330 234
1813340 235
1813350 235
1813360 236
1813370 236
1813380 236
1813390 237
1813400 237
1813410 238
1813420 238
1813430 238
1813440 239
1813450 239
1813460 239
1813470 240
1813480 240
1813490 241
1813500 241
1813510 242
1813520 242
1813530 242
1813540 241
1813550 242
1813560 241
1813570 241
1813580 241
1813590 241
1813600 241
1813610 241
1813620 240
1813630 240
1813640 240
1813650 240
1813660 240
1813670 240
1813680 240
1813690 240
1813700 240
1813710 240
1813720 240
1813730 241
1813740 241
1813750 242
1813760 242
1813770 243
1813780 243
1813790 243
1813800 243
1813810 243
1813820 243
1813830 243
1813840 242
1813850 242
1813860 240
1813870 238
1813880 238
1813890 238
1813900 238
1813910 238
1813920 238
1813930 238
1813940 238
1813950 238
1813960 238
1813970 238
1813980 238
1813990 238
1814000 238
1814010 239
1814020 239
1814030 238
1814040 238
1814050 238
1814060 238
1814070 239
1814080 239
1814090 239
1814100 239
1814110 239
1814120 239
1814130 239
1814140 239
1814150 239
1814160 239
1814170 239
1814180 239
1814190 239
1814200 239
1814210 239
1814220 238
1814230 238
1814240 238
1814250 238
1814260 238
1814270 238
1814280 239
1814290 239
1814300 239
1814310 239
1814320 239
1814330 239
1814340 239
1814350 239
1814360 239
1814370 239
1814380 238
1814390 238
1814400 238
1814410 238
1814420 238
1814430 238
1814440 237
1814450 237
1814460 237
1814470 237
1814480 237
1814490 237
1814500 237
1814510 237
1814520 236
1814530 236
1814540 235
1814550 235
1814560 235
1814570 235
1814580 235
1814590 235
1814600 235
1814610 234
1814620 234
1814630 234
1814640 234
1814650 234
1814660 234
1814670 234
1814680 234
1814690 234
1814700 235
1814710 235
1814720 235
1814730 235
1814740 235
1814750 235
1814760 235
1814770 235
1814780 235
1814790 235
1814800 235
1814810 234
1814820 234
1814830 234
1814840 234
1814850 234
1814860 234
1814870 234
1814880 234
1814890 234
1814900 234
1814910 234
1814920 233
1814930 233
1814940 233
1814950 233
1814960 233
1814970 233
1814980 233
1814990 233
1815000 232
1815010 232
1815020 232
1815030 232
1815040 232
1815050 232
1815060 231
1815070 231
1815080 231
1815090 231
1815100 231
1815110 231
1815120 231
1815130 231
1815140 230
1815150 230
1815160 230
1815170 230
1815180 230
1815190 230
1815200 230
1815210 230
1815220 230
1815230 230
1815240 229
1815250 229
1815260 229
1815270 229
1815280 229
1815290 229
1815300 229
1815310 228
1815320 228
1815330 228
1815340 228
1815350 228
1815360 228
1815370 227
1815380 227
1815390 227
1815400 227
1815410 227
1815420 227
1815430 227
1815440 227
1815450 227
1815460 227
1815470 227
1815480 227
1815490 227
1815500 227
1815510 227
1815520 227
1815530 227
1815540 227
1815550 227
1815560 227
1815570 228
1815580 228
1815590 228
1815600 229
1815610 229
1815620 229
1815630 229
1815640 229
1815650 229
1815660 228
1815670 228
1815680 227
1815690 227
1815700 227
1815710 227
1815720 227
1815730 227
1815740 227
1815750 227
1815760 227
1815770 227
1815780 228
1815790 228
1815800 229
1815810 230
1815820 230
1815830 231
1815840 231
1815850 231
1815860 231
1815870 230
1815880 230
1815890 230
1815900 230
1815910 230
1815920 230
1815930 230
1815940 230
1815950 230
1815960 230
1815970 230
1815980 230
1815990 230
1816000 230
1816010 230
1816020 230
1816030 230
1816040 230
1816050 230
1816060 230
1816070 230
1816080 229
1816090 229
1816100 229
1816110 229
1816120 229
1816130 229
1816140 229
1816150 229
1816160 229
1816170 229
1816180 229
1816190 229
1816200 229
1816210 229
1816220 229
1816230 229
1816240 229
1816250 229
1816260 228
1816270 228
1816280 228
1816290 228
1816300 228
1816310 228
1816320 228
1816330 228
1816340 228
1816350 228
1816360 228
1816370 228
1816380 228
1816390 228
1816400 228
1816410 228
1816420 228
1816430 228
1816440 228
1816450 228
1816460 227
1816470 227
1816480 228
1816490 228
1816500 227
1816510 227
1816520 228
1816530 227
1816540 227
1816550 227
1816560 227
1816570 227
1816580 227
1816590 227
1816600 227
1816610 227
1816620 227
1816630 226
1816640 226
1816650 226
1816660 226
1816670 227
1816680 227
1816690 226
1816700 226
1816710 226
1816720 226
1816730 226
1816740 226
1816750 226
1816760 225
1816770 225
1816780 225
1816790 225
1816800 225
1816810 225
1816820 225
1816830 225
1816840 225
1816850 224
1816860 224
1816870 224
1816880 224
1816890 224
1816900 223
1816910 223
1816920 223
1816930 223
1816940 223
1816950 223
1816960 223
1816970 223
1816980 223
1816990 223
1817000 223
1817010 222
1817020 222
1817030 223
1817040 223
1817050 222
1817060 222
1817070 222
1817080 221
1817090 221
1817100 220
1817110 220
1817120 220
1817130 220
1817140 220
1817150 220
1817160 220
1817170 219
1817180 219
1817190 219
1817200 218
1817210 218
1817220 217
1817230 217
1817240 217
1817250 217
1817260 217
1817270 217
1817280 216
1817290 216
1817300 216
1817310 216
1817320 216
1817330 216
1817340 216
1817350 215
1817360 215
1817370 215
1817380 215
1817390 215
1817400 215
1817410 215
1817420 215
1817430 215
1817440 215
1817450 215
1817460 214
1817470 214
1817480 213
1817490 213
1817500 213
1817510 213
1817520 213
1817530 213
1817540 213
1817550 213
1817560 213
1817570 213
1817580 212
1817590 212
1817600 212
1817610 212
1817620 212
1817630 212
1817640 212
1817650 212
1817660 212
1817670 212
1817680 212
1817690 212
1817700 212
1817710 212
1817720 211
1817730 211
1817740 211
1817750 211
1817760 211
1817770 211
1817780 211
1817790 211
1817800 210
1817810 210
1817820 210
1817830 210
1817840 209
1817850 209
1817860 209
1817870 209
1817880 209
1817890 209
1817900 209
1817910 209
1817920 209
1817930 209
1817940 209
1817950 210
1817960 210
1817970 210
1817980 210
1817990 210
1818000 210
1818010 209
1818020 209
1818030 209
1818040 209
1818050 209
1818060 209
1818070 209
1818080 209
1818090 209
1818100 209
1818110 209
1818120 209
1818130 209
1818140 209
1818150 210
1818160 210
1818170 210
1818180 210
1818190 210
1818200 210
1818210 210
1818220 210
1818230 209
1818240 209
1818250 209
1818260 209
1818270 209
1818280 209
1818290 209
1818300 209
1818310 208
1818320 208
1818330 208
1818340 208
1818350 208
1818360 208
1818370 208
1818380 208
1818390 208
1818400 208
1818410 208
1818420 208
1818430 208
1818440 207
1818450 207
1818460 207
1818470 208
1818480 208
1818490 209
1818500 209
1818510 209
1818520 209
1818530 209
1818540 209
1818550 209
1818560 209
1818570 209
1818580 209
1818590 209
1818600 209
1818610 209
1818620 209
1818630 209
1818640 209
1818650 209
1818660 209
1818670 209
1818680 210
1818690 210
1818700 210
1818710 209
1818720 209
1818730 209
1818740 209
1818750 209
1818760 210
1818770 210
1818780 209
1818790 209
1818800 209
1818810 209
1818820 209
1818830 209
1818840 210
1818850 210
1818860 210
1818870 210
1818880 210
1818890 210
1818900 210
1818910 210
1818920 210
1818930 210
1818940 210
1818950 210
1818960 210
1818970 210
1818980 210
1818990 210
1819000 210
1819010 210
1819020 210
1819030 210
1819040 210
1819050 210
1819060 210
1819070 210
1819080 210
1819090 210
1819100 210
1819110 210
1819120 210
1819130 210
1819140 210
1819150 210
1819160 210
1819170 210
1819180 208
1819190 206
1819200 205
1819210 206
1819220 209
1819230 212
1819240 212
1819250 212
1819260 213
1819270 212
1819280 212
1819290 212
1819300 212
1819310 213
1819320 213
1819330 213
1819340 212
1819350 212
1819360 211
1819370 211
1819380 210
1819390 210
1819400 210
1819410 210
1819420 210
1819430 211
1819440 211
1819450 211
1819460 211
1819470 211
1819480 211
1819490 211
1819500 211
1819510 211
1819520 211
1819530 211
1819540 211
1819550 211
1819560 211
1819570 211
1819580 211
1819590 211
1819600 211
1819610 211
1819620 211
1819630 212
1819640 212
1819650 212
1819660 212
1819670 212
1819680 212
1819690 212
1819700 212
1819710 212
1819720 212
1819730 212
1819740 212
1819750 212
1819760 212
1819770 212
1819780 212
1819790 213
1819800 214
1819810 215
1819820 216
1819830 216
1819840 216
1819850 217
1819860 217
1819870 217
1819880 217
1819890 217
1819900 217
1819910 217
1819920 217
1819930 217
1819940 218
1819950 218
1819960 218
1819970 218
1819980 218
1819990 219
1800000 408
1800010 408
1800020 408
1800030 408
1800040 408
1800050 408
1800060 408
1800070 408
1800080 408
1800090 408
1800100 408
1800110 408
1800120 408
1800130 408
1800140 408
1800150 409
1800160 409
1800170 409
1800180 410
1800190 410
1800200 410
1800210 410
1800220 410
1800230 410
1800240 410
1800250 410
1800260 409
1800270 409
1800280 409
1800290 409
1800300 408
1800310 408
1800320 408
1800330 407
1800340 406
1800350 405
1800360 403
1800370 401
1800380 399
1800390 396
1800400 394
1800410 393
1800420 391
1800430 390
1800440 388
1800450 386
1800460 384
1800470 382
1800480 379
1800490 377
1800500 377
1800510 377
1800520 378
1800530 378
1800540 378
1800550 379
1800560 379
1800570 380
1800580 381
1800590 382
1800600 383
1800610 383
1800620 382
1800630 382
1800640 380
1800650 378
1800660 377
1800670 375
1800680 373
1800690 372
1800700 371
1800710 369
1800720 368
1800730 367
1800740 365
1800750 364
1800760 361
1800770 359
1800780 358
1800790 360
1800800 359
1800810 358
1800820 358
1800830 360
1800840 361
1800850 363
1800860 365
1800870 366
1800880 368
1800890 369
1800900 370
1800910 371
1800920 371
1800930 372
1800940 374
1800950 375
1800960 377
1800970 378
1800980 380
1800990 382
1801000 384
1801010 387
1801020 389
1801030 392
1801040 395
1801050 398
1801060 400
1801070 403
1801080 405
1801090 407
1801100 410
1801110 412
1801120 414
1801130 416
1801140 418
1801150 420
1801160 422
1801170 425
1801180 427
1801190 429
1801200 430
1801210 432
1801220 434
1801230 436
1801240 437
1801250 439
1801260 441
1801270 442
1801280 444
1801290 445
1801300 446
1801310 448
1801320 449
1801330 450
1801340 451
1801350 452
1801360 452
1801370 453
1801380 453
1801390 454
1801400 454
1801410 455
1801420 455
1801430 456
1801440 456
1801450 456
1801460 456
1801470 456
1801480 457
1801490 458
1801500 458
1801510 459
1801520 460
1801530 461
1801540 462
1801550 463
1801560 464
1801570 465
1801580 466
1801590 467
1801600 467
1801610 468
1801620 468
1801630 469
1801640 469
1801650 470
1801660 470
1801670 470
1801680 470
1801690 470
1801700 470
1801710 470
1801720 469
1801730 469
1801740 468
1801750 467
1801760 467
1801770 466
1801780 466
1801790 467
1801800 468
1801810 470
1801820 471
1801830 473
1801840 474
1801850 475
1801860 476
1801870 477
1801880 478
1801890 479
1801900 480
1801910 480
1801920 480
1801930 481
1801940 481
1801950 481
1801960 481
1801970 481
1801980 481
1801990 481
