1802480 374
1802490 373
1802500 371
1802510 370
1802520 368
1802530 366
1802540 364
1802550 362
1802560 359
1802570 357
1802580 355
1802590 353
1802600 351
1802610 350
1802620 349
1802630 348
1802640 347
1802650 347
1802660 346
1802670 345
1802680 343
1802690 342
1802700 341
1802710 341
1802720 341
1802730 340
1802740 340
1802750 339
1802760 339
1802770 340
1802780 340
1802790 339
1802800 338
1802810 337
1802820 336
1802830 336
1802840 335
1802850 335
1802860 335
1802870 335
1802880 334
1802890 334
1802900 334
1802910 334
1802920 333
1802930 333
1802940 333
1802950 333
1802960 334
1802970 334
1802980 334
1802990 335
1803000 336
1803010 337
1803020 337
1803030 338
1803040 339
1803050 340
1803060 340
1803070 339
1803080 338
1803090 337
1803100 336
1803110 334
1803120 332
1803130 331
1803140 330
1803150 331
1803160 333
1803170 335
1803180 338
1803190 340
1803200 342
1803210 344
1803220 346
1803230 349
1803240 351
1803250 353
1803260 355
1803270 357
1803280 358
1803290 360
1803300 361
1803310 362
1803320 364
1803330 365
1803340 367
1803350 368
1803360 370
1803370 372
1803380 373
1803390 375
1803400 377
1803410 379
1803420 380
1803430 382
1803440 383
1803450 384
1803460 385
1803470 387
1803480 387
1803490 388
1803500 389
1803510 390
1803520 391
1803530 391
1803540 392
1803550 393
1803560 394
1803570 394
1803580 394
1803590 395
1803600 395
1803610 395
1803620 396
1803630 397
1803640 399
1803650 400
1803660 401
1803670 401
1803680 402
1803690 403
1803700 403
1803710 404
1803720 404
1803730 405
1803740 405
1803750 406
1803760 406
1803770 406
1803780 405
1803790 405
1803800 404
1803810 404
1803820 403
1803830 403
1803840 402
1803850 401
1803860 400
1803870 399
1803880 398
1803890 397
1803900 396
1803910 395
1803920 393
1803930 392
1803940 391
1803950 390
1803960 389
1803970 388
1803980 387
1803990 385
1804000 384
1804010 382
1804020 380
1804030 378
1804040 376
1804050 375
1804060 373
1804070 372
1804080 371
1804090 369
1804100 368
1804110 366
1804120 365
1804130 363
1804140 361
1804150 360
1804160 358
1804170 356
1804180 354
1804190 352
1804200 350
1804210 347
1804220 345
1804230 342
1804240 341
1804250 340
1804260 340
1804270 339
1804280 339
1804290 339
1804300 338
1804310 337
1804320 336
1804330 335
1804340 333
1804350 331
1804360 330
1804370 328
1804380 327
1804390 326
1804400 325
1804410 324
1804420 323
1804430 322
1804440 321
1804450 321
1804460 320
1804470 319
1804480 319
1804490 318
1804500 317
1804510 317
1804520 316
1804530 315
1804540 314
1804550 313
1804560 313
1804570 313
1804580 312
1804590 312
1804600 311
1804610 311
1804620 310
1804630 310
1804640 310
1804650 310
1804660 310
1804670 309
1804680 309
1804690 309
1804700 308
1804710 308
1804720 308
1804730 308
1804740 309
1804750 309
1804760 308
1804770 308
1804780 308
1804790 308
1804800 308
1804810 308
1804820 308
1804830 308
1804840 308
1804850 308
1804860 307
1804870 307
1804880 307
1804890 307
1804900 307
1804910 306
1804920 306
1804930 306
1804940 306
1804950 306
1804960 306
1804970 306
1804980 306
1804990 306
1805000 306
1805010 306
1805020 306
1805030 306
1805040 306
1805050 306
1805060 305
1805070 305
1805080 305
1805090 304
1805100 304
1805110 304
1805120 305
1805130 306
1805140 307
1805150 307
1805160 308
1805170 308
1805180 308
1805190 309
1805200 309
1805210 309
1805220 309
1805230 310
1805240 310
1805250 310
1805260 310
1805270 311
1805280 311
1805290 311
1805300 311
1805310 312
1805320 312
1805330 312
1805340 312
1805350 313
1805360 314
1805370 315
1805380 315
1805390 316
1805400 316
1805410 317
1805420 317
1805430 317
1805440 317
1805450 317
1805460 318
1805470 318
1805480 318
1805490 318
1805500 318
1805510 318
1805520 317
1805530 317
1805540 316
1805550 316
1805560 315
1805570 315
1805580 314
1805590 313
1805600 312
1805610 311
1805620 311
1805630 311
1805640 313
1805650 314
1805660 315
1805670 316
1805680 317
1805690 318
1805700 319
1805710 320
1805720 321
1805730 322
1805740 323
1805750 324
1805760 325
1805770 326
1805780 327
1805790 328
1805800 329
1805810 330
1805820 332
1805830 333
1805840 335
1805850 336
1805860 338
1805870 339
1805880 340
1805890 342
1805900 343
1805910 344
1805920 346
1805930 348
1805940 350
1805950 351
1805960 352
1805970 353
1805980 354
1805990 355
1806000 356
1806010 357
1806020 358
1806030 359
1806040 360
1806050 360
1806060 361
1806070 362
1806080 363
1806090 364
1806100 364
1806110 365
1806120 366
1806130 366
1806140 367
1806150 367
1806160 368
1806170 368
1806180 369
1806190 369
1806200 370
1806210 370
1806220 370
1806230 371
1806240 371
1806250 372
1806260 372
1806270 372
1806280 372
1806290 373
1806300 373
1806310 373
1806320 373
1806330 374
1806340 374
1806350 374
1806360 374
1806370 374
1806380 374
1806390 374
1806400 374
1806410 374
1806420 374
1806430 374
1806440 375
1806450 375
1806460 375
1806470 375
1806480 376
1806490 376
1806500 376
1806510 377
1806520 377
1806530 378
1806540 378
1806550 379
1806560 379
1806570 380
1806580 380
1806590 381
1806600 382
1806610 382
1806620 383
1806630 383
1806640 384
1806650 384
1806660 385
1806670 385
1806680 386
1806690 387
1806700 387
1806710 388
1806720 388
1806730 389
1806740 390
1806750 390
1806760 391
1806770 392
1806780 393
1806790 395
1806800 396
1806810 397
1806820 398
1806830 399
1806840 400
1806850 401
1806860 401
1806870 402
1806880 403
1806890 403
1806900 404
1806910 405
1806920 406
1806930 407
1806940 408
1806950 408
1806960 409
1806970 410
1806980 410
1806990 411
1807000 411
1807010 412
1807020 412
1807030 413
1807040 414
1807050 414
1807060 415
1807070 416
1807080 416
1807090 417
1807100 417
1807110 418
1807120 419
1807130 419
1807140 420
1807150 420
1807160 421
1807170 421
1807180 422
1807190 422
1807200 423
1807210 424
1807220 424
1807230 424
1807240 425
1807250 426
1807260 426
1807270 427
1807280 427
1807290 428
1807300 428
1807310 429
1807320 429
1807330 429
1807340 430
1807350 430
1807360 431
1807370 431
1807380 432
1807390 432
1807400 432
1807410 432
1807420 432
1807430 433
1807440 433
1807450 433
1807460 433
1807470 433
1807480 434
1807490 434
1807500 434
1807510 434
1807520 435
1807530 435
1807540 435
1807550 435
1807560 435
1807570 435
1807580 435
1807590 435
1807600 434
1807610 434
1807620 434
1807630 434
1807640 434
1807650 434
1807660 433
1807670 433
1807680 433
1807690 433
1807700 433
1807710 433
1807720 433
1807730 433
1807740 432
1807750 432
1807760 432
1807770 432
1807780 432
1807790 431
1807800 431
1807810 431
1807820 431
1807830 431
1807840 431
1807850 431
1807860 430
1807870 430
1807880 429
1807890 428
1807900 428
1807910 429
1807920 430
1807930 430
1807940 430
1807950 430
1807960 430
1807970 430
1807980 430
1807990 430
1808000 429
1808010 429
1808020 429
1808030 428
1808040 428
1808050 428
1808060 428
1808070 427
1808080 427
1808090 426
1808100 426
1808110 425
1808120 425
1808130 425
1808140 425
1808150 425
1808160 425
1808170 424
1808180 424
1808190 424
1808200 424
1808210 424
1808220 423
1808230 423
1808240 423
1808250 423
1808260 423
1808270 423
1808280 423
1808290 423
1808300 422
1808310 422
1808320 422
1808330 422
1808340 421
1808350 421
1808360 421
1808370 420
1808380 420
1808390 419
1808400 419
1808410 418
1808420 418
1808430 417
1808440 417
1808450 416
1808460 416
1808470 415
1808480 415
1808490 414
1808500 413
1808510 413
1808520 412
1808530 412
1808540 411
1808550 410
1808560 410
1808570 409
1808580 409
1808590 408
1808600 407
1808610 407
1808620 406
1808630 406
1808640 405
1808650 404
1808660 403
1808670 403
1808680 402
1808690 401
1808700 400
1808710 400
1808720 399
1808730 398
1808740 397
1808750 396
1808760 395
1808770 394
1808780 393
1808790 391
1808800 390
1808810 389
1808820 389
1808830 388
1808840 387
1808850 386
1808860 385
1808870 384
1808880 383
1808890 383
1808900 382
1808910 381
1808920 380
1808930 378
1808940 377
1808950 376
1808960 374
1808970 373
1808980 372
1808990 372
1809000 371
1809010 370
1809020 369
1809030 367
1809040 366
1809050 365
1809060 363
1809070 362
1809080 362
1809090 361
1809100 360
1809110 359
1809120 358
1809130 357
1809140 356
1809150 355
1809160 354
1809170 353
1809180 352
1809190 351
1809200 350
1809210 349
1809220 348
1809230 346
1809240 345
1809250 344
1809260 343
1809270 342
1809280 341
1809290 340
1809300 339
1809310 338
1809320 337
1809330 336
1809340 334
1809350 333
1809360 332
1809370 331
1809380 330
1809390 329
1809400 328
1809410 327
1809420 326
1809430 325
1809440 324
1809450 323
1809460 322
1809470 321
1809480 320
1809490 319
1809500 318
1809510 317
1809520 317
1809530 316
1809540 315
1809550 314
1809560 313
1809570 312
1809580 311
1809590 310
1809600 309
1809610 308
1809620 307
1809630 307
1809640 306
1809650 305
1809660 304
1809670 303
1809680 303
1809690 302
1809700 301
1809710 301
1809720 300
1809730 299
1809740 299
1809750 298
1809760 297
1809770 296
1809780 295
1809790 294
1809800 293
1809810 293
1809820 292
1809830 291
1809840 290
1809850 290
1809860 289
1809870 288
1809880 287
1809890 286
1809900 286
1809910 285
1809920 284
1809930 283
1809940 281
1809950 280
1809960 280
1809970 279
1809980 279
1809990 279
1810000 279
1810010 279
1810020 278
1810030 279
1810040 279
1810050 280
1810060 281
1810070 282
1810080 284
1810090 285
1810100 285
1810110 285
1810120 285
1810130 285
1810140 284
1810150 285
1810160 285
1810170 285
1810180 285
1810190 285
1810200 285
1810210 285
1810220 286
1810230 286
1810240 287
1810250 287
1810260 288
1810270 289
1810280 290
1810290 290
1810300 290
1810310 290
1810320 289
1810330 287
1810340 286
1810350 284
1810360 282
1810370 280
1810380 279
1810390 278
1810400 278
1810410 278
1810420 277
1810430 275
1810440 274
1810450 273
1810460 272
1810470 271
1810480 271
1810490 270
1810500 269
1810510 268
1810520 267
1810530 266
1810540 265
1810550 264
1810560 262
1810570 261
1810580 260
1810590 259
1810600 259
1810610 258
1810620 258
1810630 257
1810640 256
1810650 255
1810660 255
1810670 254
1810680 254
1810690 253
1810700 253
1810710 253
1810720 253
1810730 252
1810740 252
1810750 251
1810760 251
1810770 251
1810780 251
1810790 250
1810800 250
1810810 249
1810820 249
1810830 249
1810840 248
1810850 248
1810860 248
1810870 248
1810880 248
1810890 247
1810900 246
1810910 244
1810920 243
1810930 243
1810940 243
1810950 242
1810960 242
1810970 242
1810980 242
1810990 242
1811000 242
1811010 242
1811020 241
1811030 241
1811040 240
1811050 240
1811060 239
1811070 239
1811080 239
1811090 239
1811100 239
1811110 239
1811120 238
1811130 238
1811140 238
1811150 238
1811160 238
1811170 237
1811180 237
1811190 237
1811200 237
1811210 237
1811220 237
1811230 236
1811240 236
1811250 235
1811260 234
1811270 234
1811280 234
1811290 234
1811300 234
1811310 234
1811320 233
1811330 233
1811340 233
1811350 233
1811360 233
1811370 233
1811380 232
1811390 232
1811400 232
1811410 232
1811420 232
1811430 232
1811440 232
1811450 231
1811460 231
1811470 230
1811480 230
1811490 230
1811500 230
1811510 231
1811520 231
1811530 231
1811540 231
1811550 231
1811560 231
1811570 230
1811580 230
1811590 230
1811600 230
1811610 230
1811620 229
1811630 229
1811640 229
1811650 229
1811660 229
1811670 229
1811680 228
1811690 228
1811700 228
1811710 228
1811720 228
1811730 228
1811740 228
1811750 228
1811760 227
1811770 227
1811780 227
1811790 227
1811800 227
1811810 227
1811820 227
1811830 227
1811840 226
1811850 226
1811860 225
1811870 225
1811880 225
1811890 225
1811900 224
1811910 224
1811920 224
1811930 224
1811940 223
1811950 223
1811960 223
1811970 223
1811980 223
1811990 223
1812000 223
1812010 223
1812020 222
1812030 222
1812040 222
1812050 222
1812060 221
1812070 221
1812080 221
1812090 221
1812100 220
1812110 220
1812120 219
1812130 219
1812140 218
1812150 218
1812160 218
1812170 218
1812180 217
1812190 217
1812200 217
1812210 217
1812220 217
1812230 216
1812240 216
1812250 216
1812260 216
1812270 215
1812280 215
1812290 215
1812300 215
1812310 215
1812320 214
1812330 214
1812340 214
1812350 214
1812360 214
1812370 213
1812380 212
1812390 211
1812400 211
1812410 212
1812420 212
1812430 212
1812440 212
1812450 212
1812460 212
1812470 212
1812480 212
1812490 211
1812500 211
1812510 211
1812520 211
1812530 211
1812540 210
1812550 210
1812560 210
1812570 210
1812580 210
1812590 210
1812600 210
1812610 209
1812620 209
1812630 209
1812640 208
1812650 208
1812660 208
1812670 207
1812680 207
1812690 206
1812700 206
1812710 206
1812720 205
1812730 205
1812740 205
1812750 205
1812760 205
1812770 205
1812780 205
1812790 205
1812800 205
1812810 205
1812820 205
1812830 205
1812840 206
1812850 207
1812860 208
1812870 209
1812880 209
1812890 210
1812900 211
1812910 212
1812920 213
1812930 214
1812940 215
1812950 217
1812960 218
1812970 219
1812980 221
1812990 222
1813000 223
1813010 224
1813020 225
1813030 227
1813040 228
1813050 229
1813060 230
1813070 231
1813080 233
1813090 234
1813100 235
1813110 237
1813120 238
1813130 239
1813140 241
1813150 243
1813160 244
1813170 246
1813180 249
1813190 251
1813200 252
1813210 253
1813220 254
1813230 254
1813240 254
1813250 255
1813260 257
1813270 259
1813280 260
1813290 259
1813300 258
1813310 257
1813320 255
1813330 254
1813340 254
1813350 254
1813360 254
1813370 254
1813380 253
1813390 253
1813400 253
1813410 252
1813420 252
1813430 252
1813440 251
1813450 251
1813460 250
1813470 250
1813480 249
1813490 249
1813500 248
1813510 248
1813520 247
1813530 247
1813540 247
1813550 247
1813560 246
1813570 245
1813580 244
1813590 242
1813600 241
1813610 241
1813620 240
1813630 240
1813640 240
1813650 239
1813660 238
1813670 237
1813680 237
1813690 236
1813700 236
1813710 236
1813720 235
1813730 235
1813740 235
1813750 234
1813760 233
1813770 231
1813780 230
1813790 230
1813800 230
1813810 230
1813820 231
1813830 230
1813840 229
1813850 227
1813860 225
1813870 224
1813880 224
1813890 223
1813900 223
1813910 223
1813920 222
1813930 222
1813940 222
1813950 221
1813960 220
1813970 219
1813980 219
1813990 219
1814000 218
1814010 218
1814020 218
1814030 217
1814040 217
1814050 216
1814060 216
1814070 216
1814080 215
1814090 215
1814100 215
1814110 215
1814120 215
1814130 215
1814140 215
1814150 215
1814160 215
1814170 215
1814180 215
1814190 214
1814200 214
1814210 214
1814220 214
1814230 214
1814240 215
1814250 214
1814260 214
1814270 214
1814280 213
1814290 213
1814300 213
1814310 213
1814320 213
1814330 212
1814340 212
1814350 212
1814360 212
1814370 212
1814380 212
1814390 212
1814400 212
1814410 213
1814420 214
1814430 214
1814440 214
1814450 214
1814460 215
1814470 215
1814480 215
1814490 215
1814500 215
1814510 216
1814520 216
1814530 217
1814540 218
1814550 218
1814560 218
1814570 219
1814580 219
1814590 219
1814600 219
1814610 220
1814620 220
1814630 220
1814640 221
1814650 221
1814660 222
1814670 222
1814680 223
1814690 223
1814700 224
1814710 224
1814720 225
1814730 225
1814740 225
1814750 226
1814760 226
1814770 227
1814780 228
1814790 229
1814800 230
1814810 230
1814820 231
1814830 232
1814840 232
1814850 232
1814860 232
1814870 232
1814880 233
1814890 233
1814900 233
1814910 233
1814920 233
1814930 233
1814940 233
1814950 234
1814960 234
1814970 234
1814980 234
1814990 234
1815000 234
1815010 234
1815020 233
1815030 233
1815040 233
1815050 233
1815060 233
1815070 233
1815080 233
1815090 233
1815100 233
1815110 233
1815120 233
1815130 233
1815140 233
1815150 233
1815160 233
1815170 233
1815180 233
1815190 233
1815200 233
1815210 233
1815220 234
1815230 234
1815240 234
1815250 233
1815260 233
1815270 233
1815280 233
1815290 233
1815300 233
1815310 233
1815320 233
1815330 233
1815340 232
1815350 232
1815360 232
1815370 232
1815380 232
1815390 233
1815400 233
1815410 233
1815420 232
1815430 232
1815440 232
1815450 230
1815460 229
1815470 229
1815480 228
1815490 228
1815500 228
1815510 228
1815520 228
1815530 227
1815540 227
1815550 226
1815560 226
1815570 226
1815580 225
1815590 225
1815600 224
1815610 224
1815620 223
1815630 223
1815640 222
1815650 222
1815660 222
1815670 222
1815680 222
1815690 222
1815700 223
1815710 223
1815720 223
1815730 222
1815740 222
1815750 222
1815760 221
1815770 221
1815780 220
1815790 220
1815800 220
1815810 220
1815820 220
1815830 219
1815840 219
1815850 219
1815860 219
1815870 219
1815880 218
1815890 217
1815900 217
1815910 217
1815920 216
1815930 216
1815940 216
1815950 216
1815960 215
1815970 215
1815980 215
1815990 214
1816000 214
1816010 213
1816020 213
1816030 213
1816040 213
1816050 212
1816060 212
1816070 212
1816080 212
1816090 212
1816100 212
1816110 212
1816120 212
1816130 212
1816140 212
1816150 212
1816160 212
1816170 212
1816180 211
1816190 211
1816200 210
1816210 210
1816220 210
1816230 209
1816240 209
1816250 209
1816260 208
1816270 207
1816280 207
1816290 207
1816300 206
1816310 206
1816320 206
1816330 207
1816340 207
1816350 207
1816360 207
1816370 206
1816380 205
1816390 205
1816400 204
1816410 204
1816420 204
1816430 204
1816440 204
1816450 203
1816460 203
1816470 203
1816480 203
1816490 202
1816500 202
1816510 202
1816520 201
1816530 201
1816540 201
1816550 200
1816560 200
1816570 200
1816580 200
1816590 199
1816600 199
1816610 199
1816620 199
1816630 198
1816640 198
1816650 198
1816660 198
1816670 198
1816680 197
1816690 197
1816700 198
1816710 197
1816720 197
1816730 196
1816740 196
1816750 196
1816760 196
1816770 196
1816780 196
1816790 195
1816800 195
1816810 195
1816820 195
1816830 195
1816840 195
1816850 195
1816860 195
1816870 195
1816880 195
1816890 194
1816900 194
1816910 194
1816920 194
1816930 194
1816940 194
1816950 194
1816960 194
1816970 194
1816980 194
1816990 194
1817000 193
1817010 193
1817020 193
1817030 193
1817040 193
1817050 193
1817060 193
1817070 193
1817080 193
1817090 193
1817100 193
1817110 193
1817120 193
1817130 193
1817140 193
1817150 193
1817160 192
1817170 192
1817180 191
1817190 191
1817200 191
1817210 191
1817220 191
1817230 190
1817240 189
1817250 189
1817260 189
1817270 190
1817280 191
1817290 192
1817300 192
1817310 192
1817320 191
1817330 191
1817340 191
1817350 191
1817360 190
1817370 190
1817380 190
1817390 189
1817400 189
1817410 189
1817420 189
1817430 189
1817440 189
1817450 189
1817460 189
1817470 188
1817480 188
1817490 188
1817500 188
1817510 188
1817520 188
1817530 188
1817540 188
1817550 188
1817560 188
1817570 188
1817580 188
1817590 188
1817600 188
1817610 188
1817620 188
1817630 188
1817640 189
1817650 189
1817660 189
1817670 189
1817680 189
1817690 189
1817700 188
1817710 188
1817720 187
1817730 188
1817740 188
1817750 189
1817760 189
1817770 189
1817780 189
1817790 189
1817800 189
1817810 189
1817820 189
1817830 189
1817840 189
1817850 189
1817860 189
1817870 189
1817880 189
1817890 189
1817900 189
1817910 189
1817920 189
1817930 189
1817940 189
1817950 189
1817960 189
1817970 189
1817980 189
1817990 189
1818000 189
1818010 189
1818020 189
1818030 189
1818040 189
1818050 189
1818060 189
1818070 189
1818080 189
1818090 189
1818100 189
1818110 189
1818120 189
1818130 189
1818140 189
1818150 189
1818160 189
1818170 189
1818180 189
1818190 189
1818200 189
1818210 189
1818220 189
1818230 189
1818240 189
1818250 189
1818260 189
1818270 189
1818280 190
1818290 190
1818300 190
1818310 190
1818320 190
1818330 190
1818340 190
1818350 190
1818360 190
1818370 190
1818380 190
1818390 190
1818400 190
1818410 190
1818420 190
1818430 190
1818440 190
1818450 190
1818460 190
1818470 190
1818480 190
1818490 190
1818500 190
1818510 190
1818520 190
1818530 190
1818540 190
1818550 190
1818560 190
1818570 190
1818580 190
1818590 190
1818600 190
1818610 190
1818620 190
1818630 190
1818640 190
1818650 190
1818660 190
1818670 190
1818680 191
1818690 191
1818700 191
1818710 191
1818720 191
1818730 191
1818740 192
1818750 192
1818760 192
1818770 192
1818780 192
1818790 192
1818800 192
1818810 192
1818820 192
1818830 193
1818840 193
1818850 193
1818860 193
1818870 193
1818880 193
1818890 193
1818900 193
1818910 193
1818920 193
1818930 192
1818940 192
1818950 192
1818960 193
1818970 193
1818980 193
1818990 193
1819000 194
1819010 194
1819020 193
1819030 193
1819040 193
1819050 193
1819060 193
1819070 193
1819080 193
1819090 193
1819100 193
1819110 193
1819120 194
1819130 194
1819140 194
1819150 194
1819160 194
1819170 194
1819180 194
1819190 194
1819200 194
1819210 194
1819220 194
1819230 194
1819240 194
1819250 194
1819260 194
1819270 195
1819280 195
1819290 195
1819300 195
1819310 195
1819320 195
1819330 195
1819340 195
1819350 195
1819360 195
1819370 195
1819380 195
1819390 195
1819400 195
1819410 196
1819420 195
1819430 195
1819440 196
1819450 196
1819460 196
1819470 196
1819480 196
1819490 196
1819500 196
1819510 197
1819520 197
1819530 199
1819540 199
1819550 199
1819560 199
1819570 199
1819580 199
1819590 199
1819600 199
1819610 199
1819620 200
1819630 200
1819640 200
1819650 200
1819660 200
1819670 200
1819680 200
1819690 200
1819700 200
1819710 199
1819720 200
1819730 200
1819740 200
1819750 200
1819760 200
1819770 200
1819780 200
1819790 200
1819800 200
1819810 200
1819820 200
1819830 200
1819840 200
1819850 200
1819860 200
1819870 200
1819880 199
1819890 199
1819900 198
1819910 198
1819920 198
1819930 198
1819940 198
1819950 198
1819960 198
1819970 199
1819980 199
1819990 199
1800000 334
1800010 334
1800020 335
1800030 335
1800040 335
1800050 335
1800060 335
1800070 335
1800080 336
1800090 336
1800100 336
1800110 336
1800120 336
1800130 337
1800140 337
1800150 337
1800160 337
1800170 338
1800180 338
1800190 338
1800200 338
1800210 337
1800220 337
1800230 337
1800240 336
1800250 336
1800260 336
1800270 336
1800280 336
1800290 335
1800300 335
1800310 335
1800320 335
1800330 335
1800340 334
1800350 334
1800360 334
1800370 334
1800380 334
1800390 334
1800400 334
1800410 334
1800420 334
1800430 334
1800440 333
1800450 333
1800460 333
1800470 333
1800480 333
1800490 333
1800500 334
1800510 334
1800520 334
1800530 334
1800540 334
1800550 335
1800560 335
1800570 336
1800580 336
1800590 336
1800600 336
1800610 335
1800620 335
1800630 335
1800640 335
1800650 335
1800660 334
1800670 334
1800680 334
1800690 333
1800700 333
1800710 333
1800720 332
1800730 332
1800740 332
1800750 331
1800760 331
1800770 331
1800780 331
1800790 331
1800800 330
1800810 330
1800820 328
1800830 326
1800840 325
1800850 324
1800860 323
1800870 323
1800880 322
1800890 324
1800900 325
1800910 327
1800920 329
1800930 330
1800940 331
1800950 332
1800960 332
1800970 333
1800980 333
1800990 334
1801000 335
1801010 335
1801020 336
1801030 336
1801040 337
1801050 338
1801060 338
1801070 339
1801080 340
1801090 340
1801100 341
1801110 342
1801120 343
1801130 344
1801140 345
1801150 345
1801160 346
1801170 347
1801180 348
1801190 349
1801200 350
1801210 350
1801220 351
1801230 351
1801240 352
1801250 352
1801260 352
1801270 352
1801280 352
1801290 352
1801300 352
1801310 352
1801320 352
1801330 351
1801340 351
1801350 351
1801360 351
1801370 351
1801380 351
1801390 351
1801400 350
1801410 349
1801420 347
1801430 345
1801440 345
1801450 345
1801460 344
1801470 345
1801480 347
1801490 349
1801500 351
1801510 352
1801520 353
1801530 354
1801540 355
1801550 355
1801560 356
1801570 357
1801580 357
1801590 358
1801600 359
1801610 359
1801620 360
1801630 360
1801640 361
1801650 361
1801660 362
1801670 362
1801680 363
1801690 364
1801700 364
1801710 365
1801720 366
1801730 366
1801740 367
1801750 368
1801760 368
1801770 369
1801780 370
1801790 370
1801800 371
1801810 371
1801820 372
1801830 372
1801840 372
1801850 373
1801860 373
1801870 374
1801880 374
1801890 374
1801900 375
1801910 375
1801920 376
1801930 376
1801940 377
1801950 377
1801960 378
1801970 378
1801980 379
1801990 379
1802000 380
1802010 380
1802020 380
1802030 381
1802040 381
1802050 381
1802060 382
1802070 383
1802080 384
1802090 384
1802100 385
1802110 385
1802120 385
1802130 385
1802140 384
1802150 384
1802160 384
1802170 383
1802180 383
1802190 383
1802200 383
1802210 383
1802220 383
1802230 383
1802240 383
1802250 383
1802260 382
1802270 382
1802280 382
1802290 382
1802300 381
1802310 381
1802320 381
1802330 381
1802340 381
1802350 380
1802360 380
1802370 380
1802380 380
1802390 379
1802400 379
1802410 378
1802420 378
