1802150 440
1802160 439
1802170 437
1802180 436
1802190 434
1802200 432
1802210 430
1802220 427
1802230 424
1802240 421
1802250 418
1802260 415
1802270 411
1802280 408
1802290 405
1802300 402
1802310 399
1802320 397
1802330 396
1802340 394
1802350 393
1802360 392
1802370 390
1802380 387
1802390 384
1802400 381
1802410 378
1802420 376
1802430 375
1802440 376
1802450 378
1802460 381
1802470 383
1802480 384
1802490 386
1802500 388
1802510 391
1802520 393
1802530 396
1802540 398
1802550 401
1802560 404
1802570 407
1802580 410
1802590 412
1802600 415
1802610 418
1802620 420
1802630 422
1802640 424
1802650 426
1802660 428
1802670 429
1802680 430
1802690 430
1802700 431
1802710 431
1802720 431
1802730 430
1802740 430
1802750 429
1802760 428
1802770 427
1802780 426
1802790 425
1802800 423
1802810 422
1802820 421
1802830 419
1802840 418
1802850 416
1802860 414
1802870 413
1802880 411
1802890 409
1802900 407
1802910 405
1802920 402
1802930 399
1802940 397
1802950 394
1802960 392
1802970 390
1802980 388
1802990 385
1803000 382
1803010 379
1803020 375
1803030 372
1803040 369
1803050 366
1803060 363
1803070 361
1803080 359
1803090 359
1803100 360
1803110 362
1803120 363
1803130 365
1803140 366
1803150 368
1803160 369
1803170 370
1803180 372
1803190 374
1803200 375
1803210 377
1803220 377
1803230 378
1803240 378
1803250 377
1803260 377
1803270 376
1803280 375
1803290 374
1803300 373
1803310 372
1803320 372
1803330 372
1803340 372
1803350 372
1803360 372
1803370 372
1803380 372
1803390 372
1803400 372
1803410 372
1803420 372
1803430 373
1803440 374
1803450 376
1803460 378
1803470 380
1803480 383
1803490 385
1803500 387
1803510 390
1803520 392
1803530 394
1803540 396
1803550 398
1803560 399
1803570 400
1803580 402
1803590 403
1803600 404
1803610 406
1803620 407
1803630 407
1803640 408
1803650 408
1803660 407
1803670 407
1803680 407
1803690 406
1803700 405
1803710 404
1803720 404
1803730 403
1803740 402
1803750 401
1803760 400
1803770 399
1803780 398
1803790 397
1803800 395
1803810 394
1803820 392
1803830 389
1803840 387
1803850 384
1803860 381
1803870 377
1803880 374
1803890 371
1803900 368
1803910 365
1803920 362
1803930 359
1803940 356
1803950 354
1803960 351
1803970 349
1803980 346
1803990 344
1804000 342
1804010 341
1804020 339
1804030 337
1804040 335
1804050 332
1804060 332
1804070 332
1804080 334
1804090 335
1804100 336
1804110 336
1804120 336
1804130 336
1804140 336
1804150 336
1804160 335
1804170 334
1804180 336
1804190 337
1804200 337
1804210 338
1804220 338
1804230 339
1804240 339
1804250 339
1804260 340
1804270 340
1804280 340
1804290 340
1804300 341
1804310 341
1804320 341
1804330 341
1804340 341
1804350 341
1804360 341
1804370 340
1804380 340
1804390 340
1804400 340
1804410 341
1804420 341
1804430 340
1804440 340
1804450 340
1804460 340
1804470 340
1804480 340
1804490 340
1804500 340
1804510 340
1804520 340
1804530 340
1804540 340
1804550 340
1804560 339
1804570 338
1804580 338
1804590 339
1804600 340
1804610 341
1804620 341
1804630 341
1804640 341
1804650 341
1804660 341
1804670 341
1804680 342
1804690 343
1804700 344
1804710 345
1804720 346
1804730 347
1804740 348
1804750 348
1804760 348
1804770 347
1804780 347
1804790 347
1804800 347
1804810 347
1804820 347
1804830 347
1804840 346
1804850 346
1804860 346
1804870 346
1804880 346
1804890 346
1804900 346
1804910 345
1804920 345
1804930 345
1804940 345
1804950 345
1804960 345
1804970 345
1804980 344
1804990 343
1805000 343
1805010 342
1805020 342
1805030 342
1805040 342
1805050 342
1805060 343
1805070 343
1805080 345
1805090 346
1805100 348
1805110 349
1805120 350
1805130 351
1805140 352
1805150 352
1805160 353
1805170 353
1805180 354
1805190 354
1805200 354
1805210 355
1805220 355
1805230 356
1805240 356
1805250 356
1805260 356
1805270 356
1805280 356
1805290 356
1805300 356
1805310 356
1805320 356
1805330 356
1805340 355
1805350 355
1805360 355
1805370 354
1805380 354
1805390 353
1805400 352
1805410 352
1805420 351
1805430 350
1805440 349
1805450 348
1805460 346
1805470 344
1805480 342
1805490 341
1805500 339
1805510 338
1805520 337
1805530 335
1805540 334
1805550 334
1805560 336
1805570 338
1805580 339
1805590 342
1805600 344
1805610 346
1805620 348
1805630 349
1805640 351
1805650 352
1805660 354
1805670 356
1805680 358
1805690 360
1805700 361
1805710 364
1805720 366
1805730 367
1805740 368
1805750 368
1805760 368
1805770 368
1805780 369
1805790 370
1805800 371
1805810 371
1805820 372
1805830 373
1805840 374
1805850 375
1805860 376
1805870 377
1805880 378
1805890 379
1805900 379
1805910 380
1805920 380
1805930 380
1805940 380
1805950 380
1805960 380
1805970 380
1805980 380
1805990 381
1806000 381
1806010 382
1806020 382
1806030 382
1806040 382
1806050 382
1806060 383
1806070 385
1806080 387
1806090 389
1806100 391
1806110 393
1806120 395
1806130 397
1806140 399
1806150 401
1806160 402
1806170 404
1806180 405
1806190 406
1806200 407
1806210 408
1806220 409
1806230 410
1806240 411
1806250 411
1806260 412
1806270 413
1806280 414
1806290 415
1806300 416
1806310 416
1806320 417
1806330 417
1806340 418
1806350 418
1806360 418
1806370 419
1806380 419
1806390 419
1806400 419
1806410 419
1806420 419
1806430 419
1806440 419
1806450 419
1806460 419
1806470 419
1806480 419
1806490 419
1806500 418
1806510 418
1806520 418
1806530 418
1806540 418
1806550 418
1806560 418
1806570 417
1806580 417
1806590 417
1806600 417
1806610 416
1806620 416
1806630 416
1806640 415
1806650 415
1806660 414
1806670 414
1806680 414
1806690 414
1806700 414
1806710 414
1806720 414
1806730 414
1806740 414
1806750 413
1806760 413
1806770 413
1806780 412
1806790 412
1806800 411
1806810 411
1806820 410
1806830 410
1806840 409
1806850 409
1806860 408
1806870 408
1806880 407
1806890 407
1806900 407
1806910 406
1806920 406
1806930 406
1806940 405
1806950 404
1806960 403
1806970 402
1806980 402
1806990 401
1807000 400
1807010 399
1807020 398
1807030 397
1807040 396
1807050 396
1807060 395
1807070 394
1807080 393
1807090 392
1807100 391
1807110 390
1807120 389
1807130 388
1807140 386
1807150 385
1807160 384
1807170 382
1807180 381
1807190 380
1807200 379
1807210 379
1807220 378
1807230 377
1807240 376
1807250 375
1807260 375
1807270 374
1807280 374
1807290 374
1807300 374
1807310 374
1807320 374
1807330 374
1807340 374
1807350 374
1807360 374
1807370 374
1807380 374
1807390 374
1807400 374
1807410 375
1807420 375
1807430 375
1807440 375
1807450 375
1807460 375
1807470 375
1807480 375
1807490 374
1807500 374
1807510 374
1807520 373
1807530 373
1807540 372
1807550 371
1807560 371
1807570 371
1807580 371
1807590 370
1807600 370
1807610 370
1807620 370
1807630 370
1807640 370
1807650 370
1807660 370
1807670 370
1807680 370
1807690 370
1807700 370
1807710 370
1807720 371
1807730 371
1807740 371
1807750 371
1807760 371
1807770 371
1807780 371
1807790 372
1807800 372
1807810 372
1807820 372
1807830 372
1807840 372
1807850 373
1807860 373
1807870 374
1807880 375
1807890 375
1807900 375
1807910 375
1807920 375
1807930 375
1807940 375
1807950 376
1807960 376
1807970 377
1807980 378
1807990 378
1808000 379
1808010 380
1808020 381
1808030 382
1808040 383
1808050 383
1808060 384
1808070 385
1808080 385
1808090 386
1808100 387
1808110 387
1808120 388
1808130 389
1808140 389
1808150 390
1808160 390
1808170 391
1808180 391
1808190 392
1808200 393
1808210 393
1808220 393
1808230 394
1808240 394
1808250 394
1808260 394
1808270 394
1808280 394
1808290 394
1808300 394
1808310 394
1808320 394
1808330 394
1808340 394
1808350 394
1808360 394
1808370 394
1808380 394
1808390 394
1808400 394
1808410 394
1808420 393
1808430 393
1808440 393
1808450 393
1808460 393
1808470 392
1808480 392
1808490 391
1808500 391
1808510 390
1808520 390
1808530 389
1808540 389
1808550 388
1808560 387
1808570 386
1808580 385
1808590 384
1808600 384
1808610 383
1808620 382
1808630 381
1808640 380
1808650 379
1808660 378
1808670 377
1808680 377
1808690 376
1808700 375
1808710 374
1808720 373
1808730 373
1808740 372
1808750 372
1808760 372
1808770 372
1808780 371
1808790 371
1808800 370
1808810 369
1808820 368
1808830 366
1808840 365
1808850 364
1808860 363
1808870 362
1808880 361
1808890 360
1808900 360
1808910 359
1808920 358
1808930 358
1808940 357
1808950 356
1808960 356
1808970 355
1808980 354
1808990 353
1809000 353
1809010 352
1809020 351
1809030 351
1809040 350
1809050 349
1809060 348
1809070 347
1809080 347
1809090 346
1809100 345
1809110 344
1809120 344
1809130 343
1809140 343
1809150 342
1809160 342
1809170 341
1809180 341
1809190 340
1809200 340
1809210 339
1809220 338
1809230 337
1809240 337
1809250 336
1809260 335
1809270 335
1809280 334
1809290 334
1809300 333
1809310 332
1809320 332
1809330 332
1809340 331
1809350 330
1809360 330
1809370 329
1809380 329
1809390 329
1809400 328
1809410 328
1809420 327
1809430 327
1809440 326
1809450 325
1809460 325
1809470 324
1809480 324
1809490 323
1809500 323
1809510 322
1809520 322
1809530 321
1809540 320
1809550 320
1809560 320
1809570 319
1809580 319
1809590 319
1809600 320
1809610 319
1809620 319
1809630 319
1809640 319
1809650 319
1809660 318
1809670 317
1809680 317
1809690 315
1809700 314
1809710 313
1809720 312
1809730 311
1809740 311
1809750 310
1809760 309
1809770 309
1809780 308
1809790 307
1809800 307
1809810 307
1809820 306
1809830 306
1809840 306
1809850 306
1809860 305
1809870 304
1809880 303
1809890 301
1809900 298
1809910 296
1809920 295
1809930 294
1809940 293
1809950 292
1809960 292
1809970 291
1809980 290
1809990 290
1810000 289
1810010 289
1810020 288
1810030 288
1810040 287
1810050 287
1810060 286
1810070 286
1810080 286
1810090 286
1810100 286
1810110 285
1810120 285
1810130 285
1810140 285
1810150 285
1810160 285
1810170 285
1810180 285
1810190 285
1810200 285
1810210 285
1810220 284
1810230 282
1810240 281
1810250 279
1810260 278
1810270 278
1810280 277
1810290 276
1810300 275
1810310 273
1810320 272
1810330 271
1810340 271
1810350 270
1810360 269
1810370 268
1810380 267
1810390 266
1810400 266
1810410 265
1810420 264
1810430 264
1810440 263
1810450 262
1810460 262
1810470 262
1810480 262
1810490 261
1810500 261
1810510 260
1810520 260
1810530 259
1810540 258
1810550 257
1810560 257
1810570 256
1810580 255
1810590 255
1810600 254
1810610 254
1810620 253
1810630 253
1810640 253
1810650 252
1810660 252
1810670 251
1810680 250
1810690 250
1810700 249
1810710 249
1810720 248
1810730 248
1810740 247
1810750 247
1810760 247
1810770 247
1810780 246
1810790 246
1810800 246
1810810 246
1810820 245
1810830 245
1810840 245
1810850 244
1810860 244
1810870 244
1810880 243
1810890 243
1810900 243
1810910 242
1810920 242
1810930 242
1810940 241
1810950 241
1810960 241
1810970 240
1810980 240
1810990 240
1811000 239
1811010 239
1811020 239
1811030 239
1811040 238
1811050 238
1811060 238
1811070 238
1811080 237
1811090 237
1811100 237
1811110 237
1811120 237
1811130 236
1811140 236
1811150 236
1811160 236
1811170 235
1811180 235
1811190 235
1811200 234
1811210 234
1811220 234
1811230 233
1811240 233
1811250 233
1811260 233
1811270 232
1811280 232
1811290 232
1811300 231
1811310 231
1811320 231
1811330 231
1811340 231
1811350 230
1811360 230
1811370 230
1811380 229
1811390 229
1811400 228
1811410 228
1811420 228
1811430 228
1811440 228
1811450 228
1811460 227
1811470 227
1811480 226
1811490 225
1811500 225
1811510 225
1811520 225
1811530 225
1811540 225
1811550 224
1811560 224
1811570 223
1811580 223
1811590 223
1811600 223
1811610 223
1811620 222
1811630 222
1811640 222
1811650 222
1811660 222
1811670 222
1811680 221
1811690 221
1811700 221
1811710 221
1811720 220
1811730 220
1811740 220
1811750 220
1811760 219
1811770 219
1811780 219
1811790 219
1811800 219
1811810 219
1811820 218
1811830 218
1811840 218
1811850 218
1811860 218
1811870 217
1811880 217
1811890 217
1811900 217
1811910 217
1811920 217
1811930 216
1811940 216
1811950 216
1811960 216
1811970 216
1811980 216
1811990 215
1812000 215
1812010 215
1812020 215
1812030 215
1812040 215
1812050 215
1812060 215
1812070 214
1812080 214
1812090 214
1812100 214
1812110 214
1812120 214
1812130 214
1812140 213
1812150 213
1812160 213
1812170 214
1812180 213
1812190 213
1812200 213
1812210 213
1812220 213
1812230 213
1812240 213
1812250 213
1812260 213
1812270 213
1812280 213
1812290 213
1812300 213
1812310 213
1812320 213
1812330 213
1812340 213
1812350 212
1812360 212
1812370 212
1812380 212
1812390 212
1812400 212
1812410 211
1812420 211
1812430 211
1812440 210
1812450 210
1812460 210
1812470 210
1812480 210
1812490 209
1812500 209
1812510 209
1812520 210
1812530 210
1812540 210
1812550 209
1812560 209
1812570 208
1812580 207
1812590 207
1812600 207
1812610 207
1812620 208
1812630 208
1812640 207
1812650 207
1812660 207
1812670 207
1812680 207
1812690 207
1812700 207
1812710 207
1812720 207
1812730 207
1812740 207
1812750 207
1812760 208
1812770 208
1812780 210
1812790 211
1812800 212
1812810 213
1812820 213
1812830 214
1812840 215
1812850 215
1812860 216
1812870 216
1812880 217
1812890 218
1812900 219
1812910 219
1812920 220
1812930 220
1812940 221
1812950 222
1812960 223
1812970 225
1812980 226
1812990 226
1813000 227
1813010 228
1813020 229
1813030 230
1813040 231
1813050 233
1813060 234
1813070 236
1813080 236
1813090 236
1813100 237
1813110 237
1813120 238
1813130 238
1813140 239
1813150 239
1813160 240
1813170 240
1813180 241
1813190 241
1813200 242
1813210 243
1813220 244
1813230 245
1813240 246
1813250 247
1813260 248
1813270 248
1813280 248
1813290 248
1813300 248
1813310 249
1813320 249
1813330 250
1813340 251
1813350 251
1813360 251
1813370 251
1813380 251
1813390 251
1813400 251
1813410 251
1813420 251
1813430 251
1813440 251
1813450 251
1813460 251
1813470 251
1813480 250
1813490 250
1813500 249
1813510 249
1813520 248
1813530 248
1813540 248
1813550 247
1813560 247
1813570 247
1813580 247
1813590 247
1813600 246
1813610 245
1813620 244
1813630 243
1813640 243
1813650 244
1813660 246
1813670 247
1813680 247
1813690 247
1813700 246
1813710 246
1813720 246
1813730 245
1813740 245
1813750 245
1813760 245
1813770 244
1813780 244
1813790 243
1813800 243
1813810 243
1813820 242
1813830 242
1813840 242
1813850 242
1813860 242
1813870 242
1813880 242
1813890 241
1813900 241
1813910 241
1813920 240
1813930 240
1813940 239
1813950 239
1813960 239
1813970 239
1813980 238
1813990 238
1814000 238
1814010 238
1814020 238
1814030 238
1814040 238
1814050 237
1814060 237
1814070 237
1814080 236
1814090 236
1814100 236
1814110 236
1814120 236
1814130 236
1814140 235
1814150 235
1814160 234
1814170 233
1814180 234
1814190 234
1814200 234
1814210 235
1814220 235
1814230 235
1814240 235
1814250 234
1814260 233
1814270 232
1814280 231
1814290 230
1814300 229
1814310 230
1814320 230
1814330 231
1814340 231
1814350 232
1814360 232
1814370 232
1814380 233
1814390 233
1814400 233
1814410 234
1814420 234
1814430 235
1814440 236
1814450 236
1814460 237
1814470 237
1814480 238
1814490 238
1814500 238
1814510 238
1814520 238
1814530 237
1814540 237
1814550 237
1814560 237
1814570 237
1814580 237
1814590 237
1814600 236
1814610 236
1814620 236
1814630 235
1814640 235
1814650 236
1814660 236
1814670 236
1814680 236
1814690 237
1814700 237
1814710 237
1814720 236
1814730 236
1814740 236
1814750 237
1814760 237
1814770 237
1814780 237
1814790 235
1814800 234
1814810 234
1814820 234
1814830 234
1814840 234
1814850 235
1814860 235
1814870 235
1814880 234
1814890 234
1814900 234
1814910 234
1814920 234
1814930 234
1814940 233
1814950 233
1814960 233
1814970 233
1814980 233
1814990 233
1815000 232
1815010 232
1815020 232
1815030 232
1815040 232
1815050 232
1815060 232
1815070 232
1815080 231
1815090 231
1815100 231
1815110 231
1815120 231
1815130 231
1815140 231
1815150 231
1815160 231
1815170 231
1815180 231
1815190 231
1815200 231
1815210 230
1815220 230
1815230 230
1815240 230
1815250 230
1815260 230
1815270 230
1815280 231
1815290 231
1815300 231
1815310 232
1815320 233
1815330 234
1815340 234
1815350 234
1815360 235
1815370 235
1815380 235
1815390 235
1815400 235
1815410 235
1815420 235
1815430 235
1815440 235
1815450 235
1815460 235
1815470 235
1815480 235
1815490 235
1815500 235
1815510 235
1815520 235
1815530 235
1815540 234
1815550 233
1815560 233
1815570 234
1815580 234
1815590 234
1815600 234
1815610 234
1815620 234
1815630 234
1815640 234
1815650 234
1815660 234
1815670 234
1815680 234
1815690 234
1815700 234
1815710 234
1815720 234
1815730 234
1815740 234
1815750 234
1815760 234
1815770 234
1815780 234
1815790 234
1815800 234
1815810 234
1815820 234
1815830 234
1815840 234
1815850 234
1815860 234
1815870 234
1815880 234
1815890 234
1815900 233
1815910 233
1815920 233
1815930 233
1815940 233
1815950 233
1815960 233
1815970 233
1815980 233
1815990 233
1816000 233
1816010 233
1816020 233
1816030 233
1816040 232
1816050 232
1816060 232
1816070 232
1816080 232
1816090 232
1816100 232
1816110 232
1816120 232
1816130 231
1816140 231
1816150 230
1816160 230
1816170 231
1816180 231
1816190 230
1816200 227
1816210 225
1816220 224
1816230 224
1816240 225
1816250 227
1816260 228
1816270 228
1816280 227
1816290 227
1816300 227
1816310 226
1816320 226
1816330 226
1816340 225
1816350 225
1816360 225
1816370 225
1816380 225
1816390 225
1816400 226
1816410 225
1816420 224
1816430 224
1816440 224
1816450 224
1816460 223
1816470 223
1816480 223
1816490 223
1816500 222
1816510 222
1816520 222
1816530 221
1816540 221
1816550 221
1816560 221
1816570 221
1816580 220
1816590 220
1816600 220
1816610 220
1816620 220
1816630 219
1816640 219
1816650 219
1816660 219
1816670 218
1816680 218
1816690 218
1816700 218
1816710 218
1816720 218
1816730 218
1816740 218
1816750 218
1816760 217
1816770 217
1816780 215
1816790 214
1816800 212
1816810 211
1816820 212
1816830 212
1816840 211
1816850 211
1816860 211
1816870 211
1816880 211
1816890 210
1816900 210
1816910 210
1816920 209
1816930 209
1816940 210
1816950 210
1816960 209
1816970 209
1816980 209
1816990 209
1817000 209
1817010 209
1817020 209
1817030 209
1817040 209
1817050 209
1817060 209
1817070 208
1817080 208
1817090 208
1817100 208
1817110 208
1817120 207
1817130 207
1817140 207
1817150 206
1817160 206
1817170 206
1817180 207
1817190 207
1817200 207
1817210 207
1817220 207
1817230 206
1817240 205
1817250 205
1817260 205
1817270 205
1817280 205
1817290 205
1817300 205
1817310 204
1817320 204
1817330 204
1817340 204
1817350 204
1817360 204
1817370 204
1817380 204
1817390 204
1817400 204
1817410 204
1817420 204
1817430 204
1817440 204
1817450 204
1817460 203
1817470 203
1817480 203
1817490 203
1817500 203
1817510 203
1817520 203
1817530 203
1817540 202
1817550 202
1817560 202
1817570 202
1817580 202
1817590 202
1817600 202
1817610 202
1817620 202
1817630 202
1817640 202
1817650 202
1817660 202
1817670 202
1817680 202
1817690 201
1817700 201
1817710 201
1817720 201
1817730 201
1817740 201
1817750 201
1817760 201
1817770 202
1817780 202
1817790 201
1817800 201
1817810 200
1817820 200
1817830 200
1817840 200
1817850 200
1817860 200
1817870 200
1817880 200
1817890 200
1817900 200
1817910 200
1817920 200
1817930 201
1817940 201
1817950 201
1817960 200
1817970 200
1817980 200
1817990 200
1818000 200
1818010 200
1818020 200
1818030 200
1818040 200
1818050 200
1818060 200
1818070 200
1818080 201
1818090 201
1818100 201
1818110 201
1818120 201
1818130 200
1818140 200
1818150 200
1818160 200
1818170 200
1818180 200
1818190 200
1818200 200
1818210 200
1818220 200
1818230 200
1818240 200
1818250 200
1818260 200
1818270 200
1818280 199
1818290 199
1818300 199
1818310 199
1818320 199
1818330 199
1818340 199
1818350 200
1818360 200
1818370 200
1818380 200
1818390 200
1818400 200
1818410 200
1818420 200
1818430 200
1818440 199
1818450 199
1818460 199
1818470 199
1818480 199
1818490 200
1818500 200
1818510 200
1818520 200
1818530 201
1818540 201
1818550 200
1818560 200
1818570 200
1818580 200
1818590 201
1818600 201
1818610 201
1818620 201
1818630 201
1818640 201
1818650 201
1818660 201
1818670 201
1818680 201
1818690 201
1818700 201
1818710 201
1818720 201
1818730 201
1818740 201
1818750 201
1818760 201
1818770 201
1818780 201
1818790 201
1818800 201
1818810 201
1818820 200
1818830 200
1818840 200
1818850 200
1818860 200
1818870 200
1818880 200
1818890 199
1818900 199
1818910 199
1818920 200
1818930 200
1818940 200
1818950 200
1818960 200
1818970 200
1818980 200
1818990 201
1819000 201
1819010 201
1819020 201
1819030 202
1819040 202
1819050 202
1819060 202
1819070 202
1819080 202
1819090 202
1819100 202
1819110 202
1819120 202
1819130 202
1819140 201
1819150 201
1819160 201
1819170 201
1819180 202
1819190 202
1819200 202
1819210 203
1819220 203
1819230 203
1819240 203
1819250 203
1819260 203
1819270 203
1819280 203
1819290 203
1819300 203
1819310 203
1819320 203
1819330 203
1819340 203
1819350 203
1819360 203
1819370 204
1819380 204
1819390 204
1819400 204
1819410 204
1819420 205
1819430 206
1819440 207
1819450 208
1819460 208
1819470 208
1819480 208
1819490 208
1819500 208
1819510 208
1819520 208
1819530 208
1819540 208
1819550 208
1819560 208
1819570 208
1819580 208
1819590 208
1819600 208
1819610 208
1819620 208
1819630 208
1819640 208
1819650 208
1819660 208
1819670 208
1819680 208
1819690 208
1819700 208
1819710 208
1819720 208
1819730 208
1819740 208
1819750 208
1819760 208
1819770 208
1819780 208
1819790 208
1819800 208
1819810 208
1819820 208
1819830 208
1819840 208
1819850 208
1819860 208
1819870 208
1819880 208
1819890 208
1819900 208
1819910 208
1819920 208
1819930 208
1819940 208
1819950 208
1819960 208
1819970 208
1819980 208
1819990 208
1800000 363
1800010 364
1800020 364
1800030 365
1800040 366
1800050 367
1800060 367
1800070 368
1800080 369
1800090 369
1800100 370
1800110 371
1800120 372
1800130 372
1800140 373
1800150 374
1800160 374
1800170 375
1800180 375
1800190 375
1800200 375
1800210 375
1800220 375
1800230 375
1800240 375
1800250 375
1800260 375
1800270 375
1800280 375
1800290 375
1800300 375
1800310 376
1800320 376
1800330 376
1800340 376
1800350 376
1800360 376
1800370 375
1800380 375
1800390 375
1800400 374
1800410 374
1800420 373
1800430 373
1800440 372
1800450 372
1800460 371
1800470 370
1800480 370
1800490 369
1800500 368
1800510 368
1800520 367
1800530 366
1800540 366
1800550 365
1800560 365
1800570 364
1800580 363
1800590 362
1800600 361
1800610 360
1800620 359
1800630 358
1800640 357
1800650 355
1800660 354
1800670 352
1800680 351
1800690 350
1800700 349
1800710 349
1800720 348
1800730 347
1800740 345
1800750 344
1800760 343
1800770 341
1800780 340
1800790 341
1800800 342
1800810 344
1800820 347
1800830 350
1800840 353
1800850 355
1800860 357
1800870 358
1800880 359
1800890 360
1800900 361
1800910 362
1800920 363
1800930 364
1800940 365
1800950 366
1800960 367
1800970 368
1800980 370
1800990 371
1801000 373
1801010 374
1801020 376
1801030 378
1801040 380
1801050 382
1801060 384
1801070 386
1801080 388
1801090 389
1801100 391
1801110 392
1801120 394
1801130 396
1801140 397
1801150 399
1801160 401
1801170 402
1801180 404
1801190 405
1801200 406
1801210 406
1801220 407
1801230 407
1801240 407
1801250 406
1801260 406
1801270 406
1801280 405
1801290 404
1801300 403
1801310 401
1801320 399
1801330 397
1801340 394
1801350 392
1801360 389
1801370 389
1801380 391
1801390 394
1801400 397
1801410 399
1801420 402
1801430 404
1801440 405
1801450 407
1801460 409
1801470 410
1801480 411
1801490 412
1801500 412
1801510 412
1801520 412
1801530 412
1801540 412
1801550 411
1801560 411
1801570 410
1801580 409
1801590 407
1801600 406
1801610 404
1801620 401
1801630 399
1801640 396
1801650 394
1801660 392
1801670 389
1801680 387
1801690 386
1801700 389
1801710 393
1801720 396
1801730 399
1801740 401
1801750 404
1801760 407
1801770 410
1801780 414
1801790 417
1801800 421
1801810 424
1801820 428
1801830 431
1801840 434
1801850 437
1801860 439
1801870 442
1801880 444
1801890 446
1801900 449
1801910 451
1801920 453
1801930 454
1801940 456
1801950 457
1801960 457
1801970 457
1801980 457
1801990 456
1802000 455
1802010 454
1802020 453
