1800000 362
1800010 360
1800020 359
1800030 358
1800040 357
1800050 357
1800060 357
1800070 357
1800080 356
1800090 355
1800100 353
1800110 351
1800120 349
1800130 346
1800140 344
1800150 341
1800160 338
1800170 335
1800180 331
1800190 328
1800200 324
1800210 320
1800220 317
1800230 313
1800240 310
1800250 306
1800260 302
1800270 300
1800280 297
1800290 296
1800300 294
1800310 293
1800320 290
1800330 288
1800340 286
1800350 286
1800360 286
1800370 287
1800380 287
1800390 288
1800400 290
1800410 292
1800420 295
1800430 299
1800440 301
1800450 304
1800460 306
1800470 308
1800480 309
1800490 310
1800500 311
1800510 312
1800520 313
1800530 314
1800540 316
1800550 317
1800560 318
1800570 320
1800580 321
1800590 323
1800600 324
1800610 326
1800620 327
1800630 328
1800640 329
1800650 330
1800660 331
1800670 331
1800680 332
1800690 332
1800700 333
1800710 334
1800720 334
1800730 335
1800740 335
1800750 336
1800760 336
1800770 337
1800780 337
1800790 338
1800800 338
1800810 338
1800820 338
1800830 339
1800840 339
1800850 340
1800860 341
1800870 342
1800880 344
1800890 345
1800900 347
1800910 348
1800920 348
1800930 348
1800940 348
1800950 348
1800960 348
1800970 347
1800980 347
1800990 347
1801000 347
1801010 347
1801020 348
1801030 349
1801040 350
1801050 350
1801060 351
1801070 352
1801080 353
1801090 353
1801100 353
1801110 353
1801120 354
1801130 354
1801140 354
1801150 354
1801160 353
1801170 352
1801180 351
1801190 351
1801200 352
1801210 352
1801220 353
1801230 353
1801240 353
1801250 354
1801260 354
1801270 354
1801280 354
1801290 354
1801300 354
1801310 353
1801320 353
1801330 352
1801340 352
1801350 351
1801360 351
1801370 351
1801380 351
1801390 351
1801400 351
1801410 351
1801420 351
1801430 351
1801440 351
1801450 352
1801460 352
1801470 352
1801480 352
1801490 352
1801500 352
1801510 351
1801520 351
1801530 351
1801540 350
1801550 350
1801560 350
1801570 350
1801580 349
1801590 349
1801600 349
1801610 348
1801620 348
1801630 348
1801640 348
1801650 348
1801660 347
1801670 347
1801680 347
1801690 347
1801700 347
1801710 346
1801720 346
1801730 346
1801740 345
1801750 345
1801760 344
1801770 344
1801780 344
1801790 343
1801800 342
1801810 342
1801820 341
1801830 340
1801840 339
1801850 338
1801860 337
1801870 336
1801880 335
1801890 335
1801900 334
1801910 333
1801920 332
1801930 331
1801940 330
1801950 330
1801960 329
1801970 329
1801980 328
1801990 328
1802000 327
1802010 327
1802020 327
1802030 327
1802040 327
1802050 327
1802060 326
1802070 325
1802080 324
1802090 323
1802100 322
1802110 321
1802120 320
1802130 319
1802140 319
1802150 318
1802160 318
1802170 317
1802180 316
1802190 315
1802200 315
1802210 314
1802220 314
1802230 314
1802240 314
1802250 314
1802260 314
1802270 314
1802280 313
1802290 311
1802300 310
1802310 308
1802320 307
1802330 306
1802340 305
1802350 304
1802360 303
1802370 303
1802380 302
1802390 302
1802400 301
1802410 300
1802420 300
1802430 300
1802440 300
1802450 299
1802460 299
1802470 299
1802480 299
1802490 298
1802500 298
1802510 298
1802520 298
1802530 297
1802540 297
1802550 296
1802560 296
1802570 295
1802580 295
1802590 295
1802600 294
1802610 294
1802620 294
1802630 294
1802640 293
1802650 293
1802660 293
1802670 292
1802680 292
1802690 292
1802700 292
1802710 292
1802720 292
1802730 291
1802740 291
1802750 291
1802760 291
1802770 290
1802780 290
1802790 289
1802800 289
1802810 288
1802820 288
1802830 288
1802840 287
1802850 287
1802860 286
1802870 286
1802880 286
1802890 285
1802900 285
1802910 285
1802920 285
1802930 285
1802940 284
1802950 284
1802960 284
1802970 284
1802980 283
1802990 283
1803000 283
1803010 283
1803020 283
1803030 283
1803040 283
1803050 282
1803060 282
1803070 282
1803080 282
1803090 282
1803100 282
1803110 282
1803120 282
1803130 282
1803140 281
1803150 281
1803160 281
1803170 281
1803180 281
1803190 281
1803200 281
1803210 281
1803220 280
1803230 280
1803240 280
1803250 280
1803260 280
1803270 281
1803280 281
1803290 281
1803300 281
1803310 281
1803320 281
1803330 281
1803340 281
1803350 281
1803360 281
1803370 281
1803380 281
1803390 282
1803400 282
1803410 281
1803420 281
