1800000 274
1800010 273
1800020 272
1800030 271
1800040 270
1800050 269
1800060 268
1800070 267
1800080 266
1800090 264
1800100 262
1800110 261
1800120 260
1800130 260
1800140 259
1800150 258
1800160 258
1800170 258
1800180 258
1800190 257
1800200 256
1800210 256
1800220 255
1800230 255
1800240 255
1800250 254
1800260 254
1800270 253
1800280 253
1800290 252
1800300 252
1800310 251
1800320 251
1800330 250
1800340 250
1800350 250
1800360 249
1800370 249
1800380 249
1800390 248
1800400 248
1800410 248
1800420 247
1800430 247
1800440 247
1800450 248
1800460 248
1800470 249
1800480 249
1800490 248
1800500 247
1800510 247
1800520 246
1800530 246
1800540 245
1800550 245
1800560 244
1800570 243
1800580 242
1800590 242
1800600 243
1800610 245
1800620 246
1800630 246
1800640 246
1800650 246
1800660 246
1800670 246
1800680 247
1800690 248
1800700 250
1800710 252
1800720 254
1800730 254
1800740 255
1800750 256
1800760 257
1800770 257
1800780 258
1800790 259
1800800 259
1800810 259
1800820 260
1800830 260
1800840 261
1800850 261
1800860 262
1800870 263
1800880 264
1800890 265
1800900 266
1800910 267
1800920 268
1800930 269
1800940 270
1800950 271
1800960 272
1800970 273
1800980 274
1800990 274
1801000 275
1801010 276
1801020 276
1801030 277
1801040 278
1801050 279
1801060 280
1801070 281
1801080 281
1801090 283
1801100 284
1801110 285
1801120 286
1801130 287
1801140 288
1801150 289
1801160 290
1801170 291
1801180 291
1801190 292
1801200 293
1801210 293
1801220 293
1801230 294
1801240 293
1801250 293
1801260 293
1801270 293
1801280 292
1801290 291
1801300 293
1801310 296
1801320 299
1801330 301
1801340 303
1801350 305
1801360 306
1801370 307
1801380 308
1801390 309
1801400 310
1801410 311
1801420 312
1801430 312
1801440 313
1801450 314
1801460 314
1801470 315
1801480 315
1801490 316
1801500 316
1801510 316
1801520 316
1801530 315
1801540 314
1801550 314
1801560 313
1801570 313
1801580 312
1801590 312
1801600 313
1801610 313
1801620 314
1801630 315
1801640 315
1801650 316
1801660 317
1801670 317
1801680 317
1801690 317
1801700 316
1801710 316
1801720 315
1801730 313
1801740 311
1801750 308
1801760 306
1801770 304
1801780 302
1801790 300
1801800 298
1801810 295
1801820 292
1801830 289
1801840 291
1801850 293
1801860 296
1801870 298
1801880 301
1801890 303
1801900 303
1801910 304
1801920 303
1801930 303
1801940 303
1801950 302
1801960 301
1801970 300
1801980 299
1801990 298
1802000 297
1802010 295
1802020 294
1802030 293
1802040 291
1802050 292
1802060 293
1802070 293
1802080 293
1802090 292
1802100 292
1802110 291
1802120 289
1802130 288
1802140 286
1802150 284
1802160 282
1802170 280
1802180 278
1802190 275
1802200 273
1802210 271
1802220 269
1802230 268
1802240 267
1802250 265
1802260 263
1802270 262
1802280 260
1802290 260
1802300 261
1802310 263
1802320 264
1802330 265
1802340 265
1802350 263
1802360 260
1802370 258
1802380 256
1802390 253
1802400 250
1802410 249
1802420 248
1802430 247
1802440 246
1802450 245
1802460 244
1802470 244
1802480 243
1802490 242
1802500 241
1802510 241
1802520 240
1802530 240
1802540 240
1802550 240
1802560 240
1802570 240
1802580 240
1802590 240
1802600 240
1802610 240
1802620 240
1802630 240
1802640 240
1802650 240
1802660 240
1802670 240
1802680 240
1802690 240
1802700 240
1802710 240
1802720 240
1802730 240
1802740 240
1802750 240
1802760 240
1802770 240
1802780 239
1802790 240
1802800 239
1802810 239
1802820 239
1802830 239
1802840 239
1802850 239
1802860 239
1802870 238
1802880 238
1802890 238
1802900 238
1802910 238
1802920 238
1802930 238
1802940 238
1802950 238
1802960 238
1802970 238
1802980 238
1802990 238
1803000 238
1803010 238
1803020 238
1803030 238
1803040 238
1803050 238
1803060 238
1803070 238
1803080 238
1803090 238
1803100 238
1803110 238
1803120 238
1803130 238
1803140 238
1803150 238
1803160 238
1803170 238
1803180 238
1803190 238
1803200 238
1803210 238
1803220 238
1803230 238
1803240 237
1803250 237
1803260 237
1803270 237
1803280 237
1803290 237
1803300 237
1803310 236
1803320 236
1803330 236
1803340 236
1803350 236
1803360 236
1803370 236
1803380 236
1803390 236
1803400 236
1803410 236
1803420 235
1803430 235
1803440 235
1803450 235
1803460 234
1803470 233
1803480 233
1803490 233
1803500 233
1803510 233
1803520 233
1803530 233
1803540 233
1803550 233
1803560 234
1803570 234
1803580 234
1803590 234
1803600 234
1803610 234
1803620 233
1803630 233
1803640 233
1803650 233
1803660 233
1803670 233
1803680 234
1803690 234
1803700 234
1803710 234
1803720 234
1803730 234
