1800000 275
1800010 274
1800020 273
1800030 272
1800040 271
1800050 270
1800060 269
1800070 268
1800080 266
1800090 265
1800100 263
1800110 262
1800120 261
1800130 261
1800140 260
1800150 259
1800160 258
1800170 258
1800180 258
1800190 258
1800200 257
1800210 256
1800220 256
1800230 255
1800240 255
1800250 254
1800260 254
1800270 254
1800280 253
1800290 253
1800300 252
1800310 251
1800320 251
1800330 250
1800340 250
1800350 250
1800360 250
1800370 249
1800380 249
1800390 248
1800400 248
1800410 248
1800420 247
1800430 247
1800440 247
1800450 247
1800460 248
1800470 248
1800480 249
1800490 248
1800500 248
1800510 247
1800520 247
1800530 246
1800540 245
1800550 245
1800560 244
1800570 244
1800580 242
1800590 242
1800600 242
1800610 244
1800620 245
1800630 246
1800640 246
1800650 246
1800660 246
1800670 246
1800680 246
1800690 247
1800700 248
1800710 250
1800720 252
1800730 253
1800740 254
1800750 254
1800760 255
1800770 256
1800780 256
1800790 257
1800800 257
1800810 258
1800820 258
1800830 259
1800840 259
1800850 260
1800860 260
1800870 261
1800880 262
1800890 263
1800900 264
1800910 265
1800920 266
1800930 267
1800940 268
1800950 269
1800960 270
1800970 271
1800980 271
1800990 272
1801000 273
1801010 273
1801020 274
1801030 275
1801040 276
1801050 277
1801060 278
1801070 279
1801080 279
1801090 281
1801100 282
1801110 283
1801120 284
1801130 284
1801140 285
1801150 286
1801160 287
1801170 288
1801180 288
1801190 289
1801200 290
1801210 290
1801220 290
1801230 290
1801240 290
1801250 290
1801260 290
1801270 290
1801280 289
1801290 288
1801300 291
1801310 294
1801320 297
1801330 299
1801340 301
1801350 302
1801360 303
1801370 304
1801380 305
1801390 306
1801400 307
1801410 308
1801420 309
1801430 309
1801440 310
1801450 310
1801460 311
1801470 311
1801480 312
1801490 312
1801500 313
1801510 313
1801520 312
1801530 312
1801540 311
1801550 310
1801560 310
1801570 309
1801580 309
1801590 309
1801600 309
1801610 310
1801620 311
1801630 311
1801640 312
1801650 313
1801660 314
1801670 314
1801680 314
1801690 314
1801700 314
1801710 313
1801720 312
1801730 311
1801740 309
1801750 306
1801760 304
1801770 302
1801780 300
1801790 298
1801800 296
1801810 294
1801820 291
1801830 287
1801840 288
1801850 290
1801860 293
1801870 296
1801880 298
1801890 300
1801900 300
1801910 301
1801920 300
1801930 300
1801940 300
1801950 299
1801960 298
1801970 297
1801980 296
1801990 295
1802000 294
1802010 292
1802020 291
1802030 289
1802040 288
1802050 289
1802060 289
1802070 289
1802080 289
1802090 289
1802100 289
1802110 288
1802120 286
1802130 285
1802140 283
1802150 281
1802160 279
1802170 277
1802180 275
1802190 272
1802200 270
1802210 268
1802220 266
1802230 265
1802240 263
1802250 261
1802260 259
1802270 257
1802280 255
1802290 255
1802300 255
1802310 256
1802320 258
1802330 259
1802340 260
1802350 258
1802360 255
1802370 252
1802380 250
1802390 248
1802400 245
1802410 244
1802420 243
1802430 243
1802440 243
1802450 242
1802460 241
1802470 241
1802480 241
1802490 241
1802500 240
1802510 240
1802520 240
1802530 240
1802540 240
1802550 240
1802560 240
1802570 240
1802580 240
1802590 240
1802600 240
1802610 240
1802620 240
1802630 240
1802640 240
1802650 240
1802660 240
1802670 240
1802680 240
1802690 240
1802700 240
1802710 240
1802720 240
1802730 240
1802740 240
1802750 240
1802760 240
1802770 239
1802780 239
1802790 239
1802800 239
1802810 239
1802820 239
1802830 239
1802840 239
1802850 239
1802860 239
1802870 238
1802880 238
1802890 238
1802900 238
1802910 238
1802920 238
1802930 238
1802940 238
1802950 238
1802960 238
1802970 238
1802980 238
1802990 238
1803000 238
1803010 238
1803020 238
1803030 238
1803040 238
1803050 238
1803060 238
1803070 238
1803080 238
1803090 238
1803100 238
1803110 238
1803120 238
1803130 238
1803140 238
1803150 238
1803160 238
1803170 238
1803180 238
1803190 238
1803200 238
1803210 238
1803220 238
1803230 238
1803240 237
1803250 237
1803260 237
1803270 237
1803280 237
1803290 236
1803300 236
1803310 236
1803320 235
1803330 235
1803340 236
1803350 236
1803360 236
1803370 235
1803380 235
1803390 235
1803400 235
1803410 235
1803420 235
1803430 235
1803440 235
1803450 235
1803460 234
1803470 233
1803480 233
1803490 233
1803500 233
1803510 233
1803520 233
1803530 233
1803540 233
1803550 233
1803560 233
1803570 233
1803580 234
1803590 234
1803600 234
1803610 234
1803620 233
1803630 233
1803640 233
1803650 233
1803660 233
1803670 233
1803680 233
1803690 233
1803700 233
1803710 233
1803720 233
