1804290 231
1804300 231
1804310 231
1804320 230
1804330 231
1804340 231
1804350 232
1804360 232
1804370 233
1804380 233
1804390 233
1804400 233
1804410 233
1804420 233
1804430 233
1804440 233
1804450 234
1804460 234
1804470 234
1804480 234
1804490 234
1804500 234
1804510 233
1804520 233
1804530 233
1804540 233
1804550 233
1804560 233
1804570 233
1804580 233
1804590 233
1804600 233
1804610 232
1804620 231
1804630 231
1804640 231
1804650 231
1804660 231
1804670 231
1804680 230
1804690 230
1804700 230
1804710 230
1804720 231
1804730 231
1804740 231
1804750 231
1804760 231
1804770 231
1804780 231
1804790 230
1804800 230
1804810 230
1804820 230
1804830 230
1804840 230
1804850 230
1804860 230
1804870 229
1804880 229
1804890 229
1804900 229
1804910 229
1804920 229
1804930 229
1804940 229
1804950 229
1804960 229
1804970 229
1804980 229
1804990 230
1805000 230
1805010 230
1805020 230
1805030 230
1805040 230
1805050 230
1805060 229
1805070 229
1805080 229
1805090 229
1805100 229
1805110 229
1805120 229
1805130 229
1805140 229
1805150 230
1805160 229
1805170 229
1805180 229
1805190 229
1805200 229
1805210 229
1805220 229
1805230 229
1805240 229
1805250 229
1805260 229
1805270 229
1805280 229
1805290 229
1805300 229
1805310 229
1805320 229
1805330 229
1805340 228
1805350 228
1805360 229
1805370 229
1805380 229
1805390 229
1805400 229
1805410 229
1805420 229
1805430 229
1805440 229
1805450 229
1805460 229
1805470 230
1805480 229
1805490 228
1805500 227
1805510 226
1805520 226
1805530 226
1805540 226
1805550 226
1805560 226
1805570 226
1805580 226
1805590 226
1805600 226
1805610 226
1805620 226
1805630 227
1805640 227
1805650 227
1805660 227
1805670 227
1805680 227
1805690 227
1805700 227
1805710 227
1805720 227
1805730 227
1805740 227
1805750 227
1805760 227
1805770 227
1805780 226
1805790 225
1805800 224
1805810 223
1805820 222
1805830 221
1805840 220
1805850 220
1805860 220
1805870 221
1805880 221
1805890 222
1805900 223
1805910 224
1805920 225
1805930 225
1805940 226
1805950 226
1805960 226
1805970 226
1805980 226
1805990 225
1806000 224
1806010 223
1806020 223
1806030 223
1806040 223
1806050 223
1806060 223
1806070 223
1806080 223
1806090 223
1806100 223
1806110 223
1806120 223
1806130 223
1806140 223
1806150 223
1806160 223
1806170 223
1806180 223
1806190 223
1806200 223
1806210 223
1806220 223
1806230 223
1806240 224
1806250 225
1806260 225
1806270 225
1806280 226
1806290 226
1806300 226
1806310 225
1806320 226
1806330 226
1806340 226
1806350 226
1806360 226
1806370 226
1806380 226
1806390 225
1806400 225
1806410 225
1806420 225
1806430 225
1806440 225
1806450 225
1806460 225
1806470 225
1806480 225
1806490 225
1806500 225
1806510 225
1806520 225
1806530 225
1806540 225
1806550 224
1806560 224
1806570 224
1806580 225
1806590 225
1806600 225
1806610 225
1806620 225
1806630 225
1806640 225
1806650 225
1806660 225
1806670 225
1806680 225
1806690 224
1806700 224
1806710 224
1806720 224
1806730 224
1806740 224
1806750 224
1806760 224
1806770 224
1806780 224
1806790 224
1806800 223
1806810 222
1806820 221
1806830 222
1806840 223
1806850 224
1806860 224
1806870 225
1806880 225
1806890 225
1806900 225
1806910 225
1806920 225
1806930 225
1806940 225
1806950 225
1806960 225
1806970 226
1806980 226
1806990 227
1807000 227
1807010 229
1807020 231
1807030 231
1807040 231
1807050 231
1807060 231
1807070 232
1807080 232
1807090 232
1807100 232
1807110 232
1807120 232
1807130 232
1807140 232
1807150 233
1807160 233
1807170 233
1807180 233
1807190 233
1807200 233
1807210 233
1807220 233
1807230 234
1807240 234
1807250 234
1807260 234
1807270 235
1807280 235
1807290 235
1807300 235
1807310 235
1807320 235
1807330 236
1807340 236
1807350 236
1807360 236
1807370 236
1807380 236
1807390 237
1807400 237
1807410 237
1807420 237
1807430 237
1807440 237
1807450 237
1807460 238
1807470 238
1807480 238
1807490 238
1807500 238
1807510 238
1807520 237
1807530 237
1807540 237
1807550 236
1807560 236
1807570 236
1807580 237
1807590 237
1807600 238
1807610 239
1807620 240
1807630 241
1807640 242
1807650 243
1807660 244
1807670 244
1807680 245
1807690 246
1807700 247
1807710 247
1807720 248
1807730 249
1807740 250
1807750 251
1807760 251
1807770 252
1807780 253
1807790 254
1807800 254
1807810 255
1807820 256
1807830 257
1807840 258
1807850 259
1807860 259
1807870 260
1807880 261
1807890 262
1807900 262
1807910 263
1807920 263
1807930 264
1807940 264
1807950 264
1807960 265
1807970 265
1807980 266
1807990 266
1808000 266
1808010 266
1808020 267
1808030 267
1808040 267
1808050 267
1808060 267
1808070 268
1808080 268
1808090 268
1808100 268
1808110 268
1808120 268
1808130 269
1808140 269
1808150 270
1808160 270
1808170 270
1808180 271
1808190 271
1808200 271
1808210 271
1808220 271
1808230 271
1808240 271
1808250 272
1808260 272
1808270 272
1808280 272
1808290 273
1808300 273
1808310 273
1808320 273
1808330 274
1808340 274
1808350 274
1808360 274
1808370 274
1808380 275
1808390 275
1808400 275
1808410 275
1808420 275
1808430 275
1808440 275
1808450 275
1808460 275
1808470 275
1808480 275
1808490 275
1808500 275
1808510 275
1808520 275
1808530 275
1808540 275
1808550 275
1808560 275
1808570 275
1808580 275
1808590 276
1808600 276
1808610 276
1808620 276
1808630 276
1808640 276
1808650 277
1808660 277
1808670 277
1808680 277
1808690 278
1808700 278
1808710 278
1808720 278
1808730 278
1808740 278
1808750 278
1808760 278
1808770 278
1808780 278
1808790 277
1808800 277
1808810 277
1808820 278
1808830 278
1808840 278
1808850 278
1808860 278
1808870 278
1808880 278
1808890 278
1808900 278
1808910 277
1808920 277
1808930 277
1808940 277
1808950 277
1808960 277
1808970 277
1808980 276
1808990 276
1809000 276
1809010 276
1809020 276
1809030 276
1809040 276
1809050 275
1809060 275
1809070 275
1809080 274
1809090 274
1809100 274
1809110 273
1809120 273
1809130 272
1809140 272
1809150 271
1809160 270
1809170 270
1809180 269
1809190 268
1809200 267
1809210 266
1809220 265
1809230 263
1809240 261
1809250 259
1809260 258
1809270 257
1809280 256
1809290 254
1809300 252
1809310 250
1809320 249
1809330 248
1809340 247
1809350 246
1809360 244
1809370 243
1809380 241
1809390 240
1809400 239
1809410 238
1809420 237
1809430 236
1809440 235
1809450 234
1809460 233
1809470 231
1809480 229
1809490 228
1809500 227
1809510 226
1809520 225
1809530 227
1809540 229
1809550 231
1809560 231
1809570 231
1809580 231
1809590 231
1809600 231
1809610 232
1809620 233
1809630 234
1809640 236
1809650 237
1809660 239
1809670 241
1809680 243
1809690 244
1809700 244
1809710 244
1809720 245
1809730 248
1809740 252
1809750 256
1809760 259
1809770 261
1809780 262
1809790 262
1809800 263
1809810 264
1809820 265
1809830 267
1809840 268
1809850 270
1809860 272
1809870 273
1809880 275
1809890 277
1809900 279
1809910 280
1809920 282
1809930 283
1809940 285
1809950 286
1809960 287
1809970 289
1809980 290
1809990 291
1810000 291
1810010 292
1810020 294
1810030 295
1810040 296
1810050 296
1810060 297
1810070 297
1810080 298
1810090 298
1810100 298
1810110 299
1810120 299
1810130 300
1810140 300
1810150 300
1810160 300
1810170 301
1810180 301
1810190 301
1810200 301
1810210 302
1810220 302
1810230 302
1810240 302
1810250 302
1810260 302
1810270 302
1810280 302
1810290 302
1810300 302
1810310 303
1810320 304
1810330 305
1810340 305
1810350 305
1810360 305
1810370 305
1810380 304
1810390 303
1810400 301
1810410 300
1810420 299
1810430 298
1810440 296
1810450 293
1810460 291
1810470 288
1810480 285
1810490 282
1810500 280
1810510 279
1810520 277
1810530 276
1810540 275
1810550 274
1810560 272
1810570 271
1810580 269
1810590 266
1810600 264
1810610 263
1810620 261
1810630 258
1810640 256
1810650 255
1810660 256
1810670 255
1810680 257
1810690 258
1810700 261
1810710 264
1810720 266
1810730 269
1810740 272
1810750 274
1810760 276
1810770 279
1810780 282
1810790 284
1810800 287
1810810 289
1810820 291
1810830 293
1810840 295
1810850 296
1810860 297
1810870 298
1810880 298
1810890 298
1810900 298
1810910 298
1810920 299
1810930 299
1810940 299
1810950 299
1810960 299
1810970 299
1810980 299
1810990 299
1811000 300
1811010 301
1811020 302
1811030 303
1811040 303
1811050 303
1811060 303
1811070 303
1811080 302
1811090 302
1811100 302
1811110 302
1811120 302
1811130 302
1811140 302
1811150 302
1811160 302
1811170 303
1811180 303
1811190 303
1811200 303
1811210 303
1811220 303
1811230 303
1811240 303
1811250 304
1811260 304
1811270 305
1811280 306
1811290 307
1811300 308
1811310 308
1811320 308
1811330 308
1811340 309
1811350 309
1811360 309
1811370 310
1811380 310
1811390 310
1811400 310
1811410 310
1811420 311
1811430 311
1811440 311
1811450 311
1811460 311
1811470 311
1811480 311
1811490 311
1811500 312
1811510 312
1811520 312
1811530 312
1811540 312
1811550 312
1811560 312
1811570 312
1811580 312
1811590 311
1811600 311
1811610 311
1811620 311
1811630 311
1811640 310
1811650 310
1811660 310
1811670 310
1811680 309
1811690 309
1811700 309
1811710 309
1811720 308
1811730 308
1811740 308
1811750 307
1811760 307
1811770 307
1811780 307
1811790 306
1811800 306
1811810 306
1811820 306
1811830 305
1811840 305
1811850 305
1811860 304
1811870 304
1811880 303
1811890 303
1811900 303
1811910 302
1811920 302
1811930 302
1811940 302
1811950 301
1811960 301
1811970 301
1811980 301
1811990 301
1812000 300
1812010 300
1812020 300
1812030 299
1812040 299
1812050 298
1812060 298
1812070 298
1812080 298
1812090 297
1812100 297
1812110 297
1812120 296
1812130 296
1812140 296
1812150 296
1812160 296
1812170 296
1812180 296
1812190 295
1812200 295
1812210 295
1812220 295
1812230 296
1812240 296
1812250 296
1812260 297
1812270 297
1812280 296
1812290 296
1812300 295
1812310 294
1812320 294
1812330 294
1812340 293
1812350 293
1812360 293
1812370 293
1812380 293
1812390 293
1812400 293
1812410 293
1812420 293
1812430 293
1812440 293
1812450 293
1812460 293
1812470 293
1812480 293
1812490 293
1812500 293
1812510 293
1812520 293
1812530 293
1812540 293
1812550 293
1812560 293
1812570 293
1812580 293
1812590 293
1812600 293
1812610 294
1812620 294
1812630 294
1812640 294
1812650 294
1812660 294
1812670 294
1812680 294
1812690 294
1812700 294
1812710 294
1812720 293
1812730 293
1812740 293
1812750 293
1812760 293
1812770 293
1812780 292
1812790 292
1812800 292
1812810 292
1812820 292
1812830 291
1812840 291
1812850 291
1812860 291
1812870 291
1812880 290
1812890 290
1812900 290
1812910 290
1812920 290
1812930 290
1812940 290
1812950 289
1812960 289
1812970 288
1812980 288
1812990 287
1813000 286
1813010 285
1813020 285
1813030 285
1813040 284
1813050 284
1813060 284
1813070 284
1813080 283
1813090 283
1813100 283
1813110 282
1813120 282
1813130 281
1813140 281
1813150 281
1813160 280
1813170 280
1813180 280
1813190 279
1813200 279
1813210 278
1813220 278
1813230 278
1813240 277
1813250 277
1813260 277
1813270 277
1813280 277
1813290 277
1813300 276
1813310 276
1813320 276
1813330 275
1813340 274
1813350 274
1813360 273
1813370 273
1813380 272
1813390 271
1813400 270
1813410 270
1813420 269
1813430 269
1813440 268
1813450 267
1813460 265
1813470 265
1813480 264
1813490 264
1813500 264
1813510 264
1813520 264
1813530 264
1813540 265
1813550 265
1813560 266
1813570 267
1813580 268
1813590 269
1813600 270
1813610 270
1813620 271
1813630 271
1813640 272
1813650 272
1813660 272
1813670 273
1813680 273
1813690 273
1813700 273
1813710 273
1813720 273
1813730 274
1813740 274
1813750 274
1813760 274
1813770 274
1813780 274
1813790 274
1813800 274
1813810 274
1813820 273
1813830 273
1813840 273
1813850 273
1813860 272
1813870 272
1813880 272
1813890 271
1813900 271
1813910 270
1813920 270
1813930 270
1813940 269
1813950 269
1813960 268
1813970 268
1813980 267
1813990 267
1814000 266
1814010 265
1814020 265
1814030 264
1814040 264
1814050 263
1814060 263
1814070 262
1814080 262
1814090 261
1814100 261
1814110 260
1814120 260
1814130 259
1814140 259
1814150 259
1814160 258
1814170 257
1814180 257
1814190 256
1814200 256
1814210 255
1814220 255
1814230 254
1814240 254
1814250 254
1814260 254
1814270 254
1814280 254
1814290 254
1814300 253
1814310 253
1814320 253
1814330 252
1814340 252
1814350 252
1814360 252
1814370 252
1814380 252
1814390 251
1814400 251
1814410 250
1814420 250
1814430 250
1814440 250
1814450 250
1814460 249
1814470 249
1814480 249
1814490 249
1814500 248
1814510 248
1814520 248
1814530 248
1814540 247
1814550 247
1814560 247
1814570 247
1814580 246
1814590 246
1814600 246
1814610 246
1814620 245
1814630 245
1814640 245
1814650 245
1814660 244
1814670 244
1814680 244
1814690 244
1814700 243
1814710 243
1814720 243
1814730 243
1814740 243
1814750 243
1814760 242
1814770 242
1814780 242
1814790 242
1814800 242
1814810 242
1814820 242
1814830 242
1814840 241
1814850 241
1814860 241
1814870 241
1814880 241
1814890 241
1814900 240
1814910 241
1814920 241
1814930 241
1814940 241
1814950 241
1814960 240
1814970 240
1814980 240
1814990 239
1815000 239
1815010 239
1815020 239
1815030 238
1815040 238
1815050 238
1815060 238
1815070 239
1815080 239
1815090 238
1815100 238
1815110 238
1815120 238
1815130 238
1815140 238
1815150 237
1815160 237
1815170 237
1815180 237
1815190 237
1815200 237
1815210 237
1815220 237
1815230 237
1815240 237
1815250 237
1815260 237
1815270 236
1815280 236
1815290 236
1815300 236
1815310 236
1815320 235
1815330 235
1815340 235
1815350 235
1815360 235
1815370 236
1815380 235
1815390 235
1815400 235
1815410 235
1815420 235
1815430 235
1815440 234
1815450 234
1815460 234
1815470 234
1815480 233
1815490 233
1815500 233
1815510 233
1815520 233
1815530 233
1815540 233
1815550 233
1815560 233
1815570 232
1815580 231
1815590 227
1815600 227
1815610 226
1815620 227
1815630 227
1815640 227
1815650 227
1815660 227
1815670 227
1815680 227
1815690 227
1815700 227
1815710 227
1815720 227
1815730 227
1815740 227
1815750 227
1815760 227
1815770 227
1815780 227
1815790 226
1815800 226
1815810 226
1815820 226
1815830 226
1815840 226
1815850 226
1815860 226
1815870 226
1815880 226
1815890 226
1815900 226
1815910 226
1815920 226
1815930 226
1815940 225
1815950 225
1815960 225
1815970 225
1815980 224
1815990 224
1816000 224
1816010 224
1816020 224
1816030 224
1816040 224
1816050 224
1816060 224
1816070 224
1816080 224
1816090 224
1816100 224
1816110 224
1816120 224
1816130 224
1816140 224
1816150 224
1816160 224
1816170 224
1816180 225
1816190 225
1816200 225
1816210 225
1816220 225
1816230 225
1816240 225
1816250 225
1816260 225
1816270 225
1816280 225
1816290 226
1816300 227
1816310 227
1816320 227
1816330 227
1816340 227
1816350 227
1816360 227
1816370 227
1816380 227
1816390 227
1816400 227
1816410 227
1816420 227
1816430 227
1816440 227
1816450 227
1816460 227
1816470 227
1816480 227
1816490 227
1816500 227
1816510 226
1816520 225
1816530 225
1816540 225
1816550 225
1816560 225
1816570 225
1816580 225
1816590 225
1816600 226
1816610 226
1816620 226
1816630 226
1816640 226
1816650 226
1816660 226
1816670 226
1816680 225
1816690 225
1816700 225
1816710 225
1816720 225
1816730 225
1816740 225
1816750 225
1816760 225
1816770 225
1816780 224
1816790 224
1816800 224
1816810 224
1816820 224
1816830 224
1816840 224
1816850 224
1816860 224
1816870 224
1816880 224
1816890 224
1816900 224
1816910 223
1816920 223
1816930 223
1816940 223
1816950 223
1816960 223
1816970 223
1816980 223
1816990 222
1817000 222
1817010 222
1817020 222
1817030 222
1817040 222
1817050 222
1817060 222
1817070 222
1817080 222
1817090 222
1817100 222
1817110 222
1817120 222
1817130 222
1817140 221
1817150 221
1817160 221
1817170 221
1817180 221
1817190 221
1817200 221
1817210 221
1817220 220
1817230 220
1817240 220
1817250 220
1817260 220
1817270 220
1817280 220
1817290 220
1817300 219
1817310 219
1817320 218
1817330 218
1817340 218
1817350 218
1817360 218
1817370 218
1817380 218
1817390 218
1817400 217
1817410 217
1817420 216
1817430 216
1817440 216
1817450 216
1817460 215
1817470 215
1817480 215
1817490 215
1817500 215
1817510 215
1817520 214
1817530 214
1817540 214
1817550 214
1817560 214
1817570 214
1817580 214
1817590 214
1817600 213
1817610 213
1817620 213
1817630 213
1817640 212
1817650 212
1817660 212
1817670 212
1817680 212
1817690 212
1817700 212
1817710 212
1817720 212
1817730 211
1817740 211
1817750 210
1817760 210
1817770 210
1817780 210
1817790 210
1817800 210
1817810 210
1817820 210
1817830 210
1817840 210
1817850 210
1817860 209
1817870 209
1817880 209
1817890 209
1817900 209
1817910 209
1817920 208
1817930 208
1817940 208
1817950 208
1817960 208
1817970 208
1817980 208
1817990 207
1818000 207
1818010 207
1818020 207
1818030 207
1818040 207
1818050 207
1818060 207
1818070 206
1818080 206
1818090 206
1818100 206
1818110 206
1818120 206
1818130 206
1818140 206
1818150 206
1818160 206
1818170 205
1818180 205
1818190 205
1818200 205
1818210 205
1818220 205
1818230 204
1818240 204
1818250 204
1818260 204
1818270 204
1818280 204
1818290 204
1818300 204
1818310 204
1818320 204
1818330 203
1818340 203
1818350 203
1818360 203
1818370 203
1818380 202
1818390 202
1818400 202
1818410 202
1818420 202
1818430 202
1818440 202
1818450 202
1818460 202
1818470 202
1818480 201
1818490 201
1818500 201
1818510 201
1818520 201
1818530 201
1818540 201
1818550 201
1818560 201
1818570 200
1818580 200
1818590 200
1818600 200
1818610 200
1818620 200
1818630 200
1818640 200
1818650 199
1818660 199
1818670 199
1818680 199
1818690 199
1818700 199
1818710 199
1818720 198
1818730 198
1818740 198
1818750 198
1818760 198
1818770 198
1818780 198
1818790 198
1818800 197
1818810 197
1818820 197
1818830 197
1818840 196
1818850 196
1818860 196
1818870 195
1818880 195
1818890 195
1818900 195
1818910 195
1818920 195
1818930 195
1818940 195
1818950 195
1818960 194
1818970 194
1818980 194
1818990 194
1819000 194
1819010 194
1819020 194
1819030 194
1819040 194
1819050 194
1819060 194
1819070 193
1819080 193
1819090 193
1819100 193
1819110 193
1819120 193
1819130 193
1819140 193
1819150 193
1819160 193
1819170 193
1819180 194
1819190 194
1819200 194
1819210 193
1819220 193
1819230 194
1819240 194
1819250 194
1819260 194
1819270 194
1819280 195
1819290 195
1819300 195
1819310 195
1819320 195
1819330 195
1819340 195
1819350 195
1819360 195
1819370 195
1819380 195
1819390 195
1819400 195
1819410 196
1819420 197
1819430 197
1819440 198
1819450 198
1819460 198
1819470 197
1819480 197
1819490 197
1819500 197
1819510 197
1819520 197
1819530 196
1819540 196
1819550 197
1819560 197
1819570 197
1819580 197
1819590 198
1819600 198
1819610 198
1819620 198
1819630 199
1819640 199
1819650 199
1819660 199
1819670 199
1819680 199
1819690 199
1819700 199
1819710 199
1819720 199
1819730 199
1819740 199
1819750 199
1819760 199
1819770 199
1819780 199
1819790 198
1819800 198
1819810 198
1819820 198
1819830 198
1819840 198
1819850 198
1819860 198
1819870 198
1819880 198
1819890 198
1819900 197
1819910 197
1819920 197
1819930 197
1819940 197
1819950 197
1819960 197
1819970 197
1819980 198
1819990 198
1800000 322
1800010 321
1800020 320
1800030 319
1800040 318
1800050 317
1800060 316
1800070 315
1800080 313
1800090 312
1800100 311
1800110 310
1800120 309
1800130 308
1800140 307
1800150 307
1800160 306
1800170 305
1800180 304
1800190 303
1800200 302
1800210 301
1800220 300
1800230 299
1800240 298
1800250 297
1800260 295
1800270 294
1800280 293
1800290 291
1800300 290
1800310 289
1800320 287
1800330 285
1800340 284
1800350 282
1800360 280
1800370 278
1800380 277
1800390 276
1800400 274
1800410 273
1800420 272
1800430 271
1800440 270
1800450 268
1800460 266
1800470 264
1800480 262
1800490 261
1800500 261
1800510 259
1800520 257
1800530 254
1800540 252
1800550 251
1800560 250
1800570 250
1800580 249
1800590 248
1800600 247
1800610 247
1800620 247
1800630 247
1800640 247
1800650 246
1800660 246
1800670 246
1800680 246
1800690 246
1800700 246
1800710 245
1800720 245
1800730 244
1800740 243
1800750 243
1800760 243
1800770 243
1800780 242
1800790 242
1800800 242
1800810 242
1800820 242
1800830 243
1800840 242
1800850 243
1800860 243
1800870 243
1800880 243
1800890 243
1800900 244
1800910 244
1800920 245
1800930 245
1800940 245
1800950 245
1800960 246
1800970 245
1800980 245
1800990 245
1801000 245
1801010 245
1801020 245
1801030 245
1801040 245
1801050 244
1801060 243
1801070 241
1801080 242
1801090 242
1801100 243
1801110 244
1801120 245
1801130 245
1801140 245
1801150 245
1801160 245
1801170 245
1801180 245
1801190 245
1801200 244
1801210 244
1801220 244
1801230 244
1801240 244
1801250 244
1801260 244
1801270 244
1801280 244
1801290 244
1801300 244
1801310 244
1801320 244
1801330 244
1801340 243
1801350 243
1801360 243
1801370 243
1801380 243
1801390 243
1801400 243
1801410 243
1801420 243
1801430 243
1801440 243
1801450 243
1801460 243
1801470 243
1801480 243
1801490 243
1801500 243
1801510 243
1801520 243
1801530 243
1801540 243
1801550 243
1801560 243
1801570 243
1801580 243
1801590 243
1801600 243
1801610 243
1801620 243
1801630 243
1801640 243
1801650 243
1801660 243
1801670 243
1801680 243
1801690 243
1801700 243
1801710 243
1801720 243
1801730 243
1801740 243
1801750 243
1801760 243
1801770 243
1801780 243
1801790 243
1801800 243
1801810 243
1801820 243
1801830 243
1801840 243
1801850 243
1801860 243
1801870 243
1801880 243
1801890 243
1801900 243
1801910 243
1801920 243
1801930 243
1801940 242
1801950 242
1801960 242
1801970 242
1801980 242
1801990 242
1802000 242
1802010 242
1802020 242
1802030 242
1802040 242
1802050 242
1802060 242
1802070 242
1802080 242
1802090 242
1802100 242
1802110 242
1802120 242
1802130 242
1802140 242
1802150 242
1802160 242
1802170 242
1802180 242
1802190 242
1802200 242
1802210 242
1802220 242
1802230 242
1802240 242
1802250 242
1802260 242
1802270 242
1802280 242
1802290 242
1802300 242
1802310 242
1802320 242
1802330 243
1802340 242
1802350 242
1802360 242
1802370 242
1802380 242
1802390 242
1802400 243
1802410 243
1802420 243
1802430 244
1802440 244
1802450 245
1802460 245
1802470 245
1802480 246
1802490 246
1802500 247
1802510 248
1802520 249
1802530 250
1802540 251
1802550 251
1802560 252
1802570 252
1802580 252
1802590 251
1802600 251
1802610 249
1802620 248
1802630 247
1802640 246
1802650 246
1802660 245
1802670 244
1802680 244
1802690 243
1802700 243
1802710 242
1802720 242
1802730 242
1802740 242
1802750 242
1802760 242
1802770 242
1802780 242
1802790 242
1802800 242
1802810 242
1802820 242
1802830 242
1802840 242
1802850 242
1802860 242
1802870 242
1802880 242
1802890 242
1802900 241
1802910 241
1802920 240
1802930 240
1802940 240
1802950 240
1802960 240
1802970 240
1802980 240
1802990 240
1803000 240
1803010 240
1803020 240
1803030 241
1803040 241
1803050 242
1803060 242
1803070 242
1803080 242
1803090 241
1803100 241
1803110 241
1803120 241
1803130 245
1803140 246
1803150 247
1803160 248
1803170 248
1803180 247
1803190 245
1803200 244
1803210 243
1803220 243
1803230 242
1803240 240
1803250 239
1803260 239
1803270 240
1803280 241
1803290 242
1803300 242
1803310 242
1803320 242
1803330 243
1803340 243
1803350 246
1803360 251
1803370 255
1803380 260
1803390 265
1803400 270
1803410 272
1803420 273
1803430 274
1803440 274
1803450 275
1803460 275
1803470 275
1803480 276
1803490 276
1803500 277
1803510 279
1803520 279
1803530 278
1803540 277
1803550 277
1803560 277
1803570 277
1803580 278
1803590 278
1803600 278
1803610 278
1803620 278
1803630 278
1803640 277
1803650 277
1803660 277
1803670 277
1803680 277
1803690 277
1803700 277
1803710 276
1803720 276
1803730 276
1803740 275
1803750 275
1803760 274
1803770 274
1803780 273
1803790 272
1803800 272
1803810 271
1803820 270
1803830 269
1803840 267
1803850 266
1803860 264
1803870 263
1803880 261
1803890 260
1803900 258
1803910 257
1803920 255
1803930 253
1803940 251
1803950 248
1803960 245
1803970 242
1803980 240
1803990 238
1804000 237
1804010 236
1804020 235
1804030 234
1804040 233
1804050 233
1804060 231
1804070 231
1804080 231
1804090 232
1804100 233
1804110 234
1804120 234
1804130 233
1804140 232
1804150 231
1804160 230
1804170 230
1804180 230
