1800000 286
1800010 288
1800020 290
1800030 292
1800040 294
1800050 296
1800060 297
1800070 297
1800080 297
1800090 296
1800100 295
1800110 294
1800120 293
1800130 292
1800140 291
1800150 290
1800160 289
1800170 287
1800180 286
1800190 285
1800200 283
1800210 282
1800220 281
1800230 279
1800240 278
1800250 277
1800260 276
1800270 274
1800280 273
1800290 272
1800300 270
1800310 269
1800320 267
1800330 266
1800340 265
1800350 263
1800360 262
1800370 261
1800380 259
1800390 258
1800400 257
1800410 255
1800420 254
1800430 253
1800440 251
1800450 250
1800460 250
1800470 250
1800480 250
1800490 249
1800500 249
1800510 249
1800520 249
1800530 248
1800540 248
1800550 248
1800560 247
1800570 247
1800580 246
1800590 245
1800600 246
1800610 246
1800620 246
1800630 247
1800640 247
1800650 247
1800660 247
1800670 247
1800680 248
1800690 248
1800700 249
1800710 249
1800720 250
1800730 251
1800740 252
1800750 252
1800760 253
1800770 253
1800780 253
1800790 254
1800800 254
1800810 255
1800820 256
1800830 257
1800840 258
1800850 258
1800860 259
1800870 259
1800880 259
1800890 260
1800900 260
1800910 260
1800920 260
1800930 261
1800940 261
1800950 261
1800960 262
1800970 262
1800980 263
1800990 263
1801000 262
1801010 262
1801020 262
1801030 262
1801040 262
1801050 261
1801060 262
1801070 262
1801080 263
1801090 263
1801100 263
1801110 263
1801120 264
1801130 264
1801140 264
1801150 264
1801160 264
1801170 264
1801180 265
1801190 265
1801200 265
1801210 265
1801220 264
1801230 264
1801240 264
1801250 264
1801260 265
1801270 265
1801280 266
1801290 266
1801300 266
1801310 267
1801320 267
1801330 266
1801340 266
1801350 266
1801360 266
1801370 266
1801380 266
1801390 265
1801400 265
1801410 265
1801420 265
1801430 265
1801440 265
1801450 265
1801460 265
1801470 265
1801480 265
1801490 265
1801500 265
1801510 265
1801520 265
1801530 265
1801540 265
1801550 265
1801560 265
1801570 266
1801580 266
1801590 266
1801600 266
1801610 266
1801620 267
1801630 267
1801640 268
1801650 268
1801660 268
1801670 268
1801680 268
1801690 268
1801700 269
1801710 269
1801720 269
1801730 270
1801740 270
1801750 270
1801760 271
1801770 271
1801780 271
1801790 271
1801800 271
1801810 271
1801820 271
1801830 272
1801840 271
1801850 271
1801860 270
1801870 269
1801880 268
1801890 267
1801900 266
1801910 264
1801920 264
1801930 262
1801940 261
1801950 261
1801960 259
1801970 258
1801980 257
1801990 257
1802000 258
1802010 258
1802020 258
1802030 259
1802040 261
1802050 263
1802060 266
1802070 270
1802080 273
1802090 276
1802100 279
1802110 281
1802120 282
1802130 283
1802140 284
1802150 284
1802160 284
1802170 285
1802180 285
1802190 285
1802200 286
1802210 287
1802220 288
1802230 288
1802240 290
1802250 291
1802260 292
1802270 293
1802280 294
1802290 295
1802300 296
1802310 298
1802320 299
1802330 299
1802340 300
1802350 301
1802360 302
1802370 302
1802380 303
1802390 304
1802400 304
1802410 305
1802420 305
1802430 305
1802440 306
1802450 307
1802460 307
1802470 307
1802480 308
1802490 308
1802500 308
1802510 308
1802520 308
1802530 308
1802540 307
1802550 307
1802560 307
1802570 306
1802580 306
1802590 305
1802600 305
1802610 304
1802620 303
1802630 303
1802640 302
1802650 301
1802660 300
1802670 299
1802680 298
1802690 298
1802700 297
1802710 297
1802720 296
1802730 296
1802740 296
1802750 295
1802760 295
1802770 295
1802780 294
1802790 294
1802800 293
1802810 293
1802820 293
1802830 293
1802840 293
1802850 293
1802860 293
1802870 293
1802880 293
1802890 293
1802900 293
1802910 292
1802920 292
1802930 292
1802940 291
1802950 291
1802960 291
1802970 291
1802980 290
1802990 290
1803000 291
1803010 291
1803020 291
1803030 291
1803040 291
1803050 291
1803060 290
1803070 290
1803080 290
1803090 290
1803100 290
1803110 290
1803120 290
1803130 290
1803140 289
1803150 289
1803160 289
1803170 289
1803180 289
1803190 288
1803200 288
1803210 288
1803220 288
1803230 288
1803240 288
1803250 288
1803260 288
1803270 288
1803280 289
1803290 289
1803300 289
1803310 289
1803320 289
1803330 289
1803340 289
1803350 289
1803360 289
1803370 289
1803380 289
1803390 289
1803400 289
1803410 289
1803420 289
1803430 289
1803440 290
1803450 290
1803460 291
1803470 291
1803480 292
1803490 292
1803500 292
1803510 293
1803520 293
1803530 294
1803540 294
1803550 295
1803560 296
1803570 296
1803580 296
1803590 297
1803600 297
1803610 297
1803620 297
1803630 297
1803640 297
1803650 297
1803660 296
1803670 296
1803680 296
1803690 295
1803700 295
1803710 294
1803720 293
1803730 292
1803740 292
1803750 291
1803760 290
1803770 289
1803780 288
1803790 287
1803800 286
1803810 285
1803820 284
1803830 283
1803840 283
1803850 282
1803860 281
1803870 281
1803880 280
1803890 279
1803900 277
1803910 276
1803920 276
1803930 275
1803940 274
1803950 273
1803960 273
1803970 272
1803980 271
1803990 270
1804000 270
1804010 269
1804020 268
1804030 267
1804040 266
1804050 265
1804060 264
1804070 263
1804080 262
1804090 261
1804100 260
1804110 259
1804120 257
1804130 255
1804140 254
1804150 252
1804160 250
1804170 249
1804180 248
1804190 246
1804200 244
1804210 242
1804220 241
1804230 240
1804240 239
1804250 239
1804260 238
1804270 237
1804280 237
1804290 237
1804300 237
1804310 236
1804320 236
1804330 236
1804340 236
1804350 235
