1800000 252
1800010 252
1800020 250
1800030 251
1800040 254
1800050 255
1800060 255
1800070 255
1800080 255
1800090 255
1800100 255
1800110 255
1800120 255
1800130 255
1800140 255
1800150 255
1800160 255
1800170 255
1800180 256
1800190 256
1800200 258
1800210 259
1800220 260
1800230 262
1800240 263
1800250 265
1800260 265
1800270 267
1800280 269
1800290 269
1800300 270
1800310 270
1800320 270
1800330 270
1800340 272
1800350 275
1800360 279
1800370 282
1800380 283
1800390 285
1800400 286
1800410 288
1800420 289
1800430 291
1800440 292
1800450 293
1800460 295
1800470 296
1800480 298
1800490 299
1800500 300
1800510 301
1800520 302
1800530 304
1800540 305
1800550 307
1800560 308
1800570 309
1800580 311
1800590 312
1800600 313
1800610 314
1800620 315
1800630 315
1800640 316
1800650 317
1800660 318
1800670 319
1800680 320
1800690 321
1800700 322
1800710 323
1800720 324
1800730 325
1800740 326
1800750 327
1800760 328
1800770 329
1800780 330
1800790 330
1800800 331
1800810 332
1800820 333
1800830 333
1800840 334
1800850 335
1800860 335
1800870 336
1800880 336
1800890 337
1800900 337
1800910 337
1800920 338
1800930 338
1800940 338
1800950 338
1800960 338
1800970 338
1800980 338
1800990 339
1801000 339
1801010 339
1801020 339
1801030 339
1801040 339
1801050 339
1801060 339
1801070 339
1801080 339
1801090 339
1801100 340
1801110 340
1801120 340
1801130 340
1801140 341
1801150 341
1801160 341
1801170 342
1801180 342
1801190 342
1801200 342
1801210 343
1801220 343
1801230 343
1801240 343
1801250 343
1801260 344
1801270 344
1801280 344
1801290 344
1801300 344
1801310 344
1801320 344
1801330 345
1801340 345
1801350 345
1801360 345
1801370 345
1801380 345
1801390 345
1801400 345
1801410 345
1801420 345
1801430 345
1801440 345
1801450 345
1801460 345
1801470 345
1801480 345
1801490 345
1801500 345
1801510 344
1801520 344
1801530 344
1801540 343
1801550 343
1801560 342
1801570 342
1801580 341
1801590 341
1801600 340
1801610 340
1801620 340
1801630 339
1801640 338
1801650 337
1801660 336
1801670 335
1801680 335
1801690 334
1801700 332
1801710 331
1801720 330
1801730 328
1801740 326
1801750 324
1801760 323
1801770 321
1801780 319
1801790 317
1801800 316
1801810 314
1801820 313
1801830 312
1801840 310
1801850 309
1801860 307
1801870 306
1801880 304
1801890 302
1801900 300
1801910 298
1801920 295
1801930 291
1801940 288
1801950 285
1801960 284
1801970 285
1801980 287
1801990 289
1802000 291
1802010 293
1802020 296
1802030 299
1802040 302
1802050 305
1802060 308
1802070 311
1802080 314
1802090 317
1802100 319
1802110 321
1802120 322
1802130 323
1802140 324
1802150 325
1802160 327
1802170 328
1802180 329
1802190 330
1802200 331
1802210 331
1802220 332
1802230 332
1802240 333
1802250 333
1802260 334
1802270 334
1802280 334
1802290 335
1802300 336
1802310 338
1802320 339
1802330 340
1802340 342
1802350 343
1802360 344
1802370 346
1802380 348
1802390 349
1802400 351
1802410 353
1802420 354
1802430 356
1802440 357
1802450 359
1802460 360
1802470 361
1802480 363
1802490 364
1802500 366
1802510 367
1802520 368
1802530 369
1802540 370
1802550 372
1802560 373
1802570 374
1802580 375
1802590 376
1802600 377
1802610 378
1802620 378
1802630 379
1802640 379
1802650 379
1802660 379
1802670 379
1802680 379
1802690 378
1802700 377
1802710 377
1802720 376
1802730 375
1802740 374
1802750 373
1802760 371
1802770 370
1802780 368
1802790 367
1802800 366
1802810 365
1802820 364
1802830 363
1802840 362
1802850 361
1802860 360
1802870 359
1802880 357
1802890 356
1802900 354
1802910 352
1802920 350
1802930 348
1802940 344
1802950 341
1802960 336
1802970 331
1802980 327
1802990 322
1803000 317
1803010 313
1803020 308
1803030 305
1803040 301
1803050 298
1803060 296
1803070 294
1803080 292
1803090 291
1803100 291
1803110 290
1803120 290
1803130 290
1803140 288
1803150 286
1803160 283
1803170 280
1803180 277
1803190 275
1803200 273
