1800000 332
1800010 333
1800020 333
1800030 334
1800040 334
1800050 335
1800060 335
1800070 336
1800080 336
1800090 336
1800100 336
1800110 336
1800120 335
1800130 335
1800140 335
1800150 335
1800160 334
1800170 334
1800180 334
1800190 333
1800200 333
1800210 332
1800220 333
1800230 333
1800240 333
1800250 333
1800260 333
1800270 335
1800280 337
1800290 337
1800300 337
1800310 336
1800320 337
1800330 339
1800340 342
1800350 344
1800360 345
1800370 346
1800380 347
1800390 348
1800400 349
1800410 350
1800420 351
1800430 352
1800440 353
1800450 354
1800460 355
1800470 355
1800480 356
1800490 357
1800500 357
1800510 358
1800520 358
1800530 358
1800540 359
1800550 359
1800560 359
1800570 359
1800580 359
1800590 360
1800600 360
1800610 360
1800620 360
1800630 360
1800640 361
1800650 361
1800660 361
1800670 362
1800680 362
1800690 363
1800700 363
1800710 363
1800720 364
1800730 364
1800740 365
1800750 365
1800760 366
1800770 366
1800780 367
1800790 367
1800800 368
1800810 368
1800820 369
1800830 369
1800840 369
1800850 369
1800860 370
1800870 370
1800880 370
1800890 370
1800900 370
1800910 370
1800920 370
1800930 370
1800940 370
1800950 370
1800960 370
1800970 370
1800980 370
1800990 369
1801000 368
1801010 367
1801020 367
1801030 366
1801040 366
1801050 368
1801060 372
1801070 374
1801080 377
1801090 380
1801100 382
1801110 384
1801120 386
1801130 387
1801140 389
1801150 391
1801160 392
1801170 394
1801180 395
1801190 397
1801200 398
1801210 399
1801220 400
1801230 401
1801240 402
1801250 403
1801260 404
1801270 404
1801280 405
1801290 405
1801300 406
1801310 406
1801320 406
1801330 406
1801340 406
1801350 406
1801360 406
1801370 406
1801380 406
1801390 405
1801400 405
1801410 404
1801420 404
1801430 403
1801440 403
1801450 403
1801460 404
1801470 405
1801480 406
1801490 406
1801500 406
1801510 407
1801520 408
1801530 410
1801540 411
1801550 412
1801560 414
1801570 416
1801580 419
1801590 422
1801600 425
1801610 428
1801620 430
1801630 432
1801640 434
1801650 436
1801660 438
1801670 440
1801680 441
1801690 443
1801700 445
1801710 446
1801720 448
1801730 450
1801740 452
1801750 453
1801760 454
1801770 455
1801780 456
1801790 457
1801800 457
1801810 458
1801820 459
1801830 459
1801840 460
1801850 461
1801860 461
1801870 461
1801880 462
1801890 462
1801900 462
1801910 462
1801920 462
1801930 461
1801940 461
1801950 461
1801960 460
1801970 460
1801980 459
1801990 459
1802000 458
1802010 457
1802020 457
1802030 456
1802040 455
1802050 454
1802060 453
1802070 453
1802080 452
1802090 451
1802100 450
1802110 449
1802120 447
1802130 446
1802140 445
1802150 444
1802160 442
1802170 441
1802180 440
1802190 439
1802200 438
1802210 436
1802220 435
1802230 434
1802240 432
1802250 431
1802260 429
1802270 428
1802280 426
1802290 424
1802300 422
1802310 420
1802320 419
1802330 417
1802340 416
1802350 415
1802360 414
1802370 413
1802380 413
1802390 412
1802400 412
1802410 411
1802420 411
1802430 410
1802440 410
1802450 409
1802460 409
1802470 409
1802480 409
1802490 409
1802500 409
1802510 409
1802520 410
1802530 411
1802540 411
1802550 411
1802560 411
1802570 411
1802580 411
1802590 411
1802600 410
1802610 410
1802620 409
1802630 409
1802640 408
1802650 408
1802660 408
1802670 408
1802680 408
1802690 409
1802700 409
1802710 409
1802720 410
1802730 411
1802740 411
1802750 412
1802760 412
1802770 413
1802780 414
1802790 414
1802800 414
1802810 415
1802820 415
1802830 415
1802840 415
1802850 415
1802860 415
1802870 414
1802880 414
1802890 414
1802900 414
1802910 413
1802920 412
1802930 412
1802940 411
1802950 411
1802960 411
1802970 410
1802980 410
1802990 409
1803000 409
1803010 408
1803020 408
1803030 408
1803040 407
1803050 408
1803060 408
1803070 408
1803080 408
1803090 408
1803100 408
1803110 408
1803120 408
1803130 408
1803140 408
1803150 408
1803160 408
1803170 408
1803180 409
