1800000 307
1800010 308
1800020 309
1800030 311
1800040 312
1800050 313
1800060 314
1800070 316
1800080 317
1800090 318
1800100 319
1800110 320
1800120 321
1800130 322
1800140 323
1800150 324
1800160 325
1800170 325
1800180 326
1800190 327
1800200 327
1800210 328
1800220 328
1800230 328
1800240 328
1800250 328
1800260 328
1800270 328
1800280 328
1800290 327
1800300 326
1800310 325
1800320 324
1800330 323
1800340 323
1800350 321
1800360 321
1800370 320
1800380 320
1800390 321
1800400 321
1800410 322
1800420 322
1800430 323
1800440 324
1800450 325
1800460 327
1800470 328
1800480 328
1800490 328
1800500 329
1800510 329
1800520 329
1800530 330
1800540 330
1800550 331
1800560 331
1800570 332
1800580 333
1800590 334
1800600 335
1800610 336
1800620 337
1800630 338
1800640 339
1800650 340
1800660 341
1800670 342
1800680 343
1800690 343
1800700 344
1800710 344
1800720 344
1800730 344
1800740 344
1800750 344
1800760 345
1800770 345
1800780 346
1800790 347
1800800 348
1800810 350
1800820 351
1800830 353
1800840 353
1800850 354
1800860 355
1800870 356
1800880 358
1800890 359
1800900 361
1800910 362
1800920 363
1800930 364
1800940 366
1800950 367
1800960 369
1800970 370
1800980 372
1800990 374
1801000 375
1801010 377
1801020 379
1801030 380
1801040 382
1801050 384
1801060 386
1801070 388
1801080 390
1801090 392
1801100 394
1801110 395
1801120 397
1801130 399
1801140 400
1801150 401
1801160 403
1801170 405
1801180 406
1801190 408
1801200 409
1801210 410
1801220 411
1801230 412
1801240 413
1801250 414
1801260 415
1801270 416
1801280 417
1801290 418
1801300 419
1801310 419
1801320 419
1801330 419
1801340 419
1801350 418
1801360 418
1801370 417
1801380 416
1801390 416
1801400 416
1801410 415
1801420 415
1801430 415
1801440 415
1801450 414
1801460 414
1801470 414
1801480 413
1801490 412
1801500 412
1801510 411
1801520 411
1801530 410
1801540 410
1801550 409
1801560 409
1801570 408
1801580 408
1801590 407
1801600 407
1801610 406
1801620 405
1801630 405
1801640 404
1801650 404
1801660 403
1801670 402
1801680 402
1801690 401
1801700 400
1801710 399
1801720 398
1801730 397
1801740 397
1801750 396
1801760 396
1801770 395
1801780 394
1801790 393
1801800 392
1801810 391
1801820 389
1801830 390
1801840 391
1801850 392
1801860 392
1801870 392
1801880 391
1801890 391
1801900 391
1801910 390
1801920 390
1801930 390
1801940 390
1801950 390
1801960 390
1801970 389
1801980 390
1801990 391
1802000 393
1802010 395
1802020 397
1802030 399
1802040 401
1802050 402
1802060 404
1802070 406
1802080 407
1802090 408
1802100 409
1802110 410
1802120 410
1802130 411
1802140 412
1802150 412
1802160 413
1802170 413
1802180 413
1802190 413
1802200 413
1802210 412
1802220 412
1802230 411
1802240 411
1802250 410
1802260 410
1802270 409
1802280 408
1802290 408
1802300 407
1802310 406
1802320 405
1802330 404
1802340 403
1802350 402
1802360 400
1802370 400
1802380 399
1802390 398
1802400 396
1802410 395
1802420 394
1802430 393
1802440 392
1802450 391
1802460 390
1802470 388
1802480 387
1802490 386
1802500 385
1802510 383
1802520 382
1802530 381
1802540 379
1802550 378
1802560 376
1802570 374
1802580 373
1802590 371
1802600 370
1802610 368
1802620 367
1802630 365
1802640 364
1802650 362
1802660 361
1802670 359
1802680 357
1802690 355
1802700 353
1802710 351
1802720 349
1802730 347
1802740 345
1802750 343
1802760 341
1802770 339
1802780 337
1802790 335
1802800 333
1802810 331
1802820 329
1802830 327
1802840 325
1802850 324
1802860 322
1802870 321
1802880 319
1802890 316
1802900 313
1802910 310
