1800000 334
1800010 334
1800020 334
1800030 334
1800040 333
1800050 334
1800060 334
1800070 334
1800080 334
1800090 334
1800100 333
1800110 332
1800120 331
1800130 330
1800140 329
1800150 331
1800160 333
1800170 335
1800180 336
1800190 338
1800200 339
1800210 340
1800220 341
1800230 342
1800240 342
1800250 343
1800260 343
1800270 343
1800280 343
1800290 343
1800300 343
1800310 344
1800320 344
1800330 345
1800340 346
1800350 347
1800360 348
1800370 349
1800380 350
1800390 352
1800400 353
1800410 354
1800420 356
1800430 357
1800440 358
1800450 359
1800460 360
1800470 361
1800480 361
1800490 362
1800500 362
1800510 363
1800520 363
1800530 364
1800540 364
1800550 364
1800560 365
1800570 365
1800580 366
1800590 366
1800600 367
1800610 367
1800620 367
1800630 368
1800640 368
1800650 368
1800660 368
1800670 368
1800680 368
1800690 368
1800700 368
1800710 367
1800720 367
1800730 367
1800740 367
1800750 367
1800760 367
1800770 366
1800780 366
1800790 366
1800800 366
1800810 366
1800820 365
1800830 365
1800840 365
1800850 365
1800860 365
1800870 364
1800880 364
1800890 364
1800900 364
1800910 364
1800920 364
1800930 364
1800940 364
1800950 364
1800960 363
1800970 363
1800980 362
1800990 362
1801000 361
1801010 361
1801020 360
1801030 359
1801040 358
1801050 357
1801060 355
1801070 354
1801080 353
1801090 353
1801100 352
1801110 352
1801120 352
1801130 352
1801140 353
1801150 353
1801160 354
1801170 356
1801180 357
1801190 359
1801200 360
1801210 362
1801220 363
1801230 365
1801240 366
1801250 368
1801260 369
1801270 371
1801280 372
1801290 373
1801300 374
1801310 374
1801320 375
1801330 376
1801340 376
1801350 376
1801360 376
1801370 376
1801380 376
1801390 376
1801400 376
1801410 376
1801420 376
1801430 376
1801440 376
1801450 376
1801460 376
1801470 375
1801480 375
1801490 375
1801500 374
1801510 374
1801520 373
1801530 372
1801540 371
1801550 369
1801560 367
1801570 364
1801580 363
1801590 362
1801600 361
1801610 361
1801620 361
1801630 361
1801640 362
1801650 364
1801660 365
1801670 366
1801680 368
1801690 369
1801700 370
1801710 371
1801720 372
1801730 372
1801740 373
1801750 373
1801760 373
1801770 373
1801780 373
1801790 374
1801800 374
1801810 374
1801820 375
1801830 375
1801840 376
1801850 376
1801860 376
1801870 377
1801880 377
1801890 378
1801900 378
1801910 378
1801920 378
1801930 377
1801940 377
1801950 376
1801960 376
1801970 376
1801980 375
1801990 375
1802000 375
1802010 375
1802020 375
1802030 375
1802040 375
1802050 374
1802060 374
1802070 374
1802080 374
1802090 373
1802100 373
1802110 372
1802120 372
1802130 371
1802140 370
1802150 370
1802160 369
1802170 369
1802180 369
1802190 368
1802200 368
1802210 367
1802220 366
1802230 365
1802240 364
1802250 363
1802260 363
1802270 362
1802280 361
1802290 359
1802300 358
1802310 357
1802320 356
1802330 355
1802340 354
1802350 353
1802360 351
1802370 350
1802380 349
1802390 348
1802400 346
1802410 345
1802420 343
1802430 342
1802440 340
1802450 338
1802460 336
1802470 334
1802480 332
1802490 330
1802500 327
1802510 325
1802520 323
1802530 320
1802540 318
1802550 315
1802560 312
1802570 310
1802580 308
1802590 305
1802600 303
1802610 301
1802620 299
1802630 297
1802640 295
1802650 293
1802660 292
1802670 293
1802680 295
1802690 296
1802700 296
1802710 296
1802720 295
1802730 293
1802740 292
1802750 289
1802760 287
1802770 285
1803270 255
