1801950 389
1801960 388
1801970 387
1801980 387
1801990 386
1802000 386
1802010 386
1802020 385
1802030 385
1802040 385
1802050 385
1802060 385
1802070 385
1802080 385
1802090 384
1802100 383
1802110 382
1802120 382
1802130 381
1802140 381
1802150 381
1802160 382
1802170 383
1802180 384
1802190 384
1802200 384
1802210 384
1802220 384
1802230 384
1802240 385
1802250 385
1802260 386
1802270 387
1802280 388
1802290 390
1802300 391
1802310 391
1802320 392
1802330 393
1802340 393
1802350 394
1802360 394
1802370 395
1802380 396
1802390 397
1802400 398
1802410 399
1802420 400
1802430 401
1802440 402
1802450 403
1802460 403
1802470 404
1802480 405
1802490 405
1802500 406
1802510 405
1802520 405
1802530 405
1802540 405
1802550 405
1802560 405
1802570 406
1802580 407
1802590 407
1802600 408
1802610 409
1802620 410
1802630 410
1802640 410
1802650 411
1802660 411
1802670 410
1802680 410
1802690 409
1802700 409
1802710 409
1802720 410
1802730 410
1802740 411
1802750 411
1802760 413
1802770 414
1802780 416
1802790 417
1802800 418
1802810 419
1802820 419
1802830 419
1802840 419
1802850 419
1802860 418
1802870 418
1802880 417
1802890 416
1802900 415
1802910 414
1802920 413
1802930 411
1802940 410
1802950 409
1802960 408
1802970 407
1802980 405
1802990 404
1803000 402
1803010 401
1803020 399
1803030 398
1803040 397
1803050 396
1803060 396
1803070 395
1803080 395
1803090 394
1803100 393
1803110 392
1803120 390
1803130 389
1803140 388
1803150 387
1803160 385
1803170 384
1803180 383
1803190 382
1803200 381
1803210 380
1803220 380
1803230 379
1803240 378
1803250 378
1803260 377
1803270 375
1803280 374
1803290 373
1803300 371
1803310 370
1803320 369
1803330 367
1803340 366
1803350 365
1803360 363
1803370 362
1803380 360
1803390 358
1803400 355
1803410 352
1803420 350
1803430 347
1803440 345
1803450 342
1803460 339
1803470 336
1803480 336
1803490 336
1803500 337
1803510 338
1803520 339
1803530 340
1803540 340
1803550 340
1803560 340
1803570 341
1803580 341
1803590 342
1803600 342
1803610 341
1803620 341
1803630 341
1803640 340
1803650 339
1803660 338
1803670 336
1803680 335
1803690 334
1803700 332
1803710 331
1803720 329
1803730 328
1803740 326
1803750 324
1803760 322
1803770 319
1803780 317
1803790 315
1803800 313
1803810 311
1803820 309
1803830 307
1803840 304
1803850 301
1803860 298
1803870 295
1803880 292
1803890 289
1803900 286
1803910 283
1803920 280
1803930 278
1803940 276
1803950 275
1803960 273
1803970 271
1803980 268
1803990 265
1804000 263
1804010 261
1804020 262
1804030 264
1804040 267
1804050 268
1804060 268
1804070 267
1804080 265
1804090 262
1804100 259
1804110 255
1804120 252
1804130 248
1804140 245
1804150 243
1804160 242
1804170 243
1804180 243
1804190 243
1804200 244
1804210 245
1804220 245
1804230 246
1804240 246
1804250 246
1804260 246
1804270 246
1804280 246
1804290 246
1804300 246
1804310 246
1804320 246
1804330 246
1804340 247
1804350 247
1804360 247
1804370 247
1804380 248
1804390 248
1804400 248
1804410 249
1804420 249
1804430 249
1804440 250
1804450 251
1804460 251
1804470 252
1804480 252
1804490 252
1804500 252
1804510 252
1804520 252
1804530 252
1804540 252
1804550 252
1804560 252
1804570 252
1804580 252
1804590 252
1804600 252
1804610 252
1804620 252
1804630 252
1804640 250
1804650 250
1804660 249
1804670 250
1804680 250
1804690 252
1804700 255
1804710 258
1804720 262
1804730 265
1804740 267
1804750 270
1804760 272
1804770 275
1804780 277
1804790 279
1804800 282
1804810 284
1804820 287
1804830 289
1804840 291
1804850 293
1804860 295
1804870 297
1804880 299
1804890 300
1804900 302
1804910 303
1804920 304
1804930 305
1804940 305
1804950 306
1804960 306
1804970 306
1804980 306
1804990 306
1805000 305
1805010 304
1805020 302
1805030 301
1805040 299
1805050 298
1805060 296
1805070 294
1805080 292
1805090 289
1805100 287
1805110 286
1805120 288
1805130 289
1805140 290
1805150 291
1805160 292
1805170 293
1805180 294
1805190 296
1805200 297
1805210 299
1805220 301
1805230 303
1805240 305
1805250 307
1805260 308
1805270 309
1805280 310
1805290 310
1805300 311
1805310 312
1805320 313
1805330 313
1805340 314
1805350 315
1805360 316
1805370 317
1805380 319
1805390 320
1805400 322
1805410 323
1805420 325
1805430 326
1805440 327
1805450 328
1805460 329
1805470 330
1805480 331
1805490 331
1805500 332
1805510 332
1805520 333
1805530 333
1805540 333
1805550 334
1805560 334
1805570 335
1805580 335
1805590 336
1805600 336
1805610 337
1805620 337
1805630 338
1805640 338
1805650 339
1805660 340
1805670 340
1805680 341
1805690 341
1805700 342
1805710 342
1805720 343
1805730 343
1805740 343
1805750 344
1805760 345
1805770 346
1805780 348
1805790 349
1805800 351
1805810 352
1805820 353
1805830 354
1805840 355
1805850 356
1805860 357
1805870 358
1805880 359
1805890 361
1805900 362
1805910 364
1805920 366
1805930 368
1805940 369
1805950 371
1805960 372
1805970 373
1805980 374
1805990 375
1806000 377
1806010 378
1806020 380
1806030 382
1806040 383
1806050 385
1806060 387
1806070 388
1806080 390
1806090 391
1806100 393
1806110 395
1806120 396
1806130 398
1806140 399
1806150 400
1806160 401
1806170 402
1806180 403
1806190 404
1806200 405
1806210 406
1806220 407
1806230 408
1806240 408
1806250 409
1806260 409
1806270 409
1806280 410
1806290 410
1806300 410
1806310 410
1806320 411
1806330 411
1806340 411
1806350 411
1806360 411
1806370 411
1806380 411
1806390 411
1806400 411
1806410 410
1806420 410
1806430 410
1806440 410
1806450 410
1806460 410
1806470 409
1806480 409
1806490 409
1806500 410
1806510 410
1806520 410
1806530 410
1806540 410
1806550 411
1806560 411
1806570 412
1806580 412
1806590 413
1806600 413
1806610 414
1806620 414
1806630 415
1806640 415
1806650 416
1806660 416
1806670 417
1806680 417
1806690 418
1806700 418
1806710 418
1806720 419
1806730 419
1806740 419
1806750 419
1806760 419
1806770 420
1806780 420
1806790 420
1806800 420
1806810 420
1806820 419
1806830 419
1806840 418
1806850 418
1806860 417
1806870 416
1806880 415
1806890 415
1806900 414
1806910 413
1806920 412
1806930 410
1806940 409
1806950 409
1806960 408
1806970 407
1806980 406
1806990 405
1807000 404
1807010 403
1807020 402
1807030 400
1807040 399
1807050 398
1807060 396
1807070 395
1807080 393
1807090 392
1807100 390
1807110 388
1807120 387
1807130 385
1807140 383
1807150 382
1807160 379
1807170 377
1807180 374
1807190 371
1807200 368
1807210 365
1807220 362
1807230 360
1807240 357
1807250 354
1807260 352
1807270 349
1807280 346
1807290 344
1807300 342
1807310 340
1807320 338
1807330 336
1807340 334
1807350 332
1807360 330
1807370 329
1807380 327
1807390 326
1807400 325
1807410 324
1807420 323
1807430 322
1807440 321
1807450 320
1807460 320
1807470 319
1807480 318
1807490 318
1807500 317
1807510 317
1807520 316
1807530 314
1807540 313
1807550 312
1807560 311
1807570 310
1807580 309
1807590 309
1807600 308
1807610 307
1807620 307
1807630 306
1807640 306
1807650 305
1807660 305
1807670 304
1807680 304
1807690 303
1807700 303
1807710 302
1807720 301
1807730 301
1807740 300
1807750 300
1807760 299
1807770 299
1807780 299
1807790 298
1807800 298
1807810 298
1807820 297
1807830 297
1807840 297
1807850 296
1807860 296
1807870 296
1807880 295
1807890 295
1807900 295
1807910 295
1807920 295
1807930 294
1807940 294
1807950 294
1807960 293
1807970 293
1807980 292
1807990 291
1808000 291
1808010 290
1808020 290
1808030 289
1808040 289
1808050 288
1808060 288
1808070 287
1808080 287
1808090 286
1808100 286
1808110 286
1808120 285
1808130 285
1808140 285
1808150 285
1808160 285
1808170 284
1808180 284
1808190 284
1808200 283
1808210 283
1808220 283
1808230 282
1808240 282
1808250 282
1808260 281
1808270 281
1808280 280
1808290 280
1808300 279
1808310 279
1808320 278
1808330 278
1808340 277
1808350 277
1808360 276
1808370 276
1808380 276
1808390 275
1808400 274
1808410 273
1808420 273
1808430 272
1808440 271
1808450 271
1808460 270
1808470 270
1808480 270
1808490 269
1808500 269
1808510 269
1808520 268
1808530 268
1808540 267
1808550 268
1808560 268
1808570 269
1808580 270
1808590 272
1808600 272
1808610 273
1808620 274
1808630 274
1808640 275
1808650 275
1808660 276
1808670 277
1808680 278
1808690 279
1808700 280
1808710 281
1808720 282
1808730 283
1808740 285
1808750 286
1808760 287
1808770 288
1808780 289
1808790 290
1808800 290
1808810 291
1808820 292
1808830 292
1808840 293
1808850 294
1808860 295
1808870 296
1808880 297
1808890 298
1808900 299
1808910 300
1808920 302
1808930 303
1808940 304
1808950 306
1808960 307
1808970 309
1808980 310
1808990 311
1809000 312
1809010 314
1809020 316
1809030 317
1809040 318
1809050 319
1809060 319
1809070 320
1809080 320
1809090 320
1809100 320
1809110 320
1809120 320
1809130 320
1809140 320
1809150 319
1809160 319
1809170 319
1809180 318
1809190 318
1809200 317
1809210 317
1809220 316
1809230 316
1809240 315
1809250 315
1809260 314
1809270 314
1809280 313
1809290 313
1809300 313
1809310 312
1809320 312
1809330 312
1809340 311
1809350 311
1809360 310
1809370 310
1809380 309
1809390 309
1809400 308
1809410 308
1809420 308
1809430 308
1809440 307
1809450 307
1809460 307
1809470 306
1809480 306
1809490 306
1809500 305
1809510 305
1809520 305
1809530 304
1809540 304
1809550 304
1809560 304
1809570 304
1809580 304
1809590 303
1809600 303
1809610 303
1809620 303
1809630 302
1809640 302
1809650 301
1809660 301
1809670 301
1809680 301
1809690 300
1809700 300
1809710 300
1809720 299
1809730 299
1809740 298
1809750 298
1809760 297
1809770 296
1809780 295
1809790 294
1809800 292
1809810 290
1809820 289
1809830 288
1809840 288
1809850 289
1809860 290
1809870 290
1809880 291
1809890 291
1809900 292
1809910 292
1809920 293
1809930 294
1809940 294
1809950 295
1809960 296
1809970 298
1809980 299
1809990 300
1810000 302
1810010 303
1810020 303
1810030 304
1810040 304
1810050 305
1810060 304
1810070 303
1810080 303
1810090 302
1810100 302
1810110 302
1810120 303
1810130 303
1810140 303
1810150 304
1810160 304
1810170 304
1810180 305
1810190 306
1810200 308
1810210 309
1810220 311
1810230 312
1810240 313
1810250 315
1810260 318
1810270 320
1810280 322
1810290 324
1810300 325
1810310 326
1810320 327
1810330 328
1810340 328
1810350 327
1810360 327
1810370 326
1810380 327
1810390 328
1810400 329
1810410 330
1810420 330
1810430 332
1810440 333
1810450 335
1810460 336
1810470 339
1810480 341
1810490 343
1810500 346
1810510 348
1810520 351
1810530 354
1810540 356
1810550 359
1810560 362
1810570 364
1810580 367
1810590 370
1810600 372
1810610 375
1810620 378
1810630 380
1810640 383
1810650 385
1810660 387
1810670 390
1810680 392
1810690 393
1810700 395
1810710 397
1810720 398
1810730 400
1810740 402
1810750 403
1810760 405
1810770 407
1810780 408
1810790 410
1810800 411
1810810 412
1810820 413
1810830 414
1810840 415
1810850 417
1810860 419
1810870 421
1810880 422
1810890 423
1810900 425
1810910 426
1810920 427
1810930 428
1810940 429
1810950 430
1810960 431
1810970 432
1810980 432
1810990 433
1811000 433
1811010 434
1811020 434
1811030 435
1811040 435
1811050 436
1811060 436
1811070 437
1811080 438
1811090 438
1811100 439
1811110 440
1811120 441
1811130 441
1811140 442
1811150 442
1811160 442
1811170 443
1811180 442
1811190 442
1811200 442
1811210 442
1811220 442
1811230 442
1811240 442
1811250 442
1811260 442
1811270 441
1811280 441
1811290 441
1811300 440
1811310 440
1811320 439
1811330 438
1811340 438
1811350 437
1811360 436
1811370 436
1811380 435
1811390 434
1811400 433
1811410 433
1811420 432
1811430 431
1811440 431
1811450 430
1811460 429
1811470 429
1811480 428
1811490 427
1811500 426
1811510 425
1811520 424
1811530 423
1811540 422
1811550 421
1811560 419
1811570 418
1811580 417
1811590 415
1811600 414
1811610 413
1811620 412
1811630 411
1811640 409
1811650 408
1811660 407
1811670 406
1811680 405
1811690 404
1811700 403
1811710 402
1811720 401
1811730 400
1811740 399
1811750 398
1811760 397
1811770 396
1811780 395
1811790 394
1811800 393
1811810 391
1811820 390
1811830 389
1811840 388
1811850 386
1811860 385
1811870 384
1811880 383
1811890 382
1811900 382
1811910 381
1811920 380
1811930 379
1811940 379
1811950 378
1811960 377
1811970 376
1811980 375
1811990 374
1812000 373
1812010 372
1812020 372
1812030 371
1812040 370
1812050 368
1812060 367
1812070 366
1812080 365
1812090 364
1812100 363
1812110 361
1812120 360
1812130 359
1812140 358
1812150 357
1812160 356
1812170 355
1812180 354
1812190 353
1812200 352
1812210 351
1812220 350
1812230 348
1812240 347
1812250 346
1812260 344
1812270 343
1812280 341
1812290 340
1812300 339
1812310 338
1812320 337
1812330 335
1812340 334
1812350 332
1812360 331
1812370 329
1812380 327
1812390 326
1812400 325
1812410 323
1812420 322
1812430 321
1812440 320
1812450 319
1812460 318
1812470 316
1812480 315
1812490 313
1812500 312
1812510 310
1812520 308
1812530 305
1812540 306
1812550 308
1812560 310
1812570 310
1812580 309
1812590 309
1812600 309
1812610 309
1812620 308
1812630 307
1812640 307
1812650 308
1812660 308
1812670 309
1812680 308
1812690 308
1812700 308
1812710 308
1812720 308
1812730 308
1812740 307
1812750 307
1812760 306
1812770 306
1812780 305
1812790 305
1812800 304
1812810 304
1812820 303
1812830 303
1812840 302
1812850 301
1812860 300
1812870 300
1812880 299
1812890 299
1812900 299
1812910 299
1812920 299
1812930 298
1812940 298
1812950 297
1812960 297
1812970 296
1812980 296
1812990 295
1813000 295
1813010 294
1813020 293
1813030 291
1813040 290
1813050 289
1813060 288
1813070 285
1813080 285
1813090 285
1813100 285
1813110 284
1813120 283
1813130 282
1813140 281
1813150 281
1813160 280
1813170 279
1813180 279
1813190 278
1813200 278
1813210 278
1813220 277
1813230 277
1813240 277
1813250 277
1813260 276
1813270 276
1813280 276
1813290 276
1813300 275
1813310 275
1813320 275
1813330 275
1813340 274
1813350 275
1813360 276
1813370 278
1813380 280
1813390 282
1813400 283
1813410 284
1813420 284
1813430 283
1813440 283
1813450 283
1813460 283
1813470 283
1813480 283
1813490 282
1813500 282
1813510 282
1813520 282
1813530 282
1813540 282
1813550 282
1813560 283
1813570 284
1813580 284
1813590 285
1813600 286
1813610 287
1813620 287
1813630 288
1813640 288
1813650 288
1813660 288
1813670 289
1813680 289
1813690 290
1813700 291
1813710 292
1813720 293
1813730 294
1813740 294
1813750 295
1813760 295
1813770 295
1813780 295
1813790 295
1813800 296
1813810 296
1813820 296
1813830 296
1813840 296
1813850 296
1813860 296
1813870 297
1813880 297
1813890 297
1813900 297
1813910 297
1813920 297
1813930 297
1813940 297
1813950 297
1813960 297
1813970 297
1813980 297
1813990 297
1814000 297
1814010 297
1814020 297
1814030 296
1814040 296
1814050 296
1814060 295
1814070 295
1814080 295
1814090 295
1814100 294
1814110 294
1814120 293
1814130 292
1814140 292
1814150 291
1814160 291
1814170 290
1814180 290
1814190 289
1814200 289
1814210 288
1814220 288
1814230 288
1814240 287
1814250 287
1814260 287
1814270 286
1814280 285
1814290 285
1814300 285
1814310 284
1814320 284
1814330 283
1814340 283
1814350 282
1814360 282
1814370 282
1814380 281
1814390 280
1814400 280
1814410 279
1814420 280
1814430 279
1814440 279
1814450 278
1814460 277
1814470 277
1814480 276
1814490 276
1814500 275
1814510 274
1814520 274
1814530 273
1814540 273
1814550 272
1814560 272
1814570 271
1814580 271
1814590 270
1814600 270
1814610 269
1814620 269
1814630 269
1814640 268
1814650 267
1814660 265
1814670 265
1814680 264
1814690 264
1814700 263
1814710 262
1814720 262
1814730 261
1814740 260
1814750 259
1814760 258
1814770 258
1814780 257
1814790 257
1814800 257
1814810 256
1814820 256
1814830 256
1814840 255
1814850 255
1814860 254
1814870 254
1814880 253
1814890 253
1814900 252
1814910 252
1814920 251
1814930 251
1814940 250
1814950 250
1814960 249
1814970 249
1814980 248
1814990 247
1815000 247
1815010 246
1815020 246
1815030 245
1815040 245
1815050 244
1815060 244
1815070 243
1815080 243
1815090 243
1815100 242
1815110 242
1815120 241
1815130 241
1815140 241
1815150 241
1815160 241
1815170 240
1815180 239
1815190 239
1815200 238
1815210 237
1815220 236
1815230 236
1815240 236
1815250 236
1815260 235
1815270 235
1815280 235
1815290 234
1815300 234
1815310 234
1815320 234
1815330 233
1815340 233
1815350 232
1815360 232
1815370 231
1815380 231
1815390 231
1815400 230
1815410 230
1815420 229
1815430 229
1815440 229
1815450 228
1815460 227
1815470 227
1815480 227
1815490 227
1815500 227
1815510 227
1815520 226
1815530 226
1815540 226
1815550 226
1815560 226
1815570 226
1815580 226
1815590 226
1815600 225
1815610 225
1815620 225
1815630 225
1815640 225
1815650 225
1815660 225
1815670 224
1815680 224
1815690 223
1815700 223
1815710 223
1815720 222
1815730 222
1815740 222
1815750 222
1815760 221
1815770 221
1815780 221
1815790 221
1815800 221
1815810 220
1815820 220
1815830 220
1815840 220
1815850 220
1815860 220
1815870 220
1815880 219
1815890 219
1815900 219
1815910 219
1815920 219
1815930 219
1815940 219
1815950 219
1815960 219
1815970 219
1815980 218
1815990 218
1816000 218
1816010 218
1816020 218
1816030 218
1816040 218
1816050 218
1816060 218
1816070 218
1816080 218
1816090 217
1816100 217
1816110 217
1816120 217
1816130 217
1816140 216
1816150 216
1816160 216
1816170 216
1816180 216
1816190 216
1816200 216
1816210 216
1816220 216
1816230 216
1816240 216
1816250 216
1816260 216
1816270 216
1816280 215
1816290 215
1816300 215
1816310 215
1816320 215
1816330 215
1816340 215
1816350 215
1816360 215
1816370 215
1816380 215
1816390 215
1816400 214
1816410 214
1816420 214
1816430 214
1816440 214
1816450 214
1816460 214
1816470 214
1816480 214
1816490 214
1816500 214
1816510 214
1816520 214
1816530 214
1816540 214
1816550 214
1816560 214
1816570 214
1816580 214
1816590 214
1816600 214
1816610 214
1816620 214
1816630 214
1816640 214
1816650 214
1816660 214
1816670 216
1816680 218
1816690 219
1816700 218
1816710 217
1816720 216
1816730 214
1816740 214
1816750 214
1816760 214
1816770 214
1816780 214
1816790 214
1816800 214
1816810 214
1816820 214
1816830 214
1816840 214
1816850 214
1816860 214
1816870 214
1816880 214
1816890 214
1816900 214
1816910 214
1816920 214
1816930 214
1816940 215
1816950 215
1816960 215
1816970 215
1816980 215
1816990 215
1817000 215
1817010 215
1817020 215
1817030 215
1817040 215
1817050 215
1817060 215
1817070 215
1817080 215
1817090 215
1817100 215
1817110 215
1817120 214
1817130 214
1817140 213
1817150 213
1817160 213
1817170 213
1817180 213
1817190 213
1817200 213
1817210 213
1817220 213
1817230 213
1817240 213
1817250 212
1817260 211
1817270 211
1817280 209
1817290 208
1817300 207
1817310 207
1817320 207
1817330 207
1817340 207
1817350 207
1817360 207
1817370 207
1817380 207
1817390 208
1817400 208
1817410 208
1817420 208
1817430 209
1817440 209
1817450 210
1817460 211
1817470 211
1817480 212
1817490 213
1817500 214
1817510 214
1817520 215
1817530 216
1817540 216
1817550 216
1817560 216
1817570 216
1817580 215
1817590 214
1817600 213
1817610 213
1817620 214
1817630 214
1817640 215
1817650 215
1817660 215
1817670 215
1817680 214
1817690 214
1817700 214
1817710 214
1817720 214
1817730 214
1817740 214
1817750 214
1817760 214
1817770 214
1817780 214
1817790 214
1817800 214
1817810 214
1817820 215
1817830 215
1817840 215
1817850 215
1817860 215
1817870 215
1817880 215
1817890 215
1817900 215
1817910 215
1817920 215
1817930 215
1817940 215
1817950 216
1817960 216
1817970 216
1817980 216
1817990 216
1818000 216
1818010 216
1818020 216
1818030 216
1818040 215
1818050 215
1818060 215
1818070 215
1818080 216
1818090 215
1818100 215
1818110 215
1818120 215
1818130 215
1818140 215
1818150 215
1818160 215
1818170 215
1818180 215
1818190 215
1818200 215
1818210 214
1818220 214
1818230 214
1818240 214
1818250 214
1818260 214
1818270 214
1818280 214
1818290 214
1818300 213
1818310 213
1818320 213
1818330 213
1818340 213
1818350 213
1818360 213
1818370 212
1818380 212
1818390 212
1818400 212
1818410 212
1818420 212
1818430 212
1818440 212
1818450 212
1818460 212
1818470 212
1818480 212
1818490 212
1818500 212
1818510 212
1818520 212
1818530 212
1818540 211
1818550 211
1818560 211
1818570 210
1818580 210
1818590 210
1818600 210
1818610 210
1818620 210
1818630 209
1818640 209
1818650 209
1818660 209
1818670 209
1818680 209
1818690 209
1818700 209
1818710 209
1818720 208
1818730 208
1818740 207
1818750 207
1818760 207
1818770 207
1818780 206
1818790 206
1818800 206
1818810 206
1818820 206
1818830 206
1818840 206
1818850 206
1818860 206
1818870 206
1818880 205
1818890 205
1818900 205
1818910 204
1818920 204
1818930 204
1818940 204
1818950 204
1818960 204
1818970 203
1818980 203
1818990 203
1819000 203
1819010 203
1819020 203
1819030 203
1819040 203
1819050 202
1819060 202
1819070 201
1819080 201
1819090 201
1819100 201
1819110 201
1819120 201
1819130 201
1819140 201
1819150 200
1819160 199
1819170 198
1819180 197
1819190 197
1819200 197
1819210 197
1819220 197
1819230 197
1819240 198
1819250 198
1819260 198
1819270 197
1819280 197
1819290 197
1819300 197
1819310 196
1819320 196
1819330 196
1819340 196
1819350 196
1819360 196
1819370 196
1819380 196
1819390 195
1819400 195
1819410 194
1819420 194
1819430 194
1819440 193
1819450 193
1819460 193
1819470 193
1819480 193
1819490 193
1819500 193
1819510 192
1819520 192
1819530 191
1819540 191
1819550 190
1819560 190
1819570 190
1819580 190
1819590 190
1819600 190
1819610 190
1819620 190
1819630 190
1819640 190
1819650 189
1819660 189
1819670 189
1819680 189
1819690 188
1819700 188
1819710 188
1819720 188
1819730 188
1819740 188
1819750 187
1819760 187
1819770 187
1819780 187
1819790 187
1819800 187
1819810 186
1819820 186
1819830 186
1819840 186
1819850 186
1819860 185
1819870 185
1819880 185
1819890 185
1819900 185
1819910 184
1819920 184
1819930 184
1819940 184
1819950 183
1819960 183
1819970 183
1819980 183
1819990 183
1800000 353
1800010 354
1800020 355
1800030 356
1800040 357
1800050 358
1800060 359
1800070 360
1800080 361
1800090 362
1800100 363
1800110 363
1800120 364
1800130 365
1800140 366
1800150 367
1800160 368
1800170 368
1800180 369
1800190 370
1800200 371
1800210 373
1800220 374
1800230 375
1800240 376
1800250 377
1800260 379
1800270 380
1800280 381
1800290 382
1800300 383
1800310 384
1800320 385
1800330 386
1800340 387
1800350 388
1800360 389
1800370 390
1800380 391
1800390 391
1800400 392
1800410 393
1800420 393
1800430 394
1800440 394
1800450 395
1800460 396
1800470 396
1800480 397
1800490 397
1800500 398
1800510 398
1800520 399
1800530 400
1800540 400
1800550 401
1800560 401
1800570 402
1800580 403
1800590 403
1800600 404
1800610 405
1800620 405
1800630 406
1800640 407
1800650 407
1800660 408
1800670 409
1800680 409
1800690 410
1800700 411
1800710 411
1800720 412
1800730 413
1800740 413
1800750 414
1800760 415
1800770 416
1800780 417
1800790 417
1800800 418
1800810 419
1800820 420
1800830 420
1800840 421
1800850 421
1800860 422
1800870 422
1800880 423
1800890 423
1800900 424
1800910 425
1800920 425
1800930 426
1800940 427
1800950 427
1800960 428
1800970 428
1800980 429
1800990 429
1801000 430
1801010 430
1801020 431
1801030 431
1801040 432
1801050 432
1801060 433
1801070 433
1801080 434
1801090 434
1801100 434
1801110 435
1801120 435
1801130 435
1801140 436
1801150 436
1801160 436
1801170 437
1801180 437
1801190 437
1801200 437
1801210 438
1801220 438
1801230 438
1801240 438
1801250 439
1801260 439
1801270 440
1801280 440
1801290 441
1801300 442
1801310 443
1801320 444
1801330 445
1801340 445
1801350 446
1801360 447
1801370 447
1801380 447
1801390 448
1801400 448
1801410 448
1801420 448
1801430 448
1801440 448
1801450 448
1801460 448
1801470 448
1801480 447
1801490 447
1801500 447
1801510 446
1801520 446
1801530 445
1801540 445
1801550 444
1801560 444
1801570 443
1801580 443
1801590 442
1801600 441
1801610 440
1801620 439
1801630 438
1801640 436
1801650 434
1801660 432
1801670 430
1801680 427
1801690 425
1801700 423
1801710 421
1801720 419
1801730 418
1801740 417
1801750 416
1801760 415
1801770 414
1801780 413
1801790 412
1801800 410
1801810 408
1801820 405
1801830 403
1801840 402
1801850 400
1801860 398
