1802000 383
1802010 383
1802020 382
1802030 381
1802040 380
1802050 379
1802060 377
1802070 376
1802080 374
1802090 373
1802100 372
1802110 371
1802120 371
1802130 370
1802140 369
1802150 369
1802160 368
1802170 367
1802180 367
1802190 367
1802200 368
1802210 367
1802220 367
1802230 366
1802240 366
1802250 367
1802260 367
1802270 368
1802280 368
1802290 369
1802300 371
1802310 372
1802320 374
1802330 375
1802340 377
1802350 378
1802360 379
1802370 380
1802380 381
1802390 383
1802400 384
1802410 385
1802420 385
1802430 386
1802440 386
1802450 387
1802460 388
1802470 389
1802480 389
1802490 390
1802500 390
1802510 390
1802520 390
1802530 390
1802540 390
1802550 390
1802560 390
1802570 390
1802580 391
1802590 391
1802600 392
1802610 392
1802620 393
1802630 393
1802640 393
1802650 394
1802660 394
1802670 394
1802680 394
1802690 394
1802700 394
1802710 394
1802720 396
1802730 397
1802740 399
1802750 401
1802760 403
1802770 405
1802780 407
1802790 409
1802800 410
1802810 411
1802820 411
1802830 411
1802840 411
1802850 411
1802860 410
1802870 410
1802880 409
1802890 407
1802900 406
1802910 405
1802920 404
1802930 402
1802940 401
1802950 400
1802960 398
1802970 397
1802980 395
1802990 394
1803000 392
1803010 391
1803020 389
1803030 388
1803040 386
1803050 384
1803060 382
1803070 381
1803080 380
1803090 379
1803100 378
1803110 376
1803120 375
1803130 374
1803140 373
1803150 372
1803160 370
1803170 369
1803180 368
1803190 367
1803200 366
1803210 365
1803220 365
1803230 365
1803240 364
1803250 364
1803260 363
1803270 362
1803280 361
1803290 360
1803300 359
1803310 358
1803320 356
1803330 355
1803340 354
1803350 353
1803360 351
1803370 350
1803380 349
1803390 347
1803400 345
1803410 343
1803420 341
1803430 339
1803440 337
1803450 334
1803460 332
1803470 330
1803480 327
1803490 325
1803500 321
1803510 319
1803520 318
1803530 319
1803540 321
1803550 322
1803560 323
1803570 324
1803580 325
1803590 325
1803600 326
1803610 326
1803620 327
1803630 327
1803640 327
1803650 327
1803660 327
1803670 326
1803680 326
1803690 325
1803700 324
1803710 323
1803720 322
1803730 320
1803740 319
1803750 317
1803760 315
1803770 314
1803780 312
1803790 310
1803800 308
1803810 306
1803820 304
1803830 302
1803840 300
1803850 298
1803860 296
1803870 294
1803880 292
1803890 289
1803900 287
1803910 285
1803920 282
1803930 280
1803940 277
1803950 275
1803960 273
1803970 270
1803980 268
1803990 266
1804000 263
1804010 260
1804020 256
1804030 253
1804040 251
1804050 249
1804060 247
1804070 245
1804080 244
1804090 243
1804100 243
1804110 243
1804120 243
1804130 244
1804140 245
1804150 246
1804160 246
1804170 246
1804180 246
1804190 246
1804200 246
1804210 246
1804220 246
1804230 246
1804240 246
1804250 246
1804260 246
1804270 246
1804280 247
1804290 247
1804300 247
1804310 247
1804320 247
1804330 247
1804340 247
1804350 248
1804360 248
1804370 248
1804380 249
1804390 249
1804400 249
1804410 250
1804420 251
1804430 253
1804440 254
1804450 256
1804460 256
1804470 257
1804480 257
1804490 257
1804500 258
1804510 258
1804520 258
1804530 258
1804540 257
1804550 257
1804560 256
1804570 256
1804580 255
1804590 255
1804600 254
1804610 254
1804620 254
1804630 254
1804640 254
1804650 254
1804660 254
1804670 254
1804680 254
1804690 254
1804700 253
1804710 252
1804720 251
1804730 252
1804740 253
1804750 255
1804760 257
1804770 259
1804780 261
1804790 263
1804800 265
1804810 267
1804820 269
1804830 271
1804840 272
1804850 274
1804860 275
1804870 276
1804880 277
1804890 278
1804900 279
1804910 280
1804920 281
1804930 281
1804940 282
1804950 282
1804960 282
1804970 282
1804980 282
1804990 282
1805000 282
1805010 282
1805020 282
1805030 281
1805040 280
1805050 279
1805060 278
1805070 277
1805080 276
1805090 276
1805100 275
1805110 275
1805120 276
1805130 277
1805140 279
1805150 280
1805160 281
1805170 282
1805180 283
1805190 284
1805200 286
1805210 288
1805220 290
1805230 291
1805240 292
1805250 292
1805260 292
1805270 294
1805280 296
1805290 298
1805300 300
1805310 302
1805320 304
1805330 306
1805340 307
1805350 309
1805360 311
1805370 312
1805380 314
1805390 315
1805400 317
1805410 318
1805420 319
1805430 320
1805440 321
1805450 322
1805460 323
1805470 324
1805480 325
1805490 325
1805500 326
1805510 327
1805520 327
1805530 328
1805540 329
1805550 329
1805560 329
1805570 328
1805580 328
1805590 327
1805600 328
1805610 328
1805620 328
1805630 329
1805640 329
1805650 330
1805660 330
1805670 330
1805680 331
1805690 332
1805700 333
1805710 334
1805720 334
1805730 335
1805740 336
1805750 337
1805760 339
1805770 340
1805780 342
1805790 343
1805800 345
1805810 347
1805820 348
1805830 349
1805840 350
1805850 351
1805860 352
1805870 354
1805880 356
1805890 357
1805900 358
1805910 359
1805920 361
1805930 362
1805940 363
1805950 365
1805960 366
1805970 367
1805980 368
1805990 369
1806000 370
1806010 372
1806020 373
1806030 374
1806040 376
1806050 378
1806060 379
1806070 381
1806080 383
1806090 385
1806100 387
1806110 388
1806120 390
1806130 391
1806140 393
1806150 394
1806160 396
1806170 398
1806180 399
1806190 401
1806200 402
1806210 403
1806220 404
1806230 405
1806240 406
1806250 407
1806260 408
1806270 409
1806280 409
1806290 409
1806300 410
1806310 410
1806320 409
1806330 409
1806340 409
1806350 409
1806360 409
1806370 409
1806380 410
1806390 410
1806400 411
1806410 411
1806420 412
1806430 412
1806440 412
1806450 412
1806460 413
1806470 413
1806480 413
1806490 413
1806500 413
1806510 413
1806520 413
1806530 413
1806540 413
1806550 413
1806560 413
1806570 413
1806580 414
1806590 414
1806600 414
1806610 414
1806620 414
1806630 414
1806640 414
1806650 414
1806660 414
1806670 414
1806680 414
1806690 414
1806700 414
1806710 414
1806720 413
1806730 413
1806740 413
1806750 413
1806760 413
1806770 412
1806780 412
1806790 411
1806800 411
1806810 410
1806820 410
1806830 409
1806840 409
1806850 408
1806860 408
1806870 407
1806880 406
1806890 406
1806900 405
1806910 404
1806920 403
1806930 402
1806940 402
1806950 401
1806960 400
1806970 399
1806980 398
1806990 397
1807000 396
1807010 395
1807020 394
1807030 393
1807040 392
1807050 391
1807060 390
1807070 389
1807080 387
1807090 386
1807100 384
1807110 383
1807120 382
1807130 380
1807140 378
1807150 377
1807160 375
1807170 372
1807180 370
1807190 368
1807200 366
1807210 364
1807220 361
1807230 359
1807240 357
1807250 354
1807260 352
1807270 349
1807280 347
1807290 345
1807300 343
1807310 341
1807320 338
1807330 336
1807340 333
1807350 331
1807360 329
1807370 327
1807380 326
1807390 324
1807400 323
1807410 322
1807420 321
1807430 320
1807440 319
1807450 319
1807460 318
1807470 317
1807480 316
1807490 315
1807500 315
1807510 314
1807520 313
1807530 312
1807540 311
1807550 311
1807560 310
1807570 309
1807580 308
1807590 308
1807600 307
1807610 307
1807620 306
1807630 305
1807640 305
1807650 304
1807660 303
1807670 303
1807680 302
1807690 302
1807700 301
1807710 300
1807720 300
1807730 299
1807740 299
1807750 298
1807760 297
1807770 297
1807780 297
1807790 296
1807800 296
1807810 295
1807820 295
1807830 295
1807840 294
1807850 294
1807860 294
1807870 294
1807880 293
1807890 293
1807900 293
1807910 292
1807920 292
1807930 292
1807940 292
1807950 292
1807960 291
1807970 291
1807980 291
1807990 290
1808000 290
1808010 289
1808020 288
1808030 288
1808040 288
1808050 287
1808060 287
1808070 286
1808080 286
1808090 285
1808100 285
1808110 285
1808120 284
1808130 284
1808140 283
1808150 283
1808160 283
1808170 282
1808180 282
1808190 282
1808200 281
1808210 281
1808220 280
1808230 280
1808240 280
1808250 280
1808260 279
1808270 279
1808280 279
1808290 278
1808300 278
1808310 277
1808320 277
1808330 276
1808340 275
1808350 274
1808360 274
1808370 273
1808380 272
1808390 272
1808400 272
1808410 272
1808420 271
1808430 270
1808440 269
1808450 269
1808460 270
1808470 270
1808480 270
1808490 270
1808500 270
1808510 269
1808520 270
1808530 271
1808540 272
1808550 273
1808560 274
1808570 275
1808580 276
1808590 276
1808600 277
1808610 277
1808620 277
1808630 278
1808640 278
1808650 279
1808660 279
1808670 280
1808680 282
1808690 283
1808700 284
1808710 285
1808720 286
1808730 287
1808740 288
1808750 290
1808760 291
1808770 293
1808780 294
1808790 295
1808800 297
1808810 298
1808820 299
1808830 300
1808840 301
1808850 301
1808860 302
1808870 302
1808880 302
1808890 303
1808900 303
1808910 304
1808920 305
1808930 306
1808940 307
1808950 308
1808960 309
1808970 311
1808980 312
1808990 313
1809000 314
1809010 316
1809020 317
1809030 318
1809040 319
1809050 320
1809060 320
1809070 321
1809080 321
1809090 321
1809100 322
1809110 322
1809120 322
1809130 322
1809140 321
1809150 321
1809160 321
1809170 321
1809180 321
1809190 320
1809200 320
1809210 320
1809220 319
1809230 319
1809240 318
1809250 318
1809260 318
1809270 317
1809280 317
1809290 317
1809300 316
1809310 316
1809320 316
1809330 315
1809340 315
1809350 315
1809360 314
1809370 314
1809380 314
1809390 314
1809400 313
1809410 313
1809420 312
1809430 312
1809440 311
1809450 311
1809460 311
1809470 311
1809480 311
1809490 310
1809500 310
1809510 310
1809520 310
1809530 309
1809540 309
1809550 308
1809560 308
1809570 308
1809580 308
1809590 308
1809600 308
1809610 307
1809620 307
1809630 307
1809640 307
1809650 307
1809660 307
1809670 307
1809680 306
1809690 306
1809700 306
1809710 306
1809720 305
1809730 305
1809740 305
1809750 305
1809760 304
1809770 304
1809780 303
1809790 303
1809800 301
1809810 300
1809820 299
1809830 297
1809840 296
1809850 294
1809860 293
1809870 291
1809880 290
1809890 291
1809900 291
1809910 292
1809920 293
1809930 294
1809940 295
1809950 295
1809960 296
1809970 296
1809980 297
1809990 297
1810000 297
1810010 297
1810020 298
1810030 298
1810040 299
1810050 300
1810060 301
1810070 302
1810080 303
1810090 304
1810100 305
1810110 306
1810120 307
1810130 308
1810140 309
1810150 310
1810160 310
1810170 311
1810180 311
1810190 312
1810200 312
1810210 313
1810220 313
1810230 313
1810240 313
1810250 312
1810260 312
1810270 311
1810280 311
1810290 311
1810300 312
1810310 313
1810320 314
1810330 315
1810340 317
1810350 319
1810360 322
1810370 323
1810380 325
1810390 326
1810400 327
1810410 328
1810420 329
1810430 331
1810440 334
1810450 336
1810460 339
1810470 342
1810480 344
1810490 346
1810500 348
1810510 350
1810520 352
1810530 355
1810540 357
1810550 359
1810560 362
1810570 364
1810580 367
1810590 369
1810600 371
1810610 373
1810620 375
1810630 377
1810640 379
1810650 381
1810660 383
1810670 384
1810680 386
1810690 387
1810700 389
1810710 391
1810720 394
1810730 396
1810740 397
1810750 399
1810760 401
1810770 403
1810780 405
1810790 407
1810800 409
1810810 411
1810820 413
1810830 415
1810840 416
1810850 418
1810860 420
1810870 421
1810880 423
1810890 424
1810900 425
1810910 426
1810920 427
1810930 428
1810940 428
1810950 428
1810960 429
1810970 430
1810980 431
1810990 431
1811000 432
1811010 433
1811020 434
1811030 434
1811040 435
1811050 436
1811060 437
1811070 437
1811080 438
1811090 439
1811100 440
1811110 441
1811120 441
1811130 442
1811140 443
1811150 444
1811160 445
1811170 445
1811180 446
1811190 446
1811200 446
1811210 446
1811220 446
1811230 446
1811240 446
1811250 445
1811260 445
1811270 445
1811280 445
1811290 444
1811300 444
1811310 444
1811320 443
1811330 442
1811340 442
1811350 441
1811360 441
1811370 441
1811380 440
1811390 439
1811400 439
1811410 438
1811420 437
1811430 436
1811440 436
1811450 435
1811460 434
1811470 433
1811480 433
1811490 432
1811500 431
1811510 430
1811520 429
1811530 428
1811540 427
1811550 426
1811560 425
1811570 424
1811580 423
1811590 422
1811600 421
1811610 420
1811620 419
1811630 418
1811640 416
1811650 415
1811660 414
1811670 412
1811680 411
1811690 410
1811700 409
1811710 408
1811720 407
1811730 406
1811740 404
1811750 403
1811760 402
1811770 401
1811780 400
1811790 400
1811800 399
1811810 399
1811820 398
1811830 397
1811840 396
1811850 395
1811860 393
1811870 392
1811880 391
1811890 389
1811900 388
1811910 387
1811920 385
1811930 384
1811940 383
1811950 382
1811960 381
1811970 380
1811980 378
1811990 377
1812000 376
1812010 374
1812020 373
1812030 372
1812040 371
1812050 370
1812060 369
1812070 367
1812080 366
1812090 365
1812100 364
1812110 362
1812120 361
1812130 360
1812140 359
1812150 357
1812160 356
1812170 355
1812180 354
1812190 353
1812200 351
1812210 350
1812220 348
1812230 347
1812240 346
1812250 345
1812260 343
1812270 342
1812280 341
1812290 340
1812300 339
1812310 338
1812320 336
1812330 335
1812340 333
1812350 332
1812360 330
1812370 328
1812380 327
1812390 326
1812400 325
1812410 323
1812420 322
1812430 320
1812440 319
1812450 318
1812460 316
1812470 314
1812480 312
1812490 310
1812500 310
1812510 310
1812520 311
1812530 313
1812540 314
1812550 315
1812560 314
1812570 313
1812580 312
1812590 311
1812600 309
1812610 308
1812620 308
1812630 308
1812640 308
1812650 309
1812660 311
1812670 315
1812680 318
1812690 319
1812700 319
1812710 319
1812720 318
1812730 318
1812740 318
1812750 317
1812760 317
1812770 316
1812780 315
1812790 315
1812800 314
1812810 314
1812820 313
1812830 312
1812840 311
1812850 310
1812860 309
1812870 309
1812880 308
1812890 307
1812900 306
1812910 306
1812920 305
1812930 304
1812940 304
1812950 303
1812960 303
1812970 303
1812980 302
1812990 302
1813000 302
1813010 302
1813020 302
1813030 302
1813040 301
1813050 301
1813060 300
1813070 300
1813080 299
1813090 299
1813100 298
1813110 296
1813120 295
1813130 294
1813140 293
1813150 292
1813160 290
1813170 289
1813180 288
1813190 288
1813200 287
1813210 286
1813220 284
1813230 283
1813240 281
1813250 281
1813260 280
1813270 280
1813280 279
1813290 278
1813300 277
1813310 275
1813320 274
1813330 273
1813340 272
1813350 271
1813360 271
1813370 270
1813380 270
1813390 269
1813400 269
1813410 269
1813420 268
1813430 268
1813440 267
1813450 267
1813460 267
1813470 267
1813480 267
1813490 268
1813500 268
1813510 269
1813520 270
1813530 271
1813540 272
1813550 272
1813560 272
1813570 272
1813580 273
1813590 273
1813600 273
1813610 273
1813620 274
1813630 275
1813640 275
1813650 276
1813660 276
1813670 277
1813680 277
1813690 277
1813700 278
1813710 279
1813720 280
1813730 282
1813740 283
1813750 284
1813760 284
1813770 285
1813780 286
1813790 287
1813800 287
1813810 288
1813820 289
1813830 290
1813840 290
1813850 290
1813860 290
1813870 290
1813880 291
1813890 291
1813900 291
1813910 292
1813920 292
1813930 291
1813940 289
1813950 286
1813960 283
1813970 282
1813980 281
1813990 281
1814000 280
1814010 280
1814020 279
1814030 279
1814040 279
1814050 279
1814060 279
1814070 279
1814080 279
1814090 280
1814100 280
1814110 280
1814120 281
1814130 282
1814140 283
1814150 285
1814160 287
1814170 288
1814180 288
1814190 287
1814200 286
1814210 286
1814220 285
1814230 285
1814240 284
1814250 283
1814260 283
1814270 282
1814280 282
1814290 281
1814300 281
1814310 280
1814320 280
1814330 280
1814340 279
1814350 278
1814360 278
1814370 277
1814380 277
1814390 277
1814400 277
1814410 277
1814420 276
1814430 276
1814440 275
1814450 275
1814460 275
1814470 274
1814480 274
1814490 273
1814500 273
1814510 272
1814520 272
1814530 272
1814540 271
1814550 271
1814560 270
1814570 269
1814580 269
1814590 268
1814600 268
1814610 267
1814620 267
1814630 266
1814640 265
1814650 264
1814660 264
1814670 263
1814680 262
1814690 262
1814700 261
1814710 261
1814720 260
1814730 260
1814740 260
1814750 260
1814760 259
1814770 259
1814780 258
1814790 257
1814800 256
1814810 256
1814820 256
1814830 256
1814840 255
1814850 255
1814860 254
1814870 254
1814880 253
1814890 253
1814900 252
1814910 251
1814920 250
1814930 249
1814940 249
1814950 248
1814960 248
1814970 248
1814980 248
1814990 247
1815000 247
1815010 246
1815020 246
1815030 245
1815040 245
1815050 244
1815060 244
1815070 243
1815080 243
1815090 242
1815100 242
1815110 241
1815120 241
1815130 240
1815140 239
1815150 239
1815160 238
1815170 238
1815180 238
1815190 237
1815200 237
1815210 236
1815220 236
1815230 235
1815240 235
1815250 234
1815260 234
1815270 234
1815280 234
1815290 234
1815300 233
1815310 233
1815320 233
1815330 232
1815340 232
1815350 231
1815360 231
1815370 230
1815380 229
1815390 229
1815400 229
1815410 229
1815420 228
1815430 228
1815440 228
1815450 228
1815460 227
1815470 227
1815480 226
1815490 226
1815500 226
1815510 226
1815520 226
1815530 226
1815540 226
1815550 226
1815560 225
1815570 225
1815580 224
1815590 224
1815600 224
1815610 223
1815620 223
1815630 223
1815640 223
1815650 223
1815660 223
1815670 222
1815680 222
1815690 222
1815700 222
1815710 222
1815720 221
1815730 221
1815740 221
1815750 221
1815760 221
1815770 221
1815780 221
1815790 221
1815800 221
1815810 221
1815820 220
1815830 220
1815840 220
1815850 220
1815860 220
1815870 220
1815880 220
1815890 220
1815900 220
1815910 220
1815920 219
1815930 219
1815940 219
1815950 219
1815960 219
1815970 219
1815980 219
1815990 218
1816000 218
1816010 218
1816020 218
1816030 218
1816040 218
1816050 218
1816060 218
1816070 217
1816080 217
1816090 217
1816100 217
1816110 217
1816120 217
1816130 217
1816140 217
1816150 217
1816160 217
1816170 217
1816180 216
1816190 216
1816200 216
1816210 216
1816220 216
1816230 216
1816240 216
1816250 216
1816260 216
1816270 216
1816280 216
1816290 216
1816300 216
1816310 216
1816320 215
1816330 215
1816340 215
1816350 215
1816360 215
1816370 215
1816380 215
1816390 215
1816400 214
1816410 214
1816420 214
1816430 214
1816440 214
1816450 214
1816460 214
1816470 214
1816480 214
1816490 214
1816500 214
1816510 214
1816520 214
1816530 214
1816540 214
1816550 214
1816560 214
1816570 214
1816580 214
1816590 214
1816600 214
1816610 214
1816620 214
1816630 214
1816640 214
1816650 214
1816660 214
1816670 214
1816680 214
1816690 214
1816700 214
1816710 214
1816720 214
1816730 215
1816740 217
1816750 219
1816760 221
1816770 221
1816780 220
1816790 218
1816800 216
1816810 215
1816820 215
1816830 215
1816840 215
1816850 215
1816860 215
1816870 215
1816880 215
1816890 215
1816900 215
1816910 216
1816920 216
1816930 216
1816940 216
1816950 216
1816960 216
1816970 217
1816980 217
1816990 217
1817000 217
1817010 217
1817020 217
1817030 217
1817040 217
1817050 218
1817060 218
1817070 218
1817080 218
1817090 218
1817100 218
1817110 218
1817120 218
1817130 218
1817140 218
1817150 217
1817160 217
1817170 217
1817180 217
1817190 217
1817200 217
1817210 216
1817220 216
1817230 216
1817240 215
1817250 215
1817260 214
1817270 214
1817280 214
1817290 214
1817300 214
1817310 214
1817320 215
1817330 216
1817340 216
1817350 216
1817360 216
1817370 216
1817380 216
1817390 216
1817400 216
1817410 216
1817420 216
1817430 216
1817440 216
1817450 216
1817460 216
1817470 216
1817480 216
1817490 217
1817500 217
1817510 217
1817520 217
1817530 217
1817540 217
1817550 217
1817560 217
1817570 217
1817580 217
1817590 217
1817600 217
1817610 217
1817620 217
1817630 217
1817640 217
1817650 216
1817660 216
1817670 216
1817680 216
1817690 216
1817700 216
1817710 216
1817720 216
1817730 216
1817740 216
1817750 216
1817760 216
1817770 216
1817780 216
1817790 216
1817800 216
1817810 216
1817820 216
1817830 216
1817840 216
1817850 216
1817860 216
1817870 217
1817880 217
1817890 218
1817900 218
1817910 218
1817920 217
1817930 217
1817940 217
1817950 217
1817960 217
1817970 217
1817980 217
1817990 217
1818000 217
1818010 217
1818020 217
1818030 217
1818040 217
1818050 217
1818060 217
1818070 216
1818080 216
1818090 216
1818100 216
1818110 216
1818120 216
1818130 216
1818140 216
1818150 216
1818160 216
1818170 216
1818180 216
1818190 215
1818200 215
1818210 215
1818220 215
1818230 215
1818240 215
1818250 215
1818260 214
1818270 214
1818280 214
1818290 214
1818300 214
1818310 214
1818320 214
1818330 213
1818340 213
1818350 213
1818360 213
1818370 213
1818380 213
1818390 213
1818400 213
1818410 212
1818420 212
1818430 212
1818440 212
1818450 212
1818460 212
1818470 212
1818480 212
1818490 211
1818500 211
1818510 211
1818520 211
1818530 211
1818540 211
1818550 211
1818560 210
1818570 210
1818580 210
1818590 210
1818600 210
1818610 210
1818620 210
1818630 209
1818640 209
1818650 208
1818660 208
1818670 208
1818680 208
1818690 208
1818700 208
1818710 207
1818720 207
1818730 207
1818740 207
1818750 207
1818760 207
1818770 206
1818780 206
1818790 206
1818800 206
1818810 205
1818820 205
1818830 205
1818840 205
1818850 206
1818860 206
1818870 205
1818880 204
1818890 204
1818900 204
1818910 204
1818920 204
1818930 204
1818940 203
1818950 203
1818960 203
1818970 202
1818980 202
1818990 202
1819000 202
1819010 202
1819020 201
1819030 201
1819040 201
1819050 200
1819060 200
1819070 199
1819080 199
1819090 199
1819100 198
1819110 198
1819120 198
1819130 197
1819140 197
1819150 197
1819160 196
1819170 196
1819180 196
1819190 196
1819200 196
1819210 196
1819220 195
1819230 195
1819240 195
1819250 195
1819260 195
1819270 195
1819280 195
1819290 195
1819300 195
1819310 195
1819320 195
1819330 195
1819340 195
1819350 194
1819360 194
1819370 194
1819380 194
1819390 194
1819400 193
1819410 193
1819420 193
1819430 193
1819440 193
1819450 193
1819460 192
1819470 192
1819480 192
1819490 192
1819500 191
1819510 191
1819520 191
1819530 191
1819540 191
1819550 191
1819560 190
1819570 190
1819580 189
1819590 189
1819600 189
1819610 189
1819620 189
1819630 189
1819640 189
1819650 189
1819660 189
1819670 189
1819680 188
1819690 188
1819700 188
1819710 187
1819720 187
1819730 187
1819740 187
1819750 186
1819760 186
1819770 186
1819780 186
1819790 186
1819800 186
1819810 186
1819820 185
1819830 184
1819840 184
1819850 185
1819860 184
1819870 184
1819880 184
1819890 184
1819900 184
1819910 184
1819920 183
1819930 183
1819940 183
1819950 183
1819960 183
1819970 183
1819980 183
1819990 183
1800000 351
1800010 352
1800020 353
1800030 354
1800040 355
1800050 356
1800060 357
1800070 358
1800080 358
1800090 359
1800100 360
1800110 361
1800120 362
1800130 363
1800140 364
1800150 365
1800160 365
1800170 366
1800180 367
1800190 368
1800200 369
1800210 370
1800220 371
1800230 372
1800240 373
1800250 373
1800260 374
1800270 375
1800280 376
1800290 377
1800300 379
1800310 380
1800320 381
1800330 382
1800340 383
1800350 385
1800360 386
1800370 387
1800380 387
1800390 388
1800400 389
1800410 390
1800420 391
1800430 392
1800440 393
1800450 394
1800460 394
1800470 395
1800480 396
1800490 396
1800500 397
1800510 398
1800520 399
1800530 399
1800540 400
1800550 401
1800560 402
1800570 403
1800580 403
1800590 404
1800600 405
1800610 406
1800620 406
1800630 407
1800640 408
1800650 409
1800660 409
1800670 410
1800680 411
1800690 412
1800700 412
1800710 413
1800720 414
1800730 414
1800740 415
1800750 416
1800760 417
1800770 417
1800780 418
1800790 419
1800800 419
1800810 420
1800820 421
1800830 421
1800840 422
1800850 423
1800860 423
1800870 424
1800880 425
1800890 425
1800900 426
1800910 426
1800920 427
1800930 427
1800940 428
1800950 429
1800960 429
1800970 430
1800980 430
1800990 431
1801000 431
1801010 432
1801020 432
1801030 433
1801040 433
1801050 434
1801060 434
1801070 435
1801080 435
1801090 436
1801100 436
1801110 436
1801120 437
1801130 437
1801140 438
1801150 438
1801160 438
1801170 438
1801180 439
1801190 439
1801200 439
1801210 440
1801220 440
1801230 440
1801240 440
1801250 440
1801260 440
1801270 440
1801280 440
1801290 440
1801300 440
1801310 440
1801320 440
1801330 441
1801340 441
1801350 442
1801360 442
1801370 443
1801380 443
1801390 443
1801400 443
1801410 443
1801420 443
1801430 443
1801440 442
1801450 442
1801460 442
1801470 441
1801480 441
1801490 440
1801500 440
1801510 439
1801520 439
1801530 438
1801540 438
1801550 437
1801560 437
1801570 436
1801580 436
1801590 435
1801600 434
1801610 432
1801620 430
1801630 427
1801640 424
1801650 421
1801660 420
1801670 418
1801680 417
1801690 415
1801700 413
1801710 412
1801720 411
1801730 411
1801740 410
1801750 410
1801760 410
1801770 409
1801780 408
1801790 407
1801800 405
1801810 403
1801820 402
1801830 401
1801840 400
1801850 399
1801860 399
1801870 398
1801880 397
1801890 396
1801900 395
1801910 393
1801920 392
1801930 390
1801940 388
1801950 386
1801960 385
