1800000 315
1800010 316
1800020 316
1800030 316
1800040 316
1800050 317
1800060 320
1800070 322
1800080 324
1800090 325
1800100 327
1800110 328
1800120 330
1800130 331
1800140 332
1800150 333
1800160 334
1800170 335
1800180 336
1800190 337
1800200 337
1800210 338
1800220 339
1800230 340
1800240 341
1800250 342
1800260 343
1800270 344
1800280 345
1800290 346
1800300 347
1800310 348
1800320 349
1800330 350
1800340 351
1800350 351
1800360 351
1800370 351
1800380 352
1800390 353
1800400 354
1800410 355
1800420 355
1800430 355
1800440 356
1800450 357
1800460 359
1800470 360
1800480 361
1800490 362
1800500 363
1800510 364
1800520 364
1800530 365
1800540 366
1800550 367
1800560 367
1800570 368
1800580 369
1800590 369
1800600 370
1800610 370
1800620 371
1800630 372
1800640 372
1800650 373
1800660 374
1800670 375
1800680 376
1800690 378
1800700 379
1800710 380
1800720 382
1800730 383
1800740 384
1800750 385
1800760 386
1800770 387
1800780 388
1800790 389
1800800 390
1800810 391
1800820 392
1800830 392
1800840 393
1800850 393
1800860 394
1800870 394
1800880 394
1800890 395
1800900 395
1800910 395
1800920 395
1800930 395
1800940 395
1800950 395
1800960 395
1800970 395
1800980 394
1800990 394
1801000 394
1801010 394
1801020 394
1801030 394
1801040 394
1801050 394
1801060 394
1801070 394
1801080 394
1801090 394
1801100 394
1801110 394
1801120 393
1801130 393
1801140 394
1801150 394
1801160 394
1801170 394
1801180 394
1801190 394
1801200 394
1801210 394
1801220 394
1801230 394
1801240 396
1801250 397
1801260 399
1801270 400
1801280 400
1801290 401
1801300 401
1801310 401
1801320 402
1801330 402
1801340 402
1801350 403
1801360 403
1801370 403
1801380 403
1801390 403
1801400 403
1801410 402
1801420 402
1801430 402
1801440 401
1801450 401
1801460 400
1801470 400
1801480 399
1801490 399
1801500 398
1801510 397
1801520 396
1801530 395
1801540 394
1801550 393
1801560 392
1801570 391
1801580 390
1801590 390
1801600 390
1801610 390
1801620 390
1801630 390
1801640 391
1801650 391
1801660 392
1801670 392
1801680 392
1801690 393
1801700 393
1801710 394
1801720 395
1801730 396
1801740 397
1801750 398
1801760 398
1801770 399
1801780 400
1801790 401
1801800 402
1801810 402
1801820 403
1801830 404
1801840 404
1801850 405
1801860 405
1801870 405
1801880 405
1801890 405
1801900 405
1801910 405
1801920 405
1801930 404
1801940 404
1801950 403
1801960 403
1801970 402
1801980 401
1801990 400
1802000 399
1802010 399
1802020 398
1802030 397
1802040 395
1802050 394
1802060 393
1802070 392
1802080 391
1802090 390
1802100 389
1802110 388
1802120 387
1802130 386
1802140 384
1802150 382
1802160 381
1802170 379
1802180 376
1802190 374
1802200 371
1802210 368
1802220 365
1802230 363
1802240 361
1802250 359
1802260 357
1802270 355
1802280 352
1802290 350
1802300 347
1802310 344
1802320 341
1802330 338
1802340 336
1802350 334
1802360 332
1802370 331
1802380 331
1802390 331
1802400 332
1802410 332
1802420 332
1802430 332
1802440 332
1802450 331
1802460 331
1802470 330
1802480 329
1802490 328
1802500 327
1802510 326
1802520 325
1802530 324
1802540 323
1802550 322
1802560 321
1802570 319
1802580 317
1802590 315
1802600 313
1802610 312
