1803220 266
1803230 266
1803240 265
1803250 265
1803260 265
1803270 265
1803280 264
1803290 264
1803300 264
1803310 264
1803320 263
1803330 262
1803340 262
1803350 262
1803360 262
1803370 262
1803380 261
1803390 262
1803400 264
1803410 269
1803420 274
1803430 279
1803440 283
1803450 288
1803460 292
1803470 296
1803480 300
1803490 303
1803500 306
1803510 308
1803520 310
1803530 312
1803540 314
1803550 316
1803560 317
1803570 319
1803580 320
1803590 322
1803600 323
1803610 325
1803620 326
1803630 327
1803640 329
1803650 330
1803660 332
1803670 333
1803680 335
1803690 336
1803700 337
1803710 338
1803720 340
1803730 341
1803740 342
1803750 343
1803760 344
1803770 345
1803780 346
1803790 347
1803800 347
1803810 348
1803820 349
1803830 350
1803840 351
1803850 352
1803860 353
1803870 354
1803880 355
1803890 356
1803900 357
1803910 358
1803920 358
1803930 359
1803940 360
1803950 360
1803960 361
1803970 361
1803980 362
1803990 362
1804000 362
1804010 363
1804020 363
1804030 363
1804040 364
1804050 364
1804060 365
1804070 365
1804080 365
1804090 366
1804100 366
1804110 367
1804120 367
1804130 367
1804140 368
1804150 368
1804160 369
1804170 369
1804180 370
1804190 370
1804200 371
1804210 372
1804220 372
1804230 372
1804240 373
1804250 373
1804260 374
1804270 375
1804280 375
1804290 376
1804300 376
1804310 376
1804320 376
1804330 376
1804340 376
1804350 377
1804360 377
1804370 377
1804380 377
1804390 376
1804400 376
1804410 375
1804420 374
1804430 373
1804440 371
1804450 369
1804460 369
1804470 370
1804480 373
1804490 376
1804500 378
1804510 380
1804520 382
1804530 383
1804540 385
1804550 386
1804560 388
1804570 390
1804580 392
1804590 394
1804600 396
1804610 399
1804620 400
1804630 402
1804640 404
1804650 405
1804660 407
1804670 409
1804680 411
1804690 413
1804700 415
1804710 417
1804720 418
1804730 420
1804740 422
1804750 423
1804760 425
1804770 428
1804780 430
1804790 433
1804800 435
1804810 437
1804820 438
1804830 438
1804840 437
1804850 436
1804860 435
1804870 434
1804880 433
1804890 432
1804900 431
1804910 428
1804920 426
1804930 422
1804940 418
1804950 414
1804960 410
1804970 406
1804980 402
1804990 398
1805000 394
1805010 390
1805020 386
1805030 382
1805040 378
1805050 374
1805060 370
1805070 366
1805080 363
1805090 359
1805100 355
1805110 352
1805120 349
1805130 345
1805140 342
1805150 339
1805160 335
1805170 332
1805180 329
1805190 325
1805200 322
1805210 319
1805220 316
1805230 313
1805240 310
1805250 307
1805260 305
1805270 303
1805280 301
1805290 300
1805300 302
1805310 303
1805320 305
1805330 307
1805340 310
1805350 313
1805360 316
1805370 320
1805380 323
1805390 325
1805400 328
1805410 331
1805420 333
1805430 335
1805440 336
1805450 337
1805460 337
1805470 338
1805480 338
1805490 338
1805500 338
1805510 338
1805520 338
1805530 339
1805540 339
1805550 340
1805560 340
1805570 341
1805580 342
1805590 343
1805600 344
1805610 345
1805620 345
1805630 345
1805640 345
1805650 345
1805660 345
1805670 346
1805680 347
1805690 349
1805700 350
1805710 352
1805720 353
1805730 354
1805740 354
1805750 354
1805760 354
1805770 354
1805780 354
1805790 355
1805800 355
1805810 356
1805820 357
1805830 358
1805840 359
1805850 360
1805860 361
1805870 361
1805880 361
1805890 361
1805900 361
1805910 361
1805920 361
1805930 361
1805940 361
1805950 361
1805960 361
1805970 362
1805980 362
1805990 363
1806000 363
1806010 364
1806020 364
1806030 364
1806040 364
1806050 364
1806060 364
1806070 364
1806080 364
1806090 364
1806100 364
1806110 364
1806120 364
1806130 364
1806140 365
1806150 365
1806160 365
1806170 365
1806180 365
1806190 365
1806200 365
1806210 364
1806220 364
1806230 364
1806240 363
1806250 363
1806260 362
1806270 362
1806280 361
1806290 360
1806300 360
1806310 360
1806320 360
1806330 360
1806340 359
1806350 359
1806360 359
1806370 359
1806380 359
1806390 359
1806400 358
1806410 359
1806420 359
1806430 358
1806440 358
1806450 358
1806460 357
1806470 357
1806480 357
1806490 357
1806500 356
1806510 356
1806520 356
1806530 356
1806540 356
1806550 356
1806560 355
1806570 355
1806580 354
1806590 354
1806600 354
1806610 354
1806620 354
1806630 354
1806640 355
1806650 356
1806660 356
1806670 357
1806680 357
1806690 358
1806700 359
1806710 360
1806720 361
1806730 362
1806740 363
1806750 364
1806760 365
1806770 366
1806780 367
1806790 368
1806800 369
1806810 370
1806820 372
1806830 373
1806840 375
1806850 377
1806860 378
1806870 379
1806880 380
1806890 381
1806900 382
1806910 383
1806920 383
1806930 383
1806940 383
1806950 383
1806960 382
1806970 382
1806980 382
1806990 381
1807000 381
1807010 381
1807020 380
1807030 380
1807040 379
1807050 378
1807060 378
1807070 377
1807080 376
1807090 376
1807100 375
1807110 374
1807120 374
1807130 373
1807140 373
1807150 372
1807160 372
1807170 371
1807180 371
1807190 371
1807200 370
1807210 370
1807220 370
1807230 370
1807240 370
1807250 370
1807260 370
1807270 370
1807280 370
1807290 370
1807300 371
1807310 371
1807320 372
1807330 372
1807340 373
1807350 374
1807360 374
1807370 374
1807380 374
1807390 373
1807400 372
1807410 371
1807420 370
1807430 368
1807440 367
1807450 366
1807460 365
1807470 364
1807480 362
1807490 361
1807500 359
1807510 358
1807520 356
1807530 354
1807540 353
1807550 351
1807560 349
1807570 347
1807580 344
1807590 342
1807600 340
1807610 338
1807620 335
1807630 333
1807640 330
1807650 327
1807660 324
1807670 321
1807680 318
1807690 316
1807700 313
1807710 310
1807720 307
1807730 305
1807740 302
1807750 300
1807760 300
1807770 299
1807780 298
1807790 299
1807800 300
1807810 301
1807820 304
1807830 308
1807840 313
1807850 317
1807860 321
1807870 325
1807880 329
1807890 333
1807900 337
1807910 341
1807920 345
1807930 349
1807940 353
1807950 357
1807960 361
1807970 365
1807980 369
1807990 373
1808000 376
1808010 380
1808020 383
1808030 386
1808040 389
1808050 392
1808060 394
1808070 396
1808080 399
1808090 401
1808100 402
1808110 404
1808120 405
1808130 405
1808140 403
1808150 401
1808160 399
1808170 398
1808180 395
1808190 393
1808200 390
1808210 388
1808220 386
1808230 384
1808240 383
1808250 381
1808260 380
1808270 378
1808280 375
1808290 373
1808300 371
1808310 368
1808320 366
1808330 364
1808340 361
1808350 359
1808360 357
1808370 355
1808380 353
1808390 352
1808400 351
1808410 350
1808420 349
1808430 348
1808440 346
1808450 345
1808460 344
1808470 343
1808480 342
1808490 341
1808500 340
1808510 339
1808520 338
1808530 338
1808540 337
1808550 337
1808560 337
1808570 337
1808580 337
1808590 337
1808600 336
1808610 336
1808620 336
1808630 336
1808640 336
1808650 335
1808660 335
1808670 335
1808680 334
1808690 334
1808700 334
1808710 334
1808720 334
1808730 334
1808740 334
1808750 334
1808760 334
1808770 334
1808780 333
1808790 333
1808800 333
1808810 333
1808820 332
1808830 332
1808840 331
1808850 331
1808860 330
1808870 330
1808880 330
1808890 330
1808900 330
1808910 330
1808920 330
1808930 329
1808940 329
1808950 328
1808960 328
1808970 328
1808980 328
1808990 328
1809000 328
1809010 328
1809020 328
1809030 328
1809040 327
1809050 327
1809060 328
1809070 329
1809080 329
1809090 329
1809100 329
1809110 329
1809120 330
1809130 330
1809140 331
1809150 332
1809160 333
1809170 334
1809180 335
1809190 335
1809200 336
1809210 337
1809220 338
1809230 339
1809240 340
1809250 341
1809260 342
1809270 343
1809280 344
1809290 345
1809300 346
1809310 346
1809320 347
1809330 348
1809340 349
1809350 350
1809360 351
1809370 351
1809380 352
1809390 353
1809400 353
1809410 354
1809420 354
1809430 355
1809440 355
1809450 356
1809460 356
1809470 357
1809480 357
1809490 357
1809500 358
1809510 358
1809520 358
1809530 359
1809540 359
1809550 359
1809560 360
1809570 360
1809580 360
1809590 360
1809600 361
1809610 361
1809620 362
1809630 362
1809640 362
1809650 362
1809660 362
1809670 362
1809680 362
1809690 362
1809700 362
1809710 362
1809720 362
1809730 361
1809740 361
1809750 361
1809760 361
1809770 360
1809780 360
1809790 360
1809800 360
1809810 359
1809820 359
1809830 359
1809840 359
1809850 358
1809860 358
1809870 357
1809880 357
1809890 357
1809900 356
1809910 356
1809920 355
1809930 355
1809940 354
1809950 353
1809960 353
1809970 352
1809980 351
1809990 351
1810000 350
1810010 349
1810020 349
1810030 348
1810040 347
1810050 347
1810060 346
1810070 345
1810080 345
1810090 344
1810100 343
1810110 342
1810120 341
1810130 341
1810140 341
1810150 341
1810160 341
1810170 341
1810180 341
1810190 341
1810200 340
1810210 340
1810220 340
1810230 340
1810240 340
1810250 340
1810260 340
1810270 340
1810280 340
1810290 339
1810300 339
1810310 339
1810320 339
1810330 339
1810340 340
1810350 340
1810360 340
1810370 341
1810380 341
1810390 341
1810400 342
1810410 342
1810420 342
1810430 342
1810440 342
1810450 342
1810460 342
1810470 342
1810480 342
1810490 342
1810500 342
1810510 342
1810520 342
1810530 342
1810540 342
1810550 342
1810560 342
1810570 342
1810580 342
1810590 342
1810600 343
1810610 343
1810620 344
1810630 344
1810640 345
1810650 345
1810660 346
1810670 346
1810680 346
1810690 347
1810700 347
1810710 347
1810720 347
1810730 346
1810740 346
1810750 345
1810760 344
1810770 344
1810780 346
1810790 348
1810800 349
1810810 350
1810820 351
1810830 351
1810840 352
1810850 353
1810860 353
1810870 354
1810880 355
1810890 355
1810900 356
1810910 356
1810920 356
1810930 356
1810940 356
1810950 356
1810960 356
1810970 355
1810980 355
1810990 355
1811000 354
1811010 353
1811020 353
1811030 352
1811040 352
1811050 351
1811060 350
1811070 349
1811080 348
1811090 346
1811100 344
1811110 341
1811120 339
1811130 339
1811140 340
1811150 342
1811160 344
1811170 347
1811180 350
1811190 353
1811200 356
1811210 360
1811220 363
1811230 366
1811240 369
1811250 372
1811260 375
1811270 377
1811280 380
1811290 382
1811300 384
1811310 386
1811320 388
1811330 390
1811340 391
1811350 393
1811360 394
1811370 395
1811380 396
1811390 398
1811400 399
1811410 400
1811420 401
1811430 401
1811440 402
1811450 403
1811460 404
1811470 405
1811480 406
1811490 406
1811500 406
1811510 407
1811520 407
1811530 407
1811540 407
1811550 408
1811560 408
1811570 408
1811580 408
1811590 409
1811600 409
1811610 409
1811620 410
1811630 410
1811640 410
1811650 411
1811660 411
1811670 412
1811680 412
1811690 412
1811700 413
1811710 413
1811720 413
1811730 414
1811740 414
1811750 414
1811760 414
1811770 414
1811780 414
1811790 413
1811800 413
1811810 412
1811820 412
1811830 411
1811840 410
1811850 409
1811860 408
1811870 408
1811880 407
1811890 406
1811900 405
1811910 404
1811920 403
1811930 402
1811940 401
1811950 400
1811960 399
1811970 398
1811980 397
1811990 396
1812000 395
1812010 394
1812020 394
1812030 393
1812040 392
1812050 391
1812060 390
1812070 389
1812080 388
1812090 387
1812100 385
1812110 384
1812120 383
1812130 381
1812140 379
1812150 376
1812160 373
1812170 370
1812180 367
1812190 365
1812200 363
1812210 361
1812220 359
1812230 356
1812240 354
1812250 352
1812260 349
1812270 347
1812280 346
1812290 345
1812300 343
1812310 341
1812320 339
1812330 337
1812340 335
1812350 333
1812360 332
1812370 331
1812380 332
1812390 333
1812400 334
1812410 334
1812420 335
1812430 335
1812440 336
1812450 337
1812460 337
1812470 338
1812480 338
1812490 338
1812500 338
1812510 338
1812520 337
1812530 336
1812540 336
1812550 335
1812560 334
1812570 334
1812580 333
1812590 333
1812600 332
1812610 332
1812620 331
1812630 331
1812640 330
1812650 330
1812660 329
1812670 329
1812680 328
1812690 328
1812700 328
1812710 328
1812720 328
1812730 328
1812740 328
1812750 328
1812760 327
1812770 327
1812780 327
1812790 326
1812800 326
1812810 325
1812820 324
1812830 323
1812840 322
1812850 321
1812860 320
1812870 319
1812880 317
1812890 316
1812900 315
1812910 314
1812920 313
1812930 312
1812940 311
1812950 309
1812960 308
1812970 307
1812980 305
1812990 304
1813000 304
1813010 303
1813020 302
1813030 300
1813040 299
1813050 299
1813060 298
1813070 297
1813080 297
1813090 297
1813100 296
1813110 295
1813120 294
1813130 293
1813140 293
1813150 293
1813160 293
1813170 293
1813180 294
1813190 293
1813200 292
1813210 291
1813220 290
1813230 290
1813240 289
1813250 288
1813260 288
1813270 287
1813280 287
1813290 286
1813300 285
1813310 284
1813320 282
1813330 280
1813340 279
1813350 278
1813360 276
1813370 275
1813380 274
1813390 272
1813400 271
1813410 270
1813420 268
1813430 267
1813440 266
1813450 265
1813460 264
1813470 263
1813480 262
1813490 261
1813500 259
1813510 258
1813520 256
1813530 254
1813540 252
1813550 250
1813560 248
1813570 247
1813580 246
1813590 246
1813600 246
1813610 245
1813620 245
1813630 245
1813640 246
1813650 246
1813660 246
1813670 245
1813680 245
1813690 245
1813700 245
1813710 245
1813720 245
1813730 244
1813740 244
1813750 245
1813760 245
1813770 247
1813780 248
1813790 249
1813800 250
1813810 251
1813820 252
1813830 253
1813840 253
1813850 254
1813860 254
1813870 253
1813880 253
1813890 253
1813900 253
1813910 253
1813920 253
1813930 253
1813940 253
1813950 253
1813960 253
1813970 254
1813980 254
1813990 255
1814000 255
1814010 255
1814020 255
1814030 256
1814040 256
1814050 257
1814060 257
1814070 257
1814080 257
1814090 256
1814100 256
1814110 256
1814120 256
1814130 255
1814140 255
1814150 255
1814160 256
1814170 256
1814180 256
1814190 255
1814200 255
1814210 255
1814220 255
1814230 254
1814240 255
1814250 255
1814260 256
1814270 257
1814280 257
1814290 257
1814300 258
1814310 260
1814320 260
1814330 261
1814340 262
1814350 262
1814360 263
1814370 263
1814380 263
1814390 264
1814400 264
1814410 264
1814420 264
1814430 265
1814440 265
1814450 266
1814460 267
1814470 268
1814480 269
1814490 271
1814500 272
1814510 273
1814520 275
1814530 276
1814540 278
1814550 279
1814560 280
1814570 281
1814580 282
1814590 284
1814600 285
1814610 287
1814620 288
1814630 289
1814640 290
1814650 291
1814660 291
1814670 291
1814680 292
1814690 292
1814700 293
1814710 293
1814720 293
1814730 294
1814740 294
1814750 294
1814760 294
1814770 294
1814780 294
1814790 294
1814800 294
1814810 295
1814820 295
1814830 295
1814840 295
1814850 295
1814860 295
1814870 295
1814880 295
1814890 296
1814900 296
1814910 296
1814920 296
1814930 296
1814940 296
1814950 297
1814960 297
1814970 297
1814980 297
1814990 298
1815000 298
1815010 298
1815020 298
1815030 299
1815040 299
1815050 299
1815060 299
1815070 300
1815080 300
1815090 300
1815100 300
1815110 300
1815120 299
1815130 299
1815140 299
1815150 299
1815160 299
1815170 299
1815180 298
1815190 298
1815200 298
1815210 297
1815220 297
1815230 296
1815240 296
1815250 295
1815260 295
1815270 294
1815280 293
1815290 292
1815300 291
1815310 290
1815320 290
1815330 289
1815340 288
1815350 288
1815360 287
1815370 286
1815380 285
1815390 285
1815400 284
1815410 283
1815420 282
1815430 281
1815440 280
1815450 279
1815460 278
1815470 278
1815480 277
1815490 276
1815500 275
1815510 274
1815520 274
1815530 273
1815540 272
1815550 271
1815560 271
1815570 270
1815580 269
1815590 269
1815600 268
1815610 268
1815620 267
1815630 267
1815640 266
1815650 265
1815660 265
1815670 264
1815680 264
1815690 264
1815700 263
1815710 263
1815720 262
1815730 262
1815740 262
1815750 261
1815760 261
1815770 261
1815780 261
1815790 261
1815800 260
1815810 260
1815820 260
1815830 260
1815840 260
1815850 260
1815860 259
1815870 259
1815880 259
1815890 258
1815900 258
1815910 257
1815920 257
1815930 257
1815940 257
1815950 256
1815960 256
1815970 255
1815980 255
1815990 254
1816000 254
1816010 254
1816020 254
1816030 253
1816040 253
1816050 252
1816060 252
1816070 252
1816080 251
1816090 251
1816100 250
1816110 250
1816120 249
1816130 249
1816140 249
1816150 248
1816160 248
1816170 247
1816180 247
1816190 246
1816200 246
1816210 246
1816220 245
1816230 245
1816240 245
1816250 245
1816260 244
1816270 244
1816280 244
1816290 243
1816300 243
1816310 242
1816320 242
1816330 242
1816340 241
1816350 241
1816360 241
1816370 240
1816380 240
1816390 240
1816400 239
1816410 239
1816420 239
1816430 239
1816440 238
1816450 238
1816460 238
1816470 238
1816480 237
1816490 237
1816500 237
1816510 236
1816520 236
1816530 236
1816540 236
1816550 235
1816560 235
1816570 235
1816580 235
1816590 234
1816600 234
1816610 234
1816620 234
1816630 233
1816640 233
1816650 233
1816660 233
1816670 232
1816680 232
1816690 232
1816700 232
1816710 231
1816720 231
1816730 231
1816740 231
1816750 231
1816760 231
1816770 230
1816780 230
1816790 230
1816800 230
1816810 230
1816820 230
1816830 230
1816840 229
1816850 229
1816860 229
1816870 229
1816880 229
1816890 229
1816900 229
1816910 228
1816920 228
1816930 228
1816940 228
1816950 228
1816960 228
1816970 228
1816980 228
1816990 228
1817000 228
1817010 228
1817020 227
1817030 227
1817040 227
1817050 227
1817060 227
1817070 227
1817080 227
1817090 227
1817100 228
1817110 228
1817120 228
1817130 228
1817140 228
1817150 228
1817160 227
1817170 227
1817180 226
1817190 226
1817200 225
1817210 225
1817220 224
1817230 223
1817240 223
1817250 222
1817260 222
1817270 222
1817280 222
1817290 222
1817300 222
1817310 221
1817320 221
1817330 221
1817340 220
1817350 220
1817360 220
1817370 220
1817380 219
1817390 219
1817400 219
1817410 219
1817420 218
1817430 218
1817440 218
1817450 218
1817460 218
1817470 218
1817480 218
1817490 217
1817500 216
1817510 216
1817520 216
1817530 216
1817540 216
1817550 216
1817560 215
1817570 215
1817580 214
1817590 214
1817600 213
1817610 213
1817620 213
1817630 212
1817640 212
1817650 212
1817660 212
1817670 212
1817680 212
1817690 212
1817700 212
1817710 212
1817720 213
1817730 214
1817740 214
1817750 215
1817760 216
1817770 217
1817780 216
1817790 216
1817800 215
1817810 215
1817820 215
1817830 215
1817840 215
1817850 215
1817860 214
1817870 215
1817880 216
1817890 218
1817900 221
1817910 225
1817920 229
1817930 229
1817940 229
1817950 229
1817960 229
1817970 230
1817980 230
1817990 230
1818000 229
1818010 229
1818020 230
1818030 230
1818040 230
1818050 229
1818060 229
1818070 230
1818080 233
1818090 236
1818100 240
1818110 242
1818120 243
1818130 243
1818140 242
1818150 241
1818160 240
1818170 240
1818180 240
1818190 240
1818200 239
1818210 238
1818220 237
1818230 236
1818240 236
1818250 236
1818260 236
1818270 236
1818280 236
1818290 236
1818300 236
1818310 236
1818320 236
1818330 235
1818340 235
1818350 235
1818360 235
1818370 234
1818380 234
1818390 233
1818400 233
1818410 233
1818420 232
1818430 232
1818440 231
1818450 231
1818460 231
1818470 231
1818480 230
1818490 230
1818500 229
1818510 228
1818520 227
1818530 227
1818540 227
1818550 227
1818560 227
1818570 227
1818580 227
1818590 227
1818600 228
1818610 228
1818620 228
1818630 229
1818640 229
1818650 229
1818660 228
1818670 227
1818680 227
1818690 226
1818700 225
1818710 223
1818720 223
1818730 223
1818740 224
1818750 224
1818760 224
1818770 224
1818780 224
1818790 224
1818800 223
1818810 222
1818820 221
1818830 221
1818840 221
1818850 221
1818860 220
1818870 219
1818880 218
1818890 218
1818900 218
1818910 218
1818920 217
1818930 217
1818940 217
1818950 216
1818960 216
1818970 216
1818980 215
1818990 215
1819000 214
1819010 214
1819020 213
1819030 213
1819040 212
1819050 212
1819060 212
1819070 212
1819080 211
1819090 211
1819100 210
1819110 210
1819120 210
1819130 209
1819140 208
1819150 208
1819160 208
1819170 207
1819180 207
1819190 207
1819200 207
1819210 206
1819220 206
1819230 206
1819240 205
1819250 205
1819260 205
1819270 205
1819280 204
1819290 204
1819300 203
1819310 203
1819320 203
1819330 202
1819340 202
1819350 201
1819360 201
1819370 201
1819380 201
1819390 201
1819400 200
1819410 200
1819420 200
1819430 199
1819440 199
1819450 199
1819460 199
1819470 198
1819480 198
1819490 198
1819500 198
1819510 197
1819520 197
1819530 197
1819540 196
1819550 196
1819560 196
1819570 196
1819580 195
1819590 195
1819600 195
1819610 195
1819620 194
1819630 194
1819640 194
1819650 194
1819660 193
1819670 193
1819680 193
1819690 192
1819700 192
1819710 192
1819720 192
1819730 192
1819740 191
1819750 191
1819760 190
1819770 190
1819780 189
1819790 189
1819800 189
1819810 189
1819820 188
1819830 188
1819840 188
1819850 188
1819860 187
1819870 187
1819880 187
1819890 187
1819900 187
1819910 187
1819920 187
1819930 186
1819940 186
1819950 186
1819960 186
1819970 186
1819980 186
1819990 185
1800000 396
1800010 395
1800020 395
1800030 395
1800040 394
1800050 394
1800060 393
1800070 393
1800080 393
1800090 392
1800100 392
1800110 391
1800120 391
1800130 391
1800140 390
1800150 390
1800160 389
1800170 389
1800180 388
1800190 387
1800200 387
1800210 386
1800220 385
1800230 384
1800240 384
1800250 383
1800260 382
1800270 381
1800280 381
1800290 380
1800300 379
1800310 378
1800320 377
1800330 376
1800340 376
1800350 375
1800360 374
1800370 373
1800380 372
1800390 371
1800400 370
1800410 369
1800420 368
1800430 367
1800440 366
1800450 365
1800460 364
1800470 363
1800480 362
1800490 361
1800500 360
1800510 359
1800520 358
1800530 356
1800540 355
1800550 354
1800560 353
1800570 351
1800580 350
1800590 348
1800600 347
1800610 345
1800620 344
1800630 342
1800640 340
1800650 338
1800660 337
1800670 335
1800680 333
1800690 332
1800700 333
1800710 333
1800720 332
1800730 332
1800740 331
1800750 330
1800760 329
1800770 328
1800780 327
1800790 327
1800800 326
1800810 326
1800820 325
1800830 324
1800840 323
1800850 322
1800860 322
1800870 321
1800880 320
1800890 318
1800900 317
1800910 316
1800920 315
1800930 314
1800940 313
1800950 312
1800960 312
1800970 311
1800980 310
1800990 310
1801000 309
1801010 308
1801020 306
1801030 305
1801040 304
1801050 303
1801060 302
1801070 301
1801080 301
1801090 300
1801100 300
1801110 299
1801120 298
1801130 297
1801140 296
1801150 295
1801160 294
1801170 292
1801180 291
1801190 290
1801200 289
1801210 290
1801220 290
1801230 291
1801240 291
1801250 292
1801260 292
1801270 292
1801280 292
1801290 292
1801300 293
1801310 295
1801320 296
1801330 297
1801340 297
1801350 298
1801360 299
1801370 301
1801380 302
1801390 303
1801400 304
1801410 305
1801420 306
1801430 307
1801440 308
1801450 308
1801460 309
1801470 309
1801480 310
1801490 310
1801500 311
1801510 311
1801520 311
1801530 311
1801540 311
1801550 312
1801560 312
1801570 313
1801580 313
1801590 314
1801600 314
1801610 314
1801620 315
1801630 315
1801640 314
1801650 314
1801660 314
1801670 313
1801680 312
1801690 312
1801700 311
1801710 310
1801720 310
1801730 309
1801740 308
1801750 307
1801760 306
1801770 305
1801780 304
1801790 303
1801800 302
1801810 301
1801820 301
1801830 300
1801840 298
1801850 296
1801860 294
1801870 298
1801880 302
1801890 305
1801900 306
1801910 307
1801920 308
1801930 309
1801940 309
1801950 309
1801960 309
1801970 309
1801980 309
1801990 309
1802000 308
1802010 308
1802020 307
1802030 307
1802040 306
1802050 306
1802060 305
1802070 305
1802080 304
1802090 302
1802100 301
1802110 300
1802120 298
1802130 297
1802140 295
1802150 293
1802160 292
1802170 289
1802180 286
1802190 283
1802200 282
1802210 282
1802220 281
1802230 281
1802240 281
1802250 282
1802260 282
1802270 282
1802280 281
1802290 281
1802300 281
1802310 281
1802320 281
1802330 280
1802340 280
1802350 279
1802360 279
1802370 278
1802380 278
1802390 277
1802400 276
1802410 275
1802420 275
1802430 274
1802440 273
1802450 272
1802460 270
1802470 266
1802480 263
1802490 261
1802500 260
1802510 260
1802520 260
1802530 260
1802540 259
1802550 258
1802560 256
1802570 257
1802580 258
1802590 258
1802600 258
1802610 258
1802620 258
1802630 258
1802640 259
1802650 259
1802660 259
1802670 260
1802680 260
1802690 260
1802700 260
1802710 260
1802720 260
1802730 260
1802740 260
1802750 260
1802760 260
1802770 260
1802780 260
1802790 260
1802800 259
1802810 259
1802820 259
1802830 259
1802840 259
1802850 259
1802860 259
1802870 259
1802880 259
1802890 259
1802900 259
1802910 259
1802920 259
1802930 259
1802940 259
1802950 259
1802960 259
