1800000 391
1800010 391
1800020 391
1800030 390
1800040 390
1800050 390
1800060 389
1800070 389
1800080 388
1800090 388
1800100 388
1800110 388
1800120 387
1800130 387
1800140 387
1800150 386
1800160 386
1800170 385
1800180 385
1800190 384
1800200 383
1800210 383
1800220 382
1800230 381
1800240 380
1800250 379
1800260 378
1800270 377
1800280 376
1800290 375
1800300 374
1800310 373
1800320 372
1800330 371
1800340 370
1800350 369
1800360 368
1800370 367
1800380 366
1800390 365
1800400 364
1800410 363
1800420 362
1800430 361
1800440 359
1800450 358
1800460 356
1800470 355
1800480 353
1800490 352
1800500 350
1800510 349
1800520 349
1800530 348
1800540 347
1800550 346
1800560 344
1800570 343
1800580 342
1800590 341
1800600 339
1800610 338
1800620 337
1800630 336
1800640 335
1800650 334
1800660 333
1800670 333
1800680 332
1800690 331
1800700 330
1800710 330
1800720 329
1800730 329
1800740 328
1800750 327
1800760 327
1800770 327
1800780 327
1800790 327
1800800 327
1800810 327
1800820 326
1800830 326
1800840 325
1800850 325
1800860 324
1800870 324
1800880 323
1800890 323
1800900 322
1800910 322
1800920 321
1800930 321
1800940 320
1800950 320
1800960 319
1800970 318
1800980 318
1800990 317
1801000 316
1801010 316
1801020 315
1801030 314
1801040 314
1801050 313
1801060 312
1801070 311
1801080 311
1801090 310
1801100 309
1801110 308
1801120 307
1801130 307
1801140 306
1801150 305
1801160 304
1801170 303
1801180 303
1801190 302
1801200 301
1801210 300
1801220 299
1801230 299
1801240 298
1801250 297
1801260 296
1801270 295
1801280 294
1801290 294
1801300 293
1801310 292
1801320 291
1801330 290
1801340 290
1801350 289
1801360 288
1801370 287
1801380 286
1801390 285
1801400 284
1801410 283
1801420 282
1801430 281
1801440 280
1801450 279
1801460 278
1801470 278
1801480 277
1801490 276
1801500 275
1801510 275
1801520 274
1801530 273
1801540 273
1801550 273
1801560 272
1801570 272
1801580 272
1801590 272
1801600 272
1801610 272
1801620 272
1801630 272
1801640 271
1801650 271
1801660 271
1801670 271
1801680 270
1801690 269
1801700 268
1801710 267
1801720 266
1801730 266
1801740 266
1801750 265
1801760 265
1801770 264
1801780 264
1801790 264
1801800 263
1801810 263
1801820 263
1801830 263
1801840 263
1801850 263
1801860 263
1801870 263
1801880 263
1801890 263
1801900 263
1801910 263
1801920 264
1801930 264
1801940 264
1801950 264
1801960 264
1801970 264
1801980 264
1801990 264
1802000 264
1802010 264
1802020 264
1802030 263
1802040 263
1802050 263
1802060 263
1802070 263
1802080 263
1802090 263
1802100 263
1802110 263
1802120 263
1802130 263
1802140 263
1802150 263
1802160 263
1802170 263
1802180 263
1802190 263
1802200 263
1802210 263
1802220 263
1802230 263
1802240 263
1802250 262
1802260 262
1802270 262
1802280 262
1802290 262
1802300 262
1802310 263
1802320 263
1802330 263
1802340 263
1802350 263
1802360 264
1802370 264
1802380 264
1802390 265
1802400 265
1802410 265
1802420 266
1802430 266
1802440 266
1802450 266
1802460 266
1802470 266
1802480 266
1802490 266
1802500 266
1802510 266
1802520 266
1802530 266
1802540 266
1802550 265
1802560 266
1802570 265
1802580 265
