1802800 290
1802810 291
1802820 292
1802830 293
1802840 295
1802850 296
1802860 298
1802870 299
1802880 301
1802890 303
1802900 305
1802910 307
1802920 308
1802930 309
1802940 311
1802950 312
1802960 314
1802970 315
1802980 316
1802990 318
1803000 319
1803010 321
1803020 322
1803030 324
1803040 325
1803050 327
1803060 328
1803070 330
1803080 331
1803090 332
1803100 334
1803110 336
1803120 339
1803130 341
1803140 343
1803150 346
1803160 348
1803170 350
1803180 352
1803190 353
1803200 355
1803210 356
1803220 358
1803230 360
1803240 361
1803250 362
1803260 363
1803270 365
1803280 366
1803290 367
1803300 368
1803310 370
1803320 371
1803330 373
1803340 374
1803350 375
1803360 376
1803370 378
1803380 379
1803390 381
1803400 382
1803410 383
1803420 384
1803430 385
1803440 386
1803450 387
1803460 387
1803470 388
1803480 388
1803490 388
1803500 388
1803510 388
1803520 387
1803530 387
1803540 387
1803550 387
1803560 386
1803570 386
1803580 385
1803590 385
1803600 384
1803610 384
1803620 383
1803630 382
1803640 382
1803650 381
1803660 380
1803670 379
1803680 378
1803690 377
1803700 377
1803710 376
1803720 375
1803730 374
1803740 374
1803750 373
1803760 372
1803770 371
1803780 370
1803790 369
1803800 368
1803810 367
1803820 366
1803830 366
1803840 365
1803850 364
1803860 364
1803870 362
1803880 362
1803890 361
1803900 361
1803910 361
1803920 361
1803930 361
1803940 361
1803950 361
1803960 361
1803970 361
1803980 361
1803990 361
1804000 361
1804010 361
1804020 361
1804030 362
1804040 362
1804050 362
1804060 362
1804070 362
1804080 362
1804090 362
1804100 362
1804110 362
1804120 362
1804130 362
1804140 362
1804150 362
1804160 362
1804170 362
1804180 361
1804190 361
1804200 361
1804210 361
1804220 360
1804230 360
1804240 359
1804250 359
1804260 358
1804270 358
1804280 357
1804290 356
1804300 355
1804310 354
1804320 354
1804330 353
1804340 352
1804350 350
1804360 349
1804370 348
1804380 348
1804390 347
1804400 346
1804410 345
1804420 342
1804430 340
1804440 338
1804450 336
1804460 334
1804470 333
1804480 332
1804490 330
1804500 328
1804510 327
1804520 326
1804530 328
1804540 331
1804550 335
1804560 337
1804570 338
1804580 339
1804590 339
1804600 338
1804610 338
1804620 337
1804630 336
1804640 335
1804650 334
1804660 333
1804670 332
1804680 331
1804690 330
1804700 329
1804710 328
1804720 326
1804730 324
1804740 322
1804750 320
1804760 320
1804770 320
1804780 319
1804790 319
1804800 320
1804810 321
1804820 324
1804830 327
1804840 330
1804850 333
1804860 335
1804870 337
1804880 339
1804890 340
1804900 342
1804910 344
1804920 345
1804930 347
1804940 349
1804950 350
1804960 352
1804970 354
1804980 356
1804990 358
1805000 360
1805010 362
1805020 364
1805030 367
1805040 369
1805050 371
1805060 373
1805070 374
1805080 376
1805090 377
1805100 379
1805110 380
1805120 381
1805130 382
1805140 382
1805150 383
1805160 383
1805170 383
1805180 383
1805190 382
1805200 380
1805210 379
1805220 377
1805230 376
1805240 374
1805250 372
1805260 371
1805270 370
1805280 369
1805290 368
1805300 368
1805310 368
1805320 367
1805330 365
1805340 364
1805350 364
1805360 364
1805370 364
1805380 365
1805390 366
1805400 367
1805410 369
1805420 371
1805430 375
1805440 377
1805450 379
1805460 381
1805470 384
1805480 387
1805490 389
1805500 391
1805510 393
1805520 396
1805530 398
1805540 400
1805550 403
1805560 405
1805570 408
1805580 410
1805590 412
1805600 415
1805610 417
1805620 419
1805630 421
1805640 423
1805650 426
1805660 428
1805670 430
1805680 432
1805690 434
1805700 436
1805710 438
1805720 440
1805730 442
1805740 444
1805750 445
1805760 447
1805770 448
1805780 450
1805790 451
1805800 452
1805810 453
1805820 454
1805830 455
1805840 456
1805850 457
1805860 458
1805870 459
1805880 459
1805890 460
1805900 461
1805910 462
1805920 463
1805930 464
1805940 465
1805950 467
1805960 468
1805970 469
1805980 470
1805990 471
1806000 471
1806010 472
1806020 473
1806030 474
1806040 475
1806050 476
1806060 476
1806070 477
1806080 477
1806090 478
1806100 478
1806110 478
1806120 478
1806130 478
1806140 478
1806150 477
1806160 477
1806170 477
1806180 476
1806190 476
1806200 475
1806210 474
1806220 473
1806230 473
1806240 472
1806250 471
1806260 470
1806270 469
1806280 468
1806290 467
1806300 466
1806310 465
1806320 464
1806330 463
1806340 462
1806350 461
1806360 459
1806370 458
1806380 457
1806390 455
1806400 454
1806410 452
1806420 451
1806430 449
1806440 447
1806450 444
1806460 442
1806470 439
1806480 438
1806490 438
1806500 438
1806510 438
1806520 437
1806530 436
1806540 435
1806550 435
1806560 435
1806570 434
1806580 434
1806590 434
1806600 433
1806610 433
1806620 432
1806630 432
1806640 432
1806650 432
1806660 433
1806670 433
1806680 434
1806690 434
1806700 435
1806710 435
1806720 435
1806730 436
1806740 437
1806750 437
1806760 438
1806770 438
1806780 438
1806790 439
1806800 439
1806810 439
1806820 440
1806830 440
1806840 441
1806850 441
1806860 441
1806870 442
1806880 442
1806890 442
1806900 442
1806910 442
1806920 442
1806930 442
1806940 442
1806950 442
1806960 442
1806970 442
1806980 441
1806990 441
1807000 440
1807010 440
1807020 439
1807030 438
1807040 437
1807050 436
1807060 435
1807070 434
1807080 433
1807090 431
1807100 430
1807110 429
1807120 427
1807130 426
1807140 425
1807150 423
1807160 422
1807170 420
1807180 419
1807190 418
1807200 416
1807210 414
1807220 412
1807230 410
1807240 408
1807250 405
1807260 403
1807270 400
1807280 398
1807290 396
1807300 393
1807310 391
1807320 388
1807330 386
1807340 383
1807350 381
1807360 378
1807370 375
1807380 374
1807390 373
1807400 373
1807410 374
1807420 375
1807430 377
1807440 379
1807450 381
1807460 382
1807470 384
1807480 385
1807490 385
1807500 385
1807510 384
1807520 384
1807530 383
1807540 382
1807550 381
1807560 380
1807570 379
1807580 378
1807590 376
1807600 375
1807610 375
1807620 373
1807630 371
1807640 369
1807650 368
1807660 369
1807670 371
1807680 376
1807690 380
1807700 384
1807710 387
1807720 390
1807730 392
1807740 395
1807750 399
1807760 402
1807770 406
1807780 410
1807790 414
1807800 417
1807810 421
1807820 424
1807830 427
1807840 431
1807850 434
1807860 437
1807870 440
1807880 443
1807890 447
1807900 450
1807910 452
1807920 454
1807930 457
1807940 459
1807950 461
1807960 463
1807970 465
1807980 467
1807990 469
1808000 470
1808010 472
1808020 474
1808030 476
1808040 477
1808050 478
1808060 480
1808070 481
1808080 482
1808090 483
1808100 484
1808110 485
1808120 486
1808130 487
1808140 488
1808150 488
1808160 489
1808170 490
1808180 490
1808190 491
1808200 492
1808210 492
1808220 493
1808230 493
1808240 493
1808250 494
1808260 494
1808270 494
1808280 495
1808290 495
1808300 495
1808310 496
1808320 496
1808330 496
1808340 496
1808350 497
1808360 497
1808370 497
1808380 497
1808390 498
1808400 498
1808410 498
1808420 498
1808430 498
1808440 498
1808450 498
1808460 498
1808470 497
1808480 497
1808490 496
1808500 495
1808510 494
1808520 493
1808530 492
1808540 491
1808550 489
1808560 488
1808570 487
1808580 486
1808590 484
1808600 483
1808610 482
1808620 481
1808630 480
1808640 478
1808650 477
1808660 476
1808670 474
1808680 472
1808690 469
1808700 465
1808710 459
1808720 453
1808730 449
1808740 446
1808750 444
1808760 442
1808770 438
1808780 432
1808790 426
1808800 420
1808810 415
1808820 411
1808830 408
1808840 407
1808850 406
1808860 405
1808870 404
1808880 404
1808890 404
1808900 404
1808910 404
1808920 404
1808930 404
1808940 404
1808950 404
1808960 404
1808970 404
1808980 404
1808990 404
1809000 404
1809010 404
1809020 404
1809030 404
1809040 404
1809050 404
1809060 404
1809070 404
1809080 403
1809090 404
1809100 405
1809110 405
1809120 406
1809130 406
1809140 406
1809150 407
1809160 407
1809170 407
1809180 407
1809190 407
1809200 407
1809210 407
1809220 407
1809230 406
1809240 406
1809250 405
1809260 404
1809270 403
1809280 403
1809290 403
1809300 402
1809310 402
1809320 402
1809330 401
1809340 401
1809350 401
1809360 401
1809370 401
1809380 401
1809390 401
1809400 401
1809410 401
1809420 401
1809430 400
1809440 400
1809450 400
1809460 400
1809470 400
1809480 400
1809490 400
1809500 400
1809510 401
1809520 401
1809530 401
1809540 401
1809550 401
1809560 401
1809570 401
1809580 400
1809590 399
1809600 397
1809610 394
1809620 389
1809630 387
1809640 387
1809650 388
1809660 389
1809670 388
1809680 387
1809690 387
1809700 389
1809710 392
1809720 392
1809730 391
1809740 390
1809750 388
1809760 387
1809770 385
1809780 383
1809790 381
1809800 379
1809810 377
1809820 375
1809830 373
1809840 372
1809850 371
1809860 370
1809870 367
1809880 364
1809890 361
1809900 359
1809910 358
1809920 357
1809930 356
1809940 355
1809950 353
1809960 352
1809970 351
1809980 351
1809990 349
1810000 347
1810010 345
1810020 344
1810030 342
1810040 341
1810050 339
1810060 337
1810070 337
1810080 337
1810090 337
1810100 336
1810110 336
1810120 335
1810130 335
1810140 334
1810150 334
1810160 333
1810170 333
1810180 332
1810190 332
1810200 331
1810210 330
1810220 330
1810230 329
1810240 328
1810250 327
1810260 327
1810270 326
1810280 325
1810290 325
1810300 324
1810310 323
1810320 323
1810330 322
1810340 322
1810350 321
1810360 321
1810370 320
1810380 319
1810390 319
1810400 318
1810410 317
1810420 317
1810430 316
1810440 315
1810450 314
1810460 314
1810470 313
1810480 313
1810490 312
1810500 311
1810510 311
1810520 310
1810530 309
1810540 308
1810550 308
1810560 308
1810570 307
1810580 307
1810590 307
1810600 306
1810610 306
1810620 306
1810630 306
1810640 306
1810650 306
1810660 306
1810670 306
1810680 306
1810690 306
1810700 306
1810710 306
1810720 306
1810730 306
1810740 306
1810750 305
1810760 305
1810770 305
1810780 305
1810790 305
1810800 305
1810810 304
1810820 304
1810830 304
1810840 304
1810850 303
1810860 303
1810870 303
1810880 302
1810890 302
1810900 302
1810910 301
1810920 301
1810930 301
1810940 301
1810950 300
1810960 300
1810970 300
1810980 299
1810990 299
1811000 298
1811010 298
1811020 298
1811030 298
1811040 297
1811050 297
1811060 297
1811070 297
1811080 296
1811090 296
1811100 296
1811110 296
1811120 296
1811130 297
1811140 297
1811150 297
1811160 297
1811170 296
1811180 296
1811190 296
1811200 296
1811210 295
1811220 295
1811230 295
1811240 295
1811250 294
1811260 294
1811270 293
1811280 293
1811290 292
1811300 292
1811310 292
1811320 292
1811330 292
1811340 292
1811350 292
1811360 292
1811370 291
1811380 291
1811390 291
1811400 290
1811410 290
1811420 290
1811430 290
1811440 290
1811450 289
1811460 289
1811470 289
1811480 289
1811490 289
1811500 289
1811510 288
1811520 288
1811530 288
1811540 288
1811550 289
1811560 289
1811570 289
1811580 289
1811590 290
1811600 290
1811610 290
1811620 291
1811630 291
1811640 291
1811650 292
1811660 292
1811670 293
1811680 294
1811690 295
1811700 295
1811710 296
1811720 297
1811730 298
1811740 299
1811750 300
1811760 300
1811770 301
1811780 302
1811790 302
1811800 303
1811810 304
1811820 305
1811830 305
1811840 307
1811850 307
1811860 308
1811870 308
1811880 308
1811890 308
1811900 308
1811910 309
1811920 309
1811930 309
1811940 309
1811950 309
1811960 309
1811970 309
1811980 309
1811990 309
1812000 309
1812010 309
1812020 309
1812030 309
1812040 309
1812050 308
1812060 308
1812070 308
1812080 307
1812090 307
1812100 306
1812110 306
1812120 306
1812130 306
1812140 306
1812150 305
1812160 305
1812170 305
1812180 304
1812190 304
1812200 304
1812210 304
1812220 303
1812230 303
1812240 302
1812250 302
1812260 301
1812270 300
1812280 300
1812290 299
1812300 298
1812310 297
1812320 295
1812330 294
1812340 293
1812350 292
1812360 290
1812370 289
1812380 289
1812390 288
1812400 287
1812410 285
1812420 284
1812430 282
1812440 282
1812450 281
1812460 279
1812470 278
1812480 276
1812490 275
1812500 276
1812510 276
1812520 276
1812530 276
1812540 277
1812550 277
1812560 278
1812570 280
1812580 282
1812590 284
1812600 287
1812610 289
1812620 292
1812630 294
1812640 296
1812650 299
1812660 301
1812670 304
1812680 306
1812690 309
1812700 311
1812710 314
1812720 316
1812730 318
1812740 321
1812750 323
1812760 325
1812770 327
1812780 330
1812790 332
1812800 334
1812810 335
1812820 337
1812830 338
1812840 339
1812850 340
1812860 340
1812870 341
1812880 341
1812890 342
1812900 342
1812910 343
1812920 343
1812930 344
1812940 344
1812950 344
1812960 344
1812970 343
1812980 343
1812990 342
1813000 341
1813010 341
1813020 340
1813030 340
1813040 341
1813050 341
1813060 341
1813070 342
1813080 342
1813090 342
1813100 343
1813110 343
1813120 342
1813130 342
1813140 342
1813150 342
1813160 342
1813170 342
1813180 342
1813190 342
1813200 342
1813210 341
1813220 341
1813230 340
1813240 340
1813250 339
1813260 338
1813270 337
1813280 337
1813290 335
1813300 334
1813310 335
1813320 336
1813330 337
1813340 338
1813350 339
1813360 339
1813370 339
1813380 340
1813390 340
1813400 340
1813410 341
1813420 341
1813430 341
1813440 341
1813450 341
1813460 340
1813470 340
1813480 340
1813490 340
1813500 340
1813510 341
1813520 341
1813530 341
1813540 342
1813550 342
1813560 342
1813570 342
1813580 343
1813590 343
1813600 344
1813610 344
1813620 345
1813630 346
1813640 346
1813650 347
1813660 348
1813670 349
1813680 349
1813690 350
1813700 350
1813710 350
1813720 350
1813730 349
1813740 348
1813750 348
1813760 347
1813770 346
1813780 345
1813790 344
1813800 344
1813810 344
1813820 344
1813830 343
1813840 343
1813850 343
1813860 342
1813870 341
1813880 340
1813890 339
1813900 338
1813910 337
1813920 337
1813930 337
1813940 336
1813950 336
1813960 335
1813970 335
1813980 334
1813990 333
1814000 332
1814010 331
1814020 330
1814030 329
1814040 329
1814050 328
1814060 327
1814070 326
1814080 325
1814090 324
1814100 323
1814110 322
1814120 320
1814130 319
1814140 318
1814150 317
1814160 315
1814170 313
1814180 312
1814190 311
1814200 310
1814210 309
1814220 309
1814230 308
1814240 308
1814250 307
1814260 306
1814270 305
1814280 305
1814290 305
1814300 305
1814310 304
1814320 302
1814330 301
1814340 300
1814350 300
1814360 300
1814370 299
1814380 299
1814390 299
1814400 298
1814410 298
1814420 298
1814430 298
1814440 298
1814450 298
1814460 297
1814470 297
1814480 297
1814490 296
1814500 295
1814510 295
1814520 294
1814530 293
1814540 292
1814550 290
1814560 289
1814570 289
1814580 288
1814590 288
1814600 288
1814610 287
1814620 287
1814630 287
1814640 286
1814650 286
1814660 285
1814670 284
1814680 284
1814690 284
1814700 284
1814710 283
1814720 283
1814730 282
1814740 282
1814750 281
1814760 281
1814770 281
1814780 281
1814790 281
1814800 280
1814810 280
1814820 280
1814830 280
1814840 279
1814850 279
1814860 278
1814870 278
1814880 278
1814890 277
1814900 277
1814910 277
1814920 277
1814930 277
1814940 277
1814950 276
1814960 276
1814970 276
1814980 276
1814990 276
1815000 275
1815010 275
1815020 275
1815030 275
1815040 274
1815050 274
1815060 274
1815070 273
1815080 273
1815090 273
1815100 273
1815110 273
1815120 273
1815130 273
1815140 273
1815150 273
1815160 272
1815170 272
1815180 272
1815190 272
1815200 272
1815210 272
1815220 272
1815230 272
1815240 272
1815250 272
1815260 272
1815270 272
1815280 271
1815290 270
1815300 271
1815310 273
1815320 273
1815330 273
1815340 274
1815350 274
1815360 274
1815370 274
1815380 275
1815390 275
1815400 276
1815410 276
1815420 278
1815430 279
1815440 280
1815450 281
1815460 283
1815470 285
1815480 286
1815490 287
1815500 287
1815510 287
1815520 287
1815530 287
1815540 287
1815550 288
1815560 288
1815570 288
1815580 288
1815590 289
1815600 289
1815610 289
1815620 289
1815630 288
1815640 287
1815650 287
1815660 287
1815670 287
1815680 286
1815690 286
1815700 285
1815710 285
1815720 285
1815730 285
1815740 285
1815750 285
1815760 285
1815770 285
1815780 285
1815790 285
1815800 286
1815810 286
1815820 286
1815830 286
1815840 286
1815850 285
1815860 285
1815870 284
1815880 284
1815890 283
1815900 282
1815910 281
1815920 280
1815930 280
1815940 279
1815950 278
1815960 278
1815970 277
1815980 277
1815990 277
1816000 277
1816010 277
1816020 277
1816030 277
1816040 277
1816050 276
1816060 276
1816070 276
1816080 276
1816090 275
1816100 274
1816110 273
1816120 272
1816130 271
1816140 270
1816150 269
1816160 268
1816170 267
1816180 265
1816190 264
1816200 263
1816210 262
1816220 262
1816230 261
1816240 260
1816250 260
1816260 259
1816270 258
1816280 257
1816290 255
1816300 254
1816310 253
1816320 252
1816330 252
1816340 251
1816350 250
1816360 250
1816370 248
1816380 247
1816390 247
1816400 246
1816410 246
1816420 245
1816430 245
1816440 244
1816450 242
1816460 242
1816470 241
1816480 241
1816490 240
1816500 239
1816510 238
1816520 238
1816530 237
1816540 236
1816550 236
1816560 235
1816570 234
1816580 234
1816590 233
1816600 232
1816610 232
1816620 231
1816630 231
1816640 230
1816650 230
1816660 229
1816670 229
1816680 229
1816690 228
1816700 228
1816710 228
1816720 227
1816730 227
1816740 227
1816750 227
1816760 227
1816770 227
1816780 227
1816790 226
1816800 226
1816810 226
1816820 226
1816830 226
1816840 226
1816850 225
1816860 225
1816870 225
1816880 224
1816890 224
1816900 224
1816910 224
1816920 224
1816930 225
1816940 224
1816950 224
1816960 224
1816970 224
1816980 224
1816990 223
1817000 223
1817010 223
1817020 222
1817030 222
1817040 221
1817050 221
1817060 221
1817070 221
1817080 221
1817090 221
1817100 221
1817110 222
1817120 221
1817130 221
1817140 221
1817150 221
1817160 221
1817170 221
1817180 221
1817190 221
1817200 221
1817210 221
1817220 221
1817230 221
1817240 221
1817250 221
1817260 221
1817270 221
1817280 221
1817290 221
1817300 221
1817310 221
1817320 221
1817330 221
1817340 220
1817350 220
1817360 220
1817370 219
1817380 219
1817390 219
1817400 219
1817410 219
1817420 219
1817430 219
1817440 219
1817450 218
1817460 218
1817470 218
1817480 218
1817490 218
1817500 218
1817510 218
1817520 218
1817530 218
1817540 218
1817550 218
1817560 218
1817570 218
1817580 218
1817590 218
1817600 218
1817610 218
1817620 218
1817630 218
1817640 218
1817650 218
1817660 218
1817670 218
1817680 219
1817690 219
1817700 219
1817710 219
1817720 219
1817730 219
1817740 219
1817750 220
1817760 220
1817770 221
1817780 221
1817790 221
1817800 221
1817810 220
1817820 220
1817830 220
1817840 220
1817850 220
1817860 220
1817870 220
1817880 220
1817890 220
1817900 220
1817910 220
1817920 220
1817930 220
1817940 220
1817950 220
1817960 220
1817970 220
1817980 220
1817990 220
1818000 220
1818010 219
1818020 219
1818030 219
1818040 219
1818050 219
1818060 219
1818070 218
1818080 218
1818090 218
1818100 218
1818110 218
1818120 218
1818130 217
1818140 217
1818150 216
1818160 216
1818170 216
1818180 216
1818190 216
1818200 216
1818210 216
1818220 216
1818230 216
1818240 216
1818250 216
1818260 216
1818270 216
1818280 216
1818290 216
1818300 216
1818310 216
1818320 216
1818330 216
1818340 216
1818350 216
1818360 217
1818370 217
1818380 217
1818390 216
1818400 215
1818410 215
1818420 214
1818430 214
1818440 213
1818450 213
1818460 212
1818470 212
1818480 212
1818490 212
1818500 213
1818510 213
1818520 213
1818530 213
1818540 212
1818550 211
1818560 211
1818570 210
1818580 210
1818590 210
1818600 210
1818610 211
1818620 212
1818630 212
1818640 213
1818650 213
1818660 213
1818670 213
1818680 213
1818690 213
1818700 212
1818710 212
1818720 212
1818730 211
1818740 210
1818750 210
1818760 209
1818770 209
1818780 209
1818790 209
1818800 208
1818810 208
1818820 207
1818830 206
1818840 206
1818850 205
1818860 205
1818870 205
1818880 204
1818890 204
1818900 204
1818910 204
1818920 204
1818930 204
1818940 204
1818950 204
1818960 204
1818970 204
1818980 204
1818990 203
1819000 203
1819010 203
1819020 203
1819030 202
1819040 202
1819050 202
1819060 202
1819070 202
1819080 202
1819090 202
1819100 202
1819110 201
1819120 201
1819130 201
1819140 201
1819150 200
1819160 200
1819170 200
1819180 200
1819190 200
1819200 199
1819210 199
1819220 199
1819230 199
1819240 199
1819250 199
1819260 199
1819270 198
1819280 198
1819290 198
1819300 198
1819310 198
1819320 197
1819330 196
1819340 196
1819350 196
1819360 195
1819370 195
1819380 193
1819390 192
1819400 191
1819410 193
1819420 195
1819430 195
1819440 195
1819450 196
1819460 196
1819470 196
1819480 195
1819490 195
1819500 195
1819510 194
1819520 194
1819530 194
1819540 193
1819550 193
1819560 192
1819570 192
1819580 192
1819590 192
1819600 192
1819610 192
1819620 192
1819630 192
1819640 192
1819650 192
1819660 192
1819670 192
1819680 192
1819690 192
1819700 192
1819710 192
1819720 192
1819730 191
1819740 191
1819750 191
1819760 190
1819770 190
1819780 190
1819790 189
1819800 189
1819810 189
1819820 189
1819830 189
1819840 189
1819850 189
1819860 189
1819870 189
1819880 189
1819890 190
1819900 190
1819910 189
1819920 189
1819930 189
1819940 189
1819950 189
1819960 189
1819970 189
1819980 189
1819990 188
