1803280 340
1803290 343
1803300 346
1803310 349
1803320 352
1803330 354
1803340 357
1803350 359
1803360 361
1803370 361
1803380 361
1803390 361
1803400 360
1803410 359
1803420 359
1803430 358
1803440 357
1803450 356
1803460 356
1803470 357
1803480 358
1803490 360
1803500 362
1803510 364
1803520 365
1803530 366
1803540 368
1803550 369
1803560 371
1803570 372
1803580 374
1803590 375
1803600 377
1803610 378
1803620 380
1803630 381
1803640 382
1803650 384
1803660 385
1803670 386
1803680 388
1803690 389
1803700 390
1803710 391
1803720 392
1803730 393
1803740 394
1803750 395
1803760 396
1803770 397
1803780 398
1803790 399
1803800 400
1803810 401
1803820 401
1803830 402
1803840 403
1803850 404
1803860 405
1803870 406
1803880 406
1803890 407
1803900 408
1803910 408
1803920 409
1803930 409
1803940 410
1803950 410
1803960 411
1803970 411
1803980 411
1803990 411
1804000 411
1804010 411
1804020 410
1804030 410
1804040 409
1804050 409
1804060 408
1804070 408
1804080 409
1804090 409
1804100 410
1804110 410
1804120 410
1804130 410
1804140 410
1804150 409
1804160 410
1804170 410
1804180 409
1804190 410
1804200 411
1804210 412
1804220 412
1804230 413
1804240 413
1804250 413
1804260 414
1804270 414
1804280 414
1804290 415
1804300 415
1804310 416
1804320 417
1804330 418
1804340 419
1804350 420
1804360 421
1804370 422
1804380 424
1804390 425
1804400 425
1804410 426
1804420 427
1804430 427
1804440 428
1804450 429
1804460 430
1804470 431
1804480 431
1804490 432
1804500 433
1804510 434
1804520 435
1804530 437
1804540 438
1804550 439
1804560 440
1804570 441
1804580 442
1804590 443
1804600 444
1804610 444
1804620 445
1804630 446
1804640 447
1804650 448
1804660 449
1804670 450
1804680 451
1804690 451
1804700 452
1804710 453
1804720 454
1804730 455
1804740 455
1804750 456
1804760 456
1804770 457
1804780 458
1804790 458
1804800 458
1804810 459
1804820 459
1804830 460
1804840 460
1804850 460
1804860 460
1804870 460
1804880 460
1804890 460
1804900 460
1804910 460
1804920 460
1804930 459
1804940 459
1804950 459
1804960 458
1804970 458
1804980 458
1804990 457
1805000 457
1805010 457
1805020 456
1805030 456
1805040 456
1805050 455
1805060 455
1805070 454
1805080 454
1805090 454
1805100 453
1805110 453
1805120 452
1805130 452
1805140 451
1805150 451
1805160 450
1805170 450
1805180 449
1805190 448
1805200 447
1805210 447
1805220 446
1805230 445
1805240 445
1805250 444
1805260 444
1805270 443
1805280 442
1805290 442
1805300 441
1805310 440
1805320 438
1805330 437
1805340 435
1805350 434
1805360 432
1805370 430
1805380 428
1805390 426
1805400 424
1805410 422
1805420 419
1805430 417
1805440 415
1805450 412
1805460 409
1805470 406
1805480 406
1805490 409
1805500 412
1805510 416
1805520 419
1805530 422
1805540 424
1805550 426
1805560 427
1805570 428
1805580 429
1805590 430
1805600 431
1805610 433
1805620 434
1805630 435
1805640 436
1805650 437
1805660 438
1805670 439
1805680 440
1805690 441
1805700 442
1805710 443
1805720 444
1805730 445
1805740 446
1805750 447
1805760 448
1805770 449
1805780 450
1805790 450
1805800 451
1805810 451
1805820 450
1805830 450
1805840 449
1805850 448
1805860 447
1805870 446
1805880 445
1805890 444
1805900 443
1805910 441
1805920 440
1805930 438
1805940 437
1805950 436
1805960 434
1805970 433
1805980 432
1805990 430
1806000 429
1806010 427
1806020 426
1806030 424
1806040 423
1806050 422
1806060 421
1806070 420
1806080 419
1806090 417
1806100 414
1806110 411
1806120 409
1806130 409
1806140 412
1806150 414
1806160 415
1806170 416
1806180 417
1806190 418
1806200 419
1806210 420
1806220 421
1806230 422
1806240 423
1806250 424
1806260 426
1806270 428
1806280 429
1806290 430
1806300 431
1806310 431
1806320 431
1806330 431
1806340 430
1806350 430
1806360 429
1806370 429
1806380 428
1806390 428
1806400 427
1806410 426
1806420 426
1806430 425
1806440 426
1806450 426
1806460 425
1806470 424
1806480 422
1806490 421
1806500 420
1806510 420
1806520 422
1806530 425
1806540 427
1806550 430
1806560 433
1806570 436
1806580 438
1806590 441
1806600 443
1806610 445
1806620 447
1806630 449
1806640 450
1806650 452
1806660 453
1806670 454
1806680 455
1806690 456
1806700 457
1806710 459
1806720 460
1806730 461
1806740 462
1806750 463
1806760 464
1806770 465
1806780 465
1806790 466
1806800 467
1806810 468
1806820 468
1806830 469
1806840 469
1806850 470
1806860 470
1806870 471
1806880 471
1806890 471
1806900 472
1806910 472
1806920 472
1806930 473
1806940 473
1806950 473
1806960 473
1806970 473
1806980 473
1806990 473
1807000 473
1807010 473
1807020 473
1807030 473
1807040 473
1807050 472
1807060 472
1807070 471
1807080 471
1807090 470
1807100 469
1807110 467
1807120 466
1807130 465
1807140 463
1807150 461
1807160 459
1807170 457
1807180 456
1807190 455
1807200 453
1807210 452
1807220 451
1807230 450
1807240 450
1807250 448
1807260 447
1807270 446
1807280 446
1807290 446
1807300 446
1807310 446
1807320 445
1807330 444
1807340 444
1807350 443
1807360 443
1807370 442
1807380 440
1807390 439
1807400 438
1807410 437
1807420 436
1807430 435
1807440 434
1807450 433
1807460 432
1807470 431
1807480 430
1807490 430
1807500 429
1807510 428
1807520 427
1807530 425
1807540 424
1807550 424
1807560 424
1807570 425
1807580 426
1807590 427
1807600 427
1807610 427
1807620 427
1807630 425
1807640 424
1807650 423
1807660 422
1807670 422
1807680 422
1807690 421
1807700 422
1807710 423
1807720 425
1807730 426
1807740 428
1807750 429
1807760 431
1807770 433
1807780 435
1807790 437
1807800 439
1807810 441
1807820 442
1807830 444
1807840 446
1807850 447
1807860 449
1807870 450
1807880 451
1807890 453
1807900 453
1807910 454
1807920 454
1807930 454
1807940 454
1807950 453
1807960 452
1807970 451
1807980 450
1807990 449
1808000 448
1808010 446
1808020 445
1808030 444
1808040 443
1808050 442
1808060 440
1808070 437
1808080 435
1808090 432
1808100 430
1808110 428
1808120 426
1808130 424
1808140 422
1808150 418
1808160 417
1808170 418
1808180 421
1808190 423
1808200 426
1808210 428
1808220 430
1808230 433
1808240 435
1808250 438
1808260 441
1808270 444
1808280 446
1808290 449
1808300 452
1808310 455
1808320 457
1808330 459
1808340 462
1808350 464
1808360 466
1808370 468
1808380 470
1808390 472
1808400 474
1808410 475
1808420 477
1808430 478
1808440 479
1808450 480
1808460 481
1808470 481
1808480 482
1808490 482
1808500 483
1808510 483
1808520 483
1808530 484
1808540 484
1808550 484
1808560 484
1808570 484
1808580 483
1808590 483
1808600 482
1808610 482
1808620 481
1808630 481
1808640 480
1808650 480
1808660 479
1808670 478
1808680 477
1808690 476
1808700 475
1808710 474
1808720 472
1808730 471
1808740 470
1808750 469
1808760 468
1808770 467
1808780 466
1808790 465
1808800 464
1808810 463
1808820 462
1808830 461
1808840 461
1808850 460
1808860 459
1808870 457
1808880 456
1808890 455
1808900 454
1808910 452
1808920 451
1808930 450
1808940 449
1808950 448
1808960 447
1808970 445
1808980 444
1808990 443
1809000 442
1809010 441
1809020 440
1809030 439
1809040 438
1809050 437
1809060 436
1809070 435
1809080 434
1809090 433
1809100 432
1809110 430
1809120 429
1809130 428
1809140 427
1809150 426
1809160 426
1809170 425
1809180 425
1809190 424
1809200 424
1809210 423
1809220 423
1809230 422
1809240 422
1809250 421
1809260 420
1809270 420
1809280 420
1809290 419
1809300 419
1809310 418
1809320 418
1809330 417
1809340 417
1809350 417
1809360 417
1809370 417
1809380 416
1809390 416
1809400 415
1809410 415
1809420 415
1809430 415
1809440 416
1809450 417
1809460 418
1809470 418
1809480 419
1809490 419
1809500 418
1809510 418
1809520 418
1809530 418
1809540 418
1809550 418
1809560 417
1809570 417
1809580 417
1809590 416
1809600 416
1809610 416
1809620 416
1809630 416
1809640 417
1809650 417
1809660 417
1809670 417
1809680 417
1809690 416
1809700 416
1809710 415
1809720 414
1809730 413
1809740 413
1809750 412
1809760 412
1809770 412
1809780 412
1809790 413
1809800 414
1809810 414
1809820 415
1809830 417
1809840 418
1809850 419
1809860 419
1809870 420
1809880 420
1809890 420
1809900 420
1809910 421
1809920 421
1809930 420
1809940 420
1809950 420
1809960 419
1809970 419
1809980 418
1809990 418
1810000 417
1810010 416
1810020 415
1810030 415
1810040 414
1810050 413
1810060 411
1810070 410
1810080 409
1810090 407
1810100 406
1810110 405
1810120 404
1810130 403
1810140 402
1810150 401
1810160 399
1810170 398
1810180 397
1810190 395
1810200 393
1810210 391
1810220 389
1810230 386
1810240 384
1810250 381
1810260 379
1810270 376
1810280 373
1810290 371
1810300 368
1810310 364
1810320 363
1810330 363
1810340 363
1810350 364
1810360 365
1810370 368
1810380 370
1810390 373
1810400 375
1810410 377
1810420 378
1810430 381
1810440 383
1810450 386
1810460 389
1810470 391
1810480 394
1810490 396
1810500 398
1810510 400
1810520 402
1810530 404
1810540 407
1810550 409
1810560 412
1810570 416
1810580 418
1810590 421
1810600 423
1810610 424
1810620 426
1810630 427
1810640 428
1810650 429
1810660 431
1810670 432
1810680 433
1810690 434
1810700 435
1810710 436
1810720 436
1810730 437
1810740 437
1810750 437
1810760 437
1810770 437
1810780 437
1810790 437
1810800 437
1810810 436
1810820 436
1810830 436
1810840 435
1810850 434
1810860 434
1810870 433
1810880 432
1810890 431
1810900 430
1810910 428
1810920 427
1810930 424
1810940 422
1810950 420
1810960 418
1810970 417
1810980 415
1810990 413
1811000 411
1811010 410
1811020 408
1811030 407
1811040 406
1811050 405
1811060 404
1811070 403
1811080 402
1811090 402
1811100 401
1811110 401
1811120 401
1811130 401
1811140 400
1811150 400
1811160 400
1811170 400
1811180 401
1811190 401
1811200 402
1811210 403
1811220 403
1811230 403
1811240 404
1811250 404
1811260 404
1811270 403
1811280 402
1811290 401
1811300 400
1811310 399
1811320 398
1811330 397
1811340 395
1811350 393
1811360 391
1811370 390
1811380 388
1811390 385
1811400 383
1811410 381
1811420 379
1811430 375
1811440 370
1811450 366
1811460 362
1811470 359
1811480 357
1811490 356
1811500 355
1811510 355
1811520 354
1811530 354
1811540 351
1811550 348
1811560 348
1811570 346
1811580 345
1811590 345
1811600 344
1811610 343
1811620 343
1811630 342
1811640 342
1811650 341
1811660 340
1811670 339
1811680 338
1811690 337
1811700 336
1811710 335
1811720 335
1811730 335
1811740 336
1811750 335
1811760 335
1811770 334
1811780 333
1811790 332
1811800 332
1811810 331
1811820 331
1811830 330
1811840 330
1811850 329
1811860 329
1811870 329
1811880 328
1811890 328
1811900 327
1811910 327
1811920 326
1811930 325
1811940 325
1811950 323
1811960 322
1811970 320
1811980 319
1811990 320
1812000 321
1812010 322
1812020 322
1812030 323
1812040 322
1812050 322
1812060 322
1812070 322
1812080 322
1812090 322
1812100 322
1812110 322
1812120 323
1812130 323
1812140 323
1812150 324
1812160 324
1812170 324
1812180 324
1812190 324
1812200 324
1812210 325
1812220 326
1812230 326
1812240 327
1812250 328
1812260 328
1812270 329
1812280 330
1812290 330
1812300 330
1812310 329
1812320 329
1812330 329
1812340 328
1812350 328
1812360 327
1812370 327
1812380 326
1812390 326
1812400 325
1812410 325
1812420 324
1812430 324
1812440 324
1812450 324
1812460 323
1812470 323
1812480 322
1812490 321
1812500 321
1812510 321
1812520 322
1812530 322
1812540 322
1812550 322
1812560 322
1812570 322
1812580 322
1812590 322
1812600 322
1812610 322
1812620 322
1812630 322
1812640 322
1812650 322
1812660 322
1812670 322
1812680 322
1812690 322
1812700 322
1812710 322
1812720 322
1812730 323
1812740 323
1812750 323
1812760 323
1812770 323
1812780 323
1812790 323
1812800 324
1812810 324
1812820 324
1812830 323
1812840 323
1812850 323
1812860 323
1812870 323
1812880 323
1812890 323
1812900 323
1812910 323
1812920 323
1812930 323
1812940 323
1812950 324
1812960 324
1812970 324
1812980 324
1812990 324
1813000 324
1813010 324
1813020 323
1813030 323
1813040 324
1813050 326
1813060 327
1813070 329
1813080 329
1813090 327
1813100 324
1813110 322
1813120 321
1813130 321
1813140 320
1813150 320
1813160 320
1813170 319
1813180 319
1813190 318
1813200 318
1813210 317
1813220 316
1813230 316
1813240 316
1813250 315
1813260 315
1813270 314
1813280 314
1813290 313
1813300 313
1813310 312
1813320 311
1813330 310
1813340 310
1813350 309
1813360 308
1813370 308
1813380 307
1813390 307
1813400 306
1813410 306
1813420 305
1813430 304
1813440 303
1813450 302
1813460 302
1813470 301
1813480 301
1813490 300
1813500 300
1813510 300
1813520 299
1813530 299
1813540 298
1813550 297
1813560 297
1813570 297
1813580 296
1813590 296
1813600 296
1813610 296
1813620 295
1813630 294
1813640 293
1813650 292
1813660 292
1813670 291
1813680 291
1813690 290
1813700 290
1813710 290
1813720 289
1813730 289
1813740 289
1813750 289
1813760 289
1813770 289
1813780 288
1813790 288
1813800 287
1813810 286
1813820 286
1813830 285
1813840 285
1813850 284
1813860 284
1813870 284
1813880 283
1813890 283
1813900 283
1813910 283
1813920 282
1813930 282
1813940 281
1813950 280
1813960 279
1813970 278
1813980 278
1813990 277
1814000 277
1814010 277
1814020 277
1814030 277
1814040 276
1814050 276
1814060 276
1814070 275
1814080 276
1814090 275
1814100 275
1814110 275
1814120 275
1814130 275
1814140 276
1814150 276
1814160 276
1814170 276
1814180 275
1814190 275
1814200 274
1814210 274
1814220 274
1814230 273
1814240 273
1814250 272
1814260 272
1814270 271
1814280 271
1814290 270
1814300 270
1814310 270
1814320 270
1814330 270
1814340 270
1814350 270
1814360 270
1814370 270
1814380 270
1814390 269
1814400 269
1814410 268
1814420 268
1814430 268
1814440 268
1814450 268
1814460 268
1814470 268
1814480 267
1814490 267
1814500 267
1814510 267
1814520 267
1814530 267
1814540 267
1814550 268
1814560 268
1814570 268
1814580 268
1814590 267
1814600 267
1814610 267
1814620 268
1814630 269
1814640 269
1814650 269
1814660 269
1814670 269
1814680 269
1814690 269
1814700 269
1814710 269
1814720 269
1814730 269
1814740 268
1814750 268
1814760 269
1814770 269
1814780 269
1814790 269
1814800 269
1814810 269
1814820 270
1814830 270
1814840 270
1814850 270
1814860 269
1814870 269
1814880 269
1814890 269
1814900 269
1814910 269
1814920 268
1814930 268
1814940 268
1814950 268
1814960 268
1814970 268
1814980 268
1814990 268
1815000 268
1815010 269
1815020 269
1815030 269
1815040 269
1815050 269
1815060 269
1815070 269
1815080 269
1815090 270
1815100 270
1815110 270
1815120 269
1815130 269
1815140 269
1815150 269
1815160 268
1815170 267
1815180 267
1815190 267
1815200 267
1815210 267
1815220 266
1815230 266
1815240 266
1815250 265
1815260 264
1815270 263
1815280 262
1815290 262
1815300 261
1815310 260
1815320 259
1815330 258
1815340 258
1815350 257
1815360 257
1815370 258
1815380 259
1815390 260
1815400 262
1815410 264
1815420 265
1815430 266
1815440 267
1815450 267
1815460 268
1815470 269
1815480 270
1815490 270
1815500 270
1815510 271
1815520 271
1815530 272
1815540 272
1815550 273
1815560 273
1815570 273
1815580 274
1815590 274
1815600 274
1815610 275
1815620 275
1815630 276
1815640 276
1815650 276
1815660 277
1815670 277
1815680 278
1815690 278
1815700 279
1815710 279
1815720 279
1815730 279
1815740 280
1815750 280
1815760 281
1815770 282
1815780 283
1815790 283
1815800 284
1815810 284
1815820 285
1815830 285
1815840 286
1815850 287
1815860 287
1815870 288
1815880 289
1815890 289
1815900 290
1815910 292
1815920 293
1815930 293
1815940 294
1815950 294
1815960 295
1815970 295
1815980 296
1815990 297
1816000 298
1816010 298
1816020 299
1816030 300
1816040 300
1816050 301
1816060 301
1816070 302
1816080 302
1816090 302
1816100 302
1816110 303
1816120 303
1816130 303
1816140 303
1816150 303
1816160 303
1816170 303
1816180 302
1816190 302
1816200 301
1816210 301
1816220 300
1816230 300
1816240 299
1816250 299
1816260 298
1816270 297
1816280 297
1816290 296
1816300 295
1816310 295
1816320 294
1816330 294
1816340 293
1816350 292
1816360 292
1816370 291
1816380 291
1816390 290
1816400 289
1816410 288
1816420 287
1816430 286
1816440 285
1816450 284
1816460 284
1816470 283
1816480 282
1816490 281
1816500 280
1816510 279
1816520 278
1816530 277
1816540 276
1816550 275
1816560 275
1816570 274
1816580 273
1816590 272
1816600 271
1816610 270
1816620 269
1816630 269
1816640 268
1816650 267
1816660 266
1816670 265
1816680 265
1816690 264
1816700 263
1816710 262
1816720 261
1816730 260
1816740 259
1816750 258
1816760 258
1816770 257
1816780 256
1816790 255
1816800 254
1816810 254
1816820 253
1816830 253
1816840 253
1816850 252
1816860 251
1816870 251
1816880 250
1816890 250
1816900 249
1816910 248
1816920 248
1816930 248
1816940 248
1816950 247
1816960 247
1816970 247
1816980 246
1816990 246
1817000 245
1817010 245
1817020 245
1817030 245
1817040 245
1817050 244
1817060 244
1817070 244
1817080 244
1817090 244
1817100 244
1817110 245
1817120 246
1817130 247
1817140 248
1817150 249
1817160 250
1817170 251
1817180 253
1817190 254
1817200 256
1817210 257
1817220 258
1817230 258
1817240 259
1817250 260
1817260 261
1817270 262
1817280 264
1817290 265
1817300 266
1817310 266
1817320 267
1817330 269
1817340 270
1817350 272
1817360 274
1817370 275
1817380 275
1817390 276
1817400 277
1817410 278
1817420 277
1817430 276
1817440 275
1817450 276
1817460 276
1817470 277
1817480 278
1817490 278
1817500 278
1817510 279
1817520 279
1817530 279
1817540 280
1817550 280
1817560 280
1817570 280
1817580 279
1817590 279
1817600 277
1817610 276
1817620 274
1817630 273
1817640 271
1817650 270
1817660 269
1817670 268
1817680 268
1817690 267
1817700 267
1817710 266
1817720 265
1817730 264
1817740 264
1817750 263
1817760 262
1817770 262
1817780 261
1817790 259
1817800 258
1817810 258
1817820 257
1817830 256
1817840 256
1817850 255
1817860 254
1817870 254
1817880 253
1817890 252
1817900 252
1817910 251
1817920 251
1817930 250
1817940 249
1817950 249
1817960 248
1817970 248
1817980 247
1817990 247
1818000 246
1818010 246
1818020 245
1818030 244
1818040 244
1818050 243
1818060 243
1818070 242
1818080 242
1818090 241
1818100 240
1818110 240
1818120 239
1818130 239
1818140 238
1818150 238
1818160 237
1818170 236
1818180 236
1818190 235
1818200 234
1818210 234
1818220 233
1818230 233
1818240 232
1818250 232
1818260 231
1818270 231
1818280 231
1818290 231
1818300 230
1818310 230
1818320 230
1818330 230
1818340 230
1818350 229
1818360 229
1818370 229
1818380 228
1818390 228
1818400 229
1818410 229
1818420 229
1818430 229
1818440 229
1818450 229
1818460 229
1818470 229
1818480 229
1818490 229
1818500 229
1818510 229
1818520 228
1818530 228
1818540 228
1818550 228
1818560 228
1818570 227
1818580 227
1818590 227
1818600 226
1818610 226
1818620 226
1818630 225
1818640 225
1818650 225
1818660 224
1818670 224
1818680 224
1818690 223
1818700 223
1818710 223
1818720 223
1818730 223
1818740 224
1818750 224
1818760 224
1818770 224
1818780 223
1818790 223
1818800 222
1818810 222
1818820 222
1818830 222
1818840 222
1818850 222
1818860 222
1818870 222
1818880 222
1818890 222
1818900 222
1818910 222
1818920 221
1818930 221
1818940 220
1818950 220
1818960 220
1818970 220
1818980 220
1818990 220
1819000 220
1819010 220
1819020 220
1819030 220
1819040 220
1819050 220
1819060 220
1819070 220
1819080 220
1819090 221
1819100 221
1819110 221
1819120 221
1819130 220
1819140 220
1819150 220
1819160 221
1819170 221
1819180 221
1819190 221
1819200 222
1819210 222
1819220 222
1819230 222
1819240 223
1819250 223
1819260 223
1819270 223
1819280 223
1819290 223
1819300 224
1819310 224
1819320 224
1819330 225
1819340 226
1819350 226
1819360 227
1819370 227
1819380 227
1819390 228
1819400 228
1819410 228
1819420 229
1819430 229
1819440 229
1819450 230
1819460 231
1819470 232
1819480 233
1819490 234
1819500 234
1819510 235
1819520 236
1819530 237
1819540 238
1819550 239
1819560 240
1819570 240
1819580 240
1819590 241
1819600 241
1819610 241
1819620 241
1819630 241
1819640 241
1819650 241
1819660 241
1819670 241
1819680 241
1819690 240
1819700 240
1819710 240
1819720 239
1819730 239
1819740 239
1819750 238
1819760 238
1819770 238
1819780 237
1819790 237
1819800 237
1819810 237
1819820 237
1819830 237
1819840 236
1819850 236
1819860 236
1819870 236
1819880 235
1819890 235
1819900 234
1819910 234
1819920 233
1819930 232
1819940 232
1819950 231
1819960 231
1819970 230
1819980 230
1819990 229
1800000 304
1800010 305
1800020 305
1800030 306
1800040 307
1800050 307
1800060 308
1800070 308
1800080 308
1800090 309
1800100 309
1800110 309
1800120 308
1800130 308
1800140 309
1800150 311
1800160 313
1800170 316
1800180 318
1800190 320
1800200 322
1800210 323
1800220 325
1800230 326
1800240 328
1800250 329
1800260 331
1800270 332
1800280 334
1800290 336
1800300 338
1800310 341
1800320 343
1800330 345
1800340 347
1800350 348
1800360 350
1800370 351
1800380 352
1800390 353
1800400 354
1800410 354
1800420 355
1800430 355
1800440 355
1800450 354
1800460 355
1800470 356
1800480 358
1800490 360
1800500 362
1800510 363
1800520 364
1800530 366
1800540 367
1800550 369
1800560 371
1800570 372
1800580 374
1800590 375
1800600 377
1800610 378
1800620 380
1800630 382
1800640 384
1800650 385
1800660 387
1800670 388
1800680 390
1800690 391
1800700 393
1800710 394
1800720 396
1800730 397
1800740 399
1800750 400
1800760 402
1800770 403
1800780 405
1800790 406
1800800 407
1800810 408
1800820 409
1800830 410
1800840 411
1800850 412
1800860 413
1800870 415
1800880 416
1800890 418
1800900 419
1800910 421
1800920 422
1800930 423
1800940 424
1800950 425
1800960 426
1800970 427
1800980 427
1800990 428
1801000 429
1801010 429
1801020 430
1801030 431
1801040 431
1801050 432
1801060 433
1801070 434
1801080 435
1801090 436
1801100 437
1801110 437
1801120 438
1801130 439
1801140 439
1801150 440
1801160 440
1801170 441
1801180 441
1801190 441
1801200 441
1801210 442
1801220 442
1801230 442
1801240 442
1801250 442
1801260 442
1801270 442
1801280 442
1801290 442
1801300 442
1801310 442
1801320 442
1801330 442
1801340 441
1801350 441
1801360 441
1801370 441
1801380 440
1801390 440
1801400 439
1801410 438
1801420 438
1801430 437
1801440 437
1801450 436
1801460 435
1801470 434
1801480 433
1801490 432
1801500 432
1801510 431
1801520 430
1801530 429
1801540 428
1801550 428
1801560 427
1801570 426
1801580 426
1801590 425
1801600 425
1801610 424
1801620 423
1801630 422
1801640 421
1801650 420
1801660 419
1801670 418
1801680 417
1801690 415
1801700 414
1801710 413
1801720 412
1801730 411
1801740 410
1801750 408
1801760 407
1801770 406
1801780 404
1801790 403
1801800 402
1801810 400
1801820 398
1801830 397
1801840 395
1801850 394
1801860 393
1801870 391
1801880 389
1801890 387
1801900 385
1801910 382
1801920 380
1801930 378
1801940 375
1801950 373
1801960 371
1801970 369
1801980 368
1801990 367
1802000 365
1802010 364
1802020 362
1802030 360
1802040 359
1802050 357
1802060 356
1802070 355
1802080 353
1802090 352
1802100 351
1802110 350
1802120 349
1802130 348
1802140 347
1802150 347
1802160 346
1802170 345
1802180 344
1802190 343
1802200 342
1802210 339
1802220 336
1802230 334
1802240 330
1802250 327
1802260 328
1802270 328
1802280 328
1802290 329
1802300 331
1802310 333
1802320 336
1802330 337
1802340 337
1802350 338
1802360 339
1802370 341
1802380 342
1802390 344
1802400 346
1802410 347
1802420 349
1802430 351
1802440 352
1802450 354
1802460 355
1802470 357
1802480 358
1802490 359
1802500 361
1802510 361
1802520 362
1802530 363
1802540 364
1802550 364
1802560 365
1802570 365
1802580 365
1802590 366
1802600 366
1802610 367
1802620 367
1802630 368
1802640 368
1802650 368
1802660 368
1802670 368
1802680 368
1802690 368
1802700 368
1802710 368
1802720 367
1802730 367
1802740 366
1802750 366
1802760 365
1802770 364
1802780 364
1802790 363
1802800 362
1802810 362
1802820 361
1802830 360
1802840 359
1802850 357
1802860 356
1802870 355
1802880 354
1802890 353
1802900 352
1802910 351
1802920 350
1802930 349
1802940 348
1802950 347
1802960 345
1802970 344
1802980 342
1802990 340
1803000 338
1803010 335
1803020 332
1803030 330
1803040 327
1803050 325
1803060 323
1803070 321
1803080 319
1803090 318
1803100 316
1803110 315
1803120 315
1803130 314
1803140 314
1803150 314
1803160 314
