1803290 337
1803300 340
1803310 344
1803320 347
1803330 350
1803340 353
1803350 355
1803360 356
1803370 356
1803380 355
1803390 354
1803400 353
1803410 352
1803420 351
1803430 351
1803440 352
1803450 354
1803460 355
1803470 358
1803480 360
1803490 363
1803500 364
1803510 366
1803520 368
1803530 369
1803540 371
1803550 372
1803560 373
1803570 375
1803580 376
1803590 378
1803600 379
1803610 381
1803620 382
1803630 384
1803640 385
1803650 386
1803660 387
1803670 389
1803680 390
1803690 391
1803700 392
1803710 394
1803720 395
1803730 396
1803740 396
1803750 397
1803760 398
1803770 399
1803780 399
1803790 400
1803800 401
1803810 402
1803820 403
1803830 403
1803840 404
1803850 404
1803860 405
1803870 405
1803880 406
1803890 406
1803900 407
1803910 407
1803920 407
1803930 407
1803940 407
1803950 407
1803960 407
1803970 407
1803980 407
1803990 407
1804000 407
1804010 406
1804020 405
1804030 405
1804040 404
1804050 404
1804060 404
1804070 404
1804080 405
1804090 405
1804100 405
1804110 405
1804120 405
1804130 406
1804140 406
1804150 406
1804160 406
1804170 406
1804180 406
1804190 406
1804200 407
1804210 408
1804220 408
1804230 409
1804240 409
1804250 410
1804260 410
1804270 411
1804280 411
1804290 411
1804300 412
1804310 412
1804320 413
1804330 413
1804340 414
1804350 415
1804360 416
1804370 417
1804380 419
1804390 420
1804400 421
1804410 422
1804420 423
1804430 424
1804440 424
1804450 425
1804460 426
1804470 427
1804480 428
1804490 429
1804500 430
1804510 431
1804520 433
1804530 434
1804540 435
1804550 437
1804560 437
1804570 438
1804580 439
1804590 440
1804600 441
1804610 442
1804620 443
1804630 444
1804640 445
1804650 446
1804660 447
1804670 448
1804680 449
1804690 450
1804700 451
1804710 452
1804720 453
1804730 454
1804740 455
1804750 455
1804760 456
1804770 457
1804780 457
1804790 458
1804800 458
1804810 459
1804820 459
1804830 460
1804840 460
1804850 460
1804860 460
1804870 461
1804880 461
1804890 461
1804900 461
1804910 461
1804920 461
1804930 461
1804940 461
1804950 460
1804960 460
1804970 460
1804980 459
1804990 459
1805000 459
1805010 458
1805020 458
1805030 457
1805040 457
1805050 457
1805060 456
1805070 456
1805080 455
1805090 455
1805100 454
1805110 454
1805120 453
1805130 453
1805140 453
1805150 452
1805160 452
1805170 451
1805180 450
1805190 450
1805200 449
1805210 449
1805220 448
1805230 447
1805240 447
1805250 446
1805260 445
1805270 444
1805280 444
1805290 443
1805300 441
1805310 440
1805320 439
1805330 438
1805340 436
1805350 435
1805360 433
1805370 430
1805380 428
1805390 424
1805400 421
1805410 419
1805420 416
1805430 415
1805440 413
1805450 411
1805460 409
1805470 407
1805480 410
1805490 413
1805500 417
1805510 420
1805520 423
1805530 425
1805540 427
1805550 429
1805560 431
1805570 432
1805580 434
1805590 435
1805600 436
1805610 438
1805620 439
1805630 440
1805640 441
1805650 442
1805660 443
1805670 444
1805680 445
1805690 446
1805700 447
1805710 448
1805720 448
1805730 449
1805740 449
1805750 450
1805760 450
1805770 450
1805780 450
1805790 450
1805800 450
1805810 449
1805820 449
1805830 448
1805840 447
1805850 446
1805860 445
1805870 444
1805880 444
1805890 442
1805900 441
1805910 440
1805920 439
1805930 437
1805940 436
1805950 435
1805960 433
1805970 432
1805980 431
1805990 430
1806000 428
1806010 426
1806020 425
1806030 423
1806040 422
1806050 420
1806060 419
1806070 417
1806080 416
1806090 414
1806100 412
1806110 413
1806120 415
1806130 417
1806140 418
1806150 419
1806160 420
1806170 421
1806180 422
1806190 423
1806200 425
1806210 426
1806220 426
1806230 427
1806240 428
1806250 429
1806260 431
1806270 432
1806280 433
1806290 433
1806300 434
1806310 434
1806320 434
1806330 434
1806340 433
1806350 433
1806360 432
1806370 432
1806380 431
1806390 431
1806400 430
1806410 430
1806420 430
1806430 430
1806440 429
1806450 429
1806460 429
1806470 429
1806480 429
1806490 428
1806500 427
1806510 425
1806520 424
1806530 424
1806540 426
1806550 429
1806560 432
1806570 435
1806580 437
1806590 439
1806600 442
1806610 444
1806620 446
1806630 448
1806640 449
1806650 451
1806660 452
1806670 453
1806680 454
1806690 455
1806700 457
1806710 458
1806720 459
1806730 460
1806740 461
1806750 462
1806760 463
1806770 464
1806780 465
1806790 466
1806800 466
1806810 467
1806820 468
1806830 469
1806840 470
1806850 470
1806860 471
1806870 471
1806880 472
1806890 472
1806900 472
1806910 473
1806920 473
1806930 473
1806940 474
1806950 474
1806960 475
1806970 475
1806980 475
1806990 475
1807000 475
1807010 474
1807020 474
1807030 474
1807040 473
1807050 473
1807060 472
1807070 471
1807080 471
1807090 470
1807100 468
1807110 467
1807120 466
1807130 465
1807140 464
1807150 462
1807160 460
1807170 458
1807180 457
1807190 455
1807200 454
1807210 453
1807220 452
1807230 451
1807240 450
1807250 449
1807260 449
1807270 448
1807280 447
1807290 446
1807300 445
1807310 444
1807320 442
1807330 441
1807340 441
1807350 441
1807360 440
1807370 439
1807380 438
1807390 437
1807400 436
1807410 434
1807420 433
1807430 432
1807440 432
1807450 431
1807460 430
1807470 429
1807480 428
1807490 427
1807500 426
1807510 425
1807520 424
1807530 422
1807540 421
1807550 420
1807560 419
1807570 419
1807580 419
1807590 419
1807600 419
1807610 420
1807620 420
1807630 420
1807640 418
1807650 417
1807660 417
1807670 416
1807680 416
1807690 417
1807700 417
1807710 417
1807720 418
1807730 419
1807740 420
1807750 422
1807760 424
1807770 426
1807780 429
1807790 431
1807800 434
1807810 436
1807820 438
1807830 440
1807840 442
1807850 443
1807860 444
1807870 446
1807880 447
1807890 447
1807900 448
1807910 448
1807920 448
1807930 448
1807940 448
1807950 447
1807960 446
1807970 445
1807980 444
1807990 442
1808000 440
1808010 439
1808020 437
1808030 436
1808040 434
1808050 433
1808060 431
1808070 430
1808080 428
1808090 427
1808100 425
1808110 424
1808120 422
1808130 420
1808140 418
1808150 414
1808160 413
1808170 414
1808180 417
1808190 420
1808200 423
1808210 425
1808220 428
1808230 430
1808240 432
1808250 434
1808260 437
1808270 439
1808280 441
1808290 444
1808300 446
1808310 449
1808320 452
1808330 454
1808340 457
1808350 459
1808360 461
1808370 463
1808380 465
1808390 467
1808400 468
1808410 469
1808420 470
1808430 472
1808440 473
1808450 474
1808460 475
1808470 477
1808480 478
1808490 479
1808500 480
1808510 481
1808520 482
1808530 483
1808540 484
1808550 484
1808560 484
1808570 484
1808580 484
1808590 484
1808600 483
1808610 483
1808620 482
1808630 482
1808640 482
1808650 481
1808660 480
1808670 480
1808680 479
1808690 478
1808700 477
1808710 476
1808720 475
1808730 473
1808740 472
1808750 471
1808760 470
1808770 469
1808780 468
1808790 467
1808800 467
1808810 466
1808820 465
1808830 464
1808840 463
1808850 462
1808860 461
1808870 460
1808880 459
1808890 458
1808900 457
1808910 456
1808920 454
1808930 453
1808940 452
1808950 451
1808960 450
1808970 449
1808980 448
1808990 447
1809000 447
1809010 446
1809020 444
1809030 443
1809040 442
1809050 441
1809060 440
1809070 440
1809080 439
1809090 438
1809100 437
1809110 436
1809120 435
1809130 434
1809140 433
1809150 433
1809160 432
1809170 432
1809180 431
1809190 431
1809200 430
1809210 430
1809220 429
1809230 429
1809240 429
1809250 428
1809260 428
1809270 427
1809280 427
1809290 426
1809300 426
1809310 425
1809320 424
1809330 424
1809340 423
1809350 423
1809360 423
1809370 422
1809380 422
1809390 422
1809400 421
1809410 421
1809420 421
1809430 421
1809440 422
1809450 423
1809460 423
1809470 424
1809480 424
1809490 425
1809500 425
1809510 425
1809520 425
1809530 425
1809540 426
1809550 426
1809560 426
1809570 426
1809580 426
1809590 426
1809600 426
1809610 425
1809620 425
1809630 424
1809640 424
1809650 424
1809660 424
1809670 424
1809680 424
1809690 424
1809700 424
1809710 423
1809720 423
1809730 422
1809740 421
1809750 421
1809760 420
1809770 420
1809780 420
1809790 420
1809800 420
1809810 421
1809820 421
1809830 422
1809840 423
1809850 424
1809860 425
1809870 425
1809880 425
1809890 424
1809900 424
1809910 423
1809920 422
1809930 422
1809940 421
1809950 420
1809960 420
1809970 419
1809980 418
1809990 417
1810000 416
1810010 415
1810020 414
1810030 413
1810040 412
1810050 411
1810060 410
1810070 408
1810080 407
1810090 406
1810100 404
1810110 403
1810120 402
1810130 400
1810140 399
1810150 398
1810160 397
1810170 396
1810180 394
1810190 392
1810200 390
1810210 387
1810220 385
1810230 382
1810240 380
1810250 378
1810260 375
1810270 373
1810280 370
1810290 367
1810300 365
1810310 366
1810320 368
1810330 369
1810340 370
1810350 369
1810360 367
1810370 369
1810380 372
1810390 375
1810400 378
1810410 381
1810420 384
1810430 386
1810440 389
1810450 391
1810460 394
1810470 397
1810480 400
1810490 402
1810500 405
1810510 408
1810520 410
1810530 412
1810540 414
1810550 416
1810560 418
1810570 421
1810580 423
1810590 426
1810600 428
1810610 430
1810620 431
1810630 433
1810640 434
1810650 435
1810660 436
1810670 437
1810680 438
1810690 439
1810700 440
1810710 440
1810720 441
1810730 442
1810740 442
1810750 442
1810760 442
1810770 442
1810780 442
1810790 442
1810800 441
1810810 441
1810820 440
1810830 440
1810840 439
1810850 438
1810860 438
1810870 437
1810880 436
1810890 435
1810900 434
1810910 433
1810920 432
1810930 431
1810940 429
1810950 428
1810960 426
1810970 425
1810980 424
1810990 422
1811000 420
1811010 419
1811020 417
1811030 416
1811040 414
1811050 413
1811060 411
1811070 410
1811080 409
1811090 408
1811100 407
1811110 406
1811120 405
1811130 405
1811140 404
1811150 404
1811160 405
1811170 405
1811180 405
1811190 406
1811200 406
1811210 407
1811220 408
1811230 407
1811240 407
1811250 406
1811260 405
1811270 405
1811280 404
1811290 403
1811300 402
1811310 401
1811320 399
1811330 398
1811340 397
1811350 395
1811360 394
1811370 392
1811380 390
1811390 388
1811400 386
1811410 384
1811420 377
1811430 369
1811440 362
1811450 359
1811460 358
1811470 357
1811480 357
1811490 356
1811500 356
1811510 355
1811520 354
1811530 353
1811540 351
1811550 349
1811560 349
1811570 347
1811580 346
1811590 346
1811600 345
1811610 344
1811620 344
1811630 343
1811640 342
1811650 341
1811660 341
1811670 340
1811680 339
1811690 338
1811700 337
1811710 338
1811720 339
1811730 340
1811740 340
1811750 339
1811760 338
1811770 337
1811780 336
1811790 336
1811800 335
1811810 334
1811820 333
1811830 331
1811840 331
1811850 330
1811860 329
1811870 329
1811880 329
1811890 328
1811900 328
1811910 327
1811920 327
1811930 326
1811940 325
1811950 323
1811960 322
1811970 322
1811980 322
1811990 323
1812000 324
1812010 324
1812020 324
1812030 323
1812040 323
1812050 323
1812060 323
1812070 324
1812080 325
1812090 326
1812100 326
1812110 326
1812120 326
1812130 326
1812140 326
1812150 326
1812160 326
1812170 326
1812180 326
1812190 327
1812200 327
1812210 328
1812220 329
1812230 329
1812240 329
1812250 329
1812260 329
1812270 330
1812280 330
1812290 331
1812300 331
1812310 331
1812320 331
1812330 330
1812340 330
1812350 329
1812360 329
1812370 329
1812380 328
1812390 328
1812400 328
1812410 328
1812420 327
1812430 327
1812440 326
1812450 325
1812460 324
1812470 324
1812480 324
1812490 324
1812500 324
1812510 324
1812520 324
1812530 324
1812540 324
1812550 324
1812560 324
1812570 324
1812580 324
1812590 324
1812600 324
1812610 324
1812620 324
1812630 324
1812640 324
1812650 324
1812660 324
1812670 323
1812680 323
1812690 323
1812700 324
1812710 324
1812720 324
1812730 325
1812740 325
1812750 325
1812760 325
1812770 325
1812780 325
1812790 325
1812800 325
1812810 325
1812820 325
1812830 325
1812840 325
1812850 325
1812860 325
1812870 325
1812880 325
1812890 325
1812900 325
1812910 325
1812920 325
1812930 325
1812940 325
1812950 325
1812960 325
1812970 326
1812980 326
1812990 326
1813000 326
1813010 325
1813020 325
1813030 326
1813040 328
1813050 329
1813060 330
1813070 330
1813080 329
1813090 327
1813100 324
1813110 322
1813120 322
1813130 321
1813140 320
1813150 320
1813160 320
1813170 320
1813180 320
1813190 319
1813200 319
1813210 318
1813220 317
1813230 316
1813240 316
1813250 316
1813260 315
1813270 315
1813280 314
1813290 314
1813300 313
1813310 313
1813320 312
1813330 311
1813340 311
1813350 310
1813360 309
1813370 309
1813380 308
1813390 308
1813400 307
1813410 306
1813420 306
1813430 305
1813440 305
1813450 304
1813460 303
1813470 302
1813480 302
1813490 302
1813500 301
1813510 301
1813520 300
1813530 299
1813540 299
1813550 298
1813560 297
1813570 297
1813580 296
1813590 296
1813600 296
1813610 295
1813620 294
1813630 293
1813640 292
1813650 292
1813660 291
1813670 290
1813680 289
1813690 289
1813700 288
1813710 288
1813720 287
1813730 287
1813740 286
1813750 286
1813760 286
1813770 286
1813780 285
1813790 285
1813800 285
1813810 285
1813820 284
1813830 284
1813840 283
1813850 283
1813860 282
1813870 282
1813880 282
1813890 281
1813900 280
1813910 280
1813920 280
1813930 281
1813940 280
1813950 280
1813960 279
1813970 279
1813980 279
1813990 278
1814000 278
1814010 278
1814020 277
1814030 277
1814040 277
1814050 276
1814060 276
1814070 276
1814080 276
1814090 276
1814100 276
1814110 275
1814120 275
1814130 275
1814140 274
1814150 274
1814160 274
1814170 274
1814180 273
1814190 273
1814200 273
1814210 272
1814220 272
1814230 272
1814240 272
1814250 271
1814260 271
1814270 271
1814280 271
1814290 271
1814300 271
1814310 271
1814320 272
1814330 273
1814340 273
1814350 274
1814360 274
1814370 274
1814380 274
1814390 273
1814400 273
1814410 273
1814420 273
1814430 272
1814440 272
1814450 272
1814460 272
1814470 271
1814480 271
1814490 271
1814500 271
1814510 271
1814520 270
1814530 271
1814540 271
1814550 271
1814560 271
1814570 271
1814580 270
1814590 270
1814600 269
1814610 269
1814620 269
1814630 270
1814640 271
1814650 271
1814660 272
1814670 272
1814680 272
1814690 272
1814700 272
1814710 272
1814720 272
1814730 272
1814740 272
1814750 272
1814760 272
1814770 273
1814780 273
1814790 273
1814800 274
1814810 274
1814820 274
1814830 274
1814840 273
1814850 273
1814860 273
1814870 273
1814880 273
1814890 273
1814900 272
1814910 272
1814920 272
1814930 272
1814940 271
1814950 271
1814960 271
1814970 271
1814980 271
1814990 271
1815000 271
1815010 271
1815020 272
1815030 272
1815040 272
1815050 272
1815060 272
1815070 272
1815080 272
1815090 271
1815100 271
1815110 271
1815120 271
1815130 271
1815140 271
1815150 271
1815160 270
1815170 270
1815180 269
1815190 269
1815200 268
1815210 268
1815220 268
1815230 268
1815240 267
1815250 266
1815260 265
1815270 264
1815280 264
1815290 263
1815300 262
1815310 261
1815320 260
1815330 260
1815340 259
1815350 259
1815360 258
1815370 258
1815380 259
1815390 260
1815400 261
1815410 262
1815420 263
1815430 264
1815440 265
1815450 266
1815460 267
1815470 268
1815480 269
1815490 270
1815500 270
1815510 270
1815520 271
1815530 272
1815540 273
1815550 274
1815560 274
1815570 274
1815580 274
1815590 275
1815600 275
1815610 276
1815620 277
1815630 278
1815640 278
1815650 279
1815660 279
1815670 279
1815680 280
1815690 280
1815700 281
1815710 281
1815720 281
1815730 282
1815740 282
1815750 282
1815760 283
1815770 283
1815780 284
1815790 284
1815800 285
1815810 285
1815820 286
1815830 286
1815840 287
1815850 287
1815860 288
1815870 289
1815880 289
1815890 290
1815900 291
1815910 291
1815920 292
1815930 294
1815940 294
1815950 295
1815960 295
1815970 295
1815980 296
1815990 296
1816000 297
1816010 297
1816020 298
1816030 298
1816040 299
1816050 299
1816060 300
1816070 300
1816080 300
1816090 300
1816100 301
1816110 301
1816120 301
1816130 301
1816140 301
1816150 301
1816160 301
1816170 300
1816180 300
1816190 300
1816200 300
1816210 299
1816220 298
1816230 298
1816240 297
1816250 297
1816260 296
1816270 296
1816280 295
1816290 295
1816300 294
1816310 293
1816320 293
1816330 292
1816340 292
1816350 291
1816360 291
1816370 290
1816380 288
1816390 287
1816400 286
1816410 285
1816420 285
1816430 284
1816440 283
1816450 282
1816460 282
1816470 281
1816480 280
1816490 279
1816500 278
1816510 277
1816520 276
1816530 275
1816540 274
1816550 273
1816560 273
1816570 272
1816580 271
1816590 270
1816600 269
1816610 268
1816620 267
1816630 266
1816640 265
1816650 264
1816660 263
1816670 261
1816680 260
1816690 259
1816700 258
1816710 257
1816720 256
1816730 255
1816740 254
1816750 254
1816760 253
1816770 252
1816780 252
1816790 251
1816800 251
1816810 251
1816820 251
1816830 251
1816840 250
1816850 250
1816860 249
1816870 249
1816880 248
1816890 248
1816900 247
1816910 247
1816920 247
1816930 246
1816940 246
1816950 246
1816960 246
1816970 246
1816980 246
1816990 246
1817000 246
1817010 246
1817020 246
1817030 246
1817040 245
1817050 245
1817060 245
1817070 245
1817080 246
1817090 247
1817100 248
1817110 249
1817120 250
1817130 251
1817140 253
1817150 254
1817160 255
1817170 256
1817180 258
1817190 259
1817200 260
1817210 261
1817220 263
1817230 264
1817240 265
1817250 266
1817260 267
1817270 267
1817280 268
1817290 269
1817300 271
1817310 272
1817320 273
1817330 275
1817340 276
1817350 278
1817360 280
1817370 282
1817380 283
1817390 284
1817400 284
1817410 285
1817420 284
1817430 282
1817440 280
1817450 279
1817460 280
1817470 280
1817480 281
1817490 281
1817500 282
1817510 282
1817520 282
1817530 281
1817540 281
1817550 280
1817560 278
1817570 277
1817580 276
1817590 274
1817600 273
1817610 272
1817620 271
1817630 270
1817640 268
1817650 267
1817660 266
1817670 265
1817680 265
1817690 264
1817700 263
1817710 263
1817720 262
1817730 261
1817740 261
1817750 260
1817760 259
1817770 258
1817780 257
1817790 256
1817800 255
1817810 255
1817820 254
1817830 254
1817840 253
1817850 252
1817860 251
1817870 251
1817880 250
1817890 250
1817900 249
1817910 249
1817920 248
1817930 247
1817940 246
1817950 246
1817960 245
1817970 245
1817980 244
1817990 244
1818000 244
1818010 243
1818020 243
1818030 242
1818040 242
1818050 241
1818060 241
1818070 241
1818080 240
1818090 240
1818100 239
1818110 238
1818120 238
1818130 237
1818140 237
1818150 236
1818160 236
1818170 235
1818180 235
1818190 234
1818200 234
1818210 234
1818220 233
1818230 233
1818240 233
1818250 232
1818260 232
1818270 232
1818280 232
1818290 232
1818300 232
1818310 232
1818320 232
1818330 232
1818340 231
1818350 231
1818360 231
1818370 230
1818380 230
1818390 230
1818400 230
1818410 230
1818420 231
1818430 231
1818440 231
1818450 231
1818460 231
1818470 231
1818480 231
1818490 231
1818500 230
1818510 230
1818520 230
1818530 230
1818540 229
1818550 229
1818560 229
1818570 229
1818580 228
1818590 228
1818600 228
1818610 227
1818620 227
1818630 226
1818640 226
1818650 226
1818660 226
1818670 226
1818680 226
1818690 226
1818700 226
1818710 225
1818720 225
1818730 224
1818740 224
1818750 224
1818760 224
1818770 224
1818780 225
1818790 224
1818800 224
1818810 224
1818820 224
1818830 223
1818840 223
1818850 224
1818860 224
1818870 224
1818880 224
1818890 224
1818900 223
1818910 223
1818920 223
1818930 223
1818940 222
1818950 222
1818960 222
1818970 222
1818980 222
1818990 222
1819000 222
1819010 222
1819020 221
1819030 222
1819040 222
1819050 222
1819060 222
1819070 222
1819080 222
1819090 223
1819100 223
1819110 223
1819120 223
1819130 222
1819140 221
1819150 221
1819160 222
1819170 222
1819180 223
1819190 223
1819200 223
1819210 223
1819220 223
1819230 223
1819240 224
1819250 224
1819260 224
1819270 224
1819280 224
1819290 224
1819300 225
1819310 225
1819320 226
1819330 226
1819340 227
1819350 227
1819360 227
1819370 227
1819380 227
1819390 228
1819400 228
1819410 228
1819420 229
1819430 229
1819440 229
1819450 230
1819460 231
1819470 232
1819480 233
1819490 234
1819500 235
1819510 235
1819520 236
1819530 237
1819540 237
1819550 238
1819560 239
1819570 240
1819580 240
1819590 241
1819600 241
1819610 241
1819620 242
1819630 242
1819640 242
1819650 242
1819660 242
1819670 241
1819680 241
1819690 241
1819700 241
1819710 240
1819720 240
1819730 240
1819740 240
1819750 239
1819760 239
1819770 239
1819780 238
1819790 238
1819800 238
1819810 237
1819820 237
1819830 237
1819840 237
1819850 237
1819860 237
1819870 236
1819880 236
1819890 236
1819900 235
1819910 234
1819920 234
1819930 234
1819940 233
1819950 232
1819960 232
1819970 231
1819980 230
1819990 230
1800000 306
1800010 307
1800020 308
1800030 309
1800040 310
1800050 311
1800060 311
1800070 312
1800080 312
1800090 312
1800100 313
1800110 313
1800120 313
1800130 313
1800140 312
1800150 312
1800160 311
1800170 312
1800180 314
1800190 318
1800200 320
1800210 321
1800220 322
1800230 324
1800240 325
1800250 326
1800260 328
1800270 329
1800280 331
1800290 332
1800300 333
1800310 335
1800320 337
1800330 338
1800340 340
1800350 341
1800360 343
1800370 344
1800380 345
1800390 346
1800400 346
1800410 347
1800420 348
1800430 350
1800440 352
1800450 354
1800460 357
1800470 359
1800480 360
1800490 362
1800500 363
1800510 364
1800520 366
1800530 367
1800540 369
1800550 371
1800560 372
1800570 374
1800580 375
1800590 376
1800600 378
1800610 379
1800620 381
1800630 383
1800640 384
1800650 386
1800660 387
1800670 389
1800680 391
1800690 392
1800700 394
1800710 395
1800720 396
1800730 398
1800740 399
1800750 401
1800760 402
1800770 404
1800780 405
1800790 407
1800800 408
1800810 409
1800820 410
1800830 411
1800840 412
1800850 413
1800860 414
1800870 416
1800880 417
1800890 418
1800900 420
1800910 421
1800920 423
1800930 424
1800940 425
1800950 426
1800960 427
1800970 428
1800980 428
1800990 429
1801000 430
1801010 430
1801020 431
1801030 431
1801040 432
1801050 433
1801060 434
1801070 435
1801080 436
1801090 437
1801100 437
1801110 438
1801120 439
1801130 439
1801140 440
1801150 440
1801160 440
1801170 441
1801180 441
1801190 441
1801200 440
1801210 440
1801220 440
1801230 440
1801240 440
1801250 440
1801260 439
1801270 439
1801280 439
1801290 439
1801300 439
1801310 439
1801320 439
1801330 439
1801340 439
1801350 439
1801360 438
1801370 438
1801380 438
1801390 437
1801400 437
1801410 436
1801420 436
1801430 435
1801440 434
1801450 433
1801460 432
1801470 432
1801480 431
1801490 430
1801500 429
1801510 428
1801520 427
1801530 426
1801540 425
1801550 424
1801560 424
1801570 423
1801580 423
1801590 422
1801600 422
1801610 421
1801620 420
1801630 419
1801640 419
1801650 418
1801660 417
1801670 416
1801680 415
1801690 414
1801700 412
1801710 411
1801720 410
1801730 408
1801740 407
1801750 406
1801760 405
1801770 404
1801780 402
1801790 401
1801800 400
1801810 399
1801820 397
1801830 396
1801840 395
1801850 393
1801860 392
1801870 390
1801880 389
1801890 387
1801900 384
1801910 382
1801920 380
1801930 379
1801940 378
1801950 378
1801960 377
1801970 376
1801980 374
1801990 373
1802000 371
1802010 369
1802020 368
1802030 366
1802040 365
1802050 363
1802060 361
1802070 360
1802080 358
1802090 357
1802100 356
1802110 355
1802120 354
1802130 353
1802140 351
1802150 350
1802160 349
1802170 347
1802180 345
1802190 344
1802200 341
1802210 337
1802220 334
1802230 332
1802240 331
1802250 331
1802260 333
1802270 334
1802280 335
1802290 336
1802300 337
1802310 338
1802320 340
1802330 341
1802340 342
1802350 344
1802360 345
1802370 347
1802380 348
1802390 350
1802400 351
1802410 353
1802420 354
1802430 356
1802440 357
1802450 359
1802460 360
1802470 361
1802480 363
1802490 364
1802500 365
1802510 366
1802520 367
1802530 368
1802540 369
1802550 369
1802560 370
1802570 371
1802580 371
1802590 371
1802600 371
1802610 371
1802620 372
1802630 372
1802640 372
1802650 372
1802660 372
1802670 372
1802680 371
1802690 371
1802700 371
1802710 370
1802720 370
1802730 370
1802740 369
1802750 369
1802760 368
1802770 367
1802780 367
1802790 366
1802800 365
1802810 364
1802820 363
1802830 362
1802840 361
1802850 360
1802860 359
1802870 358
1802880 357
1802890 356
1802900 355
1802910 354
1802920 352
1802930 351
1802940 350
1802950 348
1802960 347
1802970 345
1802980 344
1802990 342
1803000 340
1803010 338
1803020 336
1803030 334
1803040 333
1803050 331
1803060 329
1803070 327
1803080 325
1803090 322
1803100 320
1803110 319
1803120 319
1803130 318
1803140 318
1803150 317
1803160 316
1803170 315
1803180 315
1803190 314
