1800000 303
1800010 307
1800020 311
1800030 315
1800040 318
1800050 320
1800060 322
1800070 323
1800080 324
1800090 325
1800100 325
1800110 326
1800120 326
1800130 326
1800140 325
1800150 325
1800160 324
1800170 324
1800180 323
1800190 322
1800200 322
1800210 321
1800220 320
1800230 320
1800240 320
1800250 320
1800260 319
1800270 318
1800280 317
1800290 317
1800300 317
1800310 317
1800320 317
1800330 316
1800340 316
1800350 315
1800360 315
1800370 314
1800380 313
1800390 312
1800400 310
1800410 308
1800420 308
1800430 309
1800440 309
1800450 310
1800460 310
1800470 310
1800480 311
1800490 312
1800500 313
1800510 314
1800520 315
1800530 316
1800540 317
1800550 318
1800560 319
1800570 320
1800580 321
1800590 322
1800600 323
1800610 324
1800620 325
1800630 326
1800640 326
1800650 327
1800660 328
1800670 329
1800680 330
1800690 330
1800700 331
1800710 332
1800720 333
1800730 334
1800740 334
1800750 335
1800760 336
1800770 337
1800780 338
1800790 339
1800800 340
1800810 341
1800820 342
1800830 344
1800840 344
1800850 345
1800860 346
1800870 347
1800880 348
1800890 349
1800900 350
1800910 351
1800920 352
1800930 353
1800940 355
1800950 356
1800960 357
1800970 358
1800980 359
1800990 360
1801000 361
1801010 362
1801020 363
1801030 365
1801040 366
1801050 367
1801060 368
1801070 369
1801080 371
1801090 372
1801100 373
1801110 374
1801120 375
1801130 376
1801140 377
1801150 378
1801160 379
1801170 380
1801180 381
1801190 381
1801200 382
1801210 383
1801220 384
1801230 385
1801240 386
1801250 387
1801260 388
1801270 389
1801280 389
1801290 390
1801300 391
1801310 391
1801320 392
1801330 392
1801340 393
1801350 393
1801360 393
1801370 394
1801380 394
1801390 394
1801400 394
1801410 394
1801420 394
1801430 394
1801440 394
1801450 394
1801460 394
1801470 394
1801480 394
1801490 394
1801500 394
1801510 394
1801520 394
1801530 394
1801540 394
1801550 394
1801560 394
1801570 394
1801580 394
1801590 394
1801600 395
1801610 395
1801620 395
1801630 396
1801640 397
1801650 397
1801660 398
1801670 399
1801680 400
1801690 401
1801700 402
1801710 403
1801720 405
1801730 406
1801740 407
1801750 408
1801760 409
1801770 410
1801780 411
1801790 412
1801800 413
1801810 414
1801820 415
1801830 416
1801840 417
1801850 418
1801860 419
1801870 421
1801880 422
1801890 423
1801900 424
1801910 425
1801920 426
1801930 427
1801940 428
1801950 429
1801960 430
1801970 431
1801980 431
1801990 432
1802000 432
1802010 433
1802020 433
1802030 434
1802040 435
1802050 435
1802060 436
1802070 437
1802080 437
1802090 438
1802100 438
1802110 439
1802120 439
1802130 439
1802140 440
1802150 440
1802160 441
1802170 441
1802180 442
1802190 443
1802200 443
1802210 444
1802220 444
1802230 445
1802240 445
1802250 446
1802260 446
1802270 447
1802280 447
1802290 447
1802300 448
1802310 448
1802320 448
1802330 448
1802340 448
1802350 448
1802360 447
1802370 447
1802380 447
1802390 446
1802400 446
1802410 445
1802420 445
1802430 444
1802440 444
1802450 443
1802460 442
1802470 442
1802480 441
1802490 440
1802500 440
1802510 439
1802520 438
1802530 438
1802540 437
1802550 436
1802560 435
1802570 434
1802580 434
1802590 433
1802600 432
1802610 431
1802620 430
1802630 429
1802640 428
1802650 426
1802660 425
1802670 423
1802680 422
1802690 420
1802700 419
1802710 417
1802720 416
1802730 414
1802740 413
1802750 411
1802760 409
1802770 407
1802780 405
1802790 403
1802800 400
1802810 398
1802820 396
1802830 394
1802840 392
1802850 389
1802860 387
1802870 385
1802880 383
1802890 382
1802900 380
1802910 378
1802920 377
1802930 375
1802940 373
1802950 371
1802960 369
1802970 368
1802980 364
1802990 360
1803000 360
1803010 362
1803020 366
1803030 370
1803040 372
1803050 374
1803060 376
1803070 378
1803080 380
1803090 381
1803100 384
1803110 386
1803120 386
1803130 389
1803140 391
1803150 394
1803160 396
1803170 398
1803180 400
1803190 401
1803200 403
1803210 404
1803220 406
1803230 407
1803240 408
1803250 409
1803260 409
1803270 410
1803280 411
1803290 411
1803300 412
1803310 412
1803320 412
1803330 412
1803340 413
1803350 413
1803360 412
1803370 412
1803380 412
1803390 412
1803400 412
1803410 412
1803420 412
1803430 412
1803440 412
1803450 412
1803460 412
1803470 411
1803480 411
1803490 412
1803500 412
1803510 411
1803520 411
1803530 411
1803540 410
1803550 410
1803560 409
1803570 409
1803580 408
1803590 408
1803600 407
1803610 407
1803620 406
1803630 406
1803640 406
1803650 405
1803660 405
1803670 404
1803680 404
1803690 403
1803700 403
1803710 402
1803720 401
1803730 400
1803740 399
1803750 398
1803760 396
1803770 395
1803780 394
1803790 392
1803800 390
1803810 388
1803820 386
1803830 383
1803840 380
1803850 378
1803860 375
1803870 373
1803880 370
1803890 368
1803900 366
1803910 363
1803920 362
1803930 361
1803940 360
1803950 357
1803960 355
