1803890 342
1803900 341
1803910 341
1803920 342
1803930 344
1803940 347
1803950 349
1803960 351
1803970 353
1803980 354
1803990 356
1804000 357
1804010 359
1804020 361
1804030 363
1804040 366
1804050 369
1804060 371
1804070 374
1804080 376
1804090 378
1804100 380
1804110 382
1804120 383
1804130 384
1804140 385
1804150 385
1804160 385
1804170 385
1804180 386
1804190 387
1804200 387
1804210 388
1804220 389
1804230 389
1804240 390
1804250 391
1804260 392
1804270 393
1804280 393
1804290 394
1804300 395
1804310 396
1804320 397
1804330 398
1804340 399
1804350 399
1804360 400
1804370 400
1804380 400
1804390 401
1804400 401
1804410 401
1804420 401
1804430 401
1804440 401
1804450 401
1804460 401
1804470 401
1804480 401
1804490 401
1804500 401
1804510 401
1804520 401
1804530 401
1804540 401
1804550 400
1804560 401
1804570 401
1804580 402
1804590 402
1804600 402
1804610 402
1804620 402
1804630 402
1804640 401
1804650 400
1804660 399
1804670 397
1804680 396
1804690 397
1804700 398
1804710 399
1804720 401
1804730 402
1804740 403
1804750 403
1804760 404
1804770 405
1804780 406
1804790 407
1804800 407
1804810 408
1804820 409
1804830 410
1804840 410
1804850 411
1804860 412
1804870 412
1804880 413
1804890 415
1804900 416
1804910 417
1804920 418
1804930 419
1804940 420
1804950 421
1804960 423
1804970 424
1804980 425
1804990 427
1805000 428
1805010 429
1805020 430
1805030 431
1805040 433
1805050 434
1805060 436
1805070 437
1805080 438
1805090 439
1805100 440
1805110 441
1805120 444
1805130 446
1805140 449
1805150 452
1805160 454
1805170 456
1805180 458
1805190 460
1805200 461
1805210 463
1805220 464
1805230 466
1805240 467
1805250 468
1805260 470
1805270 471
1805280 472
1805290 474
1805300 475
1805310 476
1805320 477
1805330 478
1805340 479
1805350 480
1805360 481
1805370 483
1805380 484
1805390 484
1805400 485
1805410 486
1805420 486
1805430 487
1805440 488
1805450 488
1805460 489
1805470 489
1805480 490
1805490 490
1805500 491
1805510 491
1805520 492
1805530 492
1805540 493
1805550 493
1805560 493
1805570 493
1805580 494
1805590 494
1805600 494
1805610 494
1805620 494
1805630 494
1805640 494
1805650 494
1805660 494
1805670 494
1805680 494
1805690 494
1805700 494
1805710 493
1805720 493
1805730 493
1805740 493
1805750 494
1805760 495
1805770 495
1805780 496
1805790 497
1805800 498
1805810 499
1805820 500
1805830 501
1805840 501
1805850 502
1805860 502
1805870 502
1805880 503
1805890 503
1805900 503
1805910 503
1805920 504
1805930 504
1805940 504
1805950 504
1805960 504
1805970 504
1805980 504
1805990 505
1806000 504
1806010 504
1806020 504
1806030 503
1806040 502
1806050 502
1806060 502
1806070 501
1806080 501
1806090 500
1806100 500
1806110 499
1806120 499
1806130 498
1806140 498
1806150 498
1806160 497
1806170 497
1806180 496
1806190 496
1806200 495
1806210 495
1806220 495
1806230 494
1806240 494
1806250 493
1806260 493
1806270 492
1806280 491
1806290 491
1806300 490
1806310 490
1806320 489
1806330 489
1806340 488
1806350 487
1806360 487
1806370 486
1806380 486
1806390 485
1806400 485
1806410 484
1806420 483
1806430 483
1806440 482
1806450 481
1806460 481
1806470 480
1806480 479
1806490 479
1806500 478
1806510 477
1806520 477
1806530 476
1806540 476
1806550 475
1806560 475
1806570 474
1806580 474
1806590 473
1806600 473
1806610 472
1806620 472
1806630 471
1806640 471
1806650 470
1806660 469
1806670 469
1806680 468
1806690 467
1806700 467
1806710 466
1806720 465
1806730 465
1806740 464
1806750 463
1806760 463
1806770 463
1806780 462
1806790 461
1806800 460
1806810 459
1806820 458
1806830 457
1806840 456
1806850 455
1806860 454
1806870 453
1806880 451
1806890 450
1806900 449
1806910 449
1806920 448
1806930 447
1806940 446
1806950 446
1806960 445
1806970 444
1806980 444
1806990 443
1807000 443
1807010 442
1807020 442
1807030 441
1807040 440
1807050 440
1807060 439
1807070 438
1807080 437
1807090 436
1807100 436
1807110 435
1807120 435
1807130 434
1807140 433
1807150 432
1807160 431
1807170 430
1807180 429
1807190 429
1807200 428
1807210 427
1807220 426
1807230 425
1807240 424
1807250 423
1807260 422
1807270 421
1807280 420
1807290 418
1807300 415
1807310 413
1807320 412
1807330 412
1807340 412
1807350 411
1807360 411
1807370 411
1807380 411
1807390 410
1807400 410
1807410 409
1807420 409
1807430 408
1807440 408
1807450 408
1807460 408
1807470 408
1807480 407
1807490 407
1807500 407
1807510 407
1807520 406
1807530 405
1807540 404
1807550 403
1807560 402
1807570 402
1807580 402
1807590 401
1807600 401
1807610 401
1807620 400
1807630 400
1807640 399
1807650 398
1807660 397
1807670 397
1807680 396
1807690 395
1807700 395
1807710 394
1807720 394
1807730 394
1807740 393
1807750 393
1807760 393
1807770 393
1807780 393
1807790 393
1807800 392
1807810 391
1807820 391
1807830 390
1807840 390
1807850 389
1807860 389
1807870 388
1807880 388
1807890 387
1807900 387
1807910 386
1807920 385
1807930 385
1807940 384
1807950 383
1807960 383
1807970 382
1807980 381
1807990 380
1808000 379
1808010 378
1808020 377
1808030 375
1808040 374
1808050 373
1808060 371
1808070 370
1808080 368
1808090 367
1808100 366
1808110 365
1808120 363
1808130 362
1808140 362
1808150 363
1808160 364
1808170 363
1808180 363
1808190 363
1808200 363
1808210 362
1808220 362
1808230 361
1808240 360
1808250 360
1808260 359
1808270 358
1808280 356
1808290 354
1808300 351
1808310 350
1808320 349
1808330 350
1808340 351
1808350 353
1808360 356
1808370 359
1808380 362
1808390 365
1808400 368
1808410 370
1808420 372
1808430 374
1808440 376
1808450 378
1808460 380
1808470 381
1808480 383
1808490 385
1808500 387
1808510 388
1808520 390
1808530 391
1808540 393
1808550 395
1808560 397
1808570 399
1808580 400
1808590 401
1808600 402
1808610 403
1808620 403
1808630 402
1808640 401
1808650 400
1808660 399
1808670 397
1808680 395
1808690 393
1808700 391
1808710 389
1808720 387
1808730 386
1808740 384
1808750 383
1808760 380
1808770 378
1808780 377
1808790 379
1808800 382
1808810 386
1808820 389
1808830 392
1808840 396
1808850 400
1808860 403
1808870 407
1808880 410
1808890 413
1808900 415
1808910 418
1808920 421
1808930 423
1808940 425
1808950 427
1808960 429
1808970 431
1808980 432
1808990 433
1809000 435
1809010 436
1809020 436
1809030 436
1809040 437
1809050 437
1809060 437
1809070 436
1809080 436
1809090 435
1809100 435
1809110 434
1809120 433
1809130 433
1809140 432
1809150 431
1809160 429
1809170 428
1809180 427
1809190 427
1809200 426
1809210 425
1809220 423
1809230 422
1809240 421
1809250 420
1809260 420
1809270 420
1809280 420
1809290 419
1809300 419
1809310 420
1809320 421
1809330 422
1809340 423
1809350 425
1809360 427
1809370 428
1809380 431
1809390 433
1809400 435
1809410 438
1809420 440
1809430 443
1809440 445
1809450 448
1809460 450
1809470 451
1809480 453
1809490 454
1809500 455
1809510 455
1809520 456
1809530 456
1809540 456
1809550 456
1809560 456
1809570 455
1809580 454
1809590 453
1809600 453
1809610 452
1809620 451
1809630 449
1809640 448
1809650 447
1809660 446
1809670 445
1809680 444
1809690 444
1809700 443
1809710 442
1809720 442
1809730 441
1809740 441
1809750 440
1809760 440
1809770 439
1809780 439
1809790 438
1809800 438
1809810 438
1809820 437
1809830 437
1809840 437
1809850 437
1809860 437
1809870 438
1809880 438
1809890 439
1809900 440
1809910 441
1809920 442
1809930 444
1809940 445
1809950 446
1809960 448
1809970 449
1809980 450
1809990 451
1810000 452
1810010 453
1810020 454
1810030 455
1810040 456
1810050 457
1810060 457
1810070 458
1810080 458
1810090 458
1810100 458
1810110 457
1810120 457
1810130 456
1810140 455
1810150 455
1810160 454
1810170 453
1810180 452
1810190 451
1810200 451
1810210 450
1810220 450
1810230 449
1810240 449
1810250 449
1810260 448
1810270 447
1810280 447
1810290 446
1810300 445
1810310 444
1810320 442
1810330 440
1810340 437
1810350 434
1810360 430
1810370 430
1810380 429
1810390 428
1810400 429
1810410 429
1810420 429
1810430 429
1810440 430
1810450 430
1810460 431
1810470 432
1810480 432
1810490 432
1810500 432
1810510 431
1810520 431
1810530 430
1810540 429
1810550 428
1810560 427
1810570 427
1810580 427
1810590 427
1810600 426
1810610 426
1810620 425
1810630 425
1810640 426
1810650 428
1810660 430
1810670 431
1810680 432
1810690 433
1810700 433
1810710 432
1810720 431
1810730 430
1810740 429
1810750 427
1810760 426
1810770 424
1810780 422
1810790 422
1810800 421
1810810 421
1810820 421
1810830 421
1810840 422
1810850 422
1810860 422
1810870 423
1810880 424
1810890 424
1810900 425
1810910 424
1810920 424
1810930 423
1810940 422
1810950 420
1810960 418
1810970 416
1810980 416
1810990 416
1811000 417
1811010 419
1811020 420
1811030 421
1811040 423
1811050 424
1811060 424
1811070 425
1811080 425
1811090 426
1811100 426
1811110 426
1811120 427
1811130 427
1811140 427
1811150 427
1811160 427
1811170 426
1811180 426
1811190 426
1811200 426
1811210 426
1811220 426
1811230 427
1811240 427
1811250 428
1811260 428
1811270 429
1811280 430
1811290 430
1811300 431
1811310 431
1811320 431
1811330 431
1811340 431
1811350 430
1811360 430
1811370 430
1811380 429
1811390 429
1811400 428
1811410 427
1811420 427
1811430 426
1811440 426
1811450 426
1811460 425
1811470 425
1811480 424
1811490 424
1811500 423
1811510 423
1811520 422
1811530 422
1811540 422
1811550 421
1811560 421
1811570 421
1811580 421
1811590 420
1811600 419
1811610 419
1811620 418
1811630 417
1811640 416
1811650 415
1811660 415
1811670 415
1811680 414
1811690 414
1811700 413
1811710 413
1811720 412
1811730 412
1811740 412
1811750 411
1811760 411
1811770 411
1811780 410
1811790 410
1811800 409
1811810 409
1811820 408
1811830 407
1811840 407
1811850 406
1811860 406
1811870 405
1811880 405
1811890 404
1811900 404
1811910 404
1811920 403
1811930 403
1811940 403
1811950 403
1811960 403
1811970 403
1811980 404
1811990 404
1812000 404
1812010 404
1812020 404
1812030 404
1812040 404
1812050 404
1812060 404
1812070 404
1812080 403
1812090 403
1812100 403
1812110 403
1812120 403
1812130 403
1812140 402
1812150 402
1812160 402
1812170 402
1812180 402
1812190 402
1812200 402
1812210 402
1812220 402
1812230 402
1812240 402
1812250 402
1812260 402
1812270 402
1812280 402
1812290 402
1812300 402
1812310 402
1812320 402
1812330 402
1812340 401
1812350 401
1812360 401
1812370 401
1812380 400
1812390 400
1812400 400
1812410 400
1812420 401
1812430 401
1812440 401
1812450 402
1812460 403
1812470 403
1812480 404
1812490 404
1812500 404
1812510 404
1812520 404
1812530 404
1812540 404
1812550 403
1812560 403
1812570 402
1812580 402
1812590 401
1812600 401
1812610 400
1812620 399
1812630 400
1812640 401
1812650 402
1812660 403
1812670 404
1812680 405
1812690 405
1812700 405
1812710 405
1812720 405
1812730 405
1812740 405
1812750 405
1812760 405
1812770 404
1812780 403
1812790 403
1812800 402
1812810 401
1812820 401
1812830 400
1812840 400
1812850 399
1812860 399
1812870 399
1812880 399
1812890 398
1812900 397
1812910 397
1812920 396
1812930 396
1812940 395
1812950 395
1812960 394
1812970 394
1812980 393
1812990 392
1813000 392
1813010 391
1813020 391
1813030 390
1813040 389
1813050 389
1813060 388
1813070 387
1813080 386
1813090 385
1813100 383
1813110 380
1813120 377
1813130 375
1813140 373
1813150 372
1813160 372
1813170 372
1813180 372
1813190 373
1813200 374
1813210 374
1813220 374
1813230 374
1813240 374
1813250 374
1813260 373
1813270 373
1813280 373
1813290 372
1813300 372
1813310 371
1813320 371
1813330 371
1813340 371
1813350 370
1813360 369
1813370 369
1813380 368
1813390 367
1813400 367
1813410 367
1813420 366
1813430 366
1813440 365
1813450 364
1813460 363
1813470 362
1813480 361
1813490 360
1813500 360
1813510 359
1813520 357
1813530 355
1813540 354
1813550 353
1813560 354
1813570 354
1813580 355
1813590 355
1813600 354
1813610 354
1813620 353
1813630 353
1813640 353
1813650 353
1813660 352
1813670 351
1813680 350
1813690 350
1813700 349
1813710 349
1813720 348
1813730 348
1813740 348
1813750 347
1813760 346
1813770 345
1813780 344
1813790 344
1813800 343
1813810 343
1813820 343
1813830 342
1813840 342
1813850 342
1813860 341
1813870 341
1813880 340
1813890 340
1813900 340
1813910 340
1813920 339
1813930 339
1813940 339
1813950 338
1813960 338
1813970 338
1813980 338
1813990 338
1814000 338
1814010 338
1814020 339
1814030 339
1814040 339
1814050 339
1814060 339
1814070 339
1814080 339
1814090 339
1814100 339
1814110 338
1814120 338
1814130 338
1814140 337
1814150 337
1814160 336
1814170 336
1814180 336
1814190 336
1814200 337
1814210 337
1814220 338
1814230 339
1814240 339
1814250 339
1814260 339
1814270 339
1814280 339
1814290 340
1814300 340
1814310 340
1814320 340
1814330 340
1814340 341
1814350 341
1814360 340
1814370 340
1814380 340
1814390 340
1814400 340
1814410 340
1814420 340
1814430 340
1814440 340
1814450 340
1814460 341
1814470 341
1814480 341
1814490 340
1814500 340
1814510 340
1814520 340
1814530 340
1814540 340
1814550 340
1814560 340
1814570 340
1814580 341
1814590 341
1814600 341
1814610 341
1814620 341
1814630 341
1814640 340
1814650 340
1814660 340
1814670 340
1814680 339
1814690 339
1814700 339
1814710 339
1814720 338
1814730 338
1814740 338
1814750 337
1814760 336
1814770 335
1814780 334
1814790 333
1814800 332
1814810 332
1814820 331
1814830 331
1814840 330
1814850 330
1814860 330
1814870 330
1814880 330
1814890 330
1814900 330
1814910 330
1814920 331
1814930 331
1814940 332
1814950 332
1814960 332
1814970 332
1814980 333
1814990 333
1815000 333
1815010 333
1815020 333
1815030 333
1815040 333
1815050 333
1815060 333
1815070 333
1815080 334
1815090 334
1815100 334
1815110 334
1815120 334
1815130 334
1815140 334
1815150 334
1815160 333
1815170 333
1815180 333
1815190 332
1815200 332
1815210 332
1815220 331
1815230 331
1815240 331
1815250 331
1815260 331
1815270 331
1815280 330
1815290 330
1815300 330
1815310 330
1815320 330
1815330 330
1815340 330
1815350 330
1815360 330
1815370 330
1815380 330
1815390 329
1815400 329
1815410 329
1815420 328
1815430 328
1815440 327
1815450 326
1815460 325
1815470 324
1815480 324
1815490 323
1815500 323
1815510 322
1815520 321
1815530 321
1815540 320
1815550 319
1815560 318
1815570 317
1815580 316
1815590 315
1815600 315
1815610 314
1815620 313
1815630 312
1815640 311
1815650 310
1815660 309
1815670 308
1815680 307
1815690 306
1815700 306
1815710 305
1815720 304
1815730 303
1815740 302
1815750 301
1815760 300
1815770 300
1815780 299
1815790 298
1815800 297
1815810 296
1815820 295
1815830 294
1815840 293
1815850 292
1815860 291
1815870 290
1815880 289
1815890 286
1815900 283
1815910 280
1815920 278
1815930 278
1815940 278
1815950 279
1815960 279
1815970 278
1815980 276
1815990 275
1816000 273
1816010 274
1816020 274
1816030 274
1816040 274
1816050 273
1816060 273
1816070 272
1816080 272
1816090 272
1816100 271
1816110 271
1816120 271
1816130 271
1816140 272
1816150 272
1816160 273
1816170 273
1816180 274
1816190 274
1816200 274
1816210 274
1816220 274
1816230 275
1816240 275
1816250 275
1816260 276
1816270 277
1816280 277
1816290 278
1816300 279
1816310 279
1816320 279
1816330 279
1816340 279
1816350 280
1816360 280
1816370 281
1816380 283
1816390 285
1816400 287
1816410 288
1816420 289
1816430 290
1816440 291
1816450 293
1816460 294
1816470 295
1816480 297
1816490 298
1816500 299
1816510 301
1816520 302
1816530 304
1816540 305
1816550 307
1816560 308
1816570 310
1816580 311
1816590 313
1816600 314
1816610 316
1816620 318
1816630 321
1816640 323
1816650 325
1816660 328
1816670 330
1816680 332
1816690 333
1816700 334
1816710 335
1816720 336
1816730 336
1816740 337
1816750 337
1816760 337
1816770 337
1816780 337
1816790 337
1816800 337
1816810 337
1816820 336
1816830 336
1816840 336
1816850 336
1816860 335
1816870 335
1816880 334
1816890 334
1816900 333
1816910 333
1816920 332
1816930 331
1816940 330
1816950 330
1816960 329
1816970 328
1816980 327
1816990 326
1817000 325
1817010 325
1817020 324
1817030 323
1817040 322
1817050 321
1817060 320
1817070 319
1817080 318
1817090 318
1817100 317
1817110 316
1817120 315
1817130 314
1817140 313
1817150 312
1817160 311
1817170 309
1817180 308
1817190 306
1817200 305
1817210 304
1817220 303
1817230 302
1817240 301
1817250 300
1817260 300
1817270 299
1817280 298
1817290 297
1817300 296
1817310 296
1817320 295
1817330 295
1817340 294
1817350 294
1817360 293
1817370 293
1817380 294
1817390 294
1817400 294
1817410 293
1817420 293
1817430 293
1817440 293
1817450 293
1817460 294
1817470 294
1817480 295
1817490 295
1817500 295
1817510 295
1817520 295
1817530 295
1817540 295
1817550 294
1817560 294
1817570 294
1817580 294
1817590 294
1817600 294
1817610 294
1817620 294
1817630 294
1817640 294
1817650 294
1817660 294
1817670 294
1817680 294
1817690 293
1817700 293
1817710 293
1817720 292
1817730 292
1817740 292
1817750 291
1817760 291
1817770 291
1817780 290
1817790 290
1817800 290
1817810 290
1817820 289
1817830 289
1817840 289
1817850 288
1817860 288
1817870 288
1817880 287
1817890 286
1817900 285
1817910 285
1817920 284
1817930 284
1817940 283
1817950 282
1817960 282
1817970 281
1817980 281
1817990 281
1818000 280
1818010 280
1818020 280
1818030 279
1818040 279
1818050 279
1818060 278
1818070 277
1818080 277
1818090 277
1818100 276
1818110 276
1818120 275
1818130 275
1818140 275
1818150 274
1818160 273
1818170 273
1818180 272
1818190 272
1818200 271
1818210 271
1818220 271
1818230 270
1818240 270
1818250 270
1818260 269
1818270 269
1818280 268
1818290 268
1818300 267
1818310 266
1818320 265
1818330 264
1818340 263
1818350 263
1818360 263
1818370 262
1818380 261
1818390 260
1818400 259
1818410 258
1818420 258
1818430 257
1818440 256
1818450 255
1818460 254
1818470 254
1818480 253
1818490 252
1818500 252
1818510 251
1818520 250
1818530 250
1818540 249
1818550 249
1818560 248
1818570 247
1818580 246
1818590 245
1818600 244
1818610 243
1818620 243
1818630 243
1818640 242
1818650 242
1818660 241
1818670 240
1818680 240
1818690 239
1818700 238
1818710 237
1818720 237
1818730 236
1818740 235
1818750 235
1818760 234
1818770 234
1818780 233
1818790 233
1818800 233
1818810 232
1818820 232
1818830 231
1818840 231
1818850 230
1818860 230
1818870 230
1818880 230
1818890 229
1818900 229
1818910 229
1818920 228
1818930 228
1818940 228
1818950 228
1818960 227
1818970 227
1818980 227
1818990 226
1819000 226
1819010 226
1819020 225
1819030 225
1819040 224
1819050 224
1819060 224
1819070 223
1819080 223
1819090 223
1819100 223
1819110 223
1819120 223
1819130 222
1819140 222
1819150 222
1819160 221
1819170 221
1819180 221
1819190 221
1819200 221
1819210 221
1819220 221
1819230 221
1819240 220
1819250 220
1819260 220
1819270 220
1819280 220
1819290 219
1819300 219
1819310 219
1819320 219
1819330 219
1819340 218
1819350 218
1819360 218
1819370 218
1819380 217
1819390 217
1819400 217
1819410 216
1819420 216
1819430 216
1819440 216
1819450 216
1819460 216
1819470 215
1819480 215
1819490 215
1819500 215
1819510 214
1819520 214
1819530 214
1819540 214
1819550 214
1819560 213
1819570 213
1819580 213
1819590 214
1819600 214
1819610 214
1819620 215
1819630 215
1819640 215
1819650 215
1819660 215
1819670 215
1819680 215
1819690 215
1819700 215
1819710 215
1819720 215
1819730 215
1819740 215
1819750 215
1819760 215
1819770 215
1819780 215
1819790 215
1819800 215
1819810 214
1819820 214
1819830 214
1819840 214
1819850 214
1819860 213
1819870 213
1819880 213
1819890 213
1819900 213
1819910 212
1819920 212
1819930 212
1819940 212
1819950 212
1819960 212
1819970 211
1819980 211
1819990 211
1800000 333
1800010 334
1800020 335
1800030 336
1800040 336
1800050 337
1800060 338
1800070 339
1800080 339
1800090 340
1800100 341
1800110 342
1800120 343
1800130 344
1800140 344
1800150 345
1800160 345
1800170 345
1800180 346
1800190 346
1800200 347
1800210 347
1800220 348
1800230 348
1800240 348
1800250 349
1800260 349
1800270 348
1800280 348
1800290 348
1800300 347
1800310 347
1800320 346
1800330 346
1800340 345
1800350 345
1800360 344
1800370 343
1800380 343
1800390 342
1800400 341
1800410 341
1800420 340
1800430 340
1800440 339
1800450 339
1800460 338
1800470 338
1800480 337
1800490 337
1800500 336
1800510 336
1800520 335
1800530 334
1800540 334
1800550 333
1800560 334
1800570 334
1800580 335
1800590 335
1800600 335
1800610 335
1800620 334
1800630 334
1800640 333
1800650 332
1800660 331
1800670 330
1800680 332
1800690 332
1800700 333
1800710 333
1800720 333
1800730 333
1800740 333
1800750 333
1800760 334
1800770 334
1800780 334
1800790 334
1800800 332
1800810 332
1800820 333
1800830 336
1800840 338
1800850 339
1800860 340
1800870 340
1800880 341
1800890 342
1800900 342
1800910 343
1800920 343
1800930 344
1800940 344
1800950 345
1800960 345
1800970 346
1800980 346
1800990 347
1801000 347
1801010 348
1801020 348
1801030 349
1801040 350
1801050 351
1801060 352
1801070 352
1801080 352
1801090 353
1801100 353
1801110 352
1801120 352
1801130 351
1801140 352
1801150 353
1801160 354
1801170 355
1801180 356
1801190 358
1801200 360
1801210 363
1801220 364
1801230 365
1801240 367
1801250 369
1801260 371
1801270 373
1801280 375
1801290 376
1801300 378
1801310 380
1801320 381
1801330 382
1801340 384
1801350 385
1801360 387
1801370 388
1801380 389
1801390 390
1801400 391
1801410 392
1801420 393
1801430 394
1801440 395
1801450 395
1801460 396
1801470 396
1801480 396
1801490 397
1801500 397
1801510 397
1801520 398
1801530 398
1801540 398
1801550 398
1801560 399
1801570 399
1801580 399
1801590 399
1801600 399
1801610 399
1801620 399
1801630 399
1801640 399
1801650 399
1801660 399
1801670 399
1801680 399
1801690 399
1801700 399
1801710 399
1801720 399
1801730 399
1801740 399
1801750 399
1801760 399
1801770 399
1801780 400
1801790 400
1801800 400
1801810 400
1801820 400
1801830 400
1801840 401
1801850 400
1801860 400
1801870 400
1801880 401
1801890 402
1801900 403
1801910 404
1801920 405
1801930 405
1801940 406
1801950 407
1801960 408
1801970 409
1801980 410
1801990 411
1802000 411
1802010 412
1802020 413
1802030 414
1802040 414
1802050 415
1802060 416
1802070 416
1802080 417
1802090 418
1802100 419
1802110 420
1802120 420
1802130 421
1802140 421
1802150 422
1802160 422
1802170 423
1802180 423
1802190 424
1802200 424
1802210 425
1802220 426
1802230 426
1802240 427
1802250 428
1802260 428
1802270 429
1802280 430
1802290 431
1802300 432
1802310 432
1802320 433
1802330 434
1802340 434
1802350 435
1802360 435
1802370 435
1802380 435
1802390 435
1802400 435
1802410 435
1802420 435
1802430 435
1802440 434
1802450 434
1802460 434
1802470 434
1802480 433
1802490 433
1802500 432
1802510 432
1802520 431
1802530 430
1802540 430
1802550 429
1802560 428
1802570 427
1802580 427
1802590 425
1802600 424
1802610 423
1802620 422
1802630 421
1802640 419
1802650 418
1802660 416
1802670 415
1802680 413
1802690 411
1802700 409
1802710 408
1802720 406
1802730 404
1802740 403
1802750 402
1802760 401
1802770 401
1802780 400
1802790 398
1802800 397
1802810 395
1802820 394
1802830 392
1802840 390
1802850 387
1802860 385
1802870 383
1802880 381
1802890 379
1802900 377
1802910 375
1802920 373
1802930 371
1802940 369
1802950 367
1802960 366
1802970 365
1802980 364
1802990 362
1803000 360
1803010 359
1803020 357
1803030 355
1803040 353
1803050 350
1803060 348
1803070 347
1803080 346
1803090 344
1803100 343
1803110 346
1803120 346
1803130 349
1803140 352
1803150 354
1803160 356
1803170 358
1803180 359
1803190 361
1803200 363
1803210 364
1803220 364
1803230 365
1803240 365
1803250 366
1803260 367
1803270 369
1803280 370
1803290 371
1803300 372
1803310 373
1803320 374
1803330 374
1803340 375
1803350 375
1803360 375
1803370 375
1803380 374
1803390 374
1803400 374
1803410 373
1803420 373
1803430 373
1803440 373
1803450 372
1803460 372
1803470 371
1803480 370
1803490 369
1803500 369
1803510 368
1803520 367
1803530 366
1803540 365
1803550 364
1803560 363
1803570 362
1803580 361
1803590 360
1803600 359
1803610 358
1803620 358
1803630 357
1803640 356
1803650 356
1803660 356
1803670 356
1803680 356
1803690 355
1803700 355
1803710 354
1803720 353
1803730 353
1803740 352
1803750 351
1803760 350
1803770 349
1803780 349
1803790 349
1803800 348
1803810 347
1803820 346
1803830 345
1803840 344
1803850 343
1803860 342
1803870 341
1803880 341
1803890 341
1803900 341
1803910 342
