1804050 355
1804060 357
1804070 359
1804080 361
1804090 362
1804100 363
1804110 363
1804120 364
1804130 364
1804140 365
1804150 366
1804160 367
1804170 367
1804180 368
1804190 369
1804200 370
1804210 371
1804220 372
1804230 373
1804240 374
1804250 374
1804260 375
1804270 376
1804280 377
1804290 377
1804300 378
1804310 378
1804320 379
1804330 379
1804340 379
1804350 379
1804360 380
1804370 380
1804380 381
1804390 381
1804400 382
1804410 383
1804420 383
1804430 383
1804440 383
1804450 383
1804460 383
1804470 384
1804480 385
1804490 386
1804500 386
1804510 386
1804520 385
1804530 384
1804540 383
1804550 385
1804560 387
1804570 388
1804580 388
1804590 388
1804600 387
1804610 384
1804620 382
1804630 382
1804640 384
1804650 386
1804660 387
1804670 388
1804680 389
1804690 390
1804700 392
1804710 393
1804720 395
1804730 397
1804740 399
1804750 400
1804760 402
1804770 404
1804780 404
1804790 405
1804800 406
1804810 407
1804820 407
1804830 408
1804840 408
1804850 409
1804860 410
1804870 410
1804880 410
1804890 411
1804900 412
1804910 413
1804920 413
1804930 414
1804940 415
1804950 416
1804960 417
1804970 417
1804980 418
1804990 419
1805000 420
1805010 421
1805020 422
1805030 424
1805040 426
1805050 428
1805060 430
1805070 431
1805080 433
1805090 434
1805100 435
1805110 437
1805120 439
1805130 441
1805140 443
1805150 446
1805160 449
1805170 451
1805180 454
1805190 456
1805200 458
1805210 460
1805220 462
1805230 464
1805240 466
1805250 467
1805260 469
1805270 470
1805280 472
1805290 473
1805300 475
1805310 476
1805320 478
1805330 479
1805340 481
1805350 482
1805360 483
1805370 485
1805380 486
1805390 487
1805400 488
1805410 489
1805420 490
1805430 491
1805440 492
1805450 493
1805460 494
1805470 495
1805480 495
1805490 496
1805500 497
1805510 497
1805520 498
1805530 499
1805540 499
1805550 500
1805560 500
1805570 501
1805580 501
1805590 501
1805600 502
1805610 502
1805620 502
1805630 502
1805640 503
1805650 503
1805660 503
1805670 503
1805680 503
1805690 502
1805700 501
1805710 501
1805720 501
1805730 501
1805740 501
1805750 501
1805760 501
1805770 501
1805780 501
1805790 501
1805800 501
1805810 501
1805820 501
1805830 501
1805840 501
1805850 501
1805860 500
1805870 500
1805880 500
1805890 500
1805900 500
1805910 500
1805920 499
1805930 499
1805940 499
1805950 499
1805960 499
1805970 499
1805980 499
1805990 499
1806000 498
1806010 498
1806020 498
1806030 499
1806040 499
1806050 499
1806060 499
1806070 499
1806080 498
1806090 498
1806100 497
1806110 496
1806120 495
1806130 494
1806140 493
1806150 492
1806160 492
1806170 491
1806180 490
1806190 489
1806200 488
1806210 486
1806220 485
1806230 484
1806240 483
1806250 483
1806260 482
1806270 482
1806280 481
1806290 480
1806300 479
1806310 478
1806320 478
1806330 477
1806340 476
1806350 476
1806360 475
1806370 474
1806380 473
1806390 472
1806400 470
1806410 470
1806420 469
1806430 468
1806440 467
1806450 466
1806460 466
1806470 465
1806480 464
1806490 464
1806500 463
1806510 462
1806520 462
1806530 461
1806540 460
1806550 460
1806560 459
1806570 458
1806580 458
1806590 458
1806600 457
1806610 457
1806620 457
1806630 457
1806640 457
1806650 457
1806660 457
1806670 457
1806680 457
1806690 457
1806700 458
1806710 458
1806720 458
1806730 458
1806740 458
1806750 459
1806760 459
1806770 459
1806780 459
1806790 459
1806800 459
1806810 459
1806820 459
1806830 459
1806840 459
1806850 459
1806860 459
1806870 458
1806880 457
1806890 456
1806900 455
1806910 454
1806920 453
1806930 453
1806940 452
1806950 451
1806960 451
1806970 450
1806980 450
1806990 449
1807000 448
1807010 448
1807020 447
1807030 446
1807040 445
1807050 445
1807060 444
1807070 443
1807080 442
1807090 441
1807100 441
1807110 440
1807120 439
1807130 438
1807140 437
1807150 436
1807160 436
1807170 435
1807180 434
1807190 433
1807200 432
1807210 432
1807220 431
1807230 430
1807240 429
1807250 429
1807260 428
1807270 427
1807280 427
1807290 426
1807300 426
1807310 425
1807320 424
1807330 424
1807340 424
1807350 423
1807360 423
1807370 422
1807380 422
1807390 422
1807400 421
1807410 421
1807420 421
1807430 420
1807440 420
1807450 419
1807460 419
1807470 418
1807480 417
1807490 417
1807500 417
1807510 416
1807520 416
1807530 416
1807540 416
1807550 415
1807560 415
1807570 415
1807580 415
1807590 414
1807600 413
1807610 412
1807620 412
1807630 411
1807640 411
1807650 411
1807660 410
1807670 410
1807680 409
1807690 408
1807700 407
1807710 407
1807720 406
1807730 405
1807740 404
1807750 404
1807760 403
1807770 402
1807780 402
1807790 401
1807800 401
1807810 400
1807820 400
1807830 399
1807840 398
1807850 397
1807860 397
1807870 396
1807880 395
1807890 394
1807900 394
1807910 393
1807920 392
1807930 391
1807940 390
1807950 388
1807960 387
1807970 386
1807980 384
1807990 383
1808000 382
1808010 381
1808020 381
1808030 380
1808040 379
1808050 379
1808060 378
1808070 377
1808080 377
1808090 376
1808100 375
1808110 375
1808120 374
1808130 373
1808140 373
1808150 372
1808160 372
1808170 371
1808180 371
1808190 370
1808200 370
1808210 370
1808220 369
1808230 368
1808240 368
1808250 367
1808260 366
1808270 365
1808280 364
1808290 363
1808300 362
1808310 360
1808320 358
1808330 356
1808340 354
1808350 352
1808360 349
1808370 346
1808380 345
1808390 345
1808400 345
1808410 345
1808420 346
1808430 347
1808440 350
1808450 353
1808460 356
1808470 359
1808480 361
1808490 363
1808500 365
1808510 367
1808520 369
1808530 372
1808540 374
1808550 377
1808560 379
1808570 380
1808580 380
1808590 379
1808600 377
1808610 375
1808620 373
1808630 371
1808640 370
1808650 368
1808660 367
1808670 366
1808680 364
1808690 363
1808700 362
1808710 362
1808720 364
1808730 366
1808740 368
1808750 371
1808760 373
1808770 375
1808780 378
1808790 381
1808800 384
1808810 386
1808820 389
1808830 391
1808840 394
1808850 396
1808860 399
1808870 401
1808880 404
1808890 406
1808900 408
1808910 410
1808920 412
1808930 414
1808940 415
1808950 417
1808960 418
1808970 419
1808980 420
1808990 420
1809000 421
1809010 421
1809020 421
1809030 420
1809040 420
1809050 419
1809060 418
1809070 418
1809080 417
1809090 416
1809100 415
1809110 414
1809120 414
1809130 413
1809140 412
1809150 410
1809160 409
1809170 407
1809180 405
1809190 403
1809200 401
1809210 399
1809220 398
1809230 397
1809240 396
1809250 395
1809260 395
1809270 394
1809280 392
1809290 394
1809300 397
1809310 400
1809320 403
1809330 406
1809340 409
1809350 412
1809360 415
1809370 418
1809380 421
1809390 423
1809400 425
1809410 428
1809420 429
1809430 431
1809440 433
1809450 435
1809460 436
1809470 437
1809480 438
1809490 438
1809500 438
1809510 438
1809520 438
1809530 438
1809540 437
1809550 436
1809560 435
1809570 434
1809580 433
1809590 431
1809600 430
1809610 429
1809620 428
1809630 427
1809640 426
1809650 425
1809660 424
1809670 422
1809680 421
1809690 420
1809700 419
1809710 418
1809720 417
1809730 416
1809740 415
1809750 414
1809760 413
1809770 412
1809780 410
1809790 409
1809800 407
1809810 406
1809820 404
1809830 404
1809840 404
1809850 405
1809860 407
1809870 409
1809880 410
1809890 411
1809900 412
1809910 414
1809920 416
1809930 418
1809940 421
1809950 423
1809960 425
1809970 428
1809980 430
1809990 432
1810000 435
1810010 437
1810020 439
1810030 441
1810040 443
1810050 444
1810060 445
1810070 446
1810080 446
1810090 446
1810100 446
1810110 446
1810120 445
1810130 444
1810140 444
1810150 443
1810160 442
1810170 441
1810180 440
1810190 439
1810200 437
1810210 436
1810220 435
1810230 434
1810240 433
1810250 432
1810260 431
1810270 430
1810280 430
1810290 430
1810300 429
1810310 429
1810320 428
1810330 428
1810340 427
1810350 426
1810360 425
1810370 424
1810380 422
1810390 420
1810400 418
1810410 415
1810420 412
1810430 409
1810440 407
1810450 407
1810460 406
1810470 405
1810480 404
1810490 404
1810500 403
1810510 402
1810520 401
1810530 400
1810540 399
1810550 399
1810560 398
1810570 398
1810580 397
1810590 397
1810600 398
1810610 399
1810620 400
1810630 402
1810640 404
1810650 406
1810660 408
1810670 410
1810680 411
1810690 411
1810700 411
1810710 411
1810720 410
1810730 410
1810740 410
1810750 409
1810760 407
1810770 405
1810780 402
1810790 400
1810800 397
1810810 395
1810820 394
1810830 393
1810840 392
1810850 393
1810860 394
1810870 394
1810880 395
1810890 396
1810900 396
1810910 395
1810920 394
1810930 393
1810940 392
1810950 390
1810960 389
1810970 387
1810980 387
1810990 390
1811000 392
1811010 394
1811020 396
1811030 397
1811040 398
1811050 399
1811060 400
1811070 401
1811080 403
1811090 406
1811100 408
1811110 409
1811120 410
1811130 411
1811140 411
1811150 410
1811160 409
1811170 408
1811180 407
1811190 407
1811200 408
1811210 410
1811220 412
1811230 413
1811240 415
1811250 416
1811260 417
1811270 418
1811280 419
1811290 420
1811300 421
1811310 422
1811320 423
1811330 424
1811340 425
1811350 426
1811360 426
1811370 427
1811380 428
1811390 428
1811400 429
1811410 429
1811420 430
1811430 430
1811440 431
1811450 431
1811460 431
1811470 431
1811480 432
1811490 432
1811500 432
1811510 432
1811520 432
1811530 432
1811540 432
1811550 432
1811560 433
1811570 433
1811580 434
1811590 434
1811600 435
1811610 435
1811620 435
1811630 435
1811640 436
1811650 436
1811660 436
1811670 436
1811680 435
1811690 435
1811700 435
1811710 434
1811720 434
1811730 433
1811740 432
1811750 431
1811760 430
1811770 429
1811780 429
1811790 428
1811800 428
1811810 427
1811820 427
1811830 426
1811840 426
1811850 425
1811860 425
1811870 425
1811880 425
1811890 425
1811900 425
1811910 425
1811920 425
1811930 425
1811940 425
1811950 425
1811960 424
1811970 423
1811980 423
1811990 423
1812000 423
1812010 422
1812020 422
1812030 423
1812040 423
1812050 423
1812060 423
1812070 423
1812080 422
1812090 422
1812100 422
1812110 421
1812120 421
1812130 421
1812140 420
1812150 420
1812160 419
1812170 418
1812180 418
1812190 417
1812200 416
1812210 415
1812220 415
1812230 415
1812240 414
1812250 414
1812260 414
1812270 414
1812280 414
1812290 414
1812300 413
1812310 413
1812320 412
1812330 412
1812340 412
1812350 412
1812360 412
1812370 412
1812380 412
1812390 412
1812400 412
1812410 412
1812420 413
1812430 413
1812440 414
1812450 415
1812460 416
1812470 416
1812480 417
1812490 418
1812500 419
1812510 419
1812520 419
1812530 420
1812540 420
1812550 420
1812560 419
1812570 419
1812580 419
1812590 418
1812600 417
1812610 415
1812620 415
1812630 415
1812640 417
1812650 419
1812660 420
1812670 421
1812680 422
1812690 422
1812700 422
1812710 422
1812720 422
1812730 421
1812740 421
1812750 421
1812760 420
1812770 420
1812780 419
1812790 419
1812800 418
1812810 418
1812820 417
1812830 416
1812840 416
1812850 415
1812860 414
1812870 414
1812880 413
1812890 413
1812900 412
1812910 412
1812920 411
1812930 411
1812940 410
1812950 410
1812960 409
1812970 408
1812980 407
1812990 406
1813000 404
1813010 403
1813020 400
1813030 398
1813040 394
1813050 391
1813060 389
1813070 387
1813080 387
1813090 387
1813100 389
1813110 390
1813120 392
1813130 393
1813140 394
1813150 394
1813160 395
1813170 396
1813180 396
1813190 397
1813200 397
1813210 397
1813220 396
1813230 396
1813240 396
1813250 396
1813260 396
1813270 395
1813280 395
1813290 394
1813300 394
1813310 393
1813320 393
1813330 393
1813340 392
1813350 392
1813360 392
1813370 392
1813380 391
1813390 391
1813400 390
1813410 390
1813420 389
1813430 389
1813440 389
1813450 388
1813460 387
1813470 386
1813480 385
1813490 384
1813500 383
1813510 382
1813520 381
1813530 380
1813540 378
1813550 377
1813560 376
1813570 375
1813580 374
1813590 374
1813600 373
1813610 372
1813620 371
1813630 370
1813640 370
1813650 370
1813660 371
1813670 371
1813680 371
1813690 371
1813700 371
1813710 371
1813720 370
1813730 370
1813740 369
1813750 369
1813760 368
1813770 368
1813780 367
1813790 367
1813800 366
1813810 366
1813820 365
1813830 365
1813840 364
1813850 363
1813860 363
1813870 363
1813880 362
1813890 362
1813900 361
1813910 361
1813920 361
1813930 360
1813940 360
1813950 360
1813960 359
1813970 359
1813980 358
1813990 358
1814000 357
1814010 357
1814020 357
1814030 356
1814040 356
1814050 355
1814060 355
1814070 355
1814080 355
1814090 355
1814100 354
1814110 354
1814120 354
1814130 355
1814140 355
1814150 356
1814160 356
1814170 356
1814180 357
1814190 358
1814200 358
1814210 359
1814220 359
1814230 360
1814240 360
1814250 360
1814260 361
1814270 361
1814280 362
1814290 362
1814300 362
1814310 363
1814320 362
1814330 362
1814340 362
1814350 363
1814360 364
1814370 366
1814380 365
1814390 364
1814400 364
1814410 365
1814420 365
1814430 365
1814440 365
1814450 365
1814460 365
1814470 365
1814480 365
1814490 364
1814500 365
1814510 364
1814520 364
1814530 363
1814540 363
1814550 363
1814560 364
1814570 364
1814580 364
1814590 364
1814600 364
1814610 364
1814620 364
1814630 364
1814640 363
1814650 363
1814660 363
1814670 363
1814680 363
1814690 363
1814700 363
1814710 363
1814720 363
1814730 362
1814740 362
1814750 362
1814760 362
1814770 362
1814780 361
1814790 361
1814800 361
1814810 361
1814820 361
1814830 361
1814840 360
1814850 360
1814860 359
1814870 359
1814880 358
1814890 357
1814900 357
1814910 356
1814920 356
1814930 355
1814940 355
1814950 355
1814960 354
1814970 354
1814980 353
1814990 353
1815000 353
1815010 353
1815020 352
1815030 352
1815040 352
1815050 352
1815060 352
1815070 351
1815080 351
1815090 351
1815100 350
1815110 350
1815120 350
1815130 349
1815140 349
1815150 348
1815160 348
1815170 347
1815180 347
1815190 346
1815200 346
1815210 345
1815220 344
1815230 344
1815240 343
1815250 342
1815260 341
1815270 341
1815280 340
1815290 339
1815300 338
1815310 337
1815320 336
1815330 335
1815340 334
1815350 333
1815360 332
1815370 331
1815380 329
1815390 328
1815400 327
1815410 326
1815420 324
1815430 323
1815440 322
1815450 320
1815460 319
1815470 317
1815480 315
1815490 314
1815500 312
1815510 311
1815520 309
1815530 308
1815540 307
1815550 306
1815560 305
1815570 303
1815580 302
1815590 301
1815600 299
1815610 298
1815620 296
1815630 295
1815640 293
1815650 291
1815660 289
1815670 287
1815680 286
1815690 284
1815700 283
1815710 283
1815720 282
1815730 282
1815740 281
1815750 281
1815760 281
1815770 281
1815780 281
1815790 280
1815800 280
1815810 280
1815820 280
1815830 280
1815840 280
1815850 280
1815860 280
1815870 280
1815880 280
1815890 280
1815900 280
1815910 279
1815920 279
1815930 279
1815940 279
1815950 279
1815960 279
1815970 280
1815980 282
1815990 283
1816000 283
1816010 283
1816020 281
1816030 280
1816040 280
1816050 281
1816060 282
1816070 282
1816080 283
1816090 284
1816100 284
1816110 284
1816120 284
1816130 284
1816140 284
1816150 285
1816160 286
1816170 287
1816180 287
1816190 288
1816200 289
1816210 289
1816220 290
1816230 291
1816240 293
1816250 295
1816260 296
1816270 297
1816280 298
1816290 298
1816300 296
1816310 295
1816320 293
1816330 291
1816340 291
1816350 291
1816360 291
1816370 292
1816380 293
1816390 293
1816400 294
1816410 295
1816420 296
1816430 298
1816440 299
1816450 301
1816460 302
1816470 304
1816480 305
1816490 307
1816500 309
1816510 311
1816520 313
1816530 315
1816540 317
1816550 319
1816560 321
1816570 323
1816580 326
1816590 328
1816600 330
1816610 332
1816620 334
1816630 336
1816640 337
1816650 338
1816660 339
1816670 340
1816680 341
1816690 341
1816700 342
1816710 342
1816720 342
1816730 342
1816740 342
1816750 342
1816760 342
1816770 342
1816780 341
1816790 341
1816800 340
1816810 339
1816820 339
1816830 338
1816840 338
1816850 337
1816860 336
1816870 336
1816880 335
1816890 334
1816900 333
1816910 332
1816920 331
1816930 330
1816940 329
1816950 328
1816960 327
1816970 327
1816980 326
1816990 325
1817000 324
1817010 323
1817020 322
1817030 321
1817040 319
1817050 319
1817060 318
1817070 317
1817080 316
1817090 316
1817100 315
1817110 315
1817120 314
1817130 313
1817140 313
1817150 313
1817160 312
1817170 312
1817180 311
1817190 311
1817200 310
1817210 309
1817220 309
1817230 309
1817240 309
1817250 309
1817260 309
1817270 309
1817280 309
1817290 309
1817300 310
1817310 310
1817320 310
1817330 310
1817340 310
1817350 310
1817360 309
1817370 309
1817380 309
1817390 309
1817400 309
1817410 309
1817420 309
1817430 309
1817440 309
1817450 309
1817460 308
1817470 308
1817480 308
1817490 307
1817500 307
1817510 307
1817520 306
1817530 306
1817540 306
1817550 305
1817560 305
1817570 305
1817580 304
1817590 304
1817600 303
1817610 303
1817620 303
1817630 303
1817640 303
1817650 302
1817660 302
1817670 302
1817680 301
1817690 300
1817700 299
1817710 299
1817720 299
1817730 299
1817740 298
1817750 297
1817760 297
1817770 296
1817780 296
1817790 295
1817800 294
1817810 294
1817820 294
1817830 293
1817840 293
1817850 292
1817860 290
1817870 289
1817880 288
1817890 289
1817900 289
1817910 288
1817920 288
1817930 288
1817940 287
1817950 287
1817960 287
1817970 286
1817980 286
1817990 285
1818000 285
1818010 284
1818020 284
1818030 283
1818040 282
1818050 282
1818060 281
1818070 281
1818080 280
1818090 280
1818100 280
1818110 280
1818120 279
1818130 278
1818140 277
1818150 276
1818160 276
1818170 276
1818180 275
1818190 274
1818200 274
1818210 273
1818220 272
1818230 271
1818240 270
1818250 269
1818260 269
1818270 269
1818280 268
1818290 267
1818300 267
1818310 266
1818320 266
1818330 265
1818340 263
1818350 262
1818360 261
1818370 260
1818380 260
1818390 259
1818400 258
1818410 257
1818420 256
1818430 255
1818440 254
1818450 254
1818460 253
1818470 253
1818480 252
1818490 251
1818500 251
1818510 250
1818520 249
1818530 249
1818540 249
1818550 248
1818560 248
1818570 247
1818580 247
1818590 246
1818600 246
1818610 244
1818620 243
1818630 243
1818640 242
1818650 242
1818660 241
1818670 241
1818680 241
1818690 240
1818700 239
1818710 239
1818720 238
1818730 237
1818740 237
1818750 236
1818760 235
1818770 235
1818780 234
1818790 233
1818800 233
1818810 233
1818820 232
1818830 232
1818840 231
1818850 231
1818860 231
1818870 231
1818880 230
1818890 230
1818900 230
1818910 229
1818920 229
1818930 229
1818940 228
1818950 228
1818960 227
1818970 226
1818980 226
1818990 226
1819000 226
1819010 225
1819020 225
1819030 225
1819040 225
1819050 226
1819060 226
1819070 226
1819080 226
1819090 226
1819100 226
1819110 226
1819120 226
1819130 226
1819140 226
1819150 226
1819160 226
1819170 226
1819180 226
1819190 226
1819200 226
1819210 226
1819220 226
1819230 226
1819240 227
1819250 227
1819260 227
1819270 227
1819280 227
1819290 228
1819300 228
1819310 228
1819320 228
1819330 228
1819340 228
1819350 228
1819360 227
1819370 227
1819380 226
1819390 227
1819400 227
1819410 227
1819420 227
1819430 227
1819440 227
1819450 227
1819460 227
1819470 226
1819480 226
1819490 226
1819500 226
1819510 226
1819520 226
1819530 226
1819540 226
1819550 226
1819560 225
1819570 225
1819580 225
1819590 225
1819600 223
1819610 222
1819620 221
1819630 221
1819640 221
1819650 221
1819660 222
1819670 222
1819680 222
1819690 222
1819700 223
1819710 223
1819720 222
1819730 222
1819740 222
1819750 221
1819760 222
1819770 222
1819780 222
1819790 222
1819800 222
1819810 221
1819820 221
1819830 221
1819840 221
1819850 220
1819860 220
1819870 220
1819880 220
1819890 220
1819900 220
1819910 219
1819920 219
1819930 218
1819940 218
1819950 218
1819960 218
1819970 218
1819980 218
1819990 217
1800000 331
1800010 333
1800020 334
1800030 335
1800040 336
1800050 337
1800060 337
1800070 338
1800080 338
1800090 338
1800100 338
1800110 338
1800120 338
1800130 338
1800140 338
1800150 338
1800160 338
1800170 337
1800180 337
1800190 337
1800200 337
1800210 336
1800220 336
1800230 336
1800240 335
1800250 335
1800260 335
1800270 334
1800280 334
1800290 333
1800300 333
1800310 333
1800320 332
1800330 332
1800340 331
1800350 331
1800360 330
1800370 330
1800380 329
1800390 329
1800400 329
1800410 328
1800420 328
1800430 327
1800440 326
1800450 325
1800460 325
1800470 324
1800480 324
1800490 324
1800500 324
1800510 324
1800520 324
1800530 323
1800540 323
1800550 322
1800560 322
1800570 322
1800580 321
1800590 321
1800600 320
1800610 319
1800620 320
1800630 321
1800640 321
1800650 321
1800660 322
1800670 322
1800680 322
1800690 321
1800700 320
1800710 320
1800720 320
1800730 320
1800740 320
1800750 321
1800760 321
1800770 321
1800780 322
1800790 324
1800800 325
1800810 325
1800820 326
1800830 328
1800840 329
1800850 330
1800860 331
1800870 332
1800880 332
1800890 333
1800900 334
1800910 335
1800920 337
1800930 338
1800940 339
1800950 340
1800960 341
1800970 343
1800980 344
1800990 344
1801000 345
1801010 346
1801020 347
1801030 348
1801040 349
1801050 350
1801060 351
1801070 352
1801080 353
1801090 353
1801100 355
1801110 356
1801120 357
1801130 358
1801140 360
1801150 361
1801160 362
1801170 364
1801180 365
1801190 367
1801200 368
1801210 370
1801220 372
1801230 374
1801240 376
1801250 378
1801260 379
1801270 381
1801280 382
1801290 384
1801300 385
1801310 386
1801320 387
1801330 388
1801340 390
1801350 391
1801360 393
1801370 394
1801380 395
1801390 396
1801400 397
1801410 397
1801420 398
1801430 399
1801440 399
1801450 400
1801460 400
1801470 400
1801480 401
1801490 401
1801500 402
1801510 402
1801520 402
1801530 402
1801540 403
1801550 403
1801560 403
1801570 403
1801580 404
1801590 404
1801600 404
1801610 404
1801620 404
1801630 405
1801640 405
1801650 405
1801660 406
1801670 406
1801680 406
1801690 407
1801700 407
1801710 407
1801720 408
1801730 408
1801740 408
1801750 408
1801760 409
1801770 409
1801780 409
1801790 409
1801800 410
1801810 410
1801820 411
1801830 411
1801840 412
1801850 412
1801860 413
1801870 413
1801880 414
1801890 414
1801900 414
1801910 414
1801920 415
1801930 415
1801940 415
1801950 416
1801960 416
1801970 418
1801980 419
1801990 420
1802000 421
1802010 422
1802020 423
1802030 424
1802040 425
1802050 426
1802060 426
1802070 427
1802080 428
1802090 429
1802100 429
1802110 430
1802120 431
1802130 431
1802140 432
1802150 432
1802160 433
1802170 433
1802180 434
1802190 435
1802200 435
1802210 436
1802220 437
1802230 437
1802240 438
1802250 438
1802260 439
1802270 439
1802280 440
1802290 440
1802300 441
1802310 441
1802320 441
1802330 442
1802340 442
1802350 442
1802360 442
1802370 442
1802380 443
1802390 443
1802400 443
1802410 443
1802420 443
1802430 443
1802440 443
1802450 442
1802460 441
1802470 440
1802480 439
1802490 438
1802500 437
1802510 436
1802520 435
1802530 434
1802540 433
1802550 432
1802560 431
1802570 430
1802580 428
1802590 427
1802600 425
1802610 424
1802620 423
1802630 421
1802640 420
1802650 418
1802660 417
1802670 415
1802680 413
1802690 411
1802700 409
1802710 407
1802720 404
1802730 402
1802740 399
1802750 395
1802760 392
1802770 390
1802780 389
1802790 387
1802800 385
1802810 383
1802820 381
1802830 380
1802840 378
1802850 378
1802860 378
1802870 378
1802880 378
1802890 377
1802900 376
1802910 375
1802920 374
1802930 372
1802940 371
1802950 369
1802960 367
1802970 366
1802980 364
1802990 362
1803000 359
1803010 356
1803020 352
1803030 350
1803040 352
1803050 355
1803060 358
1803070 360
1803080 362
1803090 364
1803100 366
1803110 368
1803120 368
1803130 371
1803140 373
1803150 375
1803160 377
1803170 379
1803180 381
1803190 382
1803200 384
1803210 385
1803220 386
1803230 386
1803240 387
1803250 388
1803260 389
1803270 390
1803280 390
1803290 391
1803300 392
1803310 392
1803320 392
1803330 392
1803340 391
1803350 391
1803360 391
1803370 390
1803380 390
1803390 390
1803400 389
1803410 389
1803420 389
1803430 388
1803440 388
1803450 387
1803460 387
1803470 386
1803480 386
1803490 386
1803500 385
1803510 385
1803520 384
1803530 384
1803540 383
1803550 382
1803560 382
1803570 381
1803580 380
1803590 380
1803600 379
1803610 378
1803620 377
1803630 377
1803640 376
1803650 376
1803660 375
1803670 376
1803680 376
1803690 376
1803700 375
1803710 375
1803720 374
1803730 374
1803740 373
1803750 372
1803760 371
1803770 370
1803780 369
1803790 368
1803800 367
1803810 367
1803820 366
1803830 365
1803840 364
1803850 363
1803860 361
1803870 360
1803880 358
1803890 357
1803900 356
1803910 355
1803920 354
1803930 353
1803940 352
1803950 351
1803960 350
1803970 349
1803980 349
1803990 349
1804000 348
