1804340 481
1804350 481
1804360 482
1804370 482
1804380 483
1804390 484
1804400 484
1804410 484
1804420 485
1804430 485
1804440 485
1804450 485
1804460 486
1804470 486
1804480 487
1804490 486
1804500 486
1804510 486
1804520 485
1804530 485
1804540 485
1804550 485
1804560 485
1804570 484
1804580 484
1804590 484
1804600 483
1804610 483
1804620 482
1804630 482
1804640 482
1804650 481
1804660 481
1804670 480
1804680 479
1804690 479
1804700 478
1804710 477
1804720 476
1804730 475
1804740 475
1804750 474
1804760 474
1804770 473
1804780 472
1804790 471
1804800 470
1804810 469
1804820 469
1804830 468
1804840 467
1804850 466
1804860 464
1804870 463
1804880 462
1804890 461
1804900 460
1804910 459
1804920 458
1804930 457
1804940 456
1804950 455
1804960 454
1804970 453
1804980 451
1804990 449
1805000 447
1805010 444
1805020 442
1805030 441
1805040 441
1805050 441
1805060 439
1805070 438
1805080 435
1805090 433
1805100 431
1805110 429
1805120 426
1805130 423
1805140 422
1805150 421
1805160 419
1805170 418
1805180 416
1805190 415
1805200 412
1805210 411
1805220 409
1805230 408
1805240 406
1805250 404
1805260 403
1805270 402
1805280 402
1805290 404
1805300 406
1805310 408
1805320 408
1805330 409
1805340 410
1805350 410
1805360 410
1805370 411
1805380 411
1805390 412
1805400 412
1805410 412
1805420 413
1805430 413
1805440 413
1805450 413
1805460 413
1805470 414
1805480 413
1805490 413
1805500 413
1805510 412
1805520 412
1805530 411
1805540 410
1805550 409
1805560 408
1805570 408
1805580 407
1805590 406
1805600 405
1805610 405
1805620 404
1805630 404
1805640 403
1805650 402
1805660 401
1805670 400
1805680 399
1805690 398
1805700 397
1805710 395
1805720 393
1805730 391
1805740 389
1805750 387
1805760 385
1805770 384
1805780 382
1805790 380
1805800 379
1805810 377
1805820 376
1805830 374
1805840 372
1805850 370
1805860 368
1805870 367
1805880 366
1805890 365
1805900 364
1805910 362
1805920 361
1805930 361
1805940 361
1805950 361
1805960 361
1805970 360
1805980 360
1805990 359
1806000 357
1806010 357
1806020 356
1806030 356
1806040 357
1806050 358
1806060 359
1806070 360
1806080 359
1806090 358
1806100 357
1806110 357
1806120 357
1806130 357
1806140 358
1806150 359
1806160 360
1806170 362
1806180 364
1806190 364
1806200 364
1806210 365
1806220 366
1806230 367
1806240 368
1806250 369
1806260 370
1806270 371
1806280 372
1806290 373
1806300 374
1806310 375
1806320 376
1806330 377
1806340 378
1806350 378
1806360 379
1806370 380
1806380 381
1806390 382
1806400 383
1806410 383
1806420 384
1806430 384
1806440 385
1806450 386
1806460 387
1806470 389
1806480 389
1806490 390
1806500 391
1806510 392
1806520 393
1806530 393
1806540 394
1806550 395
1806560 395
1806570 396
1806580 396
1806590 397
1806600 397
1806610 397
1806620 398
1806630 398
1806640 398
1806650 399
1806660 399
1806670 399
1806680 399
1806690 399
1806700 399
1806710 399
1806720 399
1806730 399
1806740 399
1806750 399
1806760 398
1806770 398
1806780 397
1806790 397
1806800 396
1806810 396
1806820 395
1806830 395
1806840 394
1806850 393
1806860 392
1806870 392
1806880 391
1806890 390
1806900 389
1806910 389
1806920 388
1806930 387
1806940 387
1806950 386
1806960 385
1806970 385
1806980 384
1806990 383
1807000 382
1807010 381
1807020 381
1807030 380
1807040 379
1807050 378
1807060 377
1807070 376
1807080 375
1807090 374
1807100 373
1807110 372
1807120 371
1807130 370
1807140 369
1807150 368
1807160 367
1807170 366
1807180 364
1807190 363
1807200 362
1807210 361
1807220 360
1807230 358
1807240 357
1807250 355
1807260 354
1807270 352
1807280 350
1807290 348
1807300 347
1807310 346
1807320 344
1807330 343
1807340 342
1807350 340
1807360 338
1807370 336
1807380 335
1807390 334
1807400 333
1807410 332
1807420 331
1807430 330
1807440 329
1807450 328
1807460 326
1807470 324
1807480 323
1807490 321
1807500 319
1807510 317
1807520 317
1807530 318
1807540 319
1807550 320
1807560 322
1807570 323
1807580 324
1807590 324
1807600 325
1807610 326
1807620 327
1807630 329
1807640 331
1807650 334
1807660 336
1807670 338
1807680 341
1807690 344
1807700 346
1807710 348
1807720 350
1807730 352
1807740 353
1807750 354
1807760 353
1807770 352
1807780 351
1807790 350
1807800 348
1807810 346
1807820 345
1807830 343
1807840 341
1807850 340
1807860 338
1807870 337
1807880 335
1807890 334
1807900 332
1807910 331
1807920 330
1807930 329
1807940 327
1807950 326
1807960 324
1807970 322
1807980 320
1807990 318
1808000 316
1808010 314
1808020 312
1808030 310
1808040 308
1808050 307
1808060 305
1808070 303
1808080 301
1808090 299
1808100 298
1808110 298
1808120 298
1808130 298
1808140 298
1808150 298
1808160 297
1808170 298
1808180 298
1808190 297
1808200 297
1808210 297
1808220 297
1808230 297
1808240 297
1808250 297
1808260 297
1808270 297
1808280 297
1808290 297
1808300 298
1808310 298
1808320 298
1808330 298
1808340 298
1808350 298
1808360 298
1808370 298
1808380 297
1808390 297
1808400 297
1808410 297
1808420 297
1808430 297
1808440 297
1808450 298
1808460 298
1808470 298
1808480 298
1808490 298
1808500 298
1808510 297
1808520 297
1808530 297
1808540 297
1808550 296
1808560 296
1808570 296
1808580 296
1808590 296
1808600 296
1808610 295
1808620 295
1808630 295
1808640 295
1808650 295
1808660 294
1808670 294
1808680 294
1808690 293
1808700 293
1808710 293
1808720 293
1808730 293
1808740 291
1808750 289
1808760 288
1808770 289
1808780 289
1808790 290
1808800 291
1808810 291
1808820 291
1808830 293
1808840 294
1808850 296
1808860 298
1808870 299
1808880 299
1808890 300
1808900 302
1808910 304
1808920 306
1808930 309
1808940 311
1808950 313
1808960 314
1808970 316
1808980 317
1808990 319
1809000 320
1809010 322
1809020 324
1809030 326
1809040 327
1809050 329
1809060 330
1809070 331
1809080 332
1809090 332
1809100 332
1809110 333
1809120 333
1809130 334
1809140 336
1809150 337
1809160 339
1809170 341
1809180 343
1809190 345
1809200 347
1809210 349
1809220 351
1809230 353
1809240 355
1809250 356
1809260 358
1809270 359
1809280 359
1809290 360
1809300 361
1809310 362
1809320 364
1809330 365
1809340 366
1809350 366
1809360 367
1809370 367
1809380 367
1809390 367
1809400 367
1809410 366
1809420 366
1809430 366
1809440 366
1809450 365
1809460 365
1809470 365
1809480 364
1809490 363
1809500 363
1809510 362
1809520 361
1809530 360
1809540 360
1809550 359
1809560 359
1809570 359
1809580 359
1809590 359
1809600 358
1809610 358
1809620 357
1809630 356
1809640 355
1809650 354
1809660 353
1809670 352
1809680 351
1809690 350
1809700 350
1809710 349
1809720 348
1809730 347
1809740 345
1809750 343
1809760 341
1809770 340
1809780 338
1809790 338
1809800 337
1809810 336
1809820 336
1809830 336
1809840 336
1809850 337
1809860 338
1809870 339
1809880 339
1809890 339
1809900 339
1809910 337
1809920 335
1809930 333
1809940 332
1809950 329
1809960 327
1809970 325
1809980 322
1809990 319
1810000 316
1810010 314
1810020 311
1810030 310
1810040 309
1810050 307
1810060 306
1810070 305
1810080 304
1810090 303
1810100 302
1810110 301
1810120 299
1810130 298
1810140 296
1810150 295
1810160 294
1810170 293
1810180 292
1810190 291
1810200 290
1810210 289
1810220 287
1810230 284
1810240 281
1810250 279
1810260 277
1810270 277
1810280 276
1810290 276
1810300 277
1810310 277
1810320 278
1810330 278
1810340 279
1810350 279
1810360 281
1810370 283
1810380 286
1810390 290
1810400 294
1810410 297
1810420 301
1810430 305
1810440 308
1810450 310
1810460 311
1810470 311
1810480 309
1810490 308
1810500 306
1810510 304
1810520 302
1810530 299
1810540 297
1810550 294
1810560 292
1810570 289
1810580 286
1810590 283
1810600 280
1810610 279
1810620 280
1810630 281
1810640 283
1810650 285
1810660 288
1810670 290
1810680 293
1810690 296
1810700 298
1810710 301
1810720 303
1810730 306
1810740 309
1810750 312
1810760 315
1810770 317
1810780 319
1810790 322
1810800 324
1810810 326
1810820 328
1810830 329
1810840 331
1810850 332
1810860 332
1810870 332
1810880 332
1810890 332
1810900 332
1810910 332
1810920 332
1810930 332
1810940 332
1810950 332
1810960 332
1810970 333
1810980 333
1810990 333
1811000 333
1811010 333
1811020 334
1811030 334
1811040 335
1811050 335
1811060 335
1811070 336
1811080 337
1811090 338
1811100 339
1811110 340
1811120 341
1811130 342
1811140 343
1811150 344
1811160 346
1811170 347
1811180 349
1811190 351
1811200 352
1811210 354
1811220 356
1811230 357
1811240 358
1811250 359
1811260 360
1811270 360
1811280 360
1811290 359
1811300 358
1811310 357
1811320 355
1811330 353
1811340 351
1811350 349
1811360 346
1811370 344
1811380 342
1811390 340
1811400 338
1811410 336
1811420 334
1811430 331
1811440 329
1811450 327
1811460 325
1811470 323
1811480 321
1811490 319
1811500 317
1811510 315
1811520 313
1811530 311
1811540 309
1811550 306
1811560 304
1811570 302
1811580 300
1811590 297
1811600 294
1811610 291
1811620 288
1811630 286
1811640 283
1811650 281
1811660 278
1811670 276
1811680 275
1811690 274
1811700 273
1811710 273
1811720 273
1811730 273
1811740 274
1811750 274
1811760 274
1811770 274
1811780 274
1811790 275
1811800 277
1811810 279
1811820 281
1811830 283
1811840 285
1811850 287
1811860 289
1811870 291
1811880 293
1811890 295
1811900 297
1811910 298
1811920 299
1811930 302
1811940 305
1811950 308
1811960 311
1811970 314
1811980 316
1811990 318
1812000 320
1812010 321
1812020 322
1812030 323
1812040 323
1812050 323
1812060 323
1812070 324
1812080 324
1812090 324
1812100 324
1812110 323
1812120 323
1812130 324
1812140 325
1812150 326
1812160 327
1812170 328
1812180 329
1812190 330
1812200 331
1812210 332
1812220 333
1812230 334
1812240 335
1812250 336
1812260 337
1812270 337
1812280 337
1812290 338
1812300 338
1812310 339
1812320 339
1812330 339
1812340 340
1812350 341
1812360 341
1812370 342
1812380 343
1812390 343
1812400 344
1812410 344
1812420 344
1812430 344
1812440 344
1812450 344
1812460 343
1812470 343
1812480 343
1812490 343
1812500 343
1812510 342
1812520 342
1812530 342
1812540 342
1812550 342
1812560 342
1812570 342
1812580 342
1812590 342
1812600 343
1812610 343
1812620 343
1812630 344
1812640 344
1812650 344
1812660 344
1812670 344
1812680 344
1812690 344
1812700 344
1812710 344
1812720 344
1812730 344
1812740 344
1812750 342
1812760 343
1812770 344
1812780 343
1812790 343
1812800 344
1812810 347
1812820 350
1812830 351
1812840 353
1812850 352
1812860 351
1812870 351
1812880 352
1812890 352
1812900 352
1812910 352
1812920 352
1812930 352
1812940 352
1812950 353
1812960 353
1812970 353
1812980 352
1812990 352
1813000 352
1813010 352
1813020 352
1813030 352
1813040 352
1813050 352
1813060 353
1813070 354
1813080 354
1813090 355
1813100 356
1813110 356
1813120 356
1813130 357
1813140 358
1813150 358
1813160 359
1813170 359
1813180 360
1813190 361
1813200 361
1813210 362
1813220 362
1813230 363
1813240 364
1813250 365
1813260 365
1813270 365
1813280 366
1813290 366
1813300 366
1813310 366
1813320 365
1813330 365
1813340 365
1813350 365
1813360 365
1813370 365
1813380 366
1813390 366
1813400 366
1813410 366
1813420 366
1813430 367
1813440 367
1813450 367
1813460 368
1813470 368
1813480 369
1813490 369
1813500 370
1813510 370
1813520 370
1813530 371
1813540 371
1813550 371
1813560 372
1813570 372
1813580 372
1813590 372
1813600 371
1813610 371
1813620 371
1813630 371
1813640 371
1813650 371
1813660 372
1813670 372
1813680 372
1813690 373
1813700 373
1813710 374
1813720 374
1813730 375
1813740 375
1813750 375
1813760 375
1813770 376
1813780 376
1813790 376
1813800 376
1813810 376
1813820 376
1813830 376
1813840 375
1813850 375
1813860 375
1813870 374
1813880 374
1813890 374
1813900 374
1813910 373
1813920 373
1813930 373
1813940 373
1813950 373
1813960 372
1813970 372
1813980 373
1813990 373
1814000 373
1814010 371
1814020 371
1814030 370
1814040 370
1814050 369
1814060 369
1814070 369
1814080 368
1814090 368
1814100 368
1814110 367
1814120 367
1814130 366
1814140 365
1814150 365
1814160 364
1814170 364
1814180 363
1814190 362
1814200 362
1814210 361
1814220 360
1814230 360
1814240 359
1814250 358
1814260 358
1814270 357
1814280 357
1814290 356
1814300 355
1814310 355
1814320 354
1814330 354
1814340 353
1814350 353
1814360 352
1814370 352
1814380 351
1814390 351
1814400 350
1814410 350
1814420 349
1814430 349
1814440 348
1814450 348
1814460 348
1814470 347
1814480 347
1814490 346
1814500 346
1814510 346
1814520 345
1814530 345
1814540 344
1814550 344
1814560 343
1814570 343
1814580 342
1814590 342
1814600 341
1814610 341
1814620 340
1814630 340
1814640 340
1814650 339
1814660 339
1814670 339
1814680 339
1814690 338
1814700 337
1814710 336
1814720 335
1814730 334
1814740 332
1814750 331
1814760 330
1814770 328
1814780 327
1814790 324
1814800 323
1814810 322
1814820 323
1814830 323
1814840 323
1814850 324
1814860 324
1814870 324
1814880 324
1814890 325
1814900 326
1814910 326
1814920 326
1814930 326
1814940 326
1814950 325
1814960 323
1814970 323
1814980 323
1814990 324
1815000 324
1815010 325
1815020 326
1815030 326
1815040 326
1815050 327
1815060 327
1815070 327
1815080 328
1815090 329
1815100 330
1815110 331
1815120 331
1815130 331
1815140 332
1815150 333
1815160 334
1815170 335
1815180 335
1815190 336
1815200 336
1815210 336
1815220 336
1815230 337
1815240 338
1815250 338
1815260 339
1815270 339
1815280 339
1815290 340
1815300 341
1815310 341
1815320 342
1815330 341
1815340 341
1815350 341
1815360 343
1815370 345
1815380 347
1815390 348
1815400 349
1815410 350
1815420 352
1815430 353
1815440 354
1815450 355
1815460 356
1815470 357
1815480 359
1815490 360
1815500 361
1815510 361
1815520 361
1815530 361
1815540 362
1815550 362
1815560 363
1815570 364
1815580 365
1815590 366
1815600 368
1815610 369
1815620 371
1815630 372
1815640 373
1815650 374
1815660 375
1815670 375
1815680 376
1815690 376
1815700 377
1815710 377
1815720 378
1815730 379
1815740 380
1815750 380
1815760 381
1815770 383
1815780 384
1815790 385
1815800 386
1815810 388
1815820 390
1815830 393
1815840 394
1815850 394
1815860 395
1815870 395
1815880 396
1815890 397
1815900 399
1815910 400
1815920 401
1815930 402
1815940 403
1815950 404
1815960 404
1815970 405
1815980 406
1815990 407
1816000 408
1816010 408
1816020 409
1816030 409
1816040 410
1816050 410
1816060 411
1816070 411
1816080 411
1816090 411
1816100 412
1816110 412
1816120 412
1816130 412
1816140 412
1816150 411
1816160 411
1816170 411
1816180 411
1816190 411
1816200 411
1816210 411
1816220 411
1816230 410
1816240 410
1816250 410
1816260 410
1816270 410
1816280 410
1816290 410
1816300 410
1816310 410
1816320 409
1816330 409
1816340 409
1816350 409
1816360 408
1816370 408
1816380 408
1816390 407
1816400 407
1816410 407
1816420 406
1816430 406
1816440 405
1816450 405
1816460 404
1816470 404
1816480 403
1816490 402
1816500 402
1816510 401
1816520 400
1816530 400
1816540 399
1816550 398
1816560 398
1816570 397
1816580 396
1816590 395
1816600 394
1816610 394
1816620 393
1816630 392
1816640 391
1816650 390
1816660 390
1816670 389
1816680 389
1816690 388
1816700 387
1816710 387
1816720 386
1816730 385
1816740 384
1816750 383
1816760 383
1816770 382
1816780 382
1816790 382
1816800 382
1816810 381
1816820 380
1816830 378
1816840 377
1816850 376
1816860 376
1816870 375
1816880 374
1816890 374
1816900 373
1816910 373
1816920 373
1816930 373
1816940 372
1816950 372
1816960 372
1816970 371
1816980 371
1816990 371
1817000 371
1817010 371
1817020 371
1817030 371
1817040 369
1817050 366
1817060 362
1817070 361
1817080 361
1817090 362
1817100 365
1817110 367
1817120 367
1817130 366
1817140 365
1817150 364
1817160 364
1817170 363
1817180 363
1817190 362
1817200 361
1817210 360
1817220 359
1817230 358
1817240 357
1817250 357
1817260 356
1817270 356
1817280 355
1817290 355
1817300 355
1817310 354
1817320 353
1817330 352
1817340 351
1817350 350
1817360 349
1817370 348
1817380 347
1817390 347
1817400 346
1817410 345
1817420 344
1817430 343
1817440 342
1817450 341
1817460 340
1817470 339
1817480 339
1817490 338
1817500 337
1817510 336
1817520 335
1817530 333
1817540 331
1817550 330
1817560 328
1817570 327
1817580 325
1817590 324
1817600 322
1817610 321
1817620 319
1817630 317
1817640 315
1817650 313
1817660 311
1817670 309
1817680 306
1817690 304
1817700 302
1817710 299
1817720 297
1817730 296
1817740 294
1817750 293
1817760 292
1817770 292
1817780 291
1817790 289
1817800 288
1817810 287
1817820 289
1817830 291
1817840 292
1817850 295
1817860 297
1817870 299
1817880 301
1817890 302
1817900 303
1817910 304
1817920 304
1817930 302
1817940 300
1817950 297
1817960 296
1817970 295
1817980 296
1817990 296
1818000 296
1818010 296
1818020 297
1818030 298
1818040 301
1818050 304
1818060 308
1818070 312
1818080 317
1818090 321
1818100 326
1818110 331
1818120 336
1818130 339
1818140 339
1818150 339
1818160 338
1818170 338
1818180 338
1818190 337
1818200 337
1818210 337
1818220 337
1818230 337
1818240 336
1818250 336
1818260 335
1818270 335
1818280 334
1818290 334
1818300 333
1818310 333
1818320 332
1818330 332
1818340 331
1818350 330
1818360 329
1818370 328
1818380 327
1818390 326
1818400 326
1818410 325
1818420 324
1818430 323
1818440 323
1818450 322
1818460 321
1818470 320
1818480 319
1818490 318
1818500 317
1818510 316
1818520 316
1818530 315
1818540 315
1818550 314
1818560 313
1818570 312
1818580 311
1818590 311
1818600 310
1818610 309
1818620 308
1818630 307
1818640 306
1818650 306
1818660 305
1818670 304
1818680 303
1818690 303
1818700 302
1818710 301
1818720 300
1818730 299
1818740 298
1818750 297
1818760 296
1818770 295
1818780 294
1818790 293
1818800 292
1818810 289
1818820 287
1818830 285
1818840 283
1818850 282
1818860 281
1818870 280
1818880 279
1818890 278
1818900 276
1818910 275
1818920 274
1818930 273
1818940 271
1818950 270
1818960 269
1818970 268
1818980 267
1818990 266
1819000 265
1819010 263
1819020 262
1819030 262
1819040 261
1819050 261
1819060 260
1819070 257
1819080 255
1819090 254
1819100 256
1819110 257
1819120 259
1819130 261
1819140 263
1819150 265
1819160 268
1819170 271
1819180 274
1819190 277
1819200 280
1819210 283
1819220 286
1819230 289
1819240 291
1819250 294
1819260 297
1819270 299
1819280 302
1819290 304
1819300 305
1819310 306
1819320 307
1819330 307
1819340 308
1819350 308
1819360 308
1819370 308
1819380 308
1819390 308
1819400 308
1819410 308
1819420 308
1819430 308
1819440 307
1819450 307
1819460 306
1819470 306
1819480 305
1819490 304
1819500 304
1819510 303
1819520 302
1819530 302
1819540 301
1819550 300
1819560 299
1819570 298
1819580 297
1819590 297
1819600 296
1819610 296
1819620 295
1819630 294
1819640 294
1819650 293
1819660 293
1819670 292
1819680 292
1819690 292
1819700 292
1819710 292
1819720 293
1819730 293
1819740 293
1819750 293
1819760 293
1819770 293
1819780 293
1819790 293
1819800 294
1819810 294
1819820 294
1819830 294
1819840 295
1819850 295
1819860 295
1819870 295
1819880 295
1819890 296
1819900 296
1819910 296
1819920 296
1819930 296
1819940 296
1819950 296
1819960 296
1819970 296
1819980 296
1819990 296
1800000 313
1800010 312
1800020 311
1800030 310
1800040 309
1800050 309
1800060 308
1800070 308
1800080 307
1800090 307
1800100 307
1800110 307
1800120 307
1800130 307
1800140 307
1800150 308
1800160 309
1800170 311
1800180 314
1800190 317
1800200 319
1800210 321
1800220 324
1800230 326
1800240 328
1800250 331
1800260 333
1800270 335
1800280 337
1800290 339
1800300 340
1800310 341
1800320 342
1800330 343
1800340 344
1800350 344
1800360 344
1800370 344
1800380 344
1800390 344
1800400 344
1800410 344
1800420 344
1800430 344
1800440 345
1800450 345
1800460 345
1800470 345
1800480 345
1800490 345
1800500 345
1800510 345
1800520 345
1800530 345
1800540 345
1800550 345
1800560 345
1800570 345
1800580 345
1800590 345
1800600 345
1800610 345
1800620 345
1800630 345
1800640 345
1800650 346
1800660 346
1800670 346
1800680 346
1800690 346
1800700 346
1800710 346
1800720 346
1800730 346
1800740 346
1800750 346
1800760 346
1800770 346
1800780 346
1800790 346
1800800 346
1800810 346
1800820 346
1800830 346
1800840 346
1800850 346
1800860 346
1800870 346
1800880 347
1800890 347
1800900 347
1800910 347
1800920 347
1800930 347
1800940 347
1800950 347
1800960 348
1800970 348
1800980 348
1800990 348
1801000 348
1801010 348
1801020 348
1801030 348
1801040 349
1801050 349
1801060 349
1801070 350
1801080 350
1801090 350
1801100 350
1801110 351
1801120 351
1801130 351
1801140 351
1801150 351
1801160 351
1801170 351
1801180 351
1801190 351
1801200 351
1801210 351
1801220 352
1801230 352
1801240 353
1801250 353
1801260 354
1801270 354
1801280 354
1801290 354
1801300 354
1801310 354
1801320 354
1801330 354
1801340 354
1801350 354
1801360 354
1801370 354
1801380 354
1801390 354
1801400 354
1801410 354
1801420 354
1801430 354
1801440 354
1801450 354
1801460 354
1801470 354
1801480 354
1801490 354
1801500 354
1801510 354
1801520 354
1801530 354
1801540 354
1801550 354
1801560 354
1801570 354
1801580 354
1801590 354
1801600 354
1801610 354
1801620 354
1801630 354
1801640 354
1801650 354
1801660 354
1801670 354
1801680 354
1801690 353
1801700 353
1801710 353
1801720 353
1801730 353
1801740 353
1801750 352
1801760 352
1801770 351
1801780 350
1801790 349
1801800 348
1801810 347
1801820 347
1801830 346
1801840 345
1801850 344
1801860 343
1801870 343
1801880 342
1801890 341
1801900 341
1801910 340
1801920 340
1801930 340
1801940 339
1801950 339
1801960 339
1801970 340
1801980 340
1801990 341
1802000 343
1802010 344
1802020 345
1802030 347
1802040 347
1802050 348
1802060 348
1802070 351
1802080 354
1802090 357
1802100 359
1802110 361
1802120 362
1802130 364
1802140 365
1802150 367
1802160 369
1802170 371
1802180 373
1802190 375
1802200 377
1802210 379
1802220 380
1802230 381
1802240 382
1802250 383
1802260 383
1802270 384
1802280 384
1802290 384
1802300 384
1802310 384
1802320 383
1802330 383
1802340 382
1802350 382
1802360 381
1802370 380
1802380 380
1802390 378
1802400 377
1802410 376
1802420 375
1802430 376
1802440 379
1802450 381
1802460 384
1802470 386
1802480 388
1802490 390
1802500 392
1802510 394
1802520 395
1802530 397
1802540 399
1802550 400
1802560 402
1802570 403
1802580 404
1802590 405
1802600 407
1802610 408
1802620 408
1802630 409
1802640 410
1802650 411
1802660 411
1802670 412
1802680 412
1802690 412
1802700 412
1802710 412
1802720 412
1802730 412
1802740 412
1802750 412
1802760 412
1802770 411
1802780 411
1802790 410
1802800 410
1802810 409
1802820 409
1802830 408
1802840 408
1802850 407
1802860 406
1802870 404
1802880 403
1802890 401
1802900 399
1802910 399
1802920 402
1802930 405
1802940 407
1802950 409
1802960 411
1802970 412
1802980 414
1802990 415
1803000 417
1803010 418
1803020 418
1803030 419
1803040 420
1803050 420
1803060 421
1803070 422
1803080 423
1803090 424
1803100 425
1803110 426
1803120 426
1803130 427
1803140 428
1803150 429
1803160 430
1803170 430
1803180 431
1803190 432
1803200 433
1803210 434
1803220 435
1803230 436
1803240 437
1803250 438
1803260 439
1803270 440
1803280 441
1803290 442
1803300 443
1803310 444
1803320 445
1803330 447
1803340 448
1803350 449
1803360 450
1803370 451
1803380 452
1803390 453
1803400 454
1803410 455
1803420 455
1803430 456
1803440 457
1803450 457
1803460 458
1803470 459
1803480 459
1803490 460
1803500 461
1803510 461
1803520 462
1803530 462
1803540 463
1803550 463
1803560 464
1803570 464
1803580 464
1803590 464
1803600 465
1803610 465
1803620 465
1803630 465
1803640 465
1803650 466
1803660 466
1803670 466
1803680 466
1803690 466
1803700 466
1803710 466
1803720 466
1803730 467
1803740 467
1803750 467
1803760 467
1803770 467
1803780 468
1803790 468
1803800 468
1803810 469
1803820 469
1803830 469
1803840 469
1803850 469
1803860 470
1803870 470
1803880 470
1803890 470
1803900 470
1803910 470
1803920 470
1803930 470
1803940 471
1803950 471
1803960 471
1803970 472
1803980 472
1803990 472
1804000 473
1804010 473
1804020 473
1804030 473
1804040 473
1804050 473
1804060 473
1804070 473
1804080 473
1804090 473
1804100 473
1804110 473
1804120 473
1804130 473
1804140 473
1804150 473
