1804130 418
1804140 419
1804150 419
1804160 419
1804170 419
1804180 419
1804190 419
1804200 420
1804210 419
1804220 419
1804230 420
1804240 422
1804250 424
1804260 425
1804270 426
1804280 428
1804290 428
1804300 429
1804310 430
1804320 430
1804330 431
1804340 431
1804350 432
1804360 433
1804370 434
1804380 436
1804390 438
1804400 440
1804410 441
1804420 443
1804430 445
1804440 447
1804450 448
1804460 450
1804470 451
1804480 452
1804490 454
1804500 455
1804510 456
1804520 457
1804530 458
1804540 460
1804550 461
1804560 462
1804570 463
1804580 464
1804590 465
1804600 466
1804610 467
1804620 468
1804630 469
1804640 470
1804650 471
1804660 472
1804670 473
1804680 474
1804690 475
1804700 475
1804710 476
1804720 477
1804730 477
1804740 478
1804750 478
1804760 479
1804770 479
1804780 479
1804790 479
1804800 480
1804810 480
1804820 480
1804830 480
1804840 480
1804850 480
1804860 480
1804870 479
1804880 479
1804890 479
1804900 478
1804910 478
1804920 477
1804930 477
1804940 476
1804950 476
1804960 475
1804970 474
1804980 474
1804990 473
1805000 472
1805010 471
1805020 470
1805030 469
1805040 468
1805050 467
1805060 466
1805070 465
1805080 464
1805090 463
1805100 462
1805110 461
1805120 460
1805130 458
1805140 457
1805150 455
1805160 454
1805170 452
1805180 451
1805190 449
1805200 447
1805210 446
1805220 444
1805230 442
1805240 440
1805250 438
1805260 438
1805270 438
1805280 438
1805290 437
1805300 435
1805310 435
1805320 435
1805330 436
1805340 436
1805350 436
1805360 435
1805370 435
1805380 434
1805390 434
1805400 433
1805410 433
1805420 432
1805430 432
1805440 432
1805450 432
1805460 432
1805470 433
1805480 433
1805490 433
1805500 433
1805510 433
1805520 433
1805530 433
1805540 433
1805550 433
1805560 433
1805570 433
1805580 433
1805590 433
1805600 432
1805610 433
1805620 433
1805630 433
1805640 433
1805650 432
1805660 433
1805670 433
1805680 432
1805690 433
1805700 434
1805710 435
1805720 436
1805730 436
1805740 435
1805750 435
1805760 435
1805770 435
1805780 435
1805790 435
1805800 436
1805810 436
1805820 436
1805830 435
1805840 433
1805850 431
1805860 431
1805870 431
1805880 431
1805890 431
1805900 432
1805910 433
1805920 434
1805930 435
1805940 435
1805950 436
1805960 437
1805970 438
1805980 439
1805990 440
1806000 441
1806010 441
1806020 441
1806030 441
1806040 441
1806050 441
1806060 441
1806070 441
1806080 441
1806090 441
1806100 441
1806110 441
1806120 440
1806130 440
1806140 440
1806150 440
1806160 440
1806170 439
1806180 439
1806190 439
1806200 438
1806210 438
1806220 437
1806230 436
1806240 435
1806250 436
1806260 437
1806270 438
1806280 439
1806290 440
1806300 440
1806310 441
1806320 441
1806330 442
1806340 443
1806350 443
1806360 444
1806370 445
1806380 446
1806390 447
1806400 448
1806410 449
1806420 450
1806430 450
1806440 451
1806450 451
1806460 451
1806470 451
1806480 451
1806490 450
1806500 450
1806510 449
1806520 448
1806530 448
1806540 447
1806550 447
1806560 446
1806570 446
1806580 446
1806590 446
1806600 445
1806610 445
1806620 444
1806630 443
1806640 442
1806650 441
1806660 441
1806670 440
1806680 440
1806690 439
1806700 439
1806710 438
1806720 438
1806730 437
1806740 437
1806750 436
1806760 435
1806770 435
1806780 434
1806790 433
1806800 432
1806810 432
1806820 431
1806830 430
1806840 429
1806850 428
1806860 427
1806870 426
1806880 424
1806890 423
1806900 421
1806910 420
1806920 419
1806930 418
1806940 417
1806950 416
1806960 414
1806970 413
1806980 412
1806990 411
1807000 411
1807010 410
1807020 409
1807030 409
1807040 408
1807050 408
1807060 407
1807070 406
1807080 405
1807090 404
1807100 403
1807110 402
1807120 401
1807130 400
1807140 399
1807150 398
1807160 397
1807170 395
1807180 394
1807190 393
1807200 391
1807210 390
1807220 388
1807230 386
1807240 384
1807250 382
1807260 379
1807270 377
1807280 375
1807290 373
1807300 371
1807310 370
1807320 369
1807330 368
1807340 366
1807350 364
1807360 362
1807370 361
1807380 359
1807390 357
1807400 354
1807410 351
1807420 349
1807430 347
1807440 346
1807450 347
1807460 350
1807470 353
1807480 355
1807490 358
1807500 360
1807510 363
1807520 365
1807530 368
1807540 370
1807550 373
1807560 376
1807570 378
1807580 380
1807590 381
1807600 382
1807610 384
1807620 385
1807630 386
1807640 388
1807650 389
1807660 390
1807670 392
1807680 393
1807690 394
1807700 395
1807710 396
1807720 397
1807730 397
1807740 398
1807750 399
1807760 399
1807770 400
1807780 401
1807790 401
1807800 402
1807810 402
1807820 402
1807830 402
1807840 402
1807850 402
1807860 402
1807870 402
1807880 403
1807890 403
1807900 403
1807910 403
1807920 403
1807930 403
1807940 404
1807950 404
1807960 404
1807970 405
1807980 405
1807990 405
1808000 405
1808010 405
1808020 405
1808030 404
1808040 404
1808050 404
1808060 404
1808070 403
1808080 403
1808090 403
1808100 402
1808110 402
1808120 402
1808130 401
1808140 401
1808150 401
1808160 401
1808170 400
1808180 400
1808190 400
1808200 399
1808210 399
1808220 399
1808230 399
1808240 399
1808250 400
1808260 400
1808270 400
1808280 401
1808290 401
1808300 402
1808310 402
1808320 402
1808330 402
1808340 402
1808350 401
1808360 400
1808370 399
1808380 398
1808390 397
1808400 396
1808410 396
1808420 395
1808430 395
1808440 394
1808450 394
1808460 394
1808470 393
1808480 393
1808490 392
1808500 391
1808510 391
1808520 390
1808530 389
1808540 389
1808550 388
1808560 387
1808570 386
1808580 385
1808590 384
1808600 383
1808610 382
1808620 381
1808630 380
1808640 379
1808650 378
1808660 377
1808670 376
1808680 375
1808690 374
1808700 373
1808710 372
1808720 371
1808730 371
1808740 370
1808750 369
1808760 369
1808770 368
1808780 367
1808790 366
1808800 365
1808810 364
1808820 364
1808830 363
1808840 363
1808850 362
1808860 362
1808870 362
1808880 362
1808890 362
1808900 361
1808910 362
1808920 363
1808930 364
1808940 366
1808950 367
1808960 368
1808970 370
1808980 371
1808990 372
1809000 372
1809010 372
1809020 372
1809030 372
1809040 372
1809050 372
1809060 372
1809070 371
1809080 371
1809090 370
1809100 369
1809110 368
1809120 367
1809130 366
1809140 365
1809150 363
1809160 361
1809170 358
1809180 356
1809190 353
1809200 350
1809210 348
1809220 346
1809230 344
1809240 342
1809250 340
1809260 337
1809270 335
1809280 333
1809290 330
1809300 328
1809310 327
1809320 325
1809330 325
1809340 324
1809350 324
1809360 323
1809370 323
1809380 322
1809390 321
1809400 320
1809410 320
1809420 319
1809430 318
1809440 317
1809450 316
1809460 315
1809470 314
1809480 314
1809490 313
1809500 312
1809510 311
1809520 310
1809530 309
1809540 308
1809550 307
1809560 306
1809570 304
1809580 303
1809590 303
1809600 302
1809610 302
1809620 302
1809630 301
1809640 301
1809650 300
1809660 300
1809670 299
1809680 299
1809690 298
1809700 298
1809710 298
1809720 298
1809730 297
1809740 300
1809750 302
1809760 303
1809770 305
1809780 306
1809790 308
1809800 309
1809810 310
1809820 311
1809830 313
1809840 314
1809850 316
1809860 317
1809870 319
1809880 320
1809890 321
1809900 323
1809910 324
1809920 326
1809930 327
1809940 329
1809950 331
1809960 333
1809970 335
1809980 337
1809990 339
1810000 341
1810010 343
1810020 345
1810030 347
1810040 349
1810050 351
1810060 353
1810070 355
1810080 357
1810090 360
1810100 362
1810110 364
1810120 366
1810130 368
1810140 370
1810150 371
1810160 373
1810170 373
1810180 373
1810190 373
1810200 372
1810210 370
1810220 369
1810230 367
1810240 365
1810250 362
1810260 361
1810270 359
1810280 357
1810290 355
1810300 354
1810310 352
1810320 351
1810330 350
1810340 349
1810350 348
1810360 346
1810370 345
1810380 344
1810390 342
1810400 340
1810410 339
1810420 337
1810430 335
1810440 334
1810450 332
1810460 331
1810470 330
1810480 328
1810490 327
1810500 325
1810510 324
1810520 321
1810530 319
1810540 316
1810550 312
1810560 311
1810570 313
1810580 316
1810590 320
1810600 323
1810610 326
1810620 328
1810630 330
1810640 330
1810650 329
1810660 328
1810670 326
1810680 324
1810690 322
1810700 321
1810710 319
1810720 318
1810730 317
1810740 316
1810750 314
1810760 313
1810770 312
1810780 310
1810790 308
1810800 307
1810810 306
1810820 306
1810830 306
1810840 306
1810850 306
1810860 307
1810870 308
1810880 311
1810890 314
1810900 316
1810910 319
1810920 321
1810930 323
1810940 325
1810950 328
1810960 330
1810970 332
1810980 333
1810990 335
1811000 336
1811010 338
1811020 339
1811030 340
1811040 341
1811050 342
1811060 344
1811070 345
1811080 346
1811090 347
1811100 348
1811110 349
1811120 350
1811130 350
1811140 350
1811150 349
1811160 349
1811170 349
1811180 349
1811190 350
1811200 350
1811210 350
1811220 351
1811230 351
1811240 352
1811250 353
1811260 354
1811270 355
1811280 356
1811290 356
1811300 357
1811310 357
1811320 358
1811330 358
1811340 358
1811350 359
1811360 359
1811370 359
1811380 359
1811390 359
1811400 359
1811410 359
1811420 359
1811430 359
1811440 358
1811450 358
1811460 357
1811470 357
1811480 356
1811490 355
1811500 354
1811510 353
1811520 352
1811530 351
1811540 350
1811550 348
1811560 347
1811570 346
1811580 344
1811590 343
1811600 341
1811610 339
1811620 336
1811630 335
1811640 333
1811650 331
1811660 330
1811670 327
1811680 324
1811690 323
1811700 323
1811710 322
1811720 320
1811730 319
1811740 319
1811750 322
1811760 324
1811770 324
1811780 322
1811790 322
1811800 322
1811810 323
1811820 323
1811830 324
1811840 324
1811850 325
1811860 325
1811870 326
1811880 328
1811890 329
1811900 331
1811910 332
1811920 334
1811930 335
1811940 335
1811950 336
1811960 335
1811970 334
1811980 333
1811990 332
1812000 330
1812010 329
1812020 329
1812030 328
1812040 328
1812050 327
1812060 326
1812070 325
1812080 325
1812090 323
1812100 320
1812110 319
1812120 318
1812130 316
1812140 317
1812150 319
1812160 322
1812170 326
1812180 329
1812190 332
1812200 335
1812210 337
1812220 339
1812230 341
1812240 343
1812250 345
1812260 346
1812270 347
1812280 348
1812290 349
1812300 350
1812310 351
1812320 351
1812330 352
1812340 353
1812350 354
1812360 355
1812370 356
1812380 357
1812390 358
1812400 359
1812410 360
1812420 361
1812430 362
1812440 363
1812450 364
1812460 365
1812470 366
1812480 367
1812490 368
1812500 369
1812510 370
1812520 371
1812530 371
1812540 371
1812550 370
1812560 368
1812570 367
1812580 366
1812590 365
1812600 365
1812610 364
1812620 368
1812630 371
1812640 373
1812650 376
1812660 379
1812670 382
1812680 385
1812690 387
1812700 390
1812710 392
1812720 394
1812730 396
1812740 398
1812750 401
1812760 403
1812770 405
1812780 406
1812790 408
1812800 409
1812810 410
1812820 411
1812830 411
1812840 410
1812850 410
1812860 410
1812870 411
1812880 413
1812890 415
1812900 416
1812910 417
1812920 418
1812930 418
1812940 418
1812950 418
1812960 419
1812970 419
1812980 419
1812990 420
1813000 420
1813010 420
1813020 420
1813030 420
1813040 420
1813050 420
1813060 420
1813070 420
1813080 420
1813090 419
1813100 419
1813110 418
1813120 418
1813130 417
1813140 417
1813150 416
1813160 415
1813170 415
1813180 414
1813190 413
1813200 412
1813210 412
1813220 411
1813230 410
1813240 409
1813250 408
1813260 407
1813270 406
1813280 406
1813290 405
1813300 405
1813310 404
1813320 404
1813330 403
1813340 402
1813350 401
1813360 401
1813370 400
1813380 399
1813390 399
1813400 398
1813410 397
1813420 396
1813430 395
1813440 394
1813450 393
1813460 393
1813470 392
1813480 391
1813490 391
1813500 390
1813510 389
1813520 389
1813530 388
1813540 387
1813550 386
1813560 386
1813570 385
1813580 385
1813590 384
1813600 383
1813610 383
1813620 382
1813630 381
1813640 381
1813650 380
1813660 380
1813670 379
1813680 379
1813690 378
1813700 377
1813710 375
1813720 374
1813730 372
1813740 370
1813750 368
1813760 366
1813770 365
1813780 363
1813790 362
1813800 361
1813810 360
1813820 360
1813830 360
1813840 360
1813850 360
1813860 360
1813870 359
1813880 359
1813890 358
1813900 358
1813910 359
1813920 359
1813930 359
1813940 359
1813950 359
1813960 359
1813970 359
1813980 359
1813990 359
1814000 359
1814010 359
1814020 359
1814030 359
1814040 359
1814050 359
1814060 359
1814070 359
1814080 359
1814090 359
1814100 359
1814110 359
1814120 359
1814130 359
1814140 359
1814150 359
1814160 358
1814170 358
1814180 358
1814190 358
1814200 358
1814210 358
1814220 358
1814230 357
1814240 357
1814250 357
1814260 356
1814270 356
1814280 356
1814290 355
1814300 355
1814310 354
1814320 354
1814330 353
1814340 353
1814350 352
1814360 352
1814370 351
1814380 351
1814390 350
1814400 350
1814410 349
1814420 348
1814430 347
1814440 347
1814450 346
1814460 345
1814470 345
1814480 344
1814490 343
1814500 343
1814510 342
1814520 341
1814530 341
1814540 340
1814550 339
1814560 338
1814570 337
1814580 336
1814590 334
1814600 333
1814610 331
1814620 330
1814630 328
1814640 327
1814650 325
1814660 322
1814670 320
1814680 319
1814690 318
1814700 316
1814710 315
1814720 314
1814730 313
1814740 313
1814750 314
1814760 314
1814770 313
1814780 312
1814790 312
1814800 311
1814810 310
1814820 309
1814830 308
1814840 306
1814850 306
1814860 307
1814870 310
1814880 314
1814890 317
1814900 321
1814910 324
1814920 328
1814930 331
1814940 334
1814950 337
1814960 340
1814970 343
1814980 346
1814990 349
1815000 352
1815010 355
1815020 358
1815030 361
1815040 363
1815050 366
1815060 368
1815070 370
1815080 372
1815090 374
1815100 375
1815110 376
1815120 377
1815130 378
1815140 378
1815150 379
1815160 380
1815170 381
1815180 382
1815190 383
1815200 385
1815210 386
1815220 388
1815230 389
1815240 391
1815250 392
1815260 393
1815270 394
1815280 396
1815290 397
1815300 397
1815310 398
1815320 399
1815330 400
1815340 401
1815350 402
1815360 403
1815370 403
1815380 404
1815390 404
1815400 405
1815410 405
1815420 406
1815430 406
1815440 406
1815450 406
1815460 406
1815470 406
1815480 406
1815490 406
1815500 406
1815510 406
1815520 405
1815530 406
1815540 406
1815550 405
1815560 404
1815570 403
1815580 404
1815590 404
1815600 405
1815610 405
1815620 404
1815630 404
1815640 404
1815650 403
1815660 403
1815670 402
1815680 401
1815690 400
1815700 399
1815710 398
1815720 397
1815730 396
1815740 395
1815750 394
1815760 393
1815770 392
1815780 391
1815790 389
1815800 388
1815810 387
1815820 386
1815830 385
1815840 384
1815850 383
1815860 382
1815870 382
1815880 380
1815890 379
1815900 378
1815910 377
1815920 375
1815930 374
1815940 373
1815950 374
1815960 375
1815970 376
1815980 376
1815990 375
1816000 375
1816010 375
1816020 375
1816030 375
1816040 375
1816050 375
1816060 375
1816070 375
1816080 375
1816090 375
1816100 376
1816110 376
1816120 376
1816130 377
1816140 377
1816150 377
1816160 378
1816170 378
1816180 378
1816190 378
1816200 379
1816210 379
1816220 379
1816230 378
1816240 378
1816250 378
1816260 378
1816270 378
1816280 378
1816290 378
1816300 378
1816310 377
1816320 377
1816330 377
1816340 377
1816350 377
1816360 377
1816370 377
1816380 377
1816390 377
1816400 376
1816410 376
1816420 376
1816430 376
1816440 375
1816450 375
1816460 374
1816470 374
1816480 373
1816490 373
1816500 372
1816510 372
1816520 371
1816530 371
1816540 370
1816550 369
1816560 369
1816570 368
1816580 368
1816590 367
1816600 367
1816610 366
1816620 365
1816630 365
1816640 364
1816650 363
1816660 362
1816670 361
1816680 360
1816690 359
1816700 358
1816710 357
1816720 356
1816730 355
1816740 354
1816750 353
1816760 352
1816770 351
1816780 350
1816790 349
1816800 349
1816810 348
1816820 347
1816830 346
1816840 345
1816850 344
1816860 343
1816870 341
1816880 340
1816890 339
1816900 338
1816910 337
1816920 335
1816930 334
1816940 333
1816950 332
1816960 331
1816970 329
1816980 328
1816990 327
1817000 326
1817010 325
1817020 324
1817030 322
1817040 320
1817050 319
1817060 317
1817070 316
1817080 315
1817090 312
1817100 310
1817110 309
1817120 308
1817130 307
1817140 306
1817150 305
1817160 304
1817170 304
1817180 303
1817190 303
1817200 303
1817210 303
1817220 304
1817230 304
1817240 304
1817250 304
1817260 304
1817270 304
1817280 304
1817290 304
1817300 304
1817310 304
1817320 304
1817330 305
1817340 305
1817350 305
1817360 305
1817370 306
1817380 306
1817390 306
1817400 306
1817410 307
1817420 307
1817430 306
1817440 306
1817450 306
1817460 306
1817470 306
1817480 306
1817490 305
1817500 305
1817510 305
1817520 305
1817530 306
1817540 306
1817550 307
1817560 308
1817570 309
1817580 309
1817590 310
1817600 310
1817610 310
1817620 311
1817630 311
1817640 312
1817650 312
1817660 313
1817670 313
1817680 314
1817690 314
1817700 315
1817710 315
1817720 315
1817730 315
1817740 315
1817750 315
1817760 315
1817770 315
1817780 314
1817790 314
1817800 313
1817810 313
1817820 312
1817830 312
1817840 311
1817850 310
1817860 309
1817870 309
1817880 308
1817890 307
1817900 307
1817910 306
1817920 305
1817930 304
1817940 303
1817950 302
1817960 300
1817970 299
1817980 298
1817990 297
1818000 295
1818010 293
1818020 291
1818030 289
1818040 286
1818050 284
1818060 282
1818070 280
1818080 278
1818090 276
1818100 274
1818110 273
1818120 271
1818130 270
1818140 268
1818150 267
1818160 266
1818170 265
1818180 264
1818190 263
1818200 262
1818210 261
1818220 261
1818230 262
1818240 262
1818250 262
1818260 264
1818270 265
1818280 266
1818290 267
1818300 269
1818310 271
1818320 272
1818330 273
1818340 274
1818350 275
1818360 276
1818370 277
1818380 278
1818390 279
1818400 279
1818410 280
1818420 280
1818430 281
1818440 282
1818450 283
1818460 284
1818470 284
1818480 285
1818490 286
1818500 286
1818510 287
1818520 288
1818530 288
1818540 287
1818550 286
1818560 285
1818570 284
1818580 283
1818590 282
1818600 280
1818610 279
1818620 277
1818630 276
1818640 275
1818650 274
1818660 273
1818670 273
1818680 272
1818690 271
1818700 270
1818710 270
1818720 269
1818730 269
1818740 268
1818750 268
1818760 267
1818770 266
1818780 265
1818790 266
1818800 267
1818810 268
1818820 268
1818830 268
1818840 268
1818850 268
1818860 268
1818870 268
1818880 268
1818890 268
1818900 268
1818910 268
1818920 268
1818930 268
1818940 268
1818950 267
1818960 267
1818970 267
1818980 267
1818990 266
1819000 266
1819010 265
1819020 265
1819030 265
1819040 265
1819050 264
1819060 264
1819070 263
1819080 263
1819090 262
1819100 261
1819110 261
1819120 260
1819130 259
1819140 258
1819150 257
1819160 257
1819170 256
1819180 254
1819190 253
1819200 252
1819210 251
1819220 250
1819230 249
1819240 248
1819250 246
1819260 245
1819270 244
1819280 243
1819290 242
1819300 241
1819310 239
1819320 238
1819330 237
1819340 236
1819350 235
1819360 233
1819370 233
1819380 233
1819390 234
1819400 234
1819410 234
1819420 234
1819430 234
1819440 234
1819450 234
1819460 234
1819470 234
1819480 234
1819490 234
1819500 234
1819510 234
1819520 233
1819530 233
1819540 233
1819550 233
1819560 233
1819570 233
1819580 233
1819590 233
1819600 233
1819610 233
1819620 233
1819630 233
1819640 234
1819650 235
1819660 235
1819670 236
1819680 236
1819690 237
1819700 237
1819710 237
1819720 237
1819730 237
1819740 237
1819750 237
1819760 237
1819770 237
1819780 237
1819790 238
1819800 238
1819810 238
1819820 238
1819830 238
1819840 237
1819850 237
1819860 237
1819870 237
1819880 237
1819890 237
1819900 237
1819910 237
1819920 236
1819930 237
1819940 237
1819950 237
1819960 237
1819970 237
1819980 237
1819990 236
