1800000 333
1800010 332
1800020 332
1800030 331
1800040 331
1800050 330
1800060 330
1800070 329
1800080 329
1800090 328
1800100 328
1800110 327
1800120 327
1800130 327
1800140 326
1800150 326
1800160 325
1800170 325
1800180 323
1800190 320
1800200 317
1800210 316
1800220 316
1800230 316
1800240 316
1800250 316
1800260 316
1800270 315
1800280 315
1800290 316
1800300 316
1800310 315
1800320 315
1800330 315
1800340 315
1800350 315
1800360 315
1800370 315
1800380 316
1800390 316
1800400 317
1800410 317
1800420 318
1800430 320
1800440 321
1800450 323
1800460 324
1800470 324
1800480 325
1800490 325
1800500 326
1800510 327
1800520 329
1800530 332
1800540 335
1800550 339
1800560 341
1800570 343
1800580 345
1800590 347
1800600 349
1800610 350
1800620 351
1800630 352
1800640 353
1800650 354
1800660 354
1800670 355
1800680 356
1800690 356
1800700 356
1800710 357
1800720 357
1800730 357
1800740 358
1800750 358
1800760 358
1800770 359
1800780 359
1800790 360
1800800 360
1800810 360
1800820 361
1800830 361
1800840 361
1800850 362
1800860 362
1800870 363
1800880 363
1800890 364
1800900 364
1800910 364
1800920 365
1800930 365
1800940 366
1800950 366
1800960 367
1800970 367
1800980 368
1800990 368
1801000 369
1801010 369
1801020 370
1801030 370
1801040 371
1801050 371
1801060 372
1801070 372
1801080 373
1801090 373
1801100 373
1801110 374
1801120 374
1801130 374
1801140 374
1801150 374
1801160 374
1801170 374
1801180 374
1801190 374
1801200 374
1801210 374
1801220 374
1801230 374
1801240 374
1801250 374
1801260 374
1801270 373
1801280 373
1801290 373
1801300 373
1801310 372
1801320 372
1801330 372
1801340 371
1801350 371
1801360 371
1801370 370
1801380 369
1801390 369
1801400 370
1801410 372
1801420 374
1801430 375
1801440 376
1801450 377
1801460 378
1801470 379
1801480 380
1801490 381
1801500 382
1801510 383
1801520 384
1801530 385
1801540 385
1801550 386
1801560 386
1801570 387
1801580 387
1801590 387
1801600 388
1801610 388
1801620 389
1801630 390
1801640 390
1801650 390
1801660 391
1801670 391
1801680 391
1801690 391
1801700 391
1801710 391
1801720 391
1801730 391
1801740 391
1801750 391
1801760 391
1801770 390
1801780 390
1801790 390
1801800 389
1801810 389
1801820 389
1801830 388
1801840 388
1801850 388
1801860 387
1801870 387
1801880 387
1801890 386
1801900 386
1801910 385
1801920 385
1801930 384
1801940 383
1801950 383
1801960 382
1801970 382
1801980 381
1801990 380
1802000 380
1802010 379
1802020 377
1802030 377
1802040 377
1802050 378
1802060 378
1802070 378
1802080 378
1802090 378
1802100 378
1802110 377
1802120 376
1802130 374
1802140 372
1802150 374
1802160 377
1802170 380
1802180 382
1802190 384
1802200 385
1802210 387
1802220 388
1802230 389
1802240 390
1802250 391
1802260 392
1802270 393
1802280 393
1802290 394
1802300 394
1802310 395
1802320 395
1802330 395
1802340 396
1802350 396
1802360 396
1802370 397
1802380 397
1802390 397
1802400 398
1802410 398
1802420 398
1802430 399
1802440 399
1802450 400
1802460 400
1802470 400
1802480 401
1802490 401
1802500 402
1802510 402
1802520 402
1802530 403
1802540 403
1802550 404
1802560 405
1802570 406
1802580 408
1802590 409
1802600 410
1802610 411
1802620 412
1802630 413
1802640 414
1802650 414
1802660 414
1802670 415
1802680 415
1802690 416
1802700 416
1802710 417
1802720 418
1802730 418
1802740 419
1802750 420
1802760 420
1802770 421
1802780 421
1802790 422
1802800 423
1802810 424
1802820 425
1802830 427
1802840 428
1802850 429
1802860 431
1802870 432
1802880 433
1802890 434
1802900 435
1802910 436
1802920 437
1802930 438
1802940 439
1802950 440
1802960 440
1802970 441
1802980 442
1802990 443
1803000 444
1803010 445
1803020 445
1803030 446
1803040 446
1803050 446
1803060 447
1803070 447
1803080 447
1803090 447
1803100 448
1803110 448
1803120 448
1803130 449
1803140 449
1803150 450
1803160 450
1803170 451
1803180 451
1803190 452
1803200 452
1803210 452
