1800000 329
1800010 329
1800020 328
1800030 328
1800040 327
1800050 327
1800060 327
1800070 326
1800080 326
1800090 325
1800100 324
1800110 322
1800120 320
1800130 319
1800140 318
1800150 318
1800160 318
1800170 318
1800180 318
1800190 318
1800200 318
1800210 317
1800220 317
1800230 317
1800240 315
1800250 313
1800260 312
1800270 312
1800280 313
1800290 314
1800300 314
1800310 315
1800320 316
1800330 317
1800340 319
1800350 321
1800360 322
1800370 324
1800380 326
1800390 328
1800400 329
1800410 331
1800420 333
1800430 335
1800440 337
1800450 339
1800460 341
1800470 343
1800480 345
1800490 347
1800500 349
1800510 350
1800520 352
1800530 353
1800540 354
1800550 355
1800560 356
1800570 357
1800580 357
1800590 358
1800600 359
1800610 360
1800620 361
1800630 361
1800640 362
1800650 363
1800660 364
1800670 364
1800680 365
1800690 366
1800700 366
1800710 367
1800720 368
1800730 369
1800740 369
1800750 370
1800760 371
1800770 371
1800780 372
1800790 373
1800800 373
1800810 374
1800820 375
1800830 375
1800840 376
1800850 376
1800860 377
1800870 377
1800880 378
1800890 378
1800900 379
1800910 379
1800920 380
1800930 380
1800940 381
1800950 381
1800960 382
1800970 382
1800980 382
1800990 383
1801000 383
1801010 384
1801020 384
1801030 385
1801040 385
1801050 385
1801060 386
1801070 386
1801080 386
1801090 386
1801100 387
1801110 387
1801120 387
1801130 387
1801140 388
1801150 388
1801160 388
1801170 388
1801180 388
1801190 388
1801200 388
1801210 388
1801220 388
1801230 388
1801240 388
1801250 388
1801260 388
1801270 387
1801280 387
1801290 387
1801300 386
1801310 386
1801320 386
1801330 385
1801340 385
1801350 385
1801360 384
1801370 384
1801380 384
1801390 384
1801400 384
1801410 384
1801420 384
1801430 384
1801440 384
1801450 384
1801460 384
1801470 384
1801480 384
1801490 384
1801500 384
1801510 384
1801520 385
1801530 385
1801540 385
1801550 385
1801560 386
1801570 386
1801580 386
1801590 386
1801600 386
1801610 386
1801620 386
1801630 386
1801640 386
1801650 385
1801660 385
1801670 385
1801680 385
1801690 385
1801700 385
1801710 385
1801720 385
1801730 385
1801740 385
1801750 384
1801760 384
1801770 384
1801780 384
1801790 384
1801800 383
1801810 383
1801820 383
1801830 382
1801840 382
1801850 381
1801860 381
1801870 381
1801880 380
1801890 380
1801900 379
1801910 378
1801920 378
1801930 377
1801940 376
1801950 376
1801960 375
1801970 374
1801980 373
1801990 372
1802000 371
1802010 370
1802020 369
1802030 368
1802040 367
1802050 365
1802060 363
1802070 363
1802080 362
1802090 361
1802100 364
1802110 366
1802120 368
1802130 370
1802140 371
1802150 373
1802160 374
1802170 375
1802180 377
1802190 378
1802200 378
1802210 379
1802220 379
1802230 380
1802240 380
1802250 380
1802260 381
1802270 381
1802280 381
1802290 381
1802300 381
1802310 381
1802320 381
1802330 381
1802340 381
1802350 381
1802360 381
1802370 381
1802380 381
1802390 381
1802400 381
1802410 381
1802420 381
1802430 381
1802440 381
1802450 381
1802460 381
1802470 381
1802480 382
1802490 384
1802500 386
1802510 387
1802520 388
1802530 389
1802540 389
1802550 390
1802560 390
1802570 391
1802580 391
1802590 392
1802600 392
1802610 392
1802620 392
1802630 393
1802640 393
1802650 393
1802660 393
1802670 394
1802680 393
1802690 393
1802700 394
1802710 396
1802720 398
1802730 400
1802740 402
1802750 404
1802760 405
1802770 406
1802780 408
1802790 409
1802800 410
1802810 411
1802820 412
1802830 414
1802840 415
1802850 416
1802860 417
1802870 419
1802880 420
1802890 421
1802900 422
1802910 422
1802920 423
1802930 424
1802940 424
1802950 425
1802960 426
1802970 426
1802980 426
1802990 426
1803000 426
1803010 427
1803020 427
1803030 428
1803040 428
1803050 429
1803060 429
1803070 430
1803080 430
1803090 431
1803100 432
1803110 433
1803120 433
1803130 433
1803140 434
1803150 435
1803160 435
1803170 436
1803180 436
1803190 436
1803200 436
1803210 436
1803220 436
1803230 436
1803240 436
1803250 437
1803260 437
1803270 438
1803280 438
1803290 438
1803300 438
1803310 437
1803320 436
1803330 435
1803340 435
1803350 434
1803360 433
1803370 432
1803380 432
1803390 432
1803400 432
1803410 433
1803420 434
1803430 434
1803440 435
1803450 435
1803460 437
1803470 439
1803480 441
1803490 443
1803500 444
1803510 446
1803520 448
1803530 451
1803540 453
1803550 455
1803560 457
