1802200 433
1802210 433
1802220 433
1802230 433
1802240 433
1802250 433
1802260 433
1802270 433
1802280 433
1802290 433
1802300 433
1802310 433
1802320 433
1802330 433
1802340 433
1802350 433
1802360 432
1802370 432
1802380 431
1802390 431
1802400 430
1802410 429
1802420 429
1802430 428
1802440 427
1802450 426
1802460 426
1802470 425
1802480 425
1802490 424
1802500 423
1802510 422
1802520 422
1802530 420
1802540 419
1802550 418
1802560 417
1802570 416
1802580 415
1802590 414
1802600 413
1802610 412
1802620 410
1802630 409
1802640 408
1802650 406
1802660 405
1802670 404
1802680 402
1802690 401
1802700 399
1802710 398
1802720 397
1802730 395
1802740 394
1802750 393
1802760 391
1802770 390
1802780 389
1802790 388
1802800 385
1802810 385
1802820 386
1802830 388
1802840 388
1802850 389
1802860 389
1802870 389
1802880 390
1802890 390
1802900 389
1802910 389
1802920 388
1802930 388
1802940 387
1802950 386
1802960 385
1802970 384
1802980 384
1802990 385
1803000 387
1803010 389
1803020 391
1803030 393
1803040 395
1803050 396
1803060 398
1803070 400
1803080 401
1803090 402
1803100 403
1803110 405
1803120 406
1803130 406
1803140 407
1803150 408
1803160 408
1803170 408
1803180 409
1803190 409
1803200 410
1803210 410
1803220 410
1803230 410
1803240 411
1803250 411
1803260 411
1803270 411
1803280 410
1803290 410
1803300 410
1803310 410
1803320 410
1803330 410
1803340 410
1803350 411
1803360 411
1803370 412
1803380 412
1803390 412
1803400 413
1803410 413
1803420 414
1803430 414
1803440 415
1803450 416
1803460 416
1803470 417
1803480 418
1803490 418
1803500 419
1803510 420
1803520 420
1803530 421
1803540 421
1803550 422
1803560 423
1803570 423
1803580 424
1803590 425
1803600 426
1803610 428
1803620 429
1803630 430
1803640 431
1803650 431
1803660 431
1803670 431
1803680 431
1803690 431
1803700 432
1803710 432
1803720 432
1803730 432
1803740 432
1803750 432
1803760 432
1803770 432
1803780 432
1803790 432
1803800 432
1803810 432
1803820 432
1803830 432
1803840 432
1803850 432
1803860 431
1803870 431
1803880 431
1803890 431
1803900 430
1803910 430
1803920 430
1803930 429
1803940 429
1803950 428
1803960 428
1803970 428
1803980 427
1803990 427
1804000 426
1804010 426
1804020 426
1804030 425
1804040 425
1804050 424
1804060 424
1804070 423
1804080 423
1804090 422
1804100 422
1804110 421
1804120 421
1804130 420
1804140 420
1804150 419
1804160 419
1804170 418
1804180 418
1804190 417
1804200 417
1804210 416
1804220 415
1804230 415
1804240 414
1804250 414
1804260 413
1804270 412
1804280 411
1804290 411
1804300 410
1804310 409
1804320 408
1804330 407
1804340 406
1804350 405
1804360 404
1804370 404
1804380 403
1804390 402
1804400 400
1804410 399
1804420 398
1804430 397
1804440 396
1804450 395
1804460 394
1804470 393
1804480 392
1804490 391
1804500 389
1804510 389
1804520 388
1804530 387
1804540 386
1804550 386
1804560 386
1804570 389
1804580 390
1804590 391
1804600 392
1804610 391
1804620 391
1804630 391
1804640 393
1804650 394
1804660 394
1804670 395
1804680 396
1804690 396
1804700 397
1804710 399
1804720 400
1804730 401
1804740 402
1804750 403
1804760 403
1804770 403
1804780 403
1804790 403
1804800 402
1804810 402
1804820 401
1804830 400
1804840 400
1804850 401
1804860 402
1804870 405
1804880 408
1804890 409
1804900 411
1804910 413
1804920 414
1804930 416
1804940 417
1804950 418
1804960 418
1804970 419
1804980 419
1804990 419
1805000 419
1805010 419
1805020 418
1805030 418
1805040 418
1805050 417
1805060 417
1805070 416
1805080 415
1805090 416
1805100 417
1805110 417
1805120 417
1805130 417
1805140 417
1805150 417
1805160 417
1805170 417
1805180 416
1805190 416
1805200 416
1805210 416
1805220 416
1805230 415
1805240 415
1805250 415
1805260 414
1805270 414
1805280 413
1805290 413
1805300 413
1805310 412
1805320 412
1805330 412
1805340 411
1805350 411
1805360 410
1805370 410
1805380 409
1805390 408
1805400 408
1805410 409
1805420 408
1805430 408
1805440 407
1805450 407
1805460 407
1805470 406
1805480 406
1805490 405
1805500 405
1805510 404
1805520 404
1805530 404
1805540 404
1805550 403
1805560 403
1805570 402
1805580 401
1805590 401
1805600 400
1805610 400
1805620 399
1805630 398
1805640 397
1805650 396
1805660 396
1805670 395
1805680 394
1805690 393
1805700 393
1805710 392
1805720 391
1805730 391
1805740 390
1805750 390
1805760 389
1805770 389
1805780 388
1805790 388
1805800 387
1805810 386
1805820 386
1805830 385
1805840 384
1805850 383
1805860 382
1805870 382
1805880 381
1805890 381
1805900 380
1805910 379
1805920 378
1805930 377
1805940 376
1805950 375
1805960 374
1805970 373
1805980 371
1805990 368
1806000 366
1806010 363
1806020 362
1806030 364
1806040 364
1806050 365
1806060 365
1806070 365
1806080 366
1806090 366
1806100 366
1806110 366
1806120 366
1806130 365
1806140 365
1806150 365
1806160 365
1806170 364
1806180 364
1806190 364
1806200 364
1806210 363
1806220 362
1806230 362
1806240 361
1806250 360
1806260 360
1806270 359
1806280 358
1806290 357
1806300 357
1806310 357
1806320 356
1806330 356
1806340 354
1806350 354
1806360 353
1806370 353
1806380 353
1806390 353
1806400 353
1806410 353
1806420 352
1806430 352
1806440 351
1806450 351
1806460 350
1806470 350
1806480 349
1806490 349
1806500 348
1806510 347
1806520 346
1806530 346
1806540 345
1806550 344
1806560 343
1806570 342
1806580 341
1806590 339
1806600 337
1806610 335
1806620 334
1806630 333
1806640 333
1806650 333
1806660 332
1806670 332
1806680 332
1806690 332
1806700 333
1806710 333
1806720 332
1806730 333
1806740 333
1806750 333
1806760 333
1806770 333
1806780 333
1806790 333
1806800 332
1806810 332
1806820 333
1806830 334
1806840 335
1806850 337
1806860 339
1806870 341
1806880 343
1806890 344
1806900 346
1806910 347
1806920 348
1806930 349
1806940 350
1806950 351
1806960 352
1806970 353
1806980 354
1806990 355
1807000 356
1807010 357
1807020 358
1807030 359
1807040 359
1807050 360
1807060 360
1807070 360
1807080 361
1807090 361
1807100 361
1807110 361
1807120 361
1807130 361
1807140 362
1807150 362
1807160 362
1807170 362
1807180 361
1807190 361
1807200 361
1807210 361
1807220 362
1807230 362
1807240 362
1807250 362
1807260 363
1807270 362
1807280 362
1807290 362
1807300 362
1807310 362
1807320 362
1807330 361
1807340 361
1807350 361
1807360 360
1807370 359
1807380 359
1807390 358
1807400 358
1807410 357
1807420 356
1807430 354
1807440 351
1807450 349
1807460 347
1807470 347
1807480 348
1807490 348
1807500 346
1807510 344
1807520 343
1807530 344
1807540 347
1807550 349
1807560 351
1807570 352
1807580 354
1807590 355
1807600 357
1807610 359
1807620 361
1807630 363
1807640 365
1807650 367
1807660 370
1807670 372
1807680 374
1807690 376
1807700 378
1807710 381
1807720 382
1807730 384
1807740 387
1807750 389
1807760 391
1807770 392
1807780 394
1807790 395
1807800 397
1807810 398
1807820 399
1807830 400
1807840 401
1807850 402
1807860 403
1807870 405
1807880 406
1807890 406
1807900 407
1807910 408
1807920 409
1807930 410
1807940 411
1807950 412
1807960 413
1807970 413
1807980 414
1807990 415
1808000 416
1808010 417
1808020 417
1808030 418
1808040 419
1808050 420
1808060 421
1808070 422
1808080 423
1808090 424
1808100 424
1808110 425
1808120 425
1808130 426
1808140 426
1808150 426
1808160 427
1808170 427
1808180 428
1808190 429
1808200 429
1808210 430
1808220 430
1808230 430
1808240 431
1808250 431
1808260 432
1808270 432
1808280 433
1808290 433
1808300 433
1808310 434
1808320 434
1808330 435
1808340 436
1808350 436
1808360 436
1808370 436
1808380 436
1808390 436
1808400 436
1808410 436
1808420 436
1808430 436
1808440 436
1808450 436
1808460 436
1808470 436
1808480 436
1808490 436
1808500 436
1808510 436
1808520 436
1808530 436
1808540 435
1808550 435
1808560 435
1808570 435
1808580 434
1808590 434
1808600 434
1808610 434
1808620 434
1808630 434
1808640 434
1808650 434
1808660 434
1808670 433
1808680 433
1808690 433
1808700 433
1808710 433
1808720 433
1808730 433
1808740 433
1808750 433
1808760 433
1808770 433
1808780 433
1808790 433
1808800 433
1808810 432
1808820 432
1808830 431
1808840 431
1808850 431
1808860 430
1808870 430
1808880 429
1808890 428
1808900 428
1808910 427
1808920 426
1808930 425
1808940 424
1808950 423
1808960 422
1808970 421
1808980 420
1808990 419
1809000 418
1809010 416
1809020 415
1809030 414
1809040 412
1809050 411
1809060 410
1809070 409
1809080 408
1809090 406
1809100 405
1809110 403
1809120 402
1809130 400
1809140 399
1809150 398
1809160 396
1809170 395
1809180 394
1809190 392
1809200 391
1809210 389
1809220 388
1809230 386
1809240 385
1809250 384
1809260 382
1809270 381
1809280 379
1809290 378
1809300 376
1809310 374
1809320 373
1809330 371
1809340 369
1809350 367
1809360 365
1809370 363
1809380 360
1809390 358
1809400 355
1809410 353
1809420 350
1809430 347
1809440 345
1809450 342
1809460 339
1809470 336
1809480 334
1809490 332
1809500 330
1809510 328
1809520 326
1809530 324
1809540 322
1809550 320
1809560 317
1809570 314
1809580 316
1809590 319
1809600 321
1809610 323
1809620 326
1809630 329
1809640 332
1809650 336
1809660 339
1809670 343
1809680 346
1809690 349
1809700 352
1809710 356
1809720 358
1809730 360
1809740 362
1809750 364
1809760 366
1809770 368
1809780 370
1809790 371
1809800 373
1809810 374
1809820 375
1809830 376
1809840 376
1809850 377
1809860 378
1809870 379
1809880 380
1809890 380
1809900 381
1809910 381
1809920 382
1809930 382
1809940 382
1809950 382
1809960 382
1809970 382
1809980 383
1809990 384
1810000 385
1810010 386
1810020 387
1810030 388
1810040 389
1810050 390
1810060 391
1810070 391
1810080 392
1810090 392
1810100 393
1810110 393
1810120 393
1810130 393
1810140 393
1810150 393
1810160 393
1810170 393
1810180 392
1810190 392
1810200 392
1810210 391
1810220 390
1810230 390
1810240 390
1810250 390
1810260 389
1810270 389
1810280 389
1810290 388
1810300 388
1810310 388
1810320 387
1810330 387
1810340 386
1810350 386
1810360 386
1810370 385
1810380 385
1810390 385
1810400 384
1810410 384
1810420 383
1810430 382
1810440 382
1810450 381
1810460 381
1810470 380
1810480 380
1810490 380
1810500 379
1810510 378
1810520 377
1810530 376
1810540 376
1810550 375
1810560 374
1810570 373
1810580 372
1810590 370
1810600 369
1810610 368
1810620 367
1810630 365
1810640 364
1810650 363
1810660 362
1810670 361
1810680 359
1810690 358
1810700 357
1810710 355
1810720 354
1810730 353
1810740 352
1810750 351
1810760 349
1810770 348
1810780 347
1810790 346
1810800 345
1810810 344
1810820 343
1810830 342
1810840 342
1810850 342
1810860 342
1810870 343
1810880 343
1810890 344
1810900 344
1810910 344
1810920 343
1810930 343
1810940 342
1810950 340
1810960 339
1810970 337
1810980 335
1810990 334
1811000 332
1811010 331
1811020 330
1811030 330
1811040 329
1811050 329
1811060 328
1811070 327
1811080 326
1811090 325
1811100 323
1811110 322
1811120 321
1811130 320
1811140 318
1811150 317
1811160 315
1811170 314
1811180 313
1811190 312
1811200 311
1811210 310
1811220 309
1811230 308
1811240 307
1811250 305
1811260 304
1811270 303
1811280 302
1811290 300
1811300 299
1811310 298
1811320 296
1811330 295
1811340 293
1811350 291
1811360 289
1811370 286
1811380 283
1811390 281
1811400 278
1811410 275
1811420 273
1811430 270
1811440 268
1811450 266
1811460 265
1811470 263
1811480 262
1811490 260
1811500 258
1811510 255
1811520 252
1811530 250
1811540 248
1811550 248
1811560 247
1811570 247
1811580 246
1811590 246
1811600 245
1811610 245
1811620 244
1811630 244
1811640 245
1811650 246
1811660 247
1811670 247
1811680 247
1811690 247
1811700 247
1811710 247
1811720 248
1811730 248
1811740 248
1811750 249
1811760 249
1811770 249
1811780 249
1811790 249
1811800 251
1811810 254
1811820 256
1811830 257
1811840 257
1811850 258
1811860 260
1811870 261
1811880 263
1811890 265
1811900 266
1811910 268
1811920 270
1811930 272
1811940 275
1811950 277
1811960 279
1811970 281
1811980 283
1811990 285
1812000 287
1812010 288
1812020 289
1812030 289
1812040 290
1812050 291
1812060 293
1812070 295
1812080 298
1812090 300
1812100 303
1812110 305
1812120 307
1812130 310
1812140 312
1812150 314
1812160 316
1812170 318
1812180 320
1812190 322
1812200 325
1812210 327
1812220 330
1812230 332
1812240 335
1812250 337
1812260 339
1812270 342
1812280 344
1812290 346
1812300 348
1812310 350
1812320 352
1812330 353
1812340 355
1812350 356
1812360 358
1812370 359
1812380 360
1812390 361
1812400 362
1812410 363
1812420 364
1812430 364
1812440 365
1812450 366
1812460 366
1812470 367
1812480 367
1812490 368
1812500 369
1812510 369
1812520 369
1812530 370
1812540 370
1812550 370
1812560 370
1812570 369
1812580 368
1812590 367
1812600 366
1812610 364
1812620 363
1812630 361
1812640 359
1812650 357
1812660 355
1812670 352
1812680 350
1812690 347
1812700 345
1812710 342
1812720 339
1812730 337
1812740 334
1812750 332
1812760 330
1812770 328
1812780 326
1812790 324
1812800 323
1812810 322
1812820 322
1812830 323
1812840 325
1812850 328
1812860 332
1812870 335
1812880 339
1812890 342
1812900 345
1812910 349
1812920 352
1812930 356
1812940 359
1812950 362
1812960 365
1812970 368
1812980 371
1812990 373
1813000 376
1813010 378
1813020 381
1813030 383
1813040 385
1813050 386
1813060 388
1813070 389
1813080 390
1813090 392
1813100 393
1813110 393
1813120 394
1813130 394
1813140 394
1813150 394
1813160 394
1813170 394
1813180 393
1813190 393
1813200 393
1813210 394
1813220 395
1813230 396
1813240 397
1813250 397
1813260 398
1813270 398
1813280 398
1813290 398
1813300 398
1813310 399
1813320 399
1813330 399
1813340 400
1813350 400
1813360 401
1813370 403
1813380 406
1813390 409
1813400 413
1813410 417
1813420 420
1813430 424
1813440 427
1813450 429
1813460 432
1813470 435
1813480 437
1813490 440
1813500 441
1813510 443
1813520 443
1813530 444
1813540 444
1813550 445
1813560 445
1813570 446
1813580 447
1813590 447
1813600 448
1813610 449
1813620 450
1813630 450
1813640 451
1813650 452
1813660 454
1813670 455
1813680 456
1813690 458
1813700 459
1813710 461
1813720 463
1813730 464
1813740 466
1813750 468
1813760 470
1813770 472
1813780 474
1813790 477
1813800 479
1813810 481
1813820 483
1813830 485
1813840 487
1813850 489
1813860 491
1813870 492
1813880 493
1813890 494
1813900 495
1813910 495
1813920 494
1813930 493
1813940 492
1813950 491
1813960 489
1813970 489
1813980 488
1813990 487
1814000 487
1814010 487
1814020 486
1814030 485
1814040 485
1814050 484
1814060 484
1814070 484
1814080 484
1814090 483
1814100 483
1814110 483
1814120 482
1814130 482
1814140 482
1814150 481
1814160 481
1814170 481
1814180 480
1814190 480
1814200 480
1814210 479
1814220 479
1814230 478
1814240 477
1814250 477
1814260 476
1814270 475
1814280 474
1814290 473
1814300 472
1814310 471
1814320 471
1814330 470
1814340 469
1814350 468
1814360 467
1814370 466
1814380 464
1814390 463
1814400 462
1814410 460
1814420 459
1814430 457
1814440 456
1814450 454
1814460 453
1814470 452
1814480 450
1814490 449
1814500 448
1814510 446
1814520 446
1814530 445
1814540 444
1814550 443
1814560 441
1814570 440
1814580 439
1814590 438
1814600 437
1814610 436
1814620 436
1814630 435
1814640 435
1814650 434
1814660 434
1814670 435
1814680 435
1814690 436
1814700 437
1814710 438
1814720 439
1814730 441
1814740 442
1814750 443
1814760 444
1814770 445
1814780 446
1814790 447
1814800 449
1814810 450
1814820 451
1814830 452
1814840 454
1814850 455
1814860 457
1814870 458
1814880 460
1814890 461
1814900 463
1814910 464
1814920 466
1814930 467
1814940 468
1814950 470
1814960 471
1814970 472
1814980 473
1814990 474
1815000 475
1815010 476
1815020 477
1815030 478
1815040 479
1815050 480
1815060 481
1815070 482
1815080 483
1815090 483
1815100 484
1815110 484
1815120 485
1815130 485
1815140 485
1815150 486
1815160 486
1815170 486
1815180 486
1815190 486
1815200 486
1815210 486
1815220 485
1815230 485
1815240 485
1815250 484
1815260 484
1815270 484
1815280 483
1815290 483
1815300 482
1815310 482
1815320 481
1815330 480
1815340 479
1815350 478
1815360 478
1815370 477
1815380 477
1815390 477
1815400 476
1815410 476
1815420 476
1815430 476
1815440 476
1815450 477
1815460 477
1815470 477
1815480 476
1815490 476
1815500 476
1815510 477
1815520 477
1815530 478
1815540 478
1815550 478
1815560 478
1815570 478
1815580 478
1815590 477
1815600 476
1815610 476
1815620 475
1815630 475
1815640 475
1815650 475
1815660 474
1815670 474
1815680 473
1815690 473
1815700 472
1815710 472
1815720 471
1815730 470
1815740 470
1815750 470
1815760 469
1815770 469
1815780 469
1815790 468
1815800 468
1815810 467
1815820 467
1815830 466
1815840 466
1815850 465
1815860 465
1815870 464
1815880 464
1815890 463
1815900 462
1815910 461
1815920 460
1815930 459
1815940 458
1815950 457
1815960 456
1815970 455
1815980 454
1815990 453
1816000 452
1816010 450
1816020 449
1816030 447
1816040 445
1816050 442
1816060 440
1816070 437
1816080 434
1816090 432
1816100 429
1816110 427
1816120 424
1816130 422
1816140 420
1816150 418
1816160 417
1816170 416
1816180 416
1816190 416
1816200 416
1816210 417
1816220 417
1816230 417
1816240 418
1816250 417
1816260 417
1816270 417
1816280 417
1816290 417
1816300 417
1816310 418
1816320 418
1816330 417
1816340 417
1816350 416
1816360 417
1816370 418
1816380 419
1816390 421
1816400 422
1816410 423
1816420 424
1816430 424
1816440 425
1816450 425
1816460 426
1816470 429
1816480 432
1816490 434
1816500 437
1816510 439
1816520 441
1816530 443
1816540 445
1816550 446
1816560 448
1816570 449
1816580 451
1816590 452
1816600 453
1816610 455
1816620 456
1816630 457
1816640 458
1816650 459
1816660 459
1816670 459
1816680 459
1816690 459
1816700 459
1816710 458
1816720 458
1816730 458
1816740 458
1816750 458
1816760 458
1816770 458
1816780 458
1816790 458
1816800 458
1816810 458
1816820 458
1816830 458
1816840 458
1816850 458
1816860 458
1816870 458
1816880 458
1816890 458
1816900 458
1816910 458
1816920 458
1816930 458
1816940 457
1816950 457
1816960 456
1816970 456
1816980 455
1816990 455
1817000 454
1817010 454
1817020 453
1817030 452
1817040 451
1817050 450
1817060 449
1817070 447
1817080 445
1817090 443
1817100 441
1817110 439
1817120 437
1817130 436
1817140 435
1817150 433
1817160 431
1817170 430
1817180 428
1817190 427
1817200 425
1817210 424
1817220 423
1817230 421
1817240 420
1817250 419
1817260 418
1817270 417
1817280 415
1817290 414
1817300 412
1817310 411
1817320 410
1817330 409
1817340 408
1817350 407
1817360 406
1817370 405
1817380 404
1817390 403
1817400 402
1817410 401
1817420 401
1817430 400
1817440 400
1817450 399
1817460 399
1817470 398
1817480 398
1817490 399
1817500 399
1817510 398
1817520 397
1817530 396
1817540 396
1817550 396
1817560 396
1817570 396
1817580 395
1817590 395
1817600 394
1817610 393
1817620 393
1817630 392
1817640 391
1817650 390
1817660 389
1817670 388
1817680 387
1817690 385
1817700 383
1817710 381
1817720 379
1817730 377
1817740 375
1817750 374
1817760 374
1817770 373
1817780 372
1817790 371
1817800 370
1817810 369
1817820 368
1817830 367
1817840 366
1817850 364
1817860 363
1817870 361
1817880 359
1817890 358
1817900 356
1817910 355
1817920 355
1817930 354
1817940 353
1817950 351
1817960 350
1817970 348
1817980 346
1817990 344
1818000 343
1818010 341
1818020 340
1818030 339
1818040 337
1818050 336
1818060 334
1818070 333
1818080 331
1818090 330
1818100 329
1818110 328
1818120 328
1818130 329
1818140 329
1818150 330
1818160 331
1818170 333
1818180 335
1818190 338
1818200 340
1818210 342
1818220 344
1818230 346
1818240 347
1818250 348
1818260 348
1818270 347
1818280 347
1818290 347
1818300 348
1818310 348
1818320 348
1818330 349
1818340 349
1818350 349
1818360 348
1818370 347
1818380 346
1818390 345
1818400 345
1818410 344
1818420 344
1818430 344
1818440 345
1818450 345
1818460 346
1818470 347
1818480 348
1818490 349
1818500 350
1818510 351
1818520 351
1818530 352
1818540 352
1818550 353
1818560 353
1818570 354
1818580 354
1818590 354
1818600 353
1818610 353
1818620 352
1818630 352
1818640 351
1818650 351
1818660 350
1818670 350
1818680 350
1818690 350
1818700 350
1818710 350
1818720 350
1818730 350
1818740 351
1818750 352
1818760 352
1818770 353
1818780 354
1818790 355
1818800 356
1818810 357
1818820 357
1818830 358
1818840 358
1818850 359
1818860 359
1818870 359
1818880 359
1818890 359
1818900 360
1818910 360
1818920 360
1818930 360
1818940 360
1818950 360
1818960 360
1818970 360
1818980 359
1818990 359
1819000 359
1819010 358
1819020 358
1819030 357
1819040 357
1819050 357
1819060 356
1819070 356
1819080 355
1819090 355
1819100 353
1819110 353
1819120 352
1819130 352
1819140 351
1819150 351
1819160 350
1819170 350
1819180 349
1819190 348
1819200 348
1819210 347
1819220 346
1819230 346
1819240 345
1819250 344
1819260 344
1819270 343
1819280 342
1819290 341
1819300 340
1819310 340
1819320 339
1819330 338
1819340 337
1819350 336
1819360 336
1819370 335
1819380 334
1819390 333
1819400 331
1819410 330
1819420 330
1819430 329
1819440 328
1819450 327
1819460 326
1819470 325
1819480 323
1819490 322
1819500 321
1819510 319
1819520 318
1819530 316
1819540 315
1819550 313
1819560 311
1819570 309
1819580 307
1819590 305
1819600 302
1819610 300
1819620 298
1819630 296
1819640 294
1819650 292
1819660 291
1819670 290
1819680 289
1819690 288
1819700 288
1819710 287
1819720 286
1819730 285
1819740 284
1819750 283
1819760 282
1819770 280
1819780 279
1819790 278
1819800 276
1819810 275
1819820 273
1819830 272
1819840 271
1819850 269
1819860 267
1819870 265
1819880 263
1819890 261
1819900 259
1819910 258
1819920 256
1819930 254
1819940 253
1819950 252
1819960 251
1819970 250
1819980 249
1819990 248
