1800000 347
1800010 348
1800020 348
1800030 349
1800040 349
1800050 350
1800060 350
1800070 350
1800080 350
1800090 349
1800100 349
1800110 349
1800120 349
1800130 350
1800140 351
1800150 352
1800160 353
1800170 354
1800180 355
1800190 356
1800200 356
1800210 357
1800220 356
1800230 354
1800240 352
1800250 349
1800260 349
1800270 352
1800280 355
1800290 357
1800300 359
1800310 360
1800320 362
1800330 364
1800340 366
1800350 369
1800360 371
1800370 373
1800380 375
1800390 376
1800400 378
1800410 380
1800420 381
1800430 383
1800440 384
1800450 386
1800460 388
1800470 390
1800480 392
1800490 394
1800500 396
1800510 397
1800520 399
1800530 400
1800540 402
1800550 403
1800560 404
1800570 405
1800580 406
1800590 407
1800600 408
1800610 409
1801030 392
1801040 390
1801050 388
1801060 388
1801070 389
1801080 389
1801090 389
1801100 389
1801110 388
1801120 389
1801130 390
1801140 391
1801150 392
1801160 393
1801170 394
1801180 394
1801190 395
1801200 395
1801210 396
1801220 396
1801230 396
1801240 396
1801250 396
1801260 396
1801270 396
1801280 396
1801290 396
1801300 396
1801310 396
1801320 396
1801330 396
1801340 397
1801350 397
1801360 397
1801370 397
1801380 397
1801390 397
1801400 397
1801410 397
1801420 397
1801430 397
1801440 397
1801450 397
1801460 397
1801470 397
1801480 397
1801490 397
1801500 397
1801510 397
1801520 397
1801530 396
1801540 396
1801550 396
1801560 396
1801570 395
1801580 395
1801590 395
1801600 395
1801610 395
1801620 395
1801630 395
1801640 394
1801650 394
1801660 394
1801670 394
1801680 394
1801690 394
1801700 394
1801710 394
1801720 393
1801730 393
1801740 393
1801750 393
1801760 393
1801770 393
1801780 393
1801790 392
1801800 392
1801810 392
1801820 391
1801830 391
1801840 391
1801850 390
1801860 389
1801870 389
1801880 388
1801890 387
1801900 387
1801910 386
1801920 385
1801930 385
1801940 384
1801950 383
1801960 382
1801970 381
1801980 380
1801990 379
1802000 378
1802010 377
1802020 377
1802030 376
1802040 375
1802050 374
1802060 373
1802070 372
1802080 371
1802090 370
1802100 370
1802110 369
1802120 368
1802130 367
1802140 366
1802150 364
1802160 363
1802170 361
1802180 360
1802190 358
1802200 357
1802210 355
1802220 354
1802230 353
1802240 352
1802250 351
1802260 350
1802270 349
1802280 348
1802290 346
1802300 345
1802310 343
1802320 342
1802330 341
1802340 339
1802350 338
1802360 336
1802370 335
1802380 334
1802390 333
1802400 332
1802410 332
1802420 331
1802430 330
1802440 329
1802450 328
1802460 328
1802470 329
1802480 330
1802490 332
1802500 333
1802510 334
1802520 336
1802530 337
1802540 339
1802550 340
1802560 341
1802570 342
1802580 343
1802590 343
1802600 344
1802610 344
1802620 344
1802630 344
1802640 344
1802650 344
1802660 344
1802670 344
1802680 344
1802690 344
1802700 343
1802710 342
1802720 341
1802730 341
1802740 341
1802750 342
1802760 342
1802770 343
1802780 343
1802790 343
1802800 343
1802810 342
1802820 342
1802830 342
1802840 341
1802850 341
1802860 340
1802870 340
1802880 339
1802890 338
1802900 338
1802910 337
1802920 337
1802930 336
1802940 335
1802950 334
1802960 332
1802970 331
1802980 331
1802990 330
1803000 330
1803010 331
1803020 332
1803030 332
1803040 334
1803050 335
1803060 336
1803070 337
1803080 338
1803090 339
1803100 340
1803110 341
1803120 342
1803130 342
1803140 343
1803150 344
1803160 344
1803170 345
1803180 345
1803190 346
1803200 347
1803210 348
1803220 349
1803230 349
1803240 350
1803250 351
1803260 351
1803270 352
1803280 353
1803290 353
1803300 354
1803310 354
1803320 355
1803330 355
1803340 356
1803350 356
1803360 357
1803370 357
1803380 357
1803390 357
1803400 358
1803410 358
1803420 359
1803430 359
1803440 359
1803450 360
1803460 360
1803470 360
1803480 361
1803490 361
1803500 362
1803510 362
1803520 362
1803530 362
1803540 362
1803550 363
1803560 363
1803570 364
1803580 365
1803590 366
1803600 367
1803610 368
1803620 368
1803630 369
1803640 369
1803650 370
1803660 371
1803670 371
1803680 372
1803690 373
1803700 373
1803710 374
1803720 374
1803730 375
1803740 376
1803750 376
1803760 377
1803770 377
1803780 378
1803790 379
1803800 380
1803810 380
1803820 381
1803830 383
1803840 383
1803850 383
1803860 383
1803870 383
1803880 383
1803890 384
1803900 384
1803910 384
1803920 385
1803930 385
1803940 386
1803950 386
1803960 386
1803970 387
1803980 387
1803990 386
1804000 386
1804010 387
1804020 387
1804030 386
1804040 386
1804050 385
1804060 384
1804070 384
1804080 384
1804090 384
1804100 384
1804110 384
1804120 383
1804130 383
1804140 383
1804150 383
1804160 383
1804170 382
1804180 382
1804190 380
1804200 380
1804210 379
1804220 378
1804230 378
1804240 378
1804250 377
1804260 376
1804270 375
1804280 376
1804290 377
1804300 377
1804310 378
1804320 379
1804330 380
1804340 379
1804350 380
1804360 381
1804370 382
1804380 383
1804390 385
1804400 386
1804410 387
1804420 388
1804430 388
1804440 389
1804450 391
1804460 392
1804470 392
1804480 393
1804490 394
1804500 395
1804510 396
1804520 397
1804530 398
1804540 399
1804550 400
1804560 401
1804570 402
1804580 403
1804590 404
1804600 405
1804610 405
1804620 406
1804630 406
1804640 408
1804650 409
1804660 411
1804670 413
1804680 415
1804690 416
1804700 417
1804710 419
1804720 420
1804730 421
1804740 422
1804750 423
1804760 424
1804770 425
1804780 426
1804790 427
1804800 428
1804810 429
1804820 430
1804830 431
1804840 432
1804850 433
1804860 434
1804870 435
1804880 436
1804890 437
1804900 438
1804910 439
1804920 440
1804930 440
1804940 441
1804950 442
1804960 443
1804970 443
1804980 444
1804990 445
1805000 446
1805010 447
1805020 447
1805030 448
1805040 449
1805050 449
1805060 450
1805070 451
1805080 452
1805090 452
1805100 453
1805110 453
1805120 454
1805130 455
1805140 455
1805150 455
1805160 456
1805170 457
1805180 457
1805190 459
1805200 460
1805210 461
1805220 461
1805230 462
1805240 462
1805250 463
1805260 463
1805270 464
1805280 465
1805290 466
1805300 466
1805310 467
1805320 467
1805330 467
1805340 468
1805350 468
1805360 468
1805370 468
1805380 468
1805390 468
1805400 468
1805410 468
1805420 468
1805430 468
1805440 468
1805450 469
1805460 469
1805470 469
1805480 470
1805490 470
1805500 470
1805510 471
1805520 471
1805530 471
1805540 471
1805550 470
1805560 470
1805570 470
1805580 470
1805590 470
1805600 470
1805610 470
1805620 470
1805630 470
1805640 470
1805650 470
1805660 470
1805670 470
1805680 470
1805690 471
1805700 471
1805710 471
1805720 471
1805730 472
1805740 472
1805750 473
1805760 473
1805770 474
1805780 475
1805790 475
1805800 476
1805810 477
1805820 478
1805830 478
1805840 479
1805850 480
1805860 481
1805870 482
1805880 482
1805890 483
1805900 484
1805910 484
1805920 485
1805930 485
1805940 486
1805950 486
1805960 487
1805970 487
1805980 487
1805990 488
1806000 488
1806010 488
1806020 488
1806030 488
1806040 488
1806050 487
1806060 487
1806070 487
1806080 487
1806090 487
1806100 487
1806110 487
1806120 487
1806130 487
1806140 487
1806150 487
1806160 487
1806170 486
1806180 486
1806190 486
1806200 486
1806210 485
1806220 485
1806230 485
1806240 484
1806250 484
1806260 484
1806270 484
1806280 484
1806290 483
1806300 483
1806310 483
1806320 482
1806330 482
1806340 482
1806350 482
1806360 481
1806370 481
1806380 481
1806390 481
1806400 480
1806410 480
1806420 480
1806430 480
1806440 479
1806450 479
1806460 479
1806470 479
1806480 479
1806490 479
1806500 480
1806510 480
1806520 481
1806530 482
1806540 483
1806550 484
1806560 485
1806570 486
1806580 487
1806590 489
1806600 490
1806610 490
1806620 490
1806630 490
1806640 490
1806650 490
1806660 490
1806670 490
1806680 489
1806690 489
1806700 488
1806710 488
1806720 487
1806730 487
1806740 486
1806750 485
1806760 485
1806770 484
1806780 484
1806790 483
1806800 483
1806810 482
1806820 482
1806830 482
1806840 481
1806850 481
1806860 481
1806870 480
1806880 480
1806890 480
1806900 480
1806910 479
1806920 479
1806930 479
1806940 478
1806950 478
1806960 478
1806970 477
1806980 477
1806990 477
1807000 477
1807010 476
1807020 476
1807030 476
1807040 476
1807050 476
1807060 475
1807070 475
1807080 475
1807090 475
1807100 475
1807110 474
1807120 474
1807130 474
1807140 474
1807150 473
1807160 473
1807170 472
1807180 472
1807190 472
1807200 471
1807210 471
1807220 471
1807230 470
1807240 470
1807250 470
1807260 469
1807270 469
1807280 469
1807290 469
1807300 468
1807310 468
1807320 468
1807330 468
1807340 468
1807350 468
1807360 467
1807370 467
1807380 467
1807390 467
1807400 466
1807410 466
1807420 465
1807430 465
1807440 464
1807450 463
1807460 462
1807470 462
1807480 461
1807490 460
1807500 459
1807510 459
1807520 458
1807530 457
1807540 456
1807550 455
1807560 454
1807570 454
1807580 453
1807590 452
1807600 451
1807610 450
1807620 449
1807630 448
1807640 447
1807650 446
1807660 445
1807670 443
1807680 442
1807690 441
1807700 440
1807710 438
1807720 437
1807730 436
1807740 436
1807750 435
1807760 434
1807770 433
1807780 431
1807790 430
1807800 429
1807810 427
1807820 426
1807830 425
1807840 424
1807850 423
1807860 421
1807870 419
1807880 417
1807890 415
1807900 413
1807910 411
1807920 409
1807930 407
1807940 406
1807950 405
1807960 404
1807970 403
1807980 402
1807990 400
1808000 398
1808010 395
1808020 393
1808030 391
1808040 389
1808050 387
1808060 386
1808070 385
1808080 385
1808090 385
1808100 386
1808110 387
1808120 388
1808130 388
1808140 389
1808150 388
1808160 388
1808170 389
1808180 388
1808190 388
1808200 387
1808210 387
1808220 386
1808230 386
1808240 387
1808250 387
1808260 388
1808270 388
1808280 387
1808290 386
1808300 385
1808310 384
1808320 385
1808330 386
1808340 387
1808350 387
1808360 387
1808370 386
1808380 385
1808390 384
1808400 383
1808410 382
1808420 383
1808430 384
1808440 384
1808450 385
1808460 385
1808470 386
1808480 386
1808490 386
1808500 387
1808510 387
1808520 387
1808530 387
1808540 387
1808550 387
1808560 386
1808570 385
1808580 385
1808590 384
1808600 383
1808610 382
1808620 381
1808630 379
1808640 378
1808650 377
1808660 376
1808670 376
1808680 375
1808690 374
1808700 373
1808710 372
1808720 371
1808730 370
1808740 368
1808750 367
1808760 367
1808770 366
1808780 365
1808790 364
1808800 363
1808810 362
1808820 360
1808830 359
1808840 359
1808850 358
1808860 358
1808870 356
1808880 355
1808890 354
1808900 353
1808910 352
1808920 351
1808930 350
1808940 349
1808950 348
1808960 347
1808970 345
1808980 344
1808990 342
1809000 341
1809010 340
1809020 339
1809030 337
1809040 336
1809050 336
1809060 335
1809070 334
1809080 333
1809090 331
1809100 329
1809110 326
1809120 324
1809130 323
1809140 324
1809150 325
1809160 327
1809170 328
1809180 330
1809190 332
1809200 334
1809210 336
1809220 338
1809230 340
1809240 341
1809250 343
1809260 345
1809270 347
1809280 348
1809290 350
1809300 352
1809310 353
1809320 356
1809330 358
1809340 361
1809350 363
1809360 366
1809370 367
1809380 369
1809390 370
1809400 371
1809410 372
1809420 373
1809430 374
1809440 374
1809450 374
1809460 373
1809470 373
1809480 373
1809490 372
1809500 372
1809510 371
1809520 370
1809530 370
1809540 369
1809550 368
1809560 367
1809570 366
1809580 365
1809590 364
1809600 363
1809610 362
1809620 361
1809630 359
1809640 358
1809650 357
1809660 356
1809670 355
1809680 353
1809690 352
1809700 350
1809710 348
1809720 347
1809730 346
1809740 345
1809750 343
1809760 342
1809770 341
1809780 339
1809790 338
1809800 337
1809810 336
1809820 335
1809830 334
1809840 333
1809850 332
1809860 330
1809870 327
1809880 324
1809890 323
1809900 322
1809910 322
1809920 323
1809930 324
1809940 325
1809950 326
1809960 327
1809970 329
1809980 330
1809990 330
1810000 331
1810010 331
1810020 330
1810030 330
1810040 330
1810050 330
1810060 330
1810070 330
1810080 330
1810090 329
1810100 329
1810110 330
1810120 330
1810130 332
1810140 334
1810150 336
1810160 338
1810170 340
1810180 342
1810190 344
1810200 345
1810210 347
1810220 349
1810230 351
1810240 352
1810250 354
1810260 355
1810270 356
1810280 357
1810290 359
1810300 360
1810310 361
1810320 363
1810330 364
1810340 366
1810350 367
1810360 369
1810370 371
1810380 373
1810390 375
1810400 377
1810410 378
1810420 379
1810430 380
1810440 381
1810450 381
1810460 382
1810470 383
1810480 383
1810490 384
1810500 384
1810510 385
1810520 385
1810530 386
1810540 386
1810550 386
1810560 387
1810570 387
1810580 388
1810590 389
1810600 389
1810610 390
1810620 391
1810630 392
1810640 392
1810650 393
1810660 393
1810670 393
1810680 393
1810690 393
1810700 393
1810710 393
1810720 393
1810730 393
1810740 393
1810750 392
1810760 392
1810770 391
1810780 390
1810790 389
1810800 387
1810810 386
1810820 385
1810830 384
1810840 383
1810850 383
1810860 382
1810870 381
1810880 380
1810890 379
1810900 379
1810910 379
1810920 378
1810930 378
1810940 378
1810950 378
1810960 378
1810970 378
1810980 377
1810990 377
1811000 376
1811010 375
1811020 375
1811030 375
1811040 375
1811050 375
1811060 375
1811070 375
1811080 374
1811090 374
1811100 373
1811110 373
1811120 372
1811130 372
1811140 371
1811150 370
1811160 369
1811170 368
1811180 367
1811190 366
1811200 365
1811210 364
1811220 363
1811230 362
1811240 361
1811250 360
1811260 359
1811270 357
1811280 356
1811290 356
1811300 355
1811310 355
1811320 354
1811330 354
1811340 353
1811350 353
1811360 353
1811370 353
1811380 354
1811390 354
1811400 355
1811410 356
1811420 357
1811430 358
1811440 358
1811450 359
1811460 360
1811470 360
1811480 361
1811490 362
1811500 363
1811510 364
1811520 365
1811530 365
1811540 366
1811550 366
1811560 367
1811570 367
1811580 367
1811590 367
1811600 367
1811610 367
1811620 367
1811630 367
1811640 366
1811650 366
1811660 365
1811670 365
1811680 364
1811690 364
1811700 363
1811710 362
1811720 362
1811730 361
1811740 360
1811750 359
1811760 359
1811770 358
1811780 358
1811790 358
1811800 357
1811810 357
1811820 356
1811830 356
1811840 355
1811850 355
1811860 354
1811870 354
1811880 353
1811890 352
1811900 352
1811910 351
1811920 351
1811930 351
1811940 350
1811950 349
1811960 348
1811970 347
1811980 347
1811990 346
1812000 345
1812010 345
1812020 344
1812030 344
1812040 343
1812050 342
1812060 341
1812070 340
1812080 340
1812090 339
1812100 339
1812110 338
1812120 337
1812130 336
1812140 335
1812150 333
1812160 332
1812170 330
1812180 329
1812190 328
1812200 327
1812210 325
1812220 324
1812230 322
1812240 320
1812250 318
1812260 315
1812270 313
1812280 310
1812290 307
1812300 304
1812310 301
1812320 298
1812330 295
1812340 293
1812350 291
1812360 289
1812370 288
1812380 286
1812390 285
1812400 284
1812410 283
1812420 283
1812430 283
1812440 283
1812450 284
1812460 284
1812470 284
1812480 284
1812490 284
1812500 284
1812510 285
1812520 285
1812530 285
1812540 285
1812550 285
1812560 285
1812570 285
1812580 285
1812590 285
1812600 286
1812610 286
1812620 287
1812630 288
1812640 289
1812650 290
1812660 290
1812670 288
1812680 287
1812690 286
1812700 285
1812710 285
1812720 284
1812730 283
1812740 283
1812750 282
1812760 280
1812770 279
1812780 278
1812790 276
1812800 275
1812810 273
1812820 272
1812830 271
1812840 270
1812850 269
1812860 267
1812870 266
1812880 265
1812890 264
1812900 262
1812910 261
1812920 259
1812930 258
1812940 256
1812950 255
1812960 253
1812970 251
1812980 250
1812990 248
1813000 246
1813010 244
1813020 242
1813030 240
1813040 238
1813050 236
1813060 234
1813070 232
1813080 231
1813090 230
1813100 229
1813110 229
1813120 229
1813130 228
1813140 228
1813150 228
1813160 227
1813170 227
1813180 226
1813190 225
1813200 224
1813210 224
1813220 223
1813230 223
1813240 223
1813250 223
1813260 223
1813270 223
1813280 223
1813290 223
1813300 222
1813310 221
1813320 221
1813330 220
1813340 219
1813350 219
1813360 217
1813370 217
1813380 216
1813390 216
1813400 216
1813410 215
1813420 215
1813430 214
1813440 213
1813450 215
1813460 216
1813470 217
1813480 217
1813490 217
1813500 218
1813510 219
1813520 220
1813530 221
1813540 223
1813550 224
1813560 225
1813570 227
1813580 230
1813590 233
1813600 234
1813610 236
1813620 237
1813630 239
1813640 241
1813650 242
1813660 244
1813670 245
1813680 247
1813690 249
1813700 251
1813710 253
1813720 254
1813730 256
1813740 257
1813750 258
1813760 259
1813770 259
1813780 259
1813790 259
1813800 259
1813810 259
1813820 259
1813830 258
1813840 258
1813850 257
1813860 257
1813870 256
1813880 255
1813890 254
1813900 253
1813910 253
1813920 252
1813930 251
1813940 250
1813950 249
1813960 249
1813970 248
1813980 248
1813990 247
1814000 246
1814010 245
1814020 244
1814030 242
1814040 240
1814050 238
1814060 237
1814070 237
1814080 238
1814090 241
1814100 244
1814110 248
1814120 252
1814130 255
1814140 259
1814150 262
1814160 265
1814170 267
1814180 270
1814190 273
1814200 275
1814210 278
1814220 280
1814230 282
1814240 284
1814250 287
1814260 288
1814270 290
1814280 291
1814290 291
1814300 290
1814310 290
1814320 290
1814330 290
1814340 290
1814350 289
1814360 289
1814370 289
1814380 288
1814390 287
1814400 286
1814410 285
1814420 284
1814430 283
1814440 282
1814450 281
1814460 280
1814470 278
1814480 277
1814490 276
1814500 276
1814510 275
1814520 274
1814530 273
1814540 273
1814550 272
1814560 271
1814570 270
1814580 270
1814590 271
1814600 272
1814610 274
1814620 276
1814630 278
1814640 280
1814650 282
1814660 285
1814670 287
1814680 289
1814690 291
1814700 293
1814710 295
1814720 297
1814730 299
1814740 301
1814750 303
1814760 305
1814770 306
1814780 307
1814790 308
1814800 309
1814810 310
1814820 311
1814830 311
1814840 311
1814850 311
1814860 312
1814870 312
1814880 312
1814890 312
1814900 312
1814910 312
1814920 311
1814930 311
1814940 310
1814950 310
1814960 310
1814970 309
1814980 309
1814990 308
1815000 307
1815010 307
1815020 306
1815030 305
1815040 304
1815050 303
1815060 302
1815070 301
1815080 300
1815090 298
1815100 296
1815110 295
1815120 292
1815130 290
1815140 288
1815150 286
1815160 284
1815170 281
1815180 279
1815190 277
1815200 274
1815210 272
1815220 270
1815230 269
1815240 267
1815250 266
1815260 265
1815270 263
1815280 260
1815290 259
1815300 260
1815310 261
1815320 262
1815330 264
1815340 266
1815350 269
1815360 271
1815370 273
1815380 275
1815390 277
1815400 279
1815410 280
1815420 282
1815430 284
1815440 286
1815450 287
1815460 289
1815470 291
1815480 292
1815490 294
1815500 295
1815510 297
1815520 298
1815530 300
1815540 301
1815550 302
1815560 303
1815570 304
1815580 305
1815590 305
1815600 306
1815610 306
1815620 306
1815630 306
1815640 305
1815650 305
1815660 304
1815670 303
1815680 303
1815690 302
1815700 300
1815710 299
1815720 298
1815730 296
1815740 294
1815750 292
1815760 290
1815770 288
1815780 286
1815790 284
1815800 282
1815810 280
1815820 277
1815830 275
1815840 272
1815850 270
1815860 267
1815870 265
1815880 263
1815890 263
1815900 265
1815910 268
1815920 272
1815930 275
1815940 279
1815950 283
1815960 286
1815970 289
1815980 291
1815990 292
1816000 292
1816010 291
1816020 290
1816030 288
1816040 287
1816050 286
1816060 285
1816070 285
1816080 284
1816090 285
1816100 286
1816110 287
1816120 289
1816130 291
1816140 293
1816150 296
1816160 299
1816170 302
1816180 305
1816190 307
1816200 310
1816210 312
1816220 314
1816230 317
1816240 319
1816250 321
1816260 323
1816270 324
1816280 326
1816290 327
1816300 328
1816310 329
1816320 330
1816330 331
1816340 332
1816350 332
1816360 333
1816370 333
1816380 334
1816390 334
1816400 334
1816410 334
1816420 334
1816430 334
1816440 334
1816450 334
1816460 334
1816470 333
1816480 333
1816490 333
1816500 333
1816510 333
1816520 333
1816530 333
1816540 333
1816550 332
1816560 332
1816570 331
1816580 331
1816590 330
1816600 329
1816610 328
1816620 327
1816630 326
1816640 325
1816650 325
1816660 324
1816670 323
1816680 322
1816690 321
1816700 321
1816710 320
1816720 320
1816730 319
1816740 318
1816750 317
1816760 317
1816770 316
1816780 315
1816790 314
1816800 313
1816810 312
1816820 311
1816830 310
1816840 308
1816850 307
1816860 305
1816870 304
1816880 303
1816890 303
1816900 302
1816910 301
1816920 300
1816930 297
1816940 295
1816950 293
1816960 292
1816970 292
1816980 293
1816990 295
1817000 298
1817010 301
1817020 305
1817030 308
1817040 312
1817050 315
1817060 319
1817070 322
1817080 326
1817090 329
1817100 333
1817110 337
1817120 340
1817130 344
1817140 348
1817150 351
1817160 355
1817170 358
1817180 361
1817190 364
1817200 366
1817210 367
1817220 369
1817230 370
1817240 371
1817250 372
1817260 373
1817270 373
1817280 373
1817290 373
1817300 373
1817310 373
1817320 373
1817330 372
1817340 372
1817350 371
1817360 370
1817370 369
1817380 366
1817390 362
1817400 359
1817410 355
1817420 351
1817430 347
1817440 343
1817450 340
1817460 337
1817470 334
1817480 331
1817490 328
1817500 325
1817510 322
1817520 319
1817530 316
1817540 313
1817550 310
1817560 307
1817570 304
1817580 301
1817590 299
1817600 297
1817610 296
1817620 295
1817630 294
1817640 293
1817650 292
1817660 291
1817670 292
1817680 294
1817690 296
1817700 299
1817710 301
1817720 304
1817730 307
1817740 309
1817750 312
1817760 315
1817770 318
1817780 321
1817790 324
1817800 327
1817810 330
1817820 333
1817830 336
1817840 338
1817850 340
1817860 342
1817870 343
1817880 345
1817890 346
1817900 347
1817910 347
1817920 348
1817930 348
1817940 348
1817950 348
1817960 348
1817970 349
1817980 349
1817990 348
1818000 348
1818010 348
1818020 348
1818030 348
1818040 348
1818050 348
1818060 348
1818070 349
1818080 349
1818090 348
1818100 348
1818110 348
1818120 348
1818130 349
1818140 351
1818150 353
1818160 356
1818170 359
1818180 362
1818190 366
1818200 369
1818210 372
1818220 374
1818230 376
1818240 378
1818250 380
1818260 382
1818270 383
1818280 384
1818290 385
1818300 386
1818310 387
1818320 388
1818330 389
1818340 389
1818350 390
1818360 390
1818370 390
1818380 390
1818390 390
1818400 389
1818410 389
1818420 388
1818430 388
1818440 387
1818450 386
1818460 385
1818470 384
1818480 383
1818490 382
1818500 380
1818510 379
1818520 378
1818530 377
1818540 376
1818550 375
1818560 374
1818570 373
1818580 372
1818590 371
1818600 370
1818610 368
1818620 365
1818630 363
1818640 361
1818650 359
1818660 358
1818670 357
1818680 356
1818690 356
1818700 356
1818710 356
1818720 357
1818730 358
1818740 359
1818750 361
1818760 364
1818770 366
1818780 367
1818790 367
1818800 367
1818810 365
1818820 363
1818830 360
1818840 359
1818850 359
1818860 358
1818870 358
1818880 358
1818890 357
1818900 357
1818910 356
1818920 355
1818930 355
1818940 354
1818950 354
1818960 353
1818970 352
1818980 352
1818990 351
1819000 350
1819010 350
1819020 349
1819030 348
1819040 347
1819050 346
1819060 345
1819070 344
1819080 342
1819090 341
1819100 340
1819110 339
1819120 338
1819130 337
1819140 335
1819150 334
1819160 333
1819170 331
1819180 329
1819190 327
1819200 326
1819210 324
1819220 322
1819230 320
1819240 318
1819250 315
1819260 312
1819270 308
1819280 304
1819290 299
1819300 296
1819310 292
1819320 288
1819330 284
1819340 281
1819350 278
1819360 276
1819370 273
1819380 271
1819390 268
1819400 266
1819410 264
1819420 263
1819430 262
1819440 260
1819450 259
1819460 257
1819470 255
1819480 254
1819490 253
1819500 251
1819510 249
1819520 246
1819530 244
1819540 241
1819550 238
1819560 236
1819570 234
1819580 232
1819590 229
1819600 226
1819610 223
1819620 219
1819630 217
1819640 215
1819650 217
1819660 220
1819670 222
1819680 220
1819690 216
1819700 213
1819710 209
1819720 206
1819730 203
1819740 201
1819750 199
1819760 198
1819770 197
1819780 195
1819790 194
1819800 193
1819810 191
1819820 189
1819830 186
1819840 183
1819850 179
1819860 175
1819870 173
1819880 172
1819890 171
1819900 169
1819910 168
1819920 167
1819930 166
1819940 166
1819950 165
1819960 165
1819970 165
1819980 165
1819990 165
1800530 402
1800540 403
1800550 404
1800560 405
1800570 406
1800580 407
1800590 408
1800600 409
1800610 409
1800620 410
1800630 411
1800640 411
1800650 412
1800660 413
1800670 413
1800680 413
1800690 413
1800700 413
1800710 413
1800720 413
1800730 413
1800740 413
1800750 412
1800760 411
1800770 411
1800780 410
1800790 410
1800800 409
1800810 408
1800820 408
1800830 407
1800840 407
1800850 407
1800860 406
1800870 406
