1800000 184
1800010 184
1800020 185
1800030 185
1800040 186
1800050 186
1800060 187
1800070 187
1800080 188
1800090 188
1800100 188
1800110 189
1800120 189
1800130 190
1800140 190
1800150 190
1800160 190
1800170 191
1800180 191
1800190 191
1800200 191
1800210 191
1800220 192
1800230 193
1800240 194
1800250 194
1800260 194
1800270 193
1800280 193
1800290 194
1800300 195
1800310 195
1800320 195
1800330 195
1800340 195
1800350 195
1800360 195
1800370 196
1800380 196
1800390 197
1800400 198
1800410 198
1800420 199
1800430 200
1800440 201
1800450 202
1800460 203
1800470 205
1800480 206
1800490 208
1800500 210
1800510 212
1800520 214
1800530 215
1800540 217
1800550 218
1800560 220
1800570 221
1800580 221
1800590 221
1800600 221
1800610 221
1800620 221
1800630 221
1800640 221
1800650 221
1800660 221
1800670 221
1800680 221
1800690 222
1800700 223
1800710 224
1800720 226
1800730 228
1800740 229
1800750 230
1800760 231
1800770 232
1800780 232
1800790 234
1800800 235
1800810 238
1800820 240
1800830 243
1800840 246
1800850 249
1800860 251
1800870 253
1800880 254
1800890 255
1800900 256
1800910 257
1800920 258
1800930 258
1800940 259
1800950 259
1800960 261
1800970 263
1800980 265
1800990 267
1801000 270
1801010 272
1801020 274
1801030 276
1801040 277
1801050 278
1801060 279
1801070 280
1801080 280
1801090 280
1801100 280
1801110 280
1801120 280
1801130 279
1801140 279
1801150 278
1801160 276
1801170 274
1801180 272
1801190 270
1801200 268
1801210 266
1801220 265
1801230 263
1801240 261
1801250 260
1801260 258
1801270 256
1801280 254
1801290 252
1801300 250
1801310 247
1801320 245
1801330 243
1801340 242
1801350 241
1801360 240
1801370 239
1801380 239
1801390 238
1801400 238
1801410 238
1801420 238
1801430 239
1801440 239
1801450 239
1801460 239
1801470 241
1801480 242
1801490 243
1801500 243
1801510 243
1801520 244
1801530 244
1801540 245
1801550 245
1801560 246
1801570 246
1801580 247
1801590 247
1801600 248
1801610 249
1801620 250
1801630 251
1801640 253
1801650 254
1801660 256
1801670 258
1801680 260
1801690 262
1801700 263
1801710 265
1801720 267
1801730 269
1801740 270
1801750 271
1801760 273
1801770 274
1801780 275
1801790 277
1801800 280
1801810 282
1801820 284
1801830 286
1801840 288
1801850 289
1801860 291
1801870 292
1801880 293
1801890 294
1801900 294
1801910 295
1801920 295
1801930 295
1801940 295
1801950 294
1801960 292
1801970 290
1801980 288
1801990 286
1802000 285
1802010 284
1802020 283
1802030 283
1802040 283
1802050 283
1802060 282
1802070 282
1802080 282
1802090 283
1802100 285
1802110 286
1802120 285
1802130 283
1802140 282
1802150 281
1802160 282
1802170 283
1802180 284
1802190 284
1802200 285
1802210 285
1802220 287
1802230 288
1802240 290
1802250 291
1802260 291
1802270 292
1802280 294
1802290 296
1802300 298
1802310 300
1802320 302
1802330 304
1802340 306
1802350 307
1802360 308
1802370 309
1802380 310
1802390 311
1802400 313
1802410 315
1802420 317
1802430 319
1802440 322
1802450 324
1802460 325
1802470 326
1802480 326
1802490 326
1802500 326
1802510 327
1802520 328
1802530 328
1802540 330
1802550 331
1802560 332
1802570 333
1802580 335
1802590 337
1802600 340
1802610 342
1802620 343
1802630 345
1802640 347
1802650 348
1802660 349
1802670 350
1802680 352
1802690 354
1802700 357
1802710 360
1802720 363
1802730 365
1802740 367
1802750 368
1802760 369
1802770 370
1802780 371
1802790 372
1802800 372
1802810 373
1802820 374
1802830 374
1802840 375
1802850 375
1802860 375
1802870 375
1802880 374
1802890 374
1802900 373
1802910 373
1802920 372
1802930 372
1802940 372
1802950 372
1802960 373
1802970 373
1802980 374
1802990 374
1803000 374
1803010 373
1803020 373
1803030 373
1803040 373
1803050 373
1803060 373
1803070 372
1803080 372
1803090 371
1803100 371
1803110 370
1803120 370
1803130 369
1803140 369
1803150 368
1803160 368
1803170 367
1803180 367
1803190 366
1803200 366
1803210 365
1803220 364
1803230 364
1803240 363
1803250 363
1803260 362
1803270 361
1803280 361
1803290 360
1803300 359
1803310 359
1803320 358
1803330 357
1803340 357
1803350 356
1803360 355
1803370 355
1803380 354
1803390 353
1803400 352
1803410 352
1803420 351
1803430 350
1803440 349
1803450 348
1803460 347
1803470 346
1803480 345
1803490 344
1803500 344
1803510 343
1803520 342
1803530 341
1803540 339
1803550 338
1803560 336
1803570 334
1803580 332
1803590 331
1803600 330
1803610 328
1803620 327
1803630 326
1803640 324
1803650 323
1803660 321
1803670 318
1803680 315
1803690 312
1803700 310
1803710 310
1803720 310
1803730 312
1803740 312
1803750 312
1803760 312
1803770 313
1803780 313
1803790 314
1803800 315
1803810 316
1803820 316
1803830 317
1803840 317
1803850 317
1803860 317
1803870 317
1803880 316
1803890 316
1803900 316
1803910 315
1803920 315
1803930 314
1803940 314
1803950 313
1803960 313
1803970 312
1803980 311
1803990 311
1804000 310
1804010 309
1804020 308
1804030 307
1804040 306
1804050 305
1804060 304
1804070 303
1804080 302
1804090 300
1804100 300
1804110 299
1804120 298
1804130 297
1804140 296
1804150 295
1804160 294
1804170 293
1804180 292
1804190 290
1804200 287
1804210 284
1804220 281
1804230 278
1804240 274
1804250 272
1804260 269
1804270 266
1804280 262
1804290 261
1804300 262
1804310 263
1804320 264
1804330 265
1804340 268
1804350 271
1804360 273
1804370 275
1804380 276
1804390 278
1804400 281
1804410 285
1804420 289
1804430 292
1804440 294
1804450 297
1804460 299
1804470 301
1804480 302
1804490 304
1804500 305
1804510 306
1804520 306
1804530 307
1804540 308
1804550 308
1804560 309
1804570 309
1804580 310
1804590 310
1804600 310
1804610 311
1804620 311
1804630 311
1804640 311
1804650 312
1804660 312
1804670 312
1804680 312
1804690 312
1804700 312
1804710 312
1804720 312
1804730 312
1804740 312
1804750 312
1804760 311
1804770 311
1804780 311
1804790 311
1804800 310
1804810 310
1804820 310
1804830 310
1804840 310
1804850 309
1804860 309
1804870 309
1804880 309
1804890 308
1804900 306
1804910 306
1804920 306
1804930 307
1804940 305
1804950 304
1804960 303
1804970 303
1804980 303
1804990 304
1805000 306
1805010 308
1805020 310
1805030 311
1805040 312
1805050 313
1805060 315
1805070 317
1805080 319
1805090 321
1805100 322
1805110 324
1805120 326
1805130 328
1805140 330
1805150 331
1805160 332
1805170 332
1805180 333
1805190 334
1805200 334
1805210 335
1805220 337
1805230 338
1805240 339
1805250 339
1805260 340
1805270 341
1805280 341
1805290 341
1805300 341
1805310 341
1805320 341
1805330 341
1805340 341
1805350 340
1805360 340
1805370 342
1805380 344
1805390 346
1805400 348
1805410 350
1805420 352
1805430 354
1805440 355
1805450 357
1805460 358
1805470 360
1805480 361
1805490 362
1805500 363
1805510 364
1805520 364
1805530 365
1805540 366
1805550 367
1805560 368
1805570 368
1805580 369
1805590 370
1805600 371
1805610 371
1805620 372
1805630 373
1805640 373
1805650 373
1805660 374
1805670 374
1805680 375
1805690 375
1805700 375
1805710 376
1805720 376
1805730 376
1805740 376
1805750 377
1805760 377
1805770 377
1805780 377
1805790 377
1805800 377
1805810 376
1805820 376
1805830 376
1805840 376
1805850 375
1805860 375
1805870 374
1805880 373
1805890 372
1805900 370
1805910 369
1805920 369
1805930 368
1805940 368
1805950 368
1805960 368
1805970 369
1805980 370
1805990 370
1806000 371
1806010 372
1806020 373
1806030 375
1806040 376
1806050 377
1806060 378
1806070 379
1806080 379
1806090 380
1806100 380
1806110 381
1806120 381
1806130 381
1806140 382
1806150 382
1806160 382
1806170 383
1806180 383
1806190 383
1806200 383
1806210 383
1806220 383
1806230 383
1806240 383
1806250 382
1806260 382
1806270 382
1806280 382
1806290 381
1806300 381
1806310 381
1806320 380
1806330 380
1806340 380
1806350 379
1806360 379
1806370 379
1806380 378
1806390 378
1806400 377
1806410 377
1806420 376
1806430 376
1806440 375
1806450 375
1806460 374
1806470 374
1806480 373
1806490 373
1806500 372
1806510 372
1806520 371
1806530 371
1806540 370
1806550 370
1806560 369
1806570 368
1806580 368
1806590 367
1806600 367
1806610 366
1806620 366
1806630 366
1806640 365
1806650 365
1806660 365
1806670 365
1806680 365
1806690 365
1806700 365
1806710 365
1806720 365
1806730 366
1806740 366
1806750 366
1806760 366
1806770 366
1806780 366
1806790 366
1806800 366
1806810 366
1806820 366
1806830 366
1806840 366
1806850 366
1806860 366
1806870 366
1806880 366
1806890 366
1806900 366
1806910 366
1806920 366
1806930 366
1806940 366
1806950 366
1806960 366
1806970 366
1806980 366
1806990 366
1807000 366
1807010 366
1807020 366
1807030 366
1807040 366
1807050 366
1807060 366
1807070 365
1807080 365
1807090 365
1807100 365
1807110 364
1807120 364
1807130 364
1807140 364
1807150 363
1807160 363
1807170 363
1807180 363
1807190 362
1807200 362
1807210 362
1807220 361
1807230 361
1807240 361
1807250 360
1807260 360
1807270 360
1807280 359
1807290 359
1807300 359
1807310 358
1807320 358
1807330 357
1807340 357
1807350 356
1807360 356
1807370 356
1807380 355
1807390 355
1807400 354
1807410 353
1807420 353
1807430 352
1807440 352
1807450 351
1807460 351
1807470 350
1807480 349
1807490 349
1807500 348
1807510 347
1807520 346
1807530 345
1807540 344
1807550 343
1807560 342
1807570 341
1807580 340
1807590 339
1807600 338
1807610 336
1807620 335
1807630 334
1807640 334
1807650 335
1807660 335
1807670 336
1807680 336
1807690 337
1807700 337
1807710 338
1807720 338
1807730 339
1807740 339
1807750 339
1807760 339
1807770 339
1807780 339
1807790 339
1807800 339
1807810 339
1807820 339
1807830 338
1807840 338
1807850 338
1807860 338
1807870 337
1807880 337
1807890 336
1807900 336
1807910 335
1807920 335
1807930 334
1807940 333
1807950 333
1807960 332
1807970 331
1807980 330
1807990 330
1808000 329
1808010 328
1808020 327
1808030 326
1808040 325
1808050 324
1808060 323
1808070 322
1808080 320
1808090 319
1808100 317
1808110 316
1808120 314
1808130 313
1808140 312
1808150 311
1808160 310
1808170 309
1808180 309
1808190 308
1808200 308
1808210 308
1808220 308
1808230 308
1808240 307
1808250 307
1808260 307
1808270 307
1808280 307
1808290 307
1808300 307
1808310 307
1808320 307
1808330 307
1808340 307
1808350 307
1808360 307
1808370 307
1808380 307
1808390 307
1808400 307
1808410 307
1808420 307
1808430 306
1808440 306
1808450 306
1808460 305
1808470 305
1808480 305
1808490 304
1808500 304
1808510 303
1808520 303
1808530 303
1808540 302
1808550 302
1808560 301
1808570 300
1808580 299
1808590 299
1808600 298
1808610 298
1808620 297
1808630 296
1808640 296
1808650 296
1808660 295
1808670 295
1808680 295
1808690 295
1808700 295
1808710 295
1808720 295
1808730 295
1808740 295
1808750 294
1808760 294
1808770 294
1808780 293
1808790 293
1808800 293
1808810 292
1808820 292
1808830 292
1808840 292
1808850 291
1808860 291
1808870 290
1808880 290
1808890 289
1808900 289
1808910 288
1808920 287
1808930 286
1808940 286
1808950 285
1808960 285
1808970 285
1808980 285
1808990 285
1809000 285
1809010 284
1809020 284
1809030 284
1809040 283
1809050 283
1809060 282
1809070 282
1809080 282
1809090 281
1809100 281
1809110 281
1809120 280
1809130 280
1809140 279
1809150 279
1809160 278
1809170 278
1809180 277
1809190 277
1809200 277
1809210 276
1809220 276
1809230 275
1809240 275
1809250 274
1809260 274
1809270 273
1809280 272
1809290 272
1809300 271
1809310 271
1809320 270
1809330 269
1809340 269
1809350 268
1809360 268
1809370 267
1809380 266
1809390 266
1809400 266
1809410 265
1809420 265
1809430 264
1809440 263
1809450 262
1809460 261
1809470 260
1809480 259
1809490 258
1809500 257
1809510 256
1809520 254
1809530 253
1809540 251
1809550 250
1809560 248
1809570 247
1809580 245
1809590 244
1809600 241
1809610 239
1809620 238
1809630 237
1809640 235
1809650 233
1809660 231
1809670 230
1809680 229
1809690 229
1809700 229
1809710 228
1809720 228
1809730 227
1809740 227
1809750 227
1809760 226
1809770 225
1809780 224
1809790 224
1809800 224
1809810 225
1809820 225
1809830 225
1809840 226
1809850 226
1809860 226
1809870 226
1809880 227
1809890 227
1809900 227
1809910 228
1809920 228
1809930 228
1809940 227
1809950 227
1809960 227
1809970 227
1809980 227
1809990 228
1810000 229
1810010 230
1810020 230
1810030 230
1810040 230
1810050 229
1810060 229
1810070 229
1810080 229
1810090 229
1810100 228
1810110 228
1810120 228
1810130 228
1810140 228
1810150 227
1810160 227
1810170 226
1810180 226
1810190 226
1810200 226
1810210 226
1810220 226
1810230 226
1810240 225
1810250 224
1810260 224
1810270 223
1810280 223
1810290 223
1810300 223
1810310 223
1810320 222
1810330 222
1810340 222
1810350 222
1810360 222
1810370 222
1810380 222
1810390 222
1810400 221
1810410 221
1810420 221
1810430 221
1810440 220
1810450 220
1810460 220
1810470 219
1810480 219
1810490 219
1810500 219
1810510 219
1810520 219
1810530 219
1810540 219
1810550 219
1810560 218
1810570 218
1810580 218
1810590 218
1810600 218
1810610 218
1810620 218
1810630 218
1810640 218
1810650 218
1810660 218
1810670 218
1810680 218
1810690 218
1810700 218
1810710 218
1810720 218
1810730 218
1810740 218
1810750 219
1810760 220
1810770 220
1810780 221
1810790 222
1810800 222
1810810 223
1810820 223
1810830 222
1810840 222
1810850 221
1810860 221
1810870 220
1810880 220
1810890 219
1810900 218
1810910 217
1810920 217
1810930 216
1810940 216
1810950 216
1810960 215
1810970 214
1810980 214
1810990 214
1811000 214
1811010 214
1811020 214
1811030 214
1811040 214
1811050 214
1811060 214
1811070 213
1811080 213
1811090 214
1811100 214
1811110 213
1811120 213
1811130 213
1811140 213
1811150 213
1811160 213
1811170 213
1811180 213
1811190 214
1811200 215
1811210 216
1811220 217
1811230 218
1811240 218
1811250 218
1811260 218
1811270 218
1811280 219
1811290 220
1811300 221
1811310 221
1811320 221
1811330 221
1811340 221
1811350 220
1811360 220
1811370 221
1811380 223
1811390 225
1811400 225
1811410 225
1811420 225
1811430 223
1811440 222
1811450 223
1811460 223
1811470 225
1811480 227
1811490 227
1811500 228
1811510 227
1811520 227
1811530 227
1811540 227
1811550 226
1811560 226
1811570 225
1811580 224
1811590 223
1811600 223
1811610 222
1811620 221
1811630 219
1811640 219
1811650 219
1811660 218
1811670 218
1811680 219
1811690 220
1811700 221
1811710 221
1811720 222
1811730 224
1811740 226
1811750 227
1811760 228
1811770 229
1811780 230
1811790 230
1811800 230
1811810 231
1811820 231
1811830 232
1811840 232
1811850 232
1811860 232
1811870 232
1811880 232
1811890 232
1811900 232
1811910 231
1811920 231
1811930 231
1811940 230
1811950 229
1811960 229
1811970 229
1811980 229
1811990 229
1812000 229
1812010 228
1812020 228
1812030 227
1812040 227
1812050 226
1812060 226
1812070 225
1812080 224
1812090 224
1812100 223
1812110 222
1812120 220
1812130 219
1812140 218
1812150 217
1812160 217
1812170 216
1812180 217
1812190 218
1812200 219
1812210 220
1812220 221
1812230 221
1812240 220
1812250 220
1812260 220
1812270 221
1812280 221
1812290 221
1812300 221
1812310 221
1812320 220
1812330 220
1812340 220
1812350 221
1812360 221
1812370 221
1812380 221
1812390 221
1812400 221
1812410 221
1812420 221
1812430 221
1812440 221
1812450 221
1812460 221
1812470 220
1812480 220
1812490 220
1812500 219
1812510 219
1812520 219
1812530 218
1812540 218
1812550 218
1812560 218
1812570 218
1812580 218
1812590 217
1812600 217
1812610 217
1812620 217
1812630 217
1812640 217
1812650 216
1812660 216
1812670 215
1812680 214
1812690 213
1812700 212
1812710 210
1812720 209
1812730 208
1812740 208
1812750 208
1812760 207
1812770 207
1812780 206
1812790 205
1812800 205
1812810 204
1812820 203
1812830 202
1812840 202
1812850 201
1812860 200
1812870 200
1812880 199
1812890 199
1812900 198
1812910 198
1812920 198
1812930 199
1812940 199
1812950 199
1812960 199
1812970 199
1812980 199
1812990 199
1813000 199
1813010 199
1813020 199
1813030 199
1813040 199
1813050 199
1813060 199
1813070 199
1813080 200
1813090 200
1813100 200
1813110 201
1813120 201
1813130 202
1813140 202
1813150 202
1813160 203
1813170 203
1813180 204
1813190 205
1813200 206
1813210 206
1813220 206
1813230 206
1813240 206
1813250 206
1813260 207
1813270 207
1813280 208
1813290 209
1813300 211
1813310 212
1813320 213
1813330 214
1813340 216
1813350 217
1813360 218
1813370 219
1813380 220
1813390 221
1813400 222
1813410 224
1813420 225
1813430 227
1813440 229
1813450 231
1813460 232
1813470 234
1813480 236
1813490 237
1813500 239
1813510 240
1813520 242
1813530 243
1813540 244
1813550 245
1813560 247
1813570 249
1813580 250
1813590 251
1813600 252
1813610 253
1813620 253
1813630 253
1813640 254
1813650 254
1813660 254
1813670 254
1813680 254
1813690 254
1813700 254
1813710 254
1813720 254
1813730 253
1813740 253
1813750 253
1813760 252
1813770 252
1813780 252
1813790 251
1813800 251
1813810 250
1813820 250
1813830 249
1813840 248
1813850 247
1813860 246
1813870 246
1813880 245
1813890 244
1813900 243
1813910 243
1813920 242
1813930 241
1813940 241
1813950 240
1813960 239
1813970 238
1813980 237
1813990 236
1814000 236
1814010 235
1814020 234
1814030 232
1814040 230
1814050 229
1814060 227
1814070 226
1814080 225
1814090 224
1814100 223
1814110 221
1814120 220
1814130 220
1814140 219
1814150 218
1814160 217
1814170 216
1814180 215
1814190 215
1814200 214
1814210 215
1814220 215
1814230 216
1814240 216
1814250 216
1814260 216
1814270 215
1814280 215
1814290 215
1814300 215
1814310 215
1814320 215
1814330 215
1814340 214
1814350 214
1814360 214
1814370 214
1814380 214
1814390 213
1814400 213
1814410 213
1814420 212
1814430 212
1814440 211
1814450 211
1814460 210
1814470 209
1814480 209
1814490 209
1814500 209
1814510 209
1814520 210
1814530 210
1814540 211
1814550 212
1814560 213
1814570 213
1814580 213
1814590 213
1814600 214
1814610 214
1814620 215
1814630 216
1814640 216
1814650 217
1814660 217
1814670 216
1814680 216
1814690 216
1814700 215
1814710 215
1814720 214
1814730 214
1814740 213
1814750 214
1814760 214
1814770 214
1814780 214
1814790 213
1814800 213
1814810 212
1814820 212
1814830 211
1814840 210
1814850 209
1814860 209
1814870 208
1814880 207
1814890 207
1814900 206
1814910 205
1814920 204
1814930 202
1814940 201
1814950 199
1814960 198
1814970 197
1814980 196
1814990 195
1815000 194
1815010 194
1815020 195
1815030 195
1815040 195
1815050 195
1815060 196
1815070 197
1815080 198
1815090 199
1815100 199
1815110 200
1815120 201
1815130 201
1815140 201
1815150 202
1815160 202
1815170 202
1815180 203
1815190 203
1815200 203
1815210 203
1815220 203
1815230 203
1815240 203
1815250 203
1815260 203
1815270 203
1815280 204
1815290 204
1815300 204
1815310 204
1815320 204
1815330 204
1815340 203
1815350 203
1815360 202
1815370 202
1815380 202
1815390 202
1815400 202
1815410 202
1815420 202
1815430 202
1815440 202
1815450 202
1815460 202
1815470 202
1815480 202
1815490 202
1815500 202
1815510 202
1815520 201
1815530 201
1815540 201
1815550 201
1815560 201
1815570 200
1815580 200
1815590 200
1815600 200
1815610 199
1815620 199
1815630 199
1815640 199
1815650 199
1815660 199
1815670 199
1815680 200
1815690 200
1815700 200
1815710 201
1815720 201
1815730 201
1815740 202
1815750 202
1815760 203
1815770 203
1815780 203
1815790 203
1815800 203
1815810 203
1815820 203
1815830 203
1815840 203
1815850 203
1815860 203
1815870 203
1815880 203
1815890 203
1815900 203
1815910 204
1815920 203
1815930 203
1815940 203
1815950 203
1815960 202
1815970 202
1815980 202
1815990 202
1816000 202
1816010 202
1816020 201
1816030 201
1816040 201
1816050 200
1816060 200
1816070 200
1816080 199
1816090 199
1816100 199
1816110 199
1816120 199
1816130 199
1816140 199
1816150 198
1816160 198
1816170 198
1816180 197
1816190 197
1816200 197
1816210 197
1816220 197
1816230 196
1816240 196
1816250 196
1816260 196
1816270 195
1816280 195
1816290 195
1816300 195
1816310 194
1816320 194
1816330 193
1816340 193
1816350 193
1816360 192
1816370 192
1816380 192
1816390 191
1816400 191
1816410 191
1816420 191
1816430 190
1816440 190
1816450 190
1816460 190
1816470 190
1816480 189
1816490 189
1816500 189
1816510 189
1816520 188
1816530 188
1816540 188
1816550 188
1816560 187
1816570 187
1816580 186
1816590 186
1816600 186
1816610 186
1816620 185
1816630 185
1816640 185
1816650 184
1816660 184
1816670 184
1816680 183
1816690 183
1816700 183
1816710 182
1816720 182
1816730 182
1816740 181
1816750 180
1816760 180
1816770 179
1816780 179
1816790 180
1816800 180
1816810 180
1816820 179
1816830 178
1816840 177
1816850 176
1816860 176
1816870 176
1816880 176
1816890 175
1816900 175
1816910 175
1816920 175
1816930 175
1816940 175
1816950 174
1816960 173
1816970 172
1816980 171
1816990 171
1817000 170
1817010 170
1817020 170
1817030 169
1817040 169
1817050 169
1817060 169
1817070 169
1817080 168
1817090 167
1817100 167
1817110 167
1817120 167
1817130 167
1817140 167
1817150 167
1817160 166
1817170 166
1817180 167
1817190 168
1817200 170
1817210 170
1817220 169
1817230 169
1817240 170
1817250 170
1817260 170
1817270 170
1817280 171
1817290 173
1817300 175
1817310 177
1817320 179
1817330 181
1817340 183
1817350 185
1817360 186
1817370 187
1817380 188
1817390 187
1817400 187
1817410 187
1817420 186
1817430 186
1817440 186
1817450 185
1817460 185
1817470 185
1817480 185
1817490 184
1817500 182
1817510 179
1817520 174
1817530 171
1817540 169
1817550 168
1817560 167
1817570 167
1817580 167
1817590 167
1817600 167
1817610 167
1817620 167
1817630 167
1817640 168
1817650 167
1817660 167
1817670 168
1817680 167
1817690 166
1817700 164
1817710 163
1817720 163
1817730 164
1817740 165
1817750 165
1817760 165
1817770 165
1817780 165
1817790 164
1817800 165
1817810 166
1817820 167
1817830 167
1817840 168
1817850 168
1817860 168
1817870 168
1817880 168
1817890 168
1817900 168
1817910 168
1817920 168
1817930 168
1817940 168
1817950 168
1817960 168
1817970 168
1817980 168
1817990 168
1818000 168
1818010 168
1818020 168
1818030 168
1818040 168
1818050 168
1818060 168
1818070 168
1818080 168
1818090 167
1818100 166
1818110 166
1818120 165
1818130 165
1818140 165
1818150 165
1818160 165
1818170 165
1818180 165
1818190 165
1818200 165
1818210 165
1818220 165
1818230 165
1818240 165
1818250 165
1818260 165
1818270 165
1818280 165
1818290 165
1818300 165
1818310 165
1818320 165
1818330 166
1818340 166
1818350 166
1818360 166
1818370 165
1818380 165
1818390 165
1818400 165
1818410 165
1818420 165
1818430 165
1818440 166
1818450 165
1818460 165
1818470 165
1818480 165
1818490 165
1818500 165
1818510 165
1818520 165
1818530 165
1818540 165
1818550 165
1818560 165
1818570 165
1818580 165
1818590 165
1818600 164
1818610 164
1818620 165
1818630 165
1818640 165
1818650 165
1818660 165
1818670 165
1818680 165
1818690 165
1818700 165
1818710 165
1818720 165
1818730 164
1818740 164
1818750 163
1818760 163
1818770 162
1818780 162
1818790 162
1818800 162
1818810 162
1818820 162
1818830 162
1818840 162
1818850 162
1818860 162
1818870 162
1818880 162
1818890 162
1818900 162
1818910 162
1818920 162
1818930 162
1818940 163
1818950 164
1818960 165
1818970 165
1818980 164
1818990 163
1819000 162
1819010 162
1819020 162
1819030 162
1819040 162
1819050 162
1819060 162
1819070 162
1819080 162
1819090 162
1819100 162
1819110 162
1819120 162
1819130 162
1819140 162
1819150 162
1819160 162
1819170 162
1819180 162
1819190 162
1819200 162
1819210 162
1819220 162
1819230 162
1819240 162
1819250 162
1819260 162
1819270 162
1819280 162
1819290 162
1819300 162
1819310 162
1819320 162
1819330 162
1819340 162
1819350 162
1819360 162
1819370 162
1819380 162
1819390 162
1819400 162
1819410 162
1819420 162
1819430 162
1819440 162
1819450 162
1819460 162
1819470 162
1819480 164
1819490 166
1819500 168
1819510 168
1819520 168
1819530 169
1819540 168
1819550 168
1819560 168
1819570 166
1819580 165
1819590 165
1819600 165
1819610 165
1819620 165
1819630 165
1819640 165
1819650 165
1819660 165
1819670 165
1819680 165
1819690 165
1819700 165
1819710 165
1819720 165
1819730 165
1819740 165
1819750 165
1819760 165
1819770 164
1819780 164
1819790 164
1819800 164
1819810 164
1819820 164
1819830 164
1819840 164
1819850 164
1819860 164
1819870 164
1819880 164
1819890 164
1819900 164
1819910 164
1819920 164
1819930 164
1819940 164
1819950 164
1819960 164
1819970 164
1819980 164
1819990 164
