1800000 188
1800010 189
1800020 190
1800030 191
1800040 192
1800050 192
1800060 193
1800070 193
1800080 193
1800090 193
1800100 194
1800110 195
1800120 196
1800130 197
1800140 198
1800150 198
1800160 198
1800170 198
1800180 198
1800190 198
1800200 198
1800210 198
1800220 198
1800230 198
1800240 198
1800250 199
1800260 199
1800270 199
1800280 199
1800290 200
1800300 201
1800310 202
1800320 203
1800330 204
1800340 205
1800350 207
1800360 208
1800370 210
1800380 212
1800390 215
1800400 217
1800410 218
1800420 219
1800430 220
1800440 220
1800450 220
1800460 220
1800470 221
1800480 221
1800490 221
1800500 222
1800510 224
1800520 225
1800530 227
1800540 229
1800550 232
1800560 235
1800570 238
1800580 240
1800590 243
1800600 246
1800610 248
1800620 251
1800630 253
1800640 255
1800650 257
1800660 258
1800670 258
1800680 257
1800690 257
1800700 258
1800710 259
1800720 259
1800730 259
1800740 260
1800750 261
1800760 262
1800770 263
1800780 264
1800790 265
1800800 265
1800810 266
1800820 266
1800830 267
1800840 268
1800850 269
1800860 270
1800870 272
1800880 273
1800890 275
1800900 276
1800910 278
1800920 279
1800930 280
1800940 281
1800950 281
1800960 282
1800970 283
1800980 283
1800990 284
1801000 284
1801010 284
1801020 283
1801030 281
1801040 280
1801050 280
1801060 279
1801070 278
1801080 277
1801090 276
1801100 275
1801110 274
1801120 273
1801130 272
1801140 271
1801150 271
1801160 270
1801170 269
1801180 267
1801190 266
1801200 266
1801210 265
1801220 264
1801230 263
1801240 262
1801250 261
1801260 259
1801270 258
1801280 257
1801290 256
1801300 255
1801310 253
1801320 252
1801330 252
1801340 252
1801350 253
1801360 255
1801370 257
1801380 261
1801390 263
1801400 265
1801410 264
1801420 262
1801430 260
1801440 257
1801450 255
1801460 253
1801470 252
1801480 251
1801490 251
1801500 252
1801510 253
1801520 255
1801530 256
1801540 257
1801550 257
1801560 258
1801570 258
1801580 259
1801590 260
1801600 261
1801610 262
1801620 263
1801630 265
1801640 267
1801650 269
1801660 272
1801670 275
1801680 277
1801690 280
1801700 282
1801710 285
1801720 287
1801730 288
1801740 290
1801750 290
1801760 290
1801770 291
1801780 291
1801790 291
1801800 292
1801810 293
1801820 294
1801830 295
1801840 296
1801850 297
1801860 297
1801870 298
1801880 299
1801890 300
1801900 302
1801910 303
1801920 303
1801930 304
1801940 303
1801950 302
1801960 300
1801970 299
1801980 298
1801990 298
1802000 298
1802010 301
1802020 303
1802030 305
1802040 305
1802050 307
1802060 308
1802070 310
1802080 312
1802090 314
1802100 314
1802110 313
1802120 312
1802130 312
1802140 311
1802150 312
1802160 313
1802170 314
1802180 314
1802190 313
1802200 311
1802210 309
1802220 307
1802230 306
1802240 305
1802250 305
1802260 304
1802270 304
1802280 304
1802290 304
1802300 304
1802310 306
1802320 307
1802330 308
1802340 309
1802350 309
1802360 310
1802370 311
1802380 312
1802390 313
1802400 313
1802410 314
1802420 315
1802430 316
1802440 318
1802450 319
1802460 321
1802470 322
1802480 324
1802490 324
1802500 326
1802510 327
1802520 329
1802530 332
1802540 334
1802550 336
1802560 339
1802570 342
1802580 344
1802590 345
1802600 347
1802610 349
1802620 351
1802630 354
1802640 357
1802650 359
1802660 361
1802670 363
1802680 364
1802690 366
1802700 367
1802710 368
1802720 369
1802730 370
1802740 371
1802750 372
1802760 373
1802770 374
1802780 375
1802790 376
1802800 377
1802810 378
1802820 378
1802830 379
1802840 380
1802850 380
1802860 381
1802870 381
1802880 381
1802890 381
1802900 381
1802910 381
1802920 381
1802930 381
1802940 380
1802950 380
1802960 380
1802970 379
1802980 379
1802990 379
1803000 378
1803010 378
1803020 378
1803030 378
1803040 377
1803050 377
1803060 377
1803070 377
1803080 376
1803090 376
1803100 376
1803110 376
1803120 375
1803130 375
1803140 375
1803150 374
1803160 374
1803170 374
1803180 373
1803190 373
1803200 372
1803210 372
1803220 371
1803230 370
1803240 370
1803250 369
1803260 369
1803270 368
1803280 367
1803290 367
1803300 366
1803310 365
1803320 365
1803330 364
1803340 363
1803350 362
1803360 361
1803370 360
1803380 359
1803390 358
1803400 357
1803410 356
1803420 355
1803430 353
1803440 352
1803450 350
1803460 349
1803470 347
1803480 345
1803490 343
1803500 341
1803510 340
1803520 338
1803530 337
1803540 336
1803550 335
1803560 335
1803570 334
1803580 334
1803590 334
1803600 333
1803610 333
1803620 333
1803630 333
1803640 333
1803650 333
1803660 333
1803670 333
1803680 334
1803690 334
1803700 334
1803710 335
1803720 335
1803730 335
1803740 334
1803750 334
1803760 334
1803770 333
1803780 333
1803790 332
1803800 332
1803810 332
1803820 331
1803830 331
1803840 330
1803850 329
1803860 329
1803870 328
1803880 327
1803890 327
1803900 326
1803910 325
1803920 324
1803930 323
1803940 322
1803950 321
1803960 320
1803970 319
1803980 318
1803990 317
1804000 316
1804010 315
1804020 313
1804030 312
1804040 311
1804050 309
1804060 308
1804070 307
1804080 305
1804090 304
1804100 303
1804110 302
1804120 300
1804130 299
1804140 298
1804150 297
1804160 296
1804170 294
1804180 293
1804190 292
1804200 290
1804210 289
1804220 287
1804230 286
1804240 284
1804250 282
1804260 280
1804270 277
1804280 275
1804290 273
1804300 271
1804310 268
1804320 265
1804330 263
1804340 263
1804350 265
1804360 269
1804370 273
1804380 278
1804390 283
1804400 287
1804410 290
1804420 293
1804430 295
1804440 297
1804450 299
1804460 301
1804470 302
1804480 304
1804490 306
1804500 307
1804510 309
1804520 310
1804530 311
1804540 313
1804550 314
1804560 315
1804570 316
1804580 317
1804590 318
1804600 319
1804610 320
1804620 321
1804630 321
1804640 322
1804650 323
1804660 323
1804670 324
1804680 324
1804690 325
1804700 325
1804710 326
1804720 326
1804730 326
1804740 326
1804750 326
1804760 327
1804770 327
1804780 326
1804790 326
1804800 326
1804810 326
1804820 326
1804830 326
1804840 326
1804850 325
1804860 325
1804870 325
1804880 324
1804890 324
1804900 324
1804910 324
1804920 324
1804930 324
1804940 323
1804950 323
1804960 323
1804970 323
1804980 323
1804990 323
1805000 323
1805010 322
1805020 320
1805030 317
1805040 316
1805050 315
1805060 314
1805070 315
1805080 317
1805090 318
1805100 321
1805110 323
1805120 325
1805130 328
1805140 330
1805150 332
1805160 334
1805170 336
1805180 337
1805190 339
1805200 341
1805210 343
1805220 344
1805230 346
1805240 347
1805250 349
1805260 350
1805270 352
1805280 353
1805290 354
1805300 356
1805310 357
1805320 358
1805330 359
1805340 360
1805350 361
1805360 362
1805370 363
1805380 363
1805390 364
1805400 365
1805410 366
1805420 366
1805430 367
1805440 367
1805450 368
1805460 368
1805470 369
1805480 371
1805490 372
1805500 373
1805510 374
1805520 375
1805530 377
1805540 378
1805550 379
1805560 380
1805570 381
1805580 382
1805590 383
1805600 384
1805610 386
1805620 387
1805630 388
1805640 388
1805650 389
1805660 390
1805670 391
1805680 391
1805690 391
1805700 392
1805710 392
1805720 392
1805730 392
1805740 392
1805750 392
1805760 392
1805770 392
1805780 391
1805790 391
1805800 391
1805810 390
1805820 390
1805830 390
1805840 389
1805850 389
1805860 389
1805870 389
1805880 388
1805890 388
1805900 388
1805910 388
1805920 388
1805930 388
1805940 387
1805950 387
1805960 387
1805970 387
1805980 387
1805990 387
1806000 386
1806010 386
1806020 386
1806030 386
1806040 386
1806050 386
1806060 386
1806070 386
1806080 386
1806090 386
1806100 386
1806110 386
1806120 386
1806130 386
1806140 386
1806150 386
1806160 386
1806170 387
1806180 387
1806190 387
1806200 387
1806210 387
1806220 387
1806230 386
1806240 386
1806250 386
1806260 386
1806270 386
1806280 386
1806290 385
1806300 385
1806310 385
1806320 384
1806330 384
1806340 383
1806350 383
1806360 382
1806370 382
1806380 381
1806390 381
1806400 380
1806410 380
1806420 379
1806430 379
1806440 378
1806450 377
1806460 377
1806470 376
1806480 376
1806490 375
1806500 374
1806510 374
1806520 373
1806530 372
1806540 372
1806550 371
1806560 370
1806570 370
1806580 369
1806590 368
1806600 368
1806610 367
1806620 367
1806630 366
1806640 365
1806650 364
1806660 363
1806670 363
1806680 362
1806690 361
1806700 360
1806710 359
1806720 359
1806730 358
1806740 358
1806750 357
1806760 357
1806770 357
1806780 357
1806790 357
1806800 357
1806810 357
1806820 357
1806830 357
1806840 357
1806850 357
1806860 357
1806870 357
1806880 357
1806890 357
1806900 357
1806910 357
1806920 357
1806930 357
1806940 357
1806950 357
1806960 357
1806970 357
1806980 357
1806990 357
1807000 357
1807010 357
1807020 357
1807030 357
1807040 357
1807050 357
1807060 357
1807070 357
1807080 357
1807090 357
1807100 357
1807110 357
1807120 357
1807130 357
1807140 357
1807150 357
1807160 357
1807170 357
1807180 357
1807190 357
1807200 357
1807210 357
1807220 357
1807230 357
1807240 356
1807250 356
1807260 356
1807270 356
1807280 356
1807290 355
1807300 355
1807310 354
1807320 354
1807330 354
1807340 353
1807350 353
1807360 352
1807370 352
1807380 352
1807390 351
1807400 350
1807410 350
1807420 349
1807430 348
1807440 347
1807450 346
1807460 346
1807470 345
1807480 344
1807490 343
1807500 342
1807510 341
1807520 340
1807530 340
1807540 339
1807550 337
1807560 336
1807570 334
1807580 332
1807590 329
1807600 327
1807610 324
1807620 322
1807630 320
1807640 318
1807650 315
1807660 313
1807670 313
1807680 313
1807690 314
1807700 315
1807710 316
1807720 316
1807730 317
1807740 318
1807750 319
1807760 320
1807770 320
1807780 321
1807790 322
1807800 322
1807810 323
1807820 323
1807830 323
1807840 323
1807850 323
1807860 323
1807870 323
1807880 322
1807890 322
1807900 322
1807910 321
1807920 321
1807930 320
1807940 319
1807950 318
1807960 318
1807970 317
1807980 316
1807990 316
1808000 315
1808010 314
1808020 314
1808030 313
1808040 312
1808050 312
1808060 311
1808070 310
1808080 310
1808090 309
1808100 308
1808110 308
1808120 307
1808130 306
1808140 305
1808150 304
1808160 302
1808170 301
1808180 299
1808190 298
1808200 296
1808210 294
1808220 293
1808230 291
1808240 289
1808250 287
1808260 285
1808270 284
1808280 283
1808290 282
1808300 281
1808310 280
1808320 280
1808330 280
1808340 280
1808350 280
1808360 281
1808370 282
1808380 282
1808390 283
1808400 283
1808410 283
1808420 283
1808430 283
1808440 283
1808450 283
1808460 283
1808470 283
1808480 282
1808490 282
1808500 282
1808510 281
1808520 281
1808530 280
1808540 280
1808550 279
1808560 278
1808570 278
1808580 277
1808590 275
1808600 274
1808610 274
1808620 273
1808630 273
1808640 273
1808650 273
1808660 273
1808670 273
1808680 273
1808690 273
1808700 273
1808710 274
1808720 274
1808730 274
1808740 274
1808750 273
1808760 273
1808770 273
1808780 273
1808790 272
1808800 272
1808810 271
1808820 271
1808830 270
1808840 269
1808850 269
1808860 268
1808870 267
1808880 267
1808890 266
1808900 266
1808910 265
1808920 265
1808930 264
1808940 264
1808950 263
1808960 263
1808970 262
1808980 262
1808990 261
1809000 261
1809010 260
1809020 260
1809030 260
1809040 259
1809050 259
1809060 259
1809070 258
1809080 258
1809090 258
1809100 258
1809110 258
1809120 257
1809130 257
1809140 257
1809150 257
1809160 257
1809170 257
1809180 256
1809190 256
1809200 255
1809210 255
1809220 255
1809230 255
1809240 254
1809250 254
1809260 254
1809270 253
1809280 253
1809290 252
1809300 252
1809310 251
1809320 250
1809330 250
1809340 249
1809350 249
1809360 248
1809370 248
1809380 248
1809390 247
1809400 247
1809410 246
1809420 246
1809430 245
1809440 243
1809450 241
1809460 239
1809470 238
1809480 236
1809490 234
1809500 232
1809510 230
1809520 230
1809530 230
1809540 230
1809550 230
1809560 230
1809570 230
1809580 229
1809590 228
1809600 229
1809610 229
1809620 229
1809630 229
1809640 229
1809650 228
1809660 228
1809670 228
1809680 228
1809690 228
1809700 228
1809710 228
1809720 228
1809730 228
1809740 228
1809750 228
1809760 229
1809770 230
1809780 231
1809790 233
1809800 233
1809810 234
1809820 235
1809830 236
1809840 237
1809850 237
1809860 237
1809870 237
1809880 237
1809890 236
1809900 235
1809910 235
1809920 235
1809930 235
1809940 237
1809950 238
1809960 238
1809970 238
1809980 239
1809990 239
1810000 239
1810010 240
1810020 241
1810030 241
1810040 242
1810050 242
1810060 242
1810070 242
1810080 242
1810090 242
1810100 242
1810110 242
1810120 242
1810130 242
1810140 242
1810150 242
1810160 241
1810170 241
1810180 241
1810190 241
1810200 241
1810210 240
1810220 240
1810230 240
1810240 240
1810250 239
1810260 239
1810270 238
1810280 238
1810290 237
1810300 237
1810310 236
1810320 235
1810330 234
1810340 234
1810350 233
1810360 233
1810370 232
1810380 232
1810390 233
1810400 234
1810410 235
1810420 236
1810430 237
1810440 237
1810450 237
1810460 237
1810470 236
1810480 235
1810490 234
1810500 234
1810510 235
1810520 235
1810530 236
1810540 236
1810550 235
1810560 235
1810570 235
1810580 235
1810590 234
1810600 234
1810610 234
1810620 234
1810630 234
1810640 234
1810650 234
1810660 235
1810670 235
1810680 235
1810690 235
1810700 235
1810710 235
1810720 235
1810730 236
1810740 236
1810750 237
1810760 237
1810770 238
1810780 237
1810790 236
1810800 236
1810810 235
1810820 234
1810830 234
1810840 234
1810850 233
1810860 232
1810870 234
1810880 235
1810890 235
1810900 236
1810910 235
1810920 235
1810930 234
1810940 234
1810950 234
1810960 235
1810970 235
1810980 236
1810990 236
1811000 236
1811010 236
1811020 236
1811030 236
1811040 236
1811050 236
1811060 236
1811070 236
1811080 236
1811090 236
1811100 236
1811110 236
1811120 236
1811130 237
1811140 237
1811150 237
1811160 237
1811170 237
1811180 238
1811190 238
1811200 238
1811210 239
1811220 240
1811230 241
1811240 241
1811250 242
1811260 242
1811270 243
1811280 242
1811290 242
1811300 241
1811310 242
1811320 243
1811330 244
1811340 245
1811350 245
1811360 245
1811370 245
1811380 244
1811390 244
1811400 245
1811410 245
1811420 245
1811430 245
1811440 244
1811450 244
1811460 244
1811470 243
1811480 243
1811490 243
1811500 242
1811510 242
1811520 241
1811530 239
1811540 237
1811550 235
1811560 232
1811570 230
1811580 230
1811590 230
1811600 229
1811610 228
1811620 226
1811630 225
1811640 224
1811650 223
1811660 222
1811670 222
1811680 224
1811690 226
1811700 228
1811710 229
1811720 230
1811730 231
1811740 232
1811750 234
1811760 235
1811770 236
1811780 237
1811790 239
1811800 240
1811810 241
1811820 242
1811830 242
1811840 243
1811850 243
1811860 243
1811870 243
1811880 243
1811890 243
1811900 243
1811910 243
1811920 243
1811930 242
1811940 242
1811950 242
1811960 241
1811970 241
1811980 241
1811990 240
1812000 240
1812010 240
1812020 240
1812030 240
1812040 239
1812050 239
1812060 239
1812070 238
1812080 237
1812090 237
1812100 236
1812110 235
1812120 235
1812130 234
1812140 233
1812150 232
1812160 231
1812170 230
1812180 229
1812190 229
1812200 229
1812210 230
1812220 231
1812230 231
1812240 232
1812250 233
1812260 233
1812270 233
1812280 233
1812290 233
1812300 233
1812310 233
1812320 233
1812330 232
1812340 233
1812350 233
1812360 233
1812370 233
1812380 233
1812390 233
1812400 233
1812410 233
1812420 233
1812430 233
1812440 232
1812450 232
1812460 233
1812470 233
1812480 232
1812490 232
1812500 232
1812510 232
1812520 232
1812530 231
1812540 231
1812550 230
1812560 229
1812570 228
1812580 228
1812590 228
1812600 227
1812610 225
1812620 224
1812630 224
1812640 223
1812650 222
1812660 222
1812670 221
1812680 221
1812690 221
1812700 221
1812710 220
1812720 220
1812730 220
1812740 219
1812750 219
1812760 218
1812770 218
1812780 218
1812790 217
1812800 217
1812810 217
1812820 217
1812830 217
1812840 217
1812850 216
1812860 216
1812870 215
1812880 214
1812890 214
1812900 213
1812910 213
1812920 212
1812930 211
1812940 211
1812950 210
1812960 210
1812970 209
1812980 208
1812990 206
1813000 205
1813010 203
1813020 201
1813030 200
1813040 199
1813050 198
1813060 198
1813070 197
1813080 197
1813090 197
1813100 197
1813110 198
1813120 198
1813130 198
1813140 198
1813150 198
1813160 198
1813170 199
1813180 199
1813190 199
1813200 199
1813210 199
1813220 199
1813230 199
1813240 199
1813250 199
1813260 198
1813270 198
1813280 198
1813290 198
1813300 198
1813310 199
1813320 199
1813330 199
1813340 199
1813350 200
1813360 200
1813370 201
1813380 202
1813390 202
1813400 203
1813410 204
1813420 204
1813430 204
1813440 205
1813450 206
1813460 207
1813470 209
1813480 210
1813490 211
1813500 212
1813510 214
1813520 217
1813530 219
1813540 220
1813550 223
1813560 225
1813570 228
1813580 230
1813590 231
1813600 233
1813610 234
1813620 235
1813630 236
1813640 237
1813650 237
1813660 238
1813670 238
1813680 239
1813690 239
1813700 240
1813710 240
1813720 240
1813730 240
1813740 241
1813750 241
1813760 241
1813770 240
1813780 240
1813790 239
1813800 238
1813810 237
1813820 236
1813830 235
1813840 234
1813850 234
1813860 233
1813870 232
1813880 231
1813890 230
1813900 229
1813910 229
1813920 228
1813930 227
1813940 226
1813950 225
1813960 224
1813970 224
1813980 224
1813990 224
1814000 223
1814010 223
1814020 222
1814030 221
1814040 221
1814050 220
1814060 219
1814070 218
1814080 217
1814090 216
1814100 215
1814110 214
1814120 213
1814130 212
1814140 212
1814150 211
1814160 210
1814170 209
1814180 207
1814190 206
1814200 205
1814210 203
1814220 202
1814230 202
1814240 201
1814250 201
1814260 200
1814270 200
1814280 200
1814290 200
1814300 200
1814310 200
1814320 199
1814330 199
1814340 198
1814350 197
1814360 196
1814370 195
1814380 195
1814390 195
1814400 195
1814410 195
1814420 195
1814430 195
1814440 195
1814450 196
1814460 196
1814470 196
1814480 197
1814490 197
1814500 197
1814510 197
1814520 197
1814530 197
1814540 196
1814550 196
1814560 195
1814570 195
1814580 195
1814590 195
1814600 195
1814610 195
1814620 196
1814630 197
1814640 198
1814650 199
1814660 200
1814670 201
1814680 202
1814690 203
1814700 204
1814710 204
1814720 204
1814730 205
1814740 205
1814750 205
1814760 204
1814770 203
1814780 203
1814790 203
1814800 203
1814810 202
1814820 201
1814830 201
1814840 200
1814850 199
1814860 198
1814870 197
1814880 195
1814890 194
1814900 193
1814910 191
1814920 190
1814930 189
1814940 189
1814950 188
1814960 187
1814970 187
1814980 186
1814990 186
1815000 185
1815010 185
1815020 185
1815030 184
1815040 184
1815050 184
1815060 184
1815070 184
1815080 184
1815090 184
1815100 184
1815110 184
1815120 184
1815130 184
1815140 184
1815150 183
1815160 183
1815170 183
1815180 182
1815190 182
1815200 182
1815210 181
1815220 181
1815230 181
1815240 180
1815250 180
1815260 180
1815270 180
1815280 180
1815290 180
1815300 181
1815310 181
1815320 181
1815330 181
1815340 181
1815350 181
1815360 180
1815370 181
1815380 181
1815390 181
1815400 182
1815410 182
1815420 182
1815430 182
1815440 182
1815450 182
1815460 181
1815470 181
1815480 181
1815490 181
1815500 181
1815510 181
1815520 181
1815530 180
1815540 181
1815550 182
1815560 181
1815570 181
1815580 181
1815590 181
1815600 181
1815610 182
1815620 182
1815630 182
1815640 182
1815650 182
1815660 182
1815670 182
1815680 182
1815690 182
1815700 182
1815710 182
1815720 182
1815730 181
1815740 182
1815750 182
1815760 182
1815770 181
1815780 182
1815790 182
1815800 183
1815810 182
1815820 182
1815830 181
1815840 181
1815850 181
1815860 181
1815870 181
1815880 181
1815890 180
1815900 180
1815910 180
1815920 180
1815930 180
1815940 180
1815950 180
1815960 181
1815970 181
1815980 181
1815990 181
1816000 180
1816010 181
1816020 181
1816030 180
1816040 180
1816050 180
1816060 180
1816070 180
1816080 180
1816090 180
1816100 181
1816110 182
1816120 182
1816130 182
1816140 182
1816150 183
1816160 183
1816170 183
1816180 183
1816190 184
1816200 183
1816210 182
1816220 182
1816230 181
1816240 180
1816250 180
1816260 179
1816270 179
1816280 179
1816290 179
1816300 179
1816310 180
1816320 181
1816330 180
1816340 180
1816350 180
1816360 180
1816370 180
1816380 180
1816390 179
1816400 179
1816410 179
1816420 179
1816430 179
1816440 179
1816450 178
1816460 178
1816470 178
1816480 178
1816490 178
1816500 177
1816510 177
1816520 177
1816530 177
1816540 177
1816550 176
1816560 176
1816570 176
1816580 176
1816590 176
1816600 176
1816610 176
1816620 176
1816630 176
1816640 176
1816650 176
1816660 176
1816670 175
1816680 175
1816690 175
1816700 175
1816710 175
1816720 174
1816730 174
1816740 174
1816750 174
1816760 173
1816770 173
1816780 173
1816790 174
1816800 174
1816810 174
1816820 173
1816830 173
1816840 172
1816850 172
1816860 172
1816870 172
1816880 172
1816890 171
1816900 171
1816910 171
1816920 171
1816930 171
1816940 171
1816950 171
1816960 172
1816970 172
1816980 171
1816990 171
1817000 170
1817010 170
1817020 169
1817030 169
1817040 168
1817050 167
1817060 169
1817070 171
1817080 172
1817090 173
1817100 173
1817110 172
1817120 172
1817130 171
1817140 171
1817150 172
1817160 173
1817170 175
1817180 175
1817190 176
1817200 177
1817210 180
1817220 183
1817230 186
1817240 188
1817250 190
1817260 192
1817270 193
1817280 193
1817290 193
1817300 193
1817310 192
1817320 192
1817330 192
1817340 192
1817350 192
1817360 191
1817370 191
1817380 191
1817390 191
1817400 191
1817410 191
1817420 191
1817430 191
1817440 190
1817450 189
1817460 188
1817470 187
1817480 187
1817490 187
1817500 186
1817510 185
1817520 184
1817530 182
1817540 181
1817550 180
1817560 179
1817570 178
1817580 177
1817590 176
1817600 175
1817610 173
1817620 171
1817630 170
1817640 169
1817650 169
1817660 168
1817670 168
1817680 167
1817690 168
1817700 168
1817710 168
1817720 167
1817730 167
1817740 167
1817750 166
1817760 165
1817770 164
1817780 163
1817790 163
1817800 163
1817810 164
1817820 165
1817830 165
1817840 165
1817850 165
1817860 165
1817870 165
1817880 165
1817890 165
1817900 165
1817910 164
1817920 164
1817930 164
1817940 164
1817950 164
1817960 164
1817970 165
1817980 165
1817990 165
1818000 165
1818010 165
1818020 166
1818030 166
1818040 166
1818050 166
1818060 166
1818070 166
1818080 166
1818090 166
1818100 165
1818110 165
1818120 166
1818130 166
1818140 166
1818150 166
1818160 166
1818170 166
1818180 166
1818190 166
1818200 166
1818210 166
1818220 166
1818230 166
1818240 166
1818250 166
1818260 166
1818270 166
1818280 165
1818290 165
1818300 165
1818310 165
1818320 165
1818330 165
1818340 165
1818350 165
1818360 166
1818370 166
1818380 166
1818390 165
1818400 165
1818410 165
1818420 165
1818430 165
1818440 165
1818450 165
1818460 165
1818470 165
1818480 165
1818490 165
1818500 165
1818510 165
1818520 165
1818530 165
1818540 165
1818550 165
1818560 165
1818570 165
1818580 165
1818590 165
1818600 165
1818610 165
1818620 165
1818630 164
1818640 164
1818650 165
1818660 165
1818670 165
1818680 165
1818690 165
1818700 165
1818710 165
1818720 165
1818730 165
1818740 165
1818750 164
1818760 164
1818770 163
1818780 163
1818790 162
1818800 162
1818810 162
1818820 162
1818830 162
1818840 162
1818850 162
1818860 162
1818870 162
1818880 162
1818890 162
1818900 162
1818910 162
1818920 162
1818930 162
1818940 162
1818950 163
1818960 163
1818970 164
1818980 164
1818990 164
1819000 164
1819010 163
1819020 163
1819030 162
1819040 162
1819050 162
1819060 162
1819070 162
1819080 162
1819090 162
1819100 162
1819110 162
1819120 162
1819130 162
1819140 162
1819150 162
1819160 162
1819170 162
1819180 162
1819190 162
1819200 162
1819210 162
1819220 162
1819230 162
1819240 162
1819250 162
1819260 162
1819270 162
1819280 162
1819290 162
1819300 162
1819310 162
1819320 162
1819330 162
1819340 162
1819350 162
1819360 162
1819370 162
1819380 162
1819390 162
1819400 162
1819410 162
1819420 162
1819430 162
1819440 162
1819450 162
1819460 162
1819470 162
1819480 162
1819490 164
1819500 166
1819510 168
1819520 168
1819530 168
1819540 169
1819550 168
1819560 168
1819570 167
1819580 166
1819590 164
1819600 164
1819610 164
1819620 164
1819630 164
1819640 164
1819650 164
1819660 164
1819670 164
1819680 164
1819690 164
1819700 164
1819710 164
1819720 165
1819730 165
1819740 165
1819750 165
1819760 165
1819770 165
1819780 165
1819790 164
1819800 164
1819810 164
1819820 164
1819830 164
1819840 164
1819850 164
1819860 164
1819870 164
1819880 164
1819890 164
1819900 165
1819910 164
1819920 164
1819930 164
1819940 164
1819950 164
1819960 164
1819970 164
1819980 164
1819990 164
