1800000 172
1800010 172
1800020 172
1800030 172
1800040 172
1800050 172
1800060 172
1800070 172
1800080 172
1800090 172
1800100 172
1800110 172
1800120 173
1800130 173
1800140 173
1800150 173
1800160 173
1800170 173
1800180 173
1800190 173
1800200 173
1800210 173
1800220 173
1800230 172
1800240 172
1800250 172
1800260 172
1800270 172
1800280 172
1800290 172
1800300 172
1800310 172
1800320 172
1800330 172
1800340 172
1800350 172
1800360 172
1800370 172
1800380 172
1800390 172
1800400 172
1800410 172
1800420 172
1800430 172
1800440 172
1800450 172
1800460 173
1800470 173
1800480 173
1800490 173
1800500 173
1800510 173
1800520 173
1800530 173
1800540 173
1800550 174
1800560 174
1800570 175
1800580 175
1800590 174
1800600 174
1800610 174
1800620 174
1800630 174
1800640 174
1800650 174
1800660 174
1800670 174
1800680 174
1800690 174
1800700 173
1800710 173
1800720 173
1800730 173
1800740 173
1800750 173
1800760 173
1800770 173
1800780 173
1800790 173
1800800 173
1800810 174
1800820 174
1800830 174
1800840 174
1800850 174
1800860 174
1800870 173
1800880 173
1800890 173
1800900 173
1800910 174
1800920 174
1800930 175
1800940 175
1800950 176
1800960 176
1800970 176
1800980 176
1800990 176
1801000 176
1801010 176
1801020 175
1801030 176
1801040 176
1801050 176
1801060 176
1801070 176
1801080 176
1801090 176
1801100 176
1801110 176
1801120 175
1801130 175
1801140 175
1801150 175
1801160 174
1801170 174
1801180 174
1801190 174
1801200 174
1801210 174
1801220 174
1801230 174
1801240 174
1801250 174
1801260 174
1801270 175
1801280 175
1801290 175
1801300 175
1801310 175
1801320 175
1801330 175
1801340 176
1801350 176
1801360 176
1801370 177
1801380 177
1801390 178
1801400 178
1801410 178
1801420 179
1801430 179
1801440 180
1801450 180
1801460 180
1801470 180
1801480 180
1801490 181
1801500 181
1801510 181
1801520 181
1801530 181
1801540 182
1801550 182
1801560 183
1801570 183
1801580 183
1801590 183
1801600 183
1801610 183
1801620 183
1801630 183
1801640 183
1801650 183
1801660 183
1801670 183
1801680 183
1801690 183
1801700 183
1801710 183
1801720 183
1801730 183
1801740 183
1801750 184
1801760 184
1801770 184
1801780 184
1801790 183
1801800 183
1801810 183
1801820 183
1801830 183
1801840 183
1801850 184
1801860 184
1801870 184
1801880 185
1801890 186
1801900 186
1801910 187
1801920 188
1801930 189
1801940 190
1801950 190
1801960 190
1801970 191
1801980 192
1801990 192
1802000 193
1802010 193
1802020 193
1802030 193
1802040 192
1802050 192
1802060 192
1802070 193
1802080 195
1802090 198
1802100 201
1802110 204
1802120 206
1802130 208
1802140 210
1802150 212
1802160 214
1802170 215
1802180 216
1802190 216
1802200 217
1802210 217
1802220 217
1802230 217
1802240 217
1802250 218
1802260 220
1802270 221
1802280 222
1802290 223
1802300 224
1802310 224
1802320 225
1802330 226
1802340 228
1802350 229
1802360 231
1802370 233
1802380 235
1802390 237
1802400 239
1802410 241
1802420 243
1802430 245
1802440 248
1802450 251
1802460 255
1802470 256
1802480 258
1802490 259
1802500 260
1802510 260
1802520 261
1802530 261
1802540 261
1802550 260
1802560 259
1802570 259
1802580 258
1802590 257
1802600 256
1802610 254
1802620 250
1802630 248
1802640 247
1802650 246
1802660 244
1802670 243
1802680 240
1802690 238
1802700 236
1802710 234
1802720 233
1802730 232
1802740 232
1802750 232
1802760 232
1802770 233
1802780 234
1802790 236
1802800 238
1802810 240
1802820 241
1802830 239
1802840 238
1802850 236
1802860 235
1802870 233
1802880 230
1802890 230
1802900 230
1802910 230
1802920 230
1802930 230
1802940 231
1802950 231
1802960 232
1802970 233
1802980 234
1802990 235
1803000 236
1803010 237
1803020 239
1803030 242
1803040 244
1803050 246
1803060 248
1803070 250
1803080 254
1803090 258
1803100 260
1803110 262
1803120 264
1803130 266
1803140 268
1803150 270
1803160 272
1803170 274
1803180 276
1803190 278
1803200 280
1803210 282
1803220 285
1803230 288
1803240 292
1803250 296
1803260 299
1803270 302
1803280 303
1803290 303
1803300 303
1803310 304
1803320 304
1803330 305
1803340 306
1803350 307
1803360 308
1803370 308
1803380 307
1803390 307
1803400 305
1803410 304
1803420 303
1803430 301
1803440 300
1803450 299
1803460 299
1803470 300
1803480 302
1803490 305
1803500 308
1803510 311
1803520 314
1803530 316
1803540 318
1803550 320
1803560 322
1803570 323
1803580 325
1803590 326
1803600 326
1803610 327
1803620 328
1803630 328
1803640 328
1803650 329
1803660 329
1803670 329
1803680 329
1803690 329
1803700 329
1803710 329
1803720 330
1803730 330
1803740 330
1803750 330
1803760 330
1803770 330
1803780 330
1803790 330
1803800 330
1803810 330
1803820 330
1803830 330
1803840 329
1803850 329
1803860 329
1803870 328
1803880 328
1803890 327
1803900 327
1803910 326
1803920 326
1803930 326
1803940 326
1803950 327
1803960 327
1803970 327
1803980 327
1803990 327
1804000 327
1804010 327
1804020 327
1804030 327
1804040 327
1804050 326
1804060 326
1804070 326
1804080 325
1804090 325
1804100 325
1804110 324
1804120 323
1804130 323
1804140 322
1804150 322
1804160 321
1804170 320
1804180 320
1804190 319
1804200 318
1804210 318
1804220 318
1804230 317
1804240 317
1804250 317
1804260 317
1804270 316
1804280 315
1804290 314
1804300 314
1804310 313
1804320 312
1804330 310
1804340 309
1804350 307
1804360 305
1804370 302
1804380 300
1804390 299
1804400 298
1804410 296
1804420 293
1804430 290
1804440 288
1804450 286
1804460 284
1804470 282
1804480 280
1804490 278
1804500 276
1804510 274
1804520 272
1804530 269
1804540 266
1804550 263
1804560 260
1804570 256
1804580 252
1804590 246
1804600 242
1804610 238
1804620 236
1804630 235
1804640 236
1804650 238
1804660 240
1804670 243
1804680 246
1804690 250
1804700 255
1804710 259
1804720 264
1804730 269
1804740 274
1804750 279
1804760 283
1804770 286
1804780 288
1804790 289
1804800 289
1804810 288
1804820 286
1804830 285
1804840 283
1804850 282
1804860 282
1804870 282
1804880 283
1804890 285
1804900 287
1804910 290
1804920 292
1804930 293
1804940 295
1804950 297
1804960 299
1804970 300
1804980 302
1804990 304
1805000 305
1805010 308
1805020 310
1805030 313
1805040 315
1805050 317
1805060 319
1805070 321
1805080 323
1805090 325
1805100 327
1805110 329
1805120 331
1805130 332
1805140 334
1805150 336
1805160 337
1805170 339
1805180 340
1805190 342
1805200 343
1805210 345
1805220 346
1805230 348
1805240 350
1805250 350
1805260 351
1805270 351
1805280 352
1805290 353
1805300 353
1805310 353
1805320 353
1805330 353
1805340 353
1805350 352
1805360 351
1805370 350
1805380 348
1805390 347
1805400 345
1805410 344
1805420 343
1805430 342
1805440 340
1805450 339
1805460 339
1805470 338
1805480 337
1805490 335
1805500 333
1805510 331
1805520 330
1805530 329
1805540 328
1805550 328
1805560 327
1805570 327
1805580 328
1805590 329
1805600 330
1805610 331
1805620 332
1805630 333
1805640 333
1805650 333
1805660 333
1805670 333
1805680 333
1805690 333
1805700 333
1805710 334
1805720 334
1805730 334
1805740 335
1805750 335
1805760 336
1805770 336
1805780 336
1805790 337
1805800 337
1805810 337
1805820 337
1805830 336
1805840 336
1805850 335
1805860 335
1805870 334
1805880 333
1805890 332
1805900 331
1805910 330
1805920 328
1805930 326
1805940 324
1805950 322
1805960 321
1805970 320
1805980 319
1805990 318
1806000 318
1806010 317
1806020 316
1806030 312
1806040 306
1806050 300
1806060 296
1806070 293
1806080 291
1806090 290
1806100 289
1806110 289
1806120 289
1806130 288
1806140 287
1806150 287
1806160 285
1806170 284
1806180 282
1806190 279
1806200 277
1806210 276
1806220 275
1806230 276
1806240 277
1806250 278
1806260 279
1806270 281
1806280 282
1806290 283
1806300 284
1806310 286
1806320 289
1806330 290
1806340 292
1806350 292
1806360 291
1806370 290
1806380 289
1806390 289
1806400 288
1806410 288
1806420 288
1806430 289
1806440 290
1806450 293
1806460 297
1806470 301
1806480 303
1806490 305
1806500 307
1806510 310
1806520 312
1806530 315
1806540 317
1806550 319
1806560 321
1806570 322
1806580 324
1806590 325
1806600 326
1806610 326
1806620 327
1806630 328
1806640 328
1806650 328
1806660 329
1806670 329
1806680 329
1806690 330
1806700 330
1806710 330
1806720 330
1806730 330
1806740 330
1806750 330
1806760 330
1806770 329
1806780 329
1806790 329
1806800 329
1806810 328
1806820 328
1806830 328
1806840 327
1806850 327
1806860 326
1806870 326
1806880 325
1806890 325
1806900 324
1806910 324
1806920 323
1806930 323
1806940 322
1806950 321
1806960 321
1806970 320
1806980 320
1806990 319
1807000 318
1807010 318
1807020 317
1807030 316
1807040 315
1807050 315
1807060 314
1807070 313
1807080 312
1807090 311
1807100 311
1807110 310
1807120 309
1807130 308
1807140 307
1807150 306
1807160 305
1807170 304
1807180 303
1807190 302
1807200 302
1807210 301
1807220 300
1807230 299
1807240 298
1807250 297
1807260 296
1807270 296
1807280 295
1807290 294
1807300 293
1807310 293
1807320 292
1807330 291
1807340 290
1807350 289
1807360 288
1807370 287
1807380 287
1807390 286
1807400 285
1807410 284
1807420 283
1807430 282
1807440 281
1807450 280
1807460 279
1807470 278
1807480 277
1807490 276
1807500 275
1807510 274
1807520 273
1807530 273
1807540 272
1807550 271
1807560 270
1807570 269
1807580 268
1807590 267
1807600 266
1807610 265
1807620 264
1807630 263
1807640 261
1807650 260
1807660 259
1807670 257
1807680 257
1807690 256
1807700 254
1807710 253
1807720 252
1807730 251
1807740 251
1807750 250
1807760 249
1807770 248
1807780 247
1807790 246
1807800 245
1807810 244
1807820 244
1807830 243
1807840 242
1807850 242
1807860 241
1807870 241
1807880 241
1807890 241
1807900 241
1807910 241
1807920 241
1807930 240
1807940 240
1807950 240
1807960 239
1807970 239
1807980 239
1807990 239
1808000 239
1808010 239
1808020 239
1808030 238
1808040 238
1808050 238
1808060 239
1808070 239
1808080 239
1808090 239
1808100 239
1808110 240
1808120 240
1808130 240
1808140 240
1808150 240
1808160 240
1808170 240
1808180 240
1808190 240
1808200 240
1808210 240
1808220 240
1808230 240
1808240 240
1808250 241
1808260 241
1808270 240
1808280 240
1808290 240
1808300 240
1808310 240
1808320 240
1808330 240
1808340 240
1808350 240
1808360 240
1808370 240
1808380 240
1808390 239
1808400 239
1808410 239
1808420 239
1808430 239
1808440 238
1808450 238
1808460 238
1808470 238
1808480 238
1808490 238
1808500 238
1808510 238
1808520 238
1808530 238
1808540 238
1808550 238
1808560 238
1808570 238
1808580 238
1808590 238
1808600 238
1808610 238
1808620 238
1808630 238
1808640 238
1808650 238
1808660 238
1808670 238
1808680 238
1808690 238
1808700 238
1808710 238
1808720 238
1808730 238
1808740 238
1808750 238
1808760 238
1808770 238
1808780 238
1808790 238
1808800 239
1808810 239
1808820 239
1808830 239
1808840 239
1808850 239
1808860 239
1808870 239
1808880 240
1808890 242
1808900 245
1808910 247
1808920 249
1808930 251
1808940 252
1808950 254
1808960 255
1808970 256
1808980 257
1808990 258
1809000 259
1809010 260
1809020 261
1809030 262
1809040 262
1809050 263
1809060 264
1809070 264
1809080 264
1809090 264
1809100 264
1809110 264
1809120 264
1809130 264
1809140 264
1809150 264
1809160 264
1809170 264
1809180 264
1809190 265
1809200 266
1809210 267
1809220 268
1809230 269
1809240 270
1809250 271
1809260 272
1809270 273
1809280 274
1809290 275
1809300 276
1809310 277
1809320 278
1809330 279
1809340 280
1809350 281
1809360 282
1809370 283
1809380 283
1809390 284
1809400 285
1809410 285
1809420 286
1809430 287
1809440 288
1809450 289
1809460 289
1809470 289
1809480 290
1809490 290
1809500 290
1809510 290
1809520 291
1809530 291
1809540 291
1809550 291
1809560 291
1809570 291
1809580 291
1809590 290
1809600 290
1809610 290
1809620 290
1809630 289
1809640 289
1809650 288
1809660 288
1809670 287
1809680 286
1809690 286
1809700 285
1809710 284
1809720 284
1809730 283
1809740 282
1809750 281
1809760 280
1809770 279
1809780 278
1809790 277
1809800 276
1809810 276
1809820 275
1809830 274
1809840 273
1809850 272
1809860 271
1809870 270
1809880 269
1809890 268
1809900 267
1809910 266
1809920 265
1809930 264
1809940 263
1809950 262
1809960 261
1809970 260
1809980 259
1809990 258
1810000 257
1810010 256
1810020 254
1810030 253
1810040 252
1810050 250
1810060 248
1810070 246
1810080 244
1810090 241
1810100 240
1810110 240
1810120 240
1810130 240
1810140 241
1810150 241
1810160 242
1810170 242
1810180 242
1810190 242
1810200 241
1810210 240
1810220 238
1810230 236
1810240 235
1810250 236
1810260 237
1810270 240
1810280 243
1810290 246
1810300 249
1810310 251
1810320 254
1810330 256
1810340 258
1810350 260
1810360 262
1810370 264
1810380 266
1810390 267
1810400 269
1810410 271
1810420 273
1810430 274
1810440 276
1810450 278
1810460 280
1810470 282
1810480 283
1810490 285
1810500 286
1810510 288
1810520 289
1810530 290
1810540 290
1810550 291
1810560 292
1810570 292
1810580 293
1810590 293
1810600 294
1810610 294
1810620 295
1810630 295
1810640 295
1810650 296
1810660 296
1810670 296
1810680 297
1810690 297
1810700 297
1810710 298
1810720 298
1810730 298
1810740 298
1810750 298
1810760 298
1810770 298
1810780 299
1810790 299
1810800 299
1810810 299
1810820 299
1810830 299
1810840 300
1810850 300
1810860 300
1810870 300
1810880 300
1810890 300
1810900 300
1810910 300
1810920 300
1810930 300
1810940 300
1810950 300
1810960 300
1810970 299
1810980 299
1810990 299
1811000 299
1811010 299
1811020 299
1811030 300
1811040 300
1811050 300
1811060 300
1811070 299
1811080 299
1811090 299
1811100 299
1811110 299
1811120 299
1811130 298
1811140 298
1811150 298
1811160 297
1811170 297
1811180 296
1811190 296
1811200 295
1811210 295
1811220 294
1811230 293
1811240 292
1811250 291
1811260 290
1811270 289
1811280 287
1811290 285
1811300 284
1811310 283
1811320 282
1811330 281
1811340 280
1811350 279
1811360 278
1811370 277
1811380 276
1811390 274
1811400 272
1811410 270
1811420 269
1811430 267
1811440 266
1811450 264
1811460 263
1811470 261
1811480 260
1811490 259
1811500 257
1811510 256
1811520 254
1811530 253
1811540 252
1811550 252
1811560 251
1811570 250
1811580 249
1811590 247
1811600 244
1811610 242
1811620 240
1811630 238
1811640 235
1811650 234
1811660 236
1811670 238
1811680 238
1811690 239
1811700 240
1811710 242
1811720 244
1811730 246
1811740 248
1811750 250
1811760 252
1811770 255
1811780 257
1811790 259
1811800 262
1811810 263
1811820 265
1811830 267
1811840 268
1811850 270
1811860 271
1811870 273
1811880 275
1811890 276
1811900 278
1811910 280
1811920 282
1811930 284
1811940 286
1811950 287
1811960 288
1811970 290
1811980 291
1811990 292
1812000 293
1812010 295
1812020 296
1812030 297
1812040 298
1812050 298
1812060 299
1812070 300
1812080 301
1812090 301
1812100 302
1812110 302
1812120 302
1812130 302
1812140 301
1812150 300
1812160 299
1812170 299
1812180 299
1812190 298
1812200 297
1812210 297
1812220 296
1812230 295
1812240 294
1812250 294
1812260 293
1812270 293
1812280 292
1812290 291
1812300 291
1812310 290
1812320 289
1812330 288
1812340 287
1812350 286
1812360 284
1812370 283
1812380 280
1812390 278
1812400 276
1812410 273
1812420 271
1812430 268
1812440 266
1812450 263
1812460 262
1812470 260
1812480 259
1812490 257
1812500 256
1812510 257
1812520 260
1812530 262
1812540 264
1812550 267
1812560 269
1812570 271
1812580 273
1812590 275
1812600 276
1812610 277
1812620 279
1812630 280
1812640 281
1812650 281
1812660 282
1812670 283
1812680 283
1812690 284
1812700 285
1812710 285
1812720 286
1812730 287
1812740 287
1812750 287
1812760 287
1812770 286
1812780 285
1812790 284
1812800 283
1812810 283
1812820 283
1812830 283
1812840 283
1812850 284
1812860 284
1812870 285
1812880 285
1812890 286
1812900 286
1812910 287
1812920 288
1812930 288
1812940 289
1812950 289
1812960 289
1812970 289
1812980 289
1812990 290
1813000 291
1813010 292
1813020 294
1813030 294
1813040 293
1813050 293
1813060 293
1813070 293
1813080 293
1813090 292
1813100 293
1813110 293
1813120 293
1813130 294
1813140 295
1813150 296
1813160 297
1813170 299
1813180 301
1813190 303
1813200 304
1813210 305
1813220 306
1813230 307
1813240 307
1813250 308
1813260 308
1813270 309
1813280 309
1813290 309
1813300 309
1813310 309
1813320 310
1813330 309
1813340 309
1813350 309
1813360 310
1813370 311
1813380 312
1813390 313
1813400 313
1813410 314
1813420 314
1813430 314
1813440 315
1813450 316
1813460 317
1813470 318
1813480 319
1813490 319
1813500 319
1813510 320
1813520 320
1813530 321
1813540 322
1813550 323
1813560 324
1813570 324
1813580 324
1813590 324
1813600 325
1813610 325
1813620 326
1813630 326
1813640 327
1813650 327
1813660 328
1813670 328
1813680 328
1813690 329
1813700 329
1813710 330
1813720 330
1813730 331
1813740 331
1813750 332
1813760 332
1813770 332
1813780 332
1813790 333
1813800 333
1813810 333
1813820 333
1813830 334
1813840 334
1813850 334
1813860 334
1813870 334
1813880 335
1813890 335
1813900 335
1813910 335
1813920 335
1813930 335
1813940 335
1813950 335
1813960 335
1813970 335
1813980 335
1813990 334
1814000 334
1814010 334
1814020 333
1814030 332
1814040 332
1814050 331
1814060 330
1814070 330
1814080 330
1814090 329
1814100 328
1814110 328
1814120 327
1814130 326
1814140 325
1814150 325
1814160 324
1814170 323
1814180 322
1814190 321
1814200 320
1814210 319
1814220 319
1814230 318
1814240 316
1814250 315
1814260 314
1814270 313
1814280 311
1814290 310
1814300 308
1814310 307
1814320 306
1814330 305
1814340 304
1814350 303
1814360 303
1814370 303
1814380 302
1814390 302
1814400 302
1814410 301
1814420 301
1814430 302
1814440 302
1814450 302
1814460 303
1814470 303
1814480 303
1814490 303
1814500 303
1814510 303
1814520 303
1814530 303
1814540 303
1814550 303
1814560 303
1814570 303
1814580 303
1814590 302
1814600 302
1814610 302
1814620 302
1814630 302
1814640 302
1814650 302
1814660 302
1814670 302
1814680 302
1814690 302
1814700 302
1814710 301
1814720 301
1814730 301
1814740 300
1814750 300
1814760 300
1814770 299
1814780 299
1814790 299
1814800 299
1814810 299
1814820 298
1814830 298
1814840 297
1814850 297
1814860 297
1814870 297
1814880 296
1814890 296
1814900 296
1814910 295
1814920 295
1814930 294
1814940 294
1814950 294
1814960 294
1814970 293
1814980 293
1814990 292
1815000 292
1815010 292
1815020 291
1815030 291
1815040 291
1815050 291
1815060 290
1815070 290
1815080 289
1815090 289
1815100 288
1815110 288
1815120 287
1815130 287
1815140 287
1815150 286
1815160 286
1815170 285
1815180 285
1815190 285
1815200 284
1815210 284
1815220 283
1815230 282
1815240 280
1815250 279
1815260 278
1815270 277
1815280 276
1815290 276
1815300 275
1815310 274
1815320 273
1815330 272
1815340 270
1815350 269
1815360 267
1815370 266
1815380 265
1815390 264
1815400 263
1815410 261
1815420 260
1815430 259
1815440 257
1815450 256
1815460 254
1815470 253
1815480 251
1815490 249
1815500 247
1815510 245
1815520 244
1815530 242
1815540 240
1815550 239
1815560 237
1815570 235
1815580 234
1815590 233
1815600 231
1815610 230
1815620 229
1815630 228
1815640 227
1815650 226
1815660 225
1815670 224
1815680 223
1815690 222
1815700 222
1815710 221
1815720 221
1815730 220
1815740 219
1815750 219
1815760 218
1815770 218
1815780 217
1815790 217
1815800 216
1815810 215
1815820 215
1815830 214
1815840 214
1815850 213
1815860 213
1815870 212
1815880 212
1815890 211
1815900 210
1815910 210
1815920 209
1815930 209
1815940 208
1815950 208
1815960 207
1815970 207
1815980 206
1815990 206
1816000 205
1816010 205
1816020 204
1816030 204
1816040 204
1816050 203
1816060 203
1816070 202
1816080 202
1816090 202
1816100 201
1816110 201
1816120 201
1816130 200
1816140 200
1816150 199
1816160 199
1816170 199
1816180 199
1816190 198
1816200 198
1816210 198
1816220 198
1816230 197
1816240 197
1816250 197
1816260 197
1816270 197
1816280 196
1816290 196
1816300 196
1816310 195
1816320 195
1816330 195
1816340 195
1816350 195
1816360 195
1816370 195
1816380 195
1816390 195
1816400 194
1816410 194
1816420 194
1816430 194
1816440 194
1816450 194
1816460 194
1816470 194
1816480 194
1816490 194
1816500 194
1816510 194
1816520 194
1816530 194
1816540 194
1816550 194
1816560 194
1816570 194
1816580 193
1816590 193
1816600 193
1816610 193
1816620 193
1816630 193
1816640 193
1816650 193
1816660 192
1816670 192
1816680 191
1816690 191
1816700 191
1816710 190
1816720 190
1816730 189
1816740 188
1816750 185
1816760 182
1816770 179
1816780 176
1816790 173
1816800 171
1816810 169
1816820 168
1816830 167
1816840 167
1816850 168
1816860 168
1816870 167
1816880 167
1816890 167
1816900 167
1816910 166
1816920 165
1816930 164
1816940 163
1816950 164
1816960 164
1816970 165
1816980 165
1816990 165
1817000 165
1817010 165
1817020 165
1817030 165
1817040 165
1817050 165
1817060 166
1817070 166
1817080 166
1817090 166
1817100 166
1817110 166
1817120 166
1817130 166
1817140 165
1817150 165
1817160 164
1817170 164
1817180 164
1817190 164
1817200 163
1817210 163
1817220 163
1817230 163
1817240 163
1817250 163
1817260 163
1817270 163
1817280 163
1817290 164
1817300 164
1817310 164
1817320 164
1817330 164
1817340 164
1817350 164
1817360 164
1817370 164
1817380 164
1817390 164
1817400 164
1817410 164
1817420 164
1817430 164
1817440 164
1817450 164
1817460 163
1817470 163
1817480 163
1817490 163
1817500 163
1817510 163
1817520 163
1817530 163
1817540 163
1817550 164
1817560 165
1817570 164
1817580 164
1817590 164
1817600 164
1817610 164
1817620 164
1817630 164
1817640 164
1817650 164
1817660 164
1817670 164
1817680 164
1817690 164
1817700 164
1817710 164
1817720 164
1817730 164
1817740 164
1817750 163
1817760 163
1817770 163
1817780 163
1817790 163
1817800 163
1817810 163
1817820 164
1817830 164
1817840 164
1817850 164
1817860 164
1817870 164
1817880 164
1817890 164
1817900 164
1817910 164
1817920 164
1817930 164
1817940 164
1817950 164
1817960 164
1817970 164
1817980 163
1817990 163
1818000 163
1818010 163
1818020 163
1818030 164
1818040 164
1818050 164
1818060 164
1818070 164
1818080 164
1818090 164
1818100 164
1818110 164
1818120 164
1818130 164
1818140 164
1818150 164
1818160 164
1818170 164
1818180 164
1818190 164
1818200 164
1818210 164
1818220 164
1818230 164
1818240 164
1818250 164
1818260 164
1818270 164
1818280 164
1818290 164
1818300 165
1818310 165
1818320 165
1818330 165
1818340 164
1818350 164
1818360 164
1818370 165
1818380 165
1818390 165
1818400 165
1818410 165
1818420 165
1818430 165
1818440 164
1818450 163
1818460 162
1818470 162
1818480 162
1818490 162
1818500 162
1818510 162
1818520 162
1818530 162
1818540 163
1818550 163
1818560 164
1818570 165
1818580 165
1818590 165
1818600 166
1818610 166
1818620 166
1818630 166
1818640 166
1818650 165
1818660 165
1818670 165
1818680 165
1818690 165
1818700 165
1818710 165
1818720 165
1818730 164
1818740 163
1818750 162
1818760 162
1818770 162
1818780 162
1818790 162
1818800 162
1818810 162
1818820 162
1818830 162
1818840 162
1818850 162
1818860 162
1818870 162
1818880 162
1818890 162
1818900 162
1818910 162
1818920 162
1818930 162
1818940 162
1818950 162
1818960 162
1818970 162
1818980 162
1818990 162
1819000 162
1819010 162
1819020 162
1819030 162
1819040 162
1819050 162
1819060 162
1819070 162
1819080 162
1819090 162
1819100 162
1819110 162
1819120 162
1819130 162
1819140 162
1819150 162
1819160 162
1819170 162
1819180 162
1819190 162
1819200 162
1819210 162
1819220 162
1819230 162
1819240 162
1819250 162
1819260 162
1819270 162
1819280 162
1819290 162
1819300 162
1819310 163
1819320 164
1819330 165
1819340 165
1819350 165
1819360 165
1819370 165
1819380 165
1819390 164
1819400 163
1819410 163
1819420 163
1819430 163
1819440 163
1819450 163
1819460 163
1819470 163
1819480 163
1819490 163
1819500 163
1819510 164
1819520 164
1819530 165
1819540 167
1819550 169
1819560 171
1819570 171
1819580 171
1819590 171
1819600 171
1819610 172
1819620 172
1819630 170
1819640 169
1819650 168
1819660 166
1819670 165
1819680 165
1819690 165
1819700 165
1819710 165
1819720 165
1819730 165
1819740 165
1819750 165
1819760 165
1819770 165
1819780 165
1819790 165
1819800 165
1819810 165
1819820 165
1819830 165
1819840 165
1819850 165
1819860 165
1819870 164
1819880 164
1819890 164
1819900 164
1819910 164
1819920 164
1819930 164
1819940 165
1819950 165
1819960 167
1819970 166
1819980 166
1819990 165
