1800000 172
1800010 172
1800020 172
1800030 172
1800040 172
1800050 172
1800060 172
1800070 172
1800080 172
1800090 172
1800100 172
1800110 172
1800120 172
1800130 172
1800140 172
1800150 172
1800160 172
1800170 172
1800180 172
1800190 172
1800200 172
1800210 172
1800220 172
1800230 172
1800240 172
1800250 172
1800260 172
1800270 172
1800280 172
1800290 172
1800300 172
1800310 172
1800320 172
1800330 172
1800340 172
1800350 172
1800360 172
1800370 173
1800380 173
1800390 173
1800400 173
1800410 173
1800420 172
1800430 172
1800440 172
1800450 172
1800460 172
1800470 173
1800480 173
1800490 173
1800500 172
1800510 172
1800520 172
1800530 172
1800540 172
1800550 172
1800560 172
1800570 172
1800580 172
1800590 173
1800600 173
1800610 173
1800620 173
1800630 173
1800640 173
1800650 173
1800660 173
1800670 173
1800680 173
1800690 173
1800700 173
1800710 173
1800720 173
1800730 172
1800740 172
1800750 172
1800760 172
1800770 172
1800780 172
1800790 172
1800800 172
1800810 172
1800820 172
1800830 172
1800840 172
1800850 172
1800860 172
1800870 172
1800880 172
1800890 172
1800900 173
1800910 173
1800920 172
1800930 172
1800940 172
1800950 172
1800960 172
1800970 172
1800980 172
1800990 172
1801000 172
1801010 172
1801020 172
1801030 172
1801040 173
1801050 172
1801060 172
1801070 172
1801080 172
1801090 173
1801100 173
1801110 173
1801120 173
1801130 173
1801140 173
1801150 173
1801160 173
1801170 173
1801180 172
1801190 172
1801200 172
1801210 172
1801220 172
1801230 172
1801240 172
1801250 172
1801260 172
1801270 172
1801280 172
1801290 172
1801300 172
1801310 172
1801320 172
1801330 172
1801340 172
1801350 172
1801360 172
1801370 172
1801380 172
1801390 172
1801400 172
1801410 172
1801420 172
1801430 172
1801440 172
1801450 172
1801460 172
1801470 172
1801480 172
1801490 172
1801500 172
1801510 172
1801520 172
1801530 172
1801540 172
1801550 172
1801560 172
1801570 172
1801580 172
1801590 172
1801600 172
1801610 172
1801620 172
1801630 173
1801640 173
1801650 173
1801660 173
1801670 173
1801680 173
1801690 173
1801700 172
1801710 172
1801720 172
1801730 172
1801740 172
1801750 172
1801760 172
1801770 172
1801780 172
1801790 172
1801800 172
1801810 172
1801820 172
1801830 172
1801840 172
1801850 172
1801860 172
1801870 172
1801880 172
1801890 172
1801900 172
1801910 172
1801920 172
1801930 172
1801940 172
1801950 172
1801960 172
1801970 172
1801980 172
1801990 172
1802000 172
1802010 172
1802020 172
1802030 172
1802040 172
1802050 172
1802060 172
1802070 172
1802080 172
1802090 172
1802100 172
1802110 172
1802120 172
1802130 172
1802140 172
1802150 172
1802160 172
1802170 172
1802180 172
1802190 172
1802200 172
1802210 172
1802220 172
1802230 172
1802240 172
1802250 172
1802260 172
1802270 173
1802280 173
1802290 173
1802300 173
1802310 173
1802320 173
1802330 173
1802340 173
1802350 173
1802360 173
1802370 173
1802380 173
1802390 174
1802400 174
1802410 174
1802420 174
1802430 174
1802440 175
1802450 175
1802460 176
1802470 176
1802480 176
1802490 176
1802500 176
1802510 176
1802520 176
1802530 177
1802540 177
1802550 178
1802560 178
1802570 179
1802580 179
1802590 180
1802600 181
1802610 181
1802620 182
1802630 182
1802640 182
1802650 182
1802660 183
1802670 183
1802680 183
1802690 184
1802700 185
1802710 185
1802720 185
1802730 186
1802740 187
1802750 187
1802760 188
1802770 189
1802780 190
1802790 190
1802800 191
1802810 191
1802820 192
1802830 192
1802840 192
1802850 193
1802860 193
1802870 194
1802880 195
1802890 196
1802900 196
1802910 197
1802920 197
1802930 197
1802940 198
1802950 199
1802960 201
1802970 202
1802980 204
1802990 205
1803000 206
1803010 207
1803020 208
1803030 210
1803040 211
1803050 211
1803060 211
1803070 211
1803080 212
1803090 212
1803100 213
1803110 214
1803120 216
1803130 218
1803140 219
1803150 221
1803160 223
1803170 225
1803180 227
1803190 228
1803200 229
1803210 229
1803220 230
1803230 230
1803240 230
1803250 230
1803260 231
1803270 232
1803280 233
1803290 234
1803300 235
1803310 237
1803320 237
1803330 238
1803340 239
1803350 239
1803360 239
1803370 240
1803380 241
1803390 242
1803400 243
1803410 244
1803420 245
1803430 246
1803440 245
1803450 244
1803460 242
1803470 240
1803480 239
1803490 238
1803500 236
1803510 235
1803520 235
1803530 235
1803540 237
1803550 239
1803560 242
1803570 244
1803580 246
1803590 248
1803600 250
1803610 252
1803620 254
1803630 256
1803640 256
1803650 256
1803660 256
1803670 255
1803680 256
1803690 257
1803700 258
1803710 260
1803720 261
1803730 263
1803740 265
1803750 265
1803760 265
1803770 264
1803780 262
1803790 261
1803800 260
1803810 259
1803820 259
1803830 258
1803840 258
1803850 258
1803860 257
1803870 257
1803880 256
1803890 255
1803900 254
1803910 254
1803920 254
1803930 255
1803940 256
1803950 258
1803960 259
1803970 260
1803980 261
1803990 263
1804000 264
1804010 265
1804020 267
1804030 268
1804040 270
1804050 272
1804060 275
1804070 277
1804080 278
1804090 280
1804100 279
1804110 278
1804120 276
1804130 273
1804140 271
1804150 268
1804160 266
1804170 264
1804180 263
1804190 261
1804200 260
1804210 258
1804220 256
1804230 254
1804240 253
1804250 254
1804260 255
1804270 257
1804280 260
1804290 261
1804300 260
1804310 259
1804320 257
1804330 255
1804340 253
1804350 251
1804360 248
1804370 246
1804380 245
1804390 243
1804400 242
1804410 241
1804420 241
1804430 242
1804440 244
1804450 245
1804460 246
1804470 248
1804480 249
1804490 250
1804500 252
1804510 254
1804520 255
1804530 258
1804540 260
1804550 262
1804560 263
1804570 263
1804580 257
1804590 251
1804600 245
1804610 242
1804620 240
1804630 239
1804640 240
1804650 239
1804660 237
1804670 233
1804680 228
1804690 223
1804700 219
1804710 216
1804720 214
1804730 215
1804740 216
1804750 218
1804760 221
1804770 223
1804780 224
1804790 225
1804800 226
1804810 227
1804820 229
1804830 230
1804840 232
1804850 234
1804860 236
1804870 238
1804880 241
1804890 245
1804900 248
1804910 249
1804920 252
1804930 255
1804940 260
1804950 263
1804960 264
1804970 264
1804980 265
1804990 265
1805000 265
1805010 265
1805020 266
1805030 265
1805040 265
1805050 265
1805060 265
1805070 265
1805080 266
1805090 266
1805100 267
1805110 267
1805120 266
1805130 266
1805140 266
1805150 266
1805160 265
1805170 265
1805180 265
1805190 265
1805200 265
1805210 265
1805220 265
1805230 264
1805240 264
1805250 264
1805260 264
1805270 264
1805280 263
1805290 263
1805300 263
1805310 263
1805320 263
1805330 263
1805340 263
1805350 263
1805360 263
1805370 262
1805380 262
1805390 262
1805400 262
1805410 262
1805420 262
1805430 262
1805440 262
1805450 262
1805460 262
1805470 262
1805480 262
1805490 262
1805500 261
1805510 261
1805520 261
1805530 261
1805540 261
1805550 261
1805560 262
1805570 262
1805580 262
1805590 262
1805600 262
1805610 262
1805620 262
1805630 262
1805640 262
1805650 262
1805660 261
1805670 261
1805680 261
1805690 261
1805700 261
1805710 261
1805720 261
1805730 260
1805740 260
1805750 260
1805760 260
1805770 260
1805780 260
1805790 260
1805800 260
1805810 260
1805820 259
1805830 259
1805840 259
1805850 259
1805860 259
1805870 259
1805880 259
1805890 259
1805900 259
1805910 259
1805920 259
1805930 259
1805940 259
1805950 259
1805960 259
1805970 259
1805980 259
1805990 259
1806000 259
1806010 259
1806020 259
1806030 259
1806040 260
1806050 260
1806060 260
1806070 261
1806080 261
1806090 262
1806100 262
1806110 262
1806120 262
1806130 262
1806140 262
1806150 263
1806160 263
1806170 263
1806180 264
1806190 264
1806200 264
1806210 265
1806220 265
1806230 265
1806240 265
1806250 265
1806260 265
1806270 265
1806280 265
1806290 265
1806300 264
1806310 264
1806320 263
1806330 262
1806340 262
1806350 261
1806360 261
1806370 260
1806380 259
1806390 259
1806400 259
1806410 259
1806420 258
1806430 258
1806440 258
1806450 258
1806460 258
1806470 258
1806480 258
1806490 257
1806500 257
1806510 257
1806520 257
1806530 257
1806540 257
1806550 257
1806560 257
1806570 257
1806580 257
1806590 257
1806600 257
1806610 257
1806620 257
1806630 257
1806640 256
1806650 256
1806660 256
1806670 256
1806680 256
1806690 256
1806700 256
1806710 256
1806720 256
1806730 256
1806740 256
1806750 256
1806760 256
1806770 256
1806780 256
1806790 256
1806800 256
1806810 256
1806820 256
1806830 255
1806840 255
1806850 255
1806860 255
1806870 254
1806880 254
1806890 254
1806900 254
1806910 254
1806920 254
1806930 253
1806940 253
1806950 253
1806960 253
1806970 253
1806980 252
1806990 252
1807000 252
1807010 252
1807020 251
1807030 251
1807040 251
1807050 250
1807060 250
1807070 249
1807080 249
1807090 249
1807100 249
1807110 249
1807120 250
1807130 249
1807140 249
1807150 249
1807160 249
1807170 249
1807180 249
1807190 249
1807200 249
1807210 249
1807220 248
1807230 248
1807240 248
1807250 248
1807260 248
1807270 248
1807280 248
1807290 248
1807300 248
1807310 248
1807320 248
1807330 248
1807340 248
1807350 249
1807360 249
1807370 249
1807380 249
1807390 249
1807400 249
1807410 249
1807420 249
1807430 249
1807440 249
1807450 250
1807460 250
1807470 250
1807480 250
1807490 250
1807500 251
1807510 252
1807520 254
1807530 255
1807540 257
1807550 258
1807560 259
1807570 259
1807580 260
1807590 260
1807600 261
1807610 262
1807620 263
1807630 261
1807640 261
1807650 261
1807660 261
1807670 264
1807680 267
1807690 275
1807700 280
1807710 283
1807720 285
1807730 286
1807740 287
1807750 288
1807760 289
1807770 290
1807780 292
1807790 294
1807800 295
1807810 297
1807820 298
1807830 300
1807840 302
1807850 304
1807860 305
1807870 306
1807880 307
1807890 307
1807900 307
1807910 307
1807920 307
1807930 307
1807940 308
1807950 308
1807960 308
1807970 309
1807980 310
1807990 310
1808000 311
1808010 312
1808020 312
1808030 312
1808040 313
1808050 313
1808060 313
1808070 313
1808080 313
1808090 313
1808100 313
1808110 314
1808120 314
1808130 314
1808140 314
1808150 314
1808160 314
1808170 315
1808180 315
1808190 315
1808200 315
1808210 315
1808220 316
1808230 316
1808240 317
1808250 317
1808260 317
1808270 318
1808280 318
1808290 319
1808300 319
1808310 319
1808320 320
1808330 320
1808340 320
1808350 320
1808360 321
1808370 321
1808380 321
1808390 321
1808400 321
1808410 321
1808420 321
1808430 320
1808440 320
1808450 319
1808460 319
1808470 318
1808480 318
1808490 317
1808500 316
1808510 315
1808520 314
1808530 313
1808540 312
1808550 311
1808560 310
1808570 309
1808580 308
1808590 307
1808600 307
1808610 306
1808620 306
1808630 306
1808640 306
1808650 306
1808660 307
1808670 307
1808680 307
1808690 308
1808700 308
1808710 308
1808720 307
1808730 307
1808740 307
1808750 306
1808760 306
1808770 306
1808780 305
1808790 306
1808800 306
1808810 308
1808820 309
1808830 310
1808840 311
1808850 313
1808860 314
1808870 315
1808880 316
1808890 317
1808900 318
1808910 319
1808920 319
1808930 320
1808940 321
1808950 322
1808960 323
1808970 323
1808980 324
1808990 325
1809000 325
1809010 326
1809020 326
1809030 327
1809040 327
1809050 328
1809060 328
1809070 329
1809080 329
1809090 330
1809100 330
1809110 330
1809120 331
1809130 331
1809140 331
1809150 331
1809160 331
1809170 331
1809180 331
1809190 331
1809200 331
1809210 331
1809220 330
1809230 330
1809240 329
1809250 329
1809260 329
1809270 328
1809280 328
1809290 327
1809300 327
1809310 326
1809320 326
1809330 325
1809340 324
1809350 323
1809360 322
1809370 321
1809380 320
1809390 319
1809400 317
1809410 316
1809420 314
1809430 313
1809440 311
1809450 309
1809460 308
1809470 306
1809480 304
1809490 302
1809500 300
1809510 298
1809520 296
1809530 293
1809540 291
1809550 288
1809560 285
1809570 283
1809580 281
1809590 280
1809600 279
1809610 280
1809620 282
1809630 285
1809640 287
1809650 289
1809660 289
1809670 290
1809680 290
1809690 291
1809700 291
1809710 292
1809720 293
1809730 294
1809740 295
1809750 296
1809760 298
1809770 300
1809780 302
1809790 304
1809800 307
1809810 308
1809820 309
1809830 310
1809840 311
1809850 311
1809860 312
1809870 312
1809880 312
1809890 312
1809900 312
1809910 312
1809920 312
1809930 312
1809940 312
1809950 311
1809960 311
1809970 311
1809980 310
1809990 309
1810000 309
1810010 308
1810020 307
1810030 306
1810040 305
1810050 304
1810060 303
1810070 301
1810080 300
1810090 299
1810100 297
1810110 296
1810120 294
1810130 292
1810140 290
1810150 288
1810160 286
1810170 284
1810180 282
1810190 279
1810200 276
1810210 274
1810220 271
1810230 269
1810240 266
1810250 263
1810260 261
1810270 258
1810280 255
1810290 253
1810300 252
1810310 251
1810320 251
1810330 249
1810340 247
1810350 248
1810360 251
1810370 253
1810380 256
1810390 259
1810400 262
1810410 264
1810420 266
1810430 269
1810440 272
1810450 274
1810460 277
1810470 279
1810480 281
1810490 284
1810500 286
1810510 288
1810520 290
1810530 292
1810540 294
1810550 297
1810560 298
1810570 300
1810580 301
1810590 303
1810600 305
1810610 306
1810620 308
1810630 310
1810640 311
1810650 313
1810660 314
1810670 315
1810680 316
1810690 317
1810700 318
1810710 319
1810720 319
1810730 320
1810740 321
1810750 321
1810760 322
1810770 322
1810780 323
1810790 323
1810800 324
1810810 324
1810820 324
1810830 325
1810840 325
1810850 325
1810860 325
1810870 325
1810880 326
1810890 326
1810900 326
1810910 326
1810920 325
1810930 325
1810940 325
1810950 325
1810960 324
1810970 324
1810980 324
1810990 323
1811000 323
1811010 322
1811020 322
1811030 322
1811040 321
1811050 320
1811060 320
1811070 319
1811080 319
1811090 318
1811100 317
1811110 317
1811120 316
1811130 315
1811140 314
1811150 313
1811160 312
1811170 312
1811180 311
1811190 310
1811200 309
1811210 308
1811220 307
1811230 306
1811240 305
1811250 304
1811260 303
1811270 302
1811280 301
1811290 300
1811300 299
1811310 297
1811320 295
1811330 293
1811340 292
1811350 291
1811360 290
1811370 290
1811380 289
1811390 288
1811400 289
1811410 289
1811420 290
1811430 290
1811440 290
1811450 289
1811460 290
1811470 290
1811480 290
1811490 291
1811500 291
1811510 292
1811520 292
1811530 292
1811540 292
1811550 293
1811560 293
1811570 293
1811580 293
1811590 293
1811600 292
1811610 292
1811620 292
1811630 291
1811640 290
1811650 289
1811660 289
1811670 287
1811680 286
1811690 285
1811700 284
1811710 284
1811720 283
1811730 283
1811740 282
1811750 281
1811760 280
1811770 278
1811780 276
1811790 275
1811800 273
1811810 271
1811820 270
1811830 267
1811840 263
1811850 263
1811860 264
1811870 268
1811880 270
1811890 272
1811900 273
1811910 273
1811920 275
1811930 277
1811940 280
1811950 282
1811960 284
1811970 287
1811980 289
1811990 291
1812000 293
1812010 295
1812020 297
1812030 300
1812040 302
1812050 304
1812060 305
1812070 306
1812080 308
1812090 309
1812100 312
1812110 314
1812120 316
1812130 318
1812140 320
1812150 322
1812160 323
1812170 325
1812180 326
1812190 327
1812200 329
1812210 330
1812220 331
1812230 333
1812240 334
1812250 335
1812260 336
1812270 336
1812280 337
1812290 338
1812300 339
1812310 339
1812320 340
1812330 340
1812340 341
1812350 341
1812360 342
1812370 342
1812380 343
1812390 343
1812400 344
1812410 344
1812420 345
1812430 345
1812440 345
1812450 345
1812460 346
1812470 346
1812480 346
1812490 347
1812500 347
1812510 347
1812520 347
1812530 347
1812540 347
1812550 347
1812560 347
1812570 347
1812580 347
1812590 347
1812600 346
1812610 346
1812620 345
1812630 344
1812640 344
1812650 343
1812660 342
1812670 341
1812680 340
1812690 339
1812700 338
1812710 337
1812720 336
1812730 336
1812740 335
1812750 334
1812760 333
1812770 332
1812780 330
1812790 328
1812800 327
1812810 327
1812820 328
1812830 331
1812840 334
1812850 337
1812860 340
1812870 342
1812880 344
1812890 346
1812900 349
1812910 351
1812920 353
1812930 355
1812940 356
1812950 357
1812960 358
1812970 359
1812980 360
1812990 361
1813000 362
1813010 363
1813020 364
1813030 364
1813040 365
1813050 365
1813060 366
1813070 366
1813080 366
1813090 367
1813100 367
1813110 367
1813120 368
1813130 367
1813140 368
1813150 368
1813160 368
1813170 368
1813180 369
1813190 369
1813200 370
1813210 370
1813220 370
1813230 371
1813240 371
1813250 372
1813260 372
1813270 373
1813280 373
1813290 373
1813300 374
1813310 374
1813320 374
1813330 374
1813340 374
1813350 374
1813360 375
1813370 375
1813380 375
1813390 375
1813400 375
1813410 375
1813420 374
1813430 374
1813440 374
1813450 374
1813460 373
1813470 373
1813480 373
1813490 372
1813500 371
1813510 371
1813520 370
1813530 370
1813540 369
1813550 369
1813560 368
1813570 367
1813580 367
1813590 366
1813600 366
1813610 365
1813620 364
1813630 364
1813640 363
1813650 362
1813660 361
1813670 359
1813680 358
1813690 357
1813700 355
1813710 354
1813720 352
1813730 351
1813740 349
1813750 347
1813760 346
1813770 344
1813780 342
1813790 341
1813800 339
1813810 338
1813820 336
1813830 334
1813840 332
1813850 331
1813860 330
1813870 328
1813880 327
1813890 326
1813900 325
1813910 324
1813920 323
1813930 322
1813940 321
1813950 321
1813960 320
1813970 320
1813980 320
1813990 320
1814000 319
1814010 318
1814020 317
1814030 316
1814040 315
1814050 314
1814060 314
1814070 313
1814080 313
1814090 313
1814100 313
1814110 313
1814120 312
1814130 312
1814140 311
1814150 310
1814160 310
1814170 309
1814180 309
1814190 309
1814200 309
1814210 309
1814220 309
1814230 309
1814240 310
1814250 310
1814260 310
1814270 310
1814280 309
1814290 309
1814300 308
1814310 307
1814320 306
1814330 305
1814340 305
1814350 306
1814360 307
1814370 307
1814380 308
1814390 308
1814400 308
1814410 308
1814420 308
1814430 309
1814440 309
1814450 309
1814460 308
1814470 308
1814480 308
1814490 307
1814500 307
1814510 306
1814520 306
1814530 305
1814540 304
1814550 304
1814560 303
1814570 303
1814580 302
1814590 301
1814600 299
1814610 298
1814620 297
1814630 296
1814640 296
1814650 295
1814660 291
1814670 288
1814680 285
1814690 284
1814700 284
1814710 285
1814720 285
1814730 284
1814740 284
1814750 282
1814760 280
1814770 278
1814780 277
1814790 275
1814800 273
1814810 271
1814820 269
1814830 268
1814840 267
1814850 265
1814860 264
1814870 263
1814880 262
1814890 261
1814900 260
1814910 259
1814920 258
1814930 256
1814940 255
1814950 254
1814960 252
1814970 251
1814980 250
1814990 249
1815000 248
1815010 247
1815020 246
1815030 245
1815040 244
1815050 243
1815060 242
1815070 241
1815080 240
1815090 240
1815100 239
1815110 238
1815120 237
1815130 237
1815140 236
1815150 235
1815160 235
1815170 234
1815180 234
1815190 233
1815200 233
1815210 232
1815220 231
1815230 230
1815240 229
1815250 228
1815260 227
1815270 226
1815280 224
1815290 223
1815300 222
1815310 221
1815320 220
1815330 219
1815340 219
1815350 219
1815360 218
1815370 218
1815380 218
1815390 218
1815400 218
1815410 217
1815420 217
1815430 216
1815440 216
1815450 215
1815460 214
1815470 213
1815480 212
1815490 211
1815500 211
1815510 210
1815520 209
1815530 208
1815540 207
1815550 206
1815560 206
1815570 205
1815580 204
1815590 204
1815600 203
1815610 202
1815620 202
1815630 202
1815640 201
1815650 201
1815660 201
1815670 201
1815680 201
1815690 201
1815700 200
1815710 200
1815720 200
1815730 200
1815740 199
1815750 199
1815760 199
1815770 199
1815780 199
1815790 198
1815800 198
1815810 198
1815820 198
1815830 197
1815840 197
1815850 196
1815860 196
1815870 196
1815880 195
1815890 195
1815900 195
1815910 195
1815920 194
1815930 194
1815940 194
1815950 194
1815960 194
1815970 193
1815980 193
1815990 192
1816000 191
1816010 191
1816020 190
1816030 190
1816040 190
1816050 190
1816060 190
1816070 190
1816080 190
1816090 190
1816100 190
1816110 190
1816120 190
1816130 189
1816140 187
1816150 184
1816160 181
1816170 179
1816180 176
1816190 173
1816200 171
1816210 170
1816220 169
1816230 168
1816240 168
1816250 166
1816260 165
1816270 165
1816280 165
1816290 164
1816300 163
1816310 164
1816320 165
1816330 165
1816340 165
1816350 165
1816360 165
1816370 165
1816380 165
1816390 165
1816400 164
1816410 164
1816420 164
1816430 163
1816440 163
1816450 163
1816460 163
1816470 163
1816480 163
1816490 163
1816500 163
1816510 163
1816520 163
1816530 163
1816540 163
1816550 163
1816560 163
1816570 162
1816580 162
1816590 162
1816600 162
1816610 163
1816620 163
1816630 163
1816640 163
1816650 163
1816660 163
1816670 163
1816680 163
1816690 163
1816700 164
1816710 164
1816720 165
1816730 165
1816740 165
1816750 165
1816760 165
1816770 166
1816780 166
1816790 166
1816800 166
1816810 166
1816820 166
1816830 166
1816840 166
1816850 166
1816860 166
1816870 166
1816880 166
1816890 166
1816900 166
1816910 165
1816920 165
1816930 165
1816940 165
1816950 165
1816960 165
1816970 165
1816980 166
1816990 166
1817000 166
1817010 166
1817020 166
1817030 166
1817040 166
1817050 166
1817060 166
1817070 167
1817080 167
1817090 166
1817100 166
1817110 166
1817120 166
1817130 166
1817140 165
1817150 165
1817160 165
1817170 164
1817180 164
1817190 164
1817200 165
1817210 165
1817220 165
1817230 165
1817240 165
1817250 165
1817260 165
1817270 165
1817280 165
1817290 165
1817300 165
1817310 165
1817320 165
1817330 165
1817340 165
1817350 165
1817360 165
1817370 165
1817380 165
1817390 165
1817400 165
1817410 164
1817420 163
1817430 163
1817440 164
1817450 164
1817460 164
1817470 164
1817480 165
1817490 165
1817500 165
1817510 165
1817520 164
1817530 163
1817540 163
1817550 163
1817560 163
1817570 164
1817580 165
1817590 165
1817600 165
1817610 165
1817620 165
1817630 165
1817640 165
1817650 165
1817660 165
1817670 165
1817680 165
1817690 165
1817700 165
1817710 165
1817720 166
1817730 166
1817740 166
1817750 165
1817760 165
1817770 164
1817780 164
1817790 164
1817800 164
1817810 164
1817820 165
1817830 164
1817840 164
1817850 163
1817860 163
1817870 163
1817880 163
1817890 163
1817900 163
1817910 163
1817920 163
1817930 164
1817940 164
1817950 164
1817960 164
1817970 164
1817980 164
1817990 164
1818000 164
1818010 164
1818020 164
1818030 164
1818040 164
1818050 164
1818060 164
1818070 164
1818080 164
1818090 164
1818100 164
1818110 164
1818120 165
1818130 165
1818140 165
1818150 165
1818160 164
1818170 164
1818180 165
1818190 164
1818200 164
1818210 165
1818220 165
1818230 165
1818240 165
1818250 165
1818260 165
1818270 165
1818280 165
1818290 165
1818300 165
1818310 164
1818320 164
1818330 163
1818340 164
1818350 164
1818360 164
1818370 165
1818380 164
1818390 163
1818400 163
1818410 163
1818420 163
1818430 163
1818440 164
1818450 165
1818460 165
1818470 164
1818480 164
1818490 163
1818500 163
1818510 163
1818520 163
1818530 163
1818540 163
1818550 163
1818560 163
1818570 163
1818580 163
1818590 163
1818600 163
1818610 163
1818620 163
1818630 163
1818640 163
1818650 163
1818660 163
1818670 163
1818680 163
1818690 163
1818700 163
1818710 163
1818720 163
1818730 163
1818740 163
1818750 163
1818760 163
1818770 163
1818780 163
1818790 163
1818800 163
1818810 163
1818820 163
1818830 163
1818840 163
1818850 163
1818860 163
1818870 163
1818880 163
1818890 163
1818900 163
1818910 163
1818920 163
1818930 163
1818940 163
1818950 163
1818960 163
1818970 163
1818980 163
1818990 163
1819000 163
1819010 163
1819020 163
1819030 163
1819040 163
1819050 163
1819060 163
1819070 163
1819080 164
1819090 165
1819100 166
1819110 166
1819120 166
1819130 166
1819140 166
1819150 165
1819160 165
1819170 165
1819180 165
1819190 164
1819200 164
1819210 163
1819220 163
1819230 163
1819240 163
1819250 163
1819260 164
1819270 164
1819280 164
1819290 164
1819300 164
1819310 164
1819320 164
1819330 164
1819340 164
1819350 164
1819360 164
1819370 164
1819380 164
1819390 164
1819400 164
1819410 164
1819420 164
1819430 164
1819440 164
1819450 164
1819460 164
1819470 166
1819480 168
1819490 170
1819500 171
1819510 172
1819520 172
1819530 172
1819540 172
1819550 173
1819560 173
1819570 171
1819580 168
1819590 166
1819600 165
1819610 165
1819620 165
1819630 165
1819640 165
1819650 165
1819660 165
1819670 166
1819680 166
1819690 167
1819700 168
1819710 167
1819720 167
1819730 166
1819740 167
1819750 167
1819760 168
1819770 167
1819780 168
1819790 168
1819800 168
1819810 167
1819820 167
1819830 166
1819840 165
1819850 165
1819860 165
1819870 165
1819880 165
1819890 165
1819900 165
1819910 165
1819920 165
1819930 165
1819940 165
1819950 165
1819960 165
1819970 165
1819980 165
1819990 165
