1800000 173
1800010 173
1800020 173
1800030 173
1800040 173
1800050 173
1800060 173
1800070 173
1800080 173
1800090 173
1800100 173
1800110 173
1800120 173
1800130 173
1800140 173
1800150 173
1800160 173
1800170 173
1800180 173
1800190 173
1800200 172
1800210 172
1800220 172
1800230 172
1800240 172
1800250 172
1800260 172
1800270 172
1800280 172
1800290 172
1800300 172
1800310 172
1800320 172
1800330 172
1800340 172
1800350 172
1800360 172
1800370 172
1800380 172
1800390 172
1800400 172
1800410 172
1800420 172
1800430 172
1800440 172
1800450 172
1800460 172
1800470 172
1800480 173
1800490 173
1800500 173
1800510 173
1800520 173
1800530 172
1800540 172
1800550 172
1800560 173
1800570 173
1800580 173
1800590 173
1800600 173
1800610 173
1800620 173
1800630 172
1800640 172
1800650 172
1800660 172
1800670 172
1800680 172
1800690 172
1800700 172
1800710 172
1800720 172
1800730 172
1800740 172
1800750 172
1800760 172
1800770 172
1800780 172
1800790 172
1800800 172
1800810 172
1800820 172
1800830 172
1800840 172
1800850 172
1800860 172
1800870 172
1800880 172
1800890 172
1800900 172
1800910 172
1800920 172
1800930 172
1800940 172
1800950 172
1800960 172
1800970 172
1800980 172
1800990 172
1801000 172
1801010 172
1801020 172
1801030 172
1801040 172
1801050 172
1801060 172
1801070 172
1801080 172
1801090 172
1801100 172
1801110 172
1801120 172
1801130 172
1801140 172
1801150 172
1801160 172
1801170 172
1801180 172
1801190 172
1801200 172
1801210 172
1801220 172
1801230 172
1801240 172
1801250 172
1801260 172
1801270 172
1801280 172
1801290 172
1801300 172
1801310 172
1801320 172
1801330 172
1801340 172
1801350 172
1801360 172
1801370 172
1801380 172
1801390 172
1801400 172
1801410 172
1801420 172
1801430 172
1801440 172
1801450 172
1801460 172
1801470 172
1801480 172
1801490 172
1801500 172
1801510 172
1801520 172
1801530 172
1801540 172
1801550 172
1801560 172
1801570 172
1801580 172
1801590 172
1801600 172
1801610 172
1801620 172
1801630 172
1801640 172
1801650 172
1801660 172
1801670 172
1801680 172
1801690 172
1801700 172
1801710 172
1801720 172
1801730 172
1801740 172
1801750 172
1801760 173
1801770 173
1801780 173
1801790 173
1801800 172
1801810 172
1801820 172
1801830 172
1801840 172
1801850 172
1801860 172
1801870 172
1801880 172
1801890 172
1801900 172
1801910 172
1801920 172
1801930 172
1801940 172
1801950 172
1801960 172
1801970 172
1801980 172
1801990 172
1802000 172
1802010 172
1802020 172
1802030 172
1802040 172
1802050 172
1802060 172
1802070 172
1802080 172
1802090 172
1802100 172
1802110 172
1802120 172
1802130 172
1802140 172
1802150 172
1802160 172
1802170 172
1802180 172
1802190 172
1802200 172
1802210 172
1802220 172
1802230 172
1802240 172
1802250 172
1802260 172
1802270 172
1802280 172
1802290 172
1802300 172
1802310 172
1802320 172
1802330 173
1802340 173
1802350 173
1802360 173
1802370 173
1802380 173
1802390 173
1802400 173
1802410 173
1802420 173
1802430 173
1802440 174
1802450 174
1802460 174
1802470 174
1802480 174
1802490 174
1802500 174
1802510 175
1802520 175
1802530 175
1802540 175
1802550 175
1802560 175
1802570 175
1802580 175
1802590 176
1802600 176
1802610 176
1802620 176
1802630 176
1802640 177
1802650 178
1802660 178
1802670 176
1802680 176
1802690 176
1802700 176
1802710 176
1802720 176
1802730 176
1802740 176
1802750 176
1802760 176
1802770 176
1802780 176
1802790 176
1802800 176
1802810 176
1802820 176
1802830 176
1802840 176
1802850 176
1802860 176
1802870 176
1802880 176
1802890 176
1802900 177
1802910 177
1802920 178
1802930 178
1802940 178
1802950 178
1802960 179
1802970 179
1802980 179
1802990 179
1803000 180
1803010 180
1803020 180
1803030 180
1803040 180
1803050 180
1803060 180
1803070 180
1803080 181
1803090 181
1803100 181
1803110 181
1803120 182
1803130 182
1803140 183
1803150 183
1803160 184
1803170 184
1803180 185
1803190 185
1803200 186
1803210 187
1803220 189
1803230 191
1803240 192
1803250 194
1803260 195
1803270 197
1803280 197
1803290 198
1803300 198
1803310 198
1803320 198
1803330 198
1803340 199
1803350 199
1803360 200
1803370 200
1803380 200
1803390 201
1803400 201
1803410 202
1803420 204
1803430 205
1803440 206
1803450 207
1803460 208
1803470 209
1803480 211
1803490 213
1803500 214
1803510 215
1803520 216
1803530 217
1803540 218
1803550 218
1803560 219
1803570 219
1803580 219
1803590 219
1803600 219
1803610 219
1803620 220
1803630 220
1803640 220
1803650 221
1803660 223
1803670 225
1803680 227
1803690 229
1803700 231
1803710 234
1803720 237
1803730 238
1803740 238
1803750 237
1803760 235
1803770 232
1803780 231
1803790 230
1803800 229
1803810 228
1803820 229
1803830 229
1803840 230
1803850 231
1803860 231
1803870 231
1803880 233
1803890 234
1803900 237
1803910 242
1803920 246
1803930 248
1803940 250
1803950 252
1803960 254
1803970 256
1803980 259
1803990 261
1804000 264
1804010 267
1804020 270
1804030 273
1804040 275
1804050 276
1804060 276
1804070 276
1804080 274
1804090 271
1804100 268
1804110 265
1804120 262
1804130 260
1804140 257
1804150 255
1804160 254
1804170 253
1804180 251
1804190 249
1804200 247
1804210 244
1804220 242
1804230 241
1804240 239
1804250 238
1804260 237
1804270 236
1804280 235
1804290 234
1804300 232
1804310 231
1804320 230
1804330 229
1804340 228
1804350 227
1804360 225
1804370 224
1804380 223
1804390 223
1804400 224
1804410 225
1804420 226
1804430 227
1804440 229
1804450 230
1804460 232
1804470 234
1804480 236
1804490 235
1804500 232
1804510 228
1804520 224
1804530 220
1804540 215
1804550 211
1804560 208
1804570 207
1804580 206
1804590 207
1804600 209
1804610 211
1804620 212
1804630 212
1804640 213
1804650 214
1804660 215
1804670 217
1804680 219
1804690 223
1804700 227
1804710 231
1804720 235
1804730 239
1804740 245
1804750 250
1804760 255
1804770 259
1804780 257
1804790 254
1804800 250
1804810 247
1804820 246
1804830 245
1804840 246
1804850 248
1804860 251
1804870 253
1804880 255
1804890 258
1804900 262
1804910 265
1804920 266
1804930 267
1804940 268
1804950 268
1804960 269
1804970 269
1804980 269
1804990 269
1805000 269
1805010 269
1805020 269
1805030 269
1805040 269
1805050 268
1805060 268
1805070 268
1805080 268
1805090 268
1805100 269
1805110 269
1805120 270
1805130 270
1805140 270
1805150 270
1805160 270
1805170 270
1805180 270
1805190 270
1805200 269
1805210 269
1805220 269
1805230 269
1805240 269
1805250 270
1805260 270
1805270 270
1805280 270
1805290 270
1805300 270
1805310 270
1805320 270
1805330 270
1805340 270
1805350 270
1805360 270
1805370 270
1805380 270
1805390 270
1805400 270
1805410 270
1805420 270
1805430 270
1805440 270
1805450 270
1805460 270
1805470 270
1805480 270
1805490 270
1805500 270
1805510 270
1805520 270
1805530 270
1805540 271
1805550 271
1805560 271
1805570 271
1805580 271
1805590 272
1805600 272
1805610 272
1805620 272
1805630 273
1805640 274
1805650 274
1805660 275
1805670 275
1805680 276
1805690 276
1805700 276
1805710 277
1805720 277
1805730 278
1805740 278
1805750 278
1805760 279
1805770 279
1805780 279
1805790 279
1805800 279
1805810 279
1805820 279
1805830 279
1805840 279
1805850 279
1805860 279
1805870 280
1805880 280
1805890 280
1805900 280
1805910 279
1805920 279
1805930 278
1805940 277
1805950 275
1805960 274
1805970 274
1805980 273
1805990 273
1806000 275
1806010 277
1806020 279
1806030 280
1806040 282
1806050 283
1806060 284
1806070 285
1806080 286
1806090 288
1806100 289
1806110 290
1806120 290
1806130 291
1806140 292
1806150 292
1806160 293
1806170 293
1806180 294
1806190 294
1806200 294
1806210 294
1806220 294
1806230 294
1806240 294
1806250 294
1806260 294
1806270 294
1806280 294
1806290 294
1806300 294
1806310 294
1806320 294
1806330 293
1806340 293
1806350 293
1806360 293
1806370 292
1806380 292
1806390 291
1806400 291
1806410 290
1806420 289
1806430 288
1806440 287
1806450 286
1806460 285
1806470 284
1806480 283
1806490 282
1806500 281
1806510 279
1806520 278
1806530 276
1806540 274
1806550 272
1806560 271
1806570 269
1806580 269
1806590 268
1806600 267
1806610 267
1806620 267
1806630 269
1806640 271
1806650 274
1806660 276
1806670 278
1806680 279
1806690 280
1806700 281
1806710 282
1806720 283
1806730 284
1806740 284
1806750 284
1806760 285
1806770 285
1806780 285
1806790 285
1806800 285
1806810 285
1806820 285
1806830 285
1806840 284
1806850 284
1806860 284
1806870 283
1806880 282
1806890 282
1806900 281
1806910 280
1806920 279
1806930 277
1806940 276
1806950 275
1806960 274
1806970 272
1806980 271
1806990 269
1807000 267
1807010 265
1807020 263
1807030 261
1807040 259
1807050 257
1807060 256
1807070 256
1807080 256
1807090 257
1807100 257
1807110 258
1807120 259
1807130 260
1807140 259
1807150 259
1807160 258
1807170 257
1807180 257
1807190 258
1807200 258
1807210 257
1807220 256
1807230 256
1807240 256
1807250 257
1807260 257
1807270 258
1807280 259
1807290 260
1807300 262
1807310 264
1807320 266
1807330 267
1807340 268
1807350 268
1807360 269
1807370 270
1807380 271
1807390 272
1807400 273
1807410 273
1807420 273
1807430 272
1807440 272
1807450 271
1807460 270
1807470 268
1807480 265
1807490 262
1807500 259
1807510 257
1807520 255
1807530 255
1807540 254
1807550 254
1807560 254
1807570 253
1807580 253
1807590 254
1807600 254
1807610 254
1807620 255
1807630 255
1807640 255
1807650 256
1807660 258
1807670 261
1807680 263
1807690 265
1807700 266
1807710 268
1807720 270
1807730 271
1807740 272
1807750 273
1807760 275
1807770 276
1807780 277
1807790 279
1807800 281
1807810 283
1807820 285
1807830 286
1807840 289
1807850 291
1807860 294
1807870 296
1807880 298
1807890 301
1807900 303
1807910 305
1807920 307
1807930 309
1807940 311
1807950 312
1807960 314
1807970 316
1807980 317
1807990 319
1808000 320
1808010 321
1808020 322
1808030 324
1808040 325
1808050 326
1808060 327
1808070 328
1808080 329
1808090 330
1808100 331
1808110 332
1808120 333
1808130 334
1808140 335
1808150 336
1808160 337
1808170 338
1808180 338
1808190 339
1808200 340
1808210 340
1808220 341
1808230 342
1808240 342
1808250 343
1808260 343
1808270 344
1808280 344
1808290 345
1808300 345
1808310 345
1808320 346
1808330 346
1808340 346
1808350 346
1808360 346
1808370 346
1808380 346
1808390 346
1808400 346
1808410 346
1808420 345
1808430 344
1808440 344
1808450 343
1808460 342
1808470 341
1808480 341
1808490 340
1808500 338
1808510 337
1808520 337
1808530 336
1808540 336
1808550 337
1808560 337
1808570 338
1808580 339
1808590 339
1808600 339
1808610 339
1808620 339
1808630 339
1808640 339
1808650 339
1808660 340
1808670 340
1808680 340
1808690 340
1808700 340
1808710 340
1808720 340
1808730 339
1808740 339
1808750 338
1808760 338
1808770 338
1808780 337
1808790 337
1808800 337
1808810 338
1808820 338
1808830 339
1808840 340
1808850 341
1808860 342
1808870 342
1808880 343
1808890 343
1808900 344
1808910 344
1808920 344
1808930 345
1808940 345
1808950 346
1808960 346
1808970 346
1808980 347
1808990 347
1809000 347
1809010 347
1809020 348
1809030 348
1809040 348
1809050 347
1809060 348
1809070 348
1809080 348
1809090 348
1809100 348
1809110 348
1809120 348
1809130 348
1809140 347
1809150 347
1809160 346
1809170 346
1809180 346
1809190 345
1809200 345
1809210 344
1809220 343
1809230 342
1809240 341
1809250 340
1809260 339
1809270 337
1809280 336
1809290 334
1809300 333
1809310 331
1809320 330
1809330 328
1809340 326
1809350 324
1809360 322
1809370 320
1809380 318
1809390 315
1809400 313
1809410 310
1809420 307
1809430 304
1809440 301
1809450 300
1809460 299
1809470 299
1809480 299
1809490 299
1809500 300
1809510 301
1809520 303
1809530 304
1809540 306
1809550 307
1809560 309
1809570 310
1809580 311
1809590 312
1809600 314
1809610 315
1809620 317
1809630 318
1809640 319
1809650 319
1809660 320
1809670 320
1809680 321
1809690 321
1809700 321
1809710 321
1809720 321
1809730 321
1809740 321
1809750 321
1809760 321
1809770 321
1809780 321
1809790 321
1809800 321
1809810 321
1809820 320
1809830 320
1809840 320
1809850 320
1809860 320
1809870 320
1809880 319
1809890 319
1809900 318
1809910 318
1809920 317
1809930 316
1809940 316
1809950 315
1809960 314
1809970 314
1809980 313
1809990 312
1810000 311
1810010 311
1810020 310
1810030 309
1810040 308
1810050 307
1810060 305
1810070 304
1810080 303
1810090 301
1810100 300
1810110 299
1810120 297
1810130 296
1810140 295
1810150 294
1810160 292
1810170 291
1810180 290
1810190 288
1810200 286
1810210 285
1810220 282
1810230 280
1810240 277
1810250 275
1810260 272
1810270 269
1810280 267
1810290 263
1810300 260
1810310 256
1810320 254
1810330 253
1810340 252
1810350 252
1810360 252
1810370 254
1810380 257
1810390 261
1810400 264
1810410 267
1810420 269
1810430 271
1810440 273
1810450 275
1810460 277
1810470 279
1810480 282
1810490 284
1810500 286
1810510 289
1810520 291
1810530 294
1810540 296
1810550 299
1810560 301
1810570 304
1810580 306
1810590 308
1810600 310
1810610 312
1810620 313
1810630 315
1810640 316
1810650 317
1810660 318
1810670 319
1810680 320
1810690 321
1810700 322
1810710 322
1810720 323
1810730 323
1810740 324
1810750 324
1810760 324
1810770 324
1810780 325
1810790 325
1810800 325
1810810 325
1810820 325
1810830 325
1810840 324
1810850 324
1810860 324
1810870 324
1810880 324
1810890 323
1810900 323
1810910 323
1810920 322
1810930 322
1810940 322
1810950 321
1810960 321
1810970 321
1810980 320
1810990 320
1811000 320
1811010 319
1811020 319
1811030 319
1811040 318
1811050 318
1811060 318
1811070 317
1811080 317
1811090 317
1811100 317
1811110 316
1811120 316
1811130 316
1811140 316
1811150 316
1811160 315
1811170 315
1811180 315
1811190 315
1811200 314
1811210 314
1811220 314
1811230 314
1811240 313
1811250 313
1811260 313
1811270 313
1811280 313
1811290 312
1811300 312
1811310 312
1811320 312
1811330 312
1811340 311
1811350 311
1811360 311
1811370 311
1811380 311
1811390 311
1811400 311
1811410 311
1811420 311
1811430 311
1811440 311
1811450 311
1811460 311
1811470 311
1811480 311
1811490 311
1811500 311
1811510 311
1811520 311
1811530 312
1811540 312
1811550 312
1811560 312
1811570 311
1811580 311
1811590 311
1811600 311
1811610 311
1811620 311
1811630 311
1811640 311
1811650 310
1811660 310
1811670 309
1811680 309
1811690 308
1811700 307
1811710 306
1811720 305
1811730 304
1811740 303
1811750 301
1811760 300
1811770 299
1811780 297
1811790 296
1811800 294
1811810 292
1811820 291
1811830 289
1811840 287
1811850 285
1811860 284
1811870 281
1811880 279
1811890 277
1811900 278
1811910 279
1811920 279
1811930 280
1811940 281
1811950 283
1811960 286
1811970 288
1811980 291
1811990 293
1812000 295
1812010 297
1812020 300
1812030 302
1812040 304
1812050 306
1812060 309
1812070 311
1812080 313
1812090 315
1812100 317
1812110 319
1812120 321
1812130 323
1812140 325
1812150 327
1812160 328
1812170 329
1812180 331
1812190 332
1812200 333
1812210 334
1812220 335
1812230 337
1812240 338
1812250 339
1812260 340
1812270 341
1812280 342
1812290 343
1812300 344
1812310 345
1812320 346
1812330 347
1812340 347
1812350 348
1812360 349
1812370 350
1812380 351
1812390 351
1812400 352
1812410 353
1812420 353
1812430 354
1812440 355
1812450 355
1812460 356
1812470 356
1812480 357
1812490 357
1812500 358
1812510 358
1812520 359
1812530 359
1812540 359
1812550 360
1812560 360
1812570 361
1812580 361
1812590 361
1812600 361
1812610 361
1812620 362
1812630 362
1812640 362
1812650 362
1812660 362
1812670 362
1812680 362
1812690 362
1812700 362
1812710 361
1812720 361
1812730 361
1812740 361
1812750 361
1812760 361
1812770 361
1812780 361
1812790 361
1812800 361
1812810 361
1812820 361
1812830 361
1812840 361
1812850 361
1812860 361
1812870 362
1812880 362
1812890 362
1812900 362
1812910 362
1812920 362
1812930 362
1812940 361
1812950 361
1812960 362
1812970 362
1812980 363
1812990 364
1813000 366
1813010 367
1813020 369
1813030 370
1813040 372
1813050 372
1813060 373
1813070 374
1813080 374
1813090 375
1813100 375
1813110 376
1813120 376
1813130 377
1813140 377
1813150 377
1813160 378
1813170 378
1813180 378
1813190 379
1813200 379
1813210 379
1813220 380
1813230 380
1813240 380
1813250 380
1813260 380
1813270 381
1813280 381
1813290 381
1813300 381
1813310 381
1813320 381
1813330 381
1813340 381
1813350 381
1813360 381
1813370 381
1813380 381
1813390 381
1813400 381
1813410 381
1813420 380
1813430 380
1813440 380
1813450 379
1813460 379
1813470 379
1813480 378
1813490 378
1813500 377
1813510 377
1813520 376
1813530 376
1813540 375
1813550 375
1813560 374
1813570 373
1813580 373
1813590 372
1813600 371
1813610 370
1813620 369
1813630 368
1813640 367
1813650 366
1813660 365
1813670 363
1813680 362
1813690 361
1813700 359
1813710 358
1813720 356
1813730 354
1813740 352
1813750 350
1813760 348
1813770 346
1813780 343
1813790 340
1813800 338
1813810 336
1813820 334
1813830 332
1813840 330
1813850 328
1813860 326
1813870 324
1813880 322
1813890 320
1813900 318
1813910 316
1813920 314
1813930 313
1813940 311
1813950 309
1813960 307
1813970 306
1813980 304
1813990 302
1814000 301
1814010 299
1814020 298
1814030 297
1814040 297
1814050 296
1814060 295
1814070 294
1814080 294
1814090 293
1814100 293
1814110 293
1814120 292
1814130 292
1814140 292
1814150 292
1814160 293
1814170 293
1814180 293
1814190 293
1814200 293
1814210 293
1814220 293
1814230 293
1814240 293
1814250 293
1814260 293
1814270 293
1814280 293
1814290 293
1814300 292
1814310 292
1814320 291
1814330 290
1814340 288
1814350 286
1814360 286
1814370 288
1814380 290
1814390 291
1814400 291
1814410 291
1814420 291
1814430 290
1814440 290
1814450 290
1814460 290
1814470 290
1814480 289
1814490 289
1814500 288
1814510 287
1814520 286
1814530 285
1814540 284
1814550 283
1814560 283
1814570 283
1814580 283
1814590 283
1814600 283
1814610 283
1814620 282
1814630 281
1814640 281
1814650 280
1814660 280
1814670 279
1814680 279
1814690 277
1814700 276
1814710 273
1814720 271
1814730 269
1814740 267
1814750 265
1814760 263
1814770 262
1814780 261
1814790 260
1814800 259
1814810 258
1814820 257
1814830 256
1814840 254
1814850 253
1814860 252
1814870 251
1814880 250
1814890 249
1814900 248
1814910 247
1814920 246
1814930 245
1814940 245
1814950 244
1814960 243
1814970 242
1814980 242
1814990 241
1815000 240
1815010 239
1815020 239
1815030 238
1815040 237
1815050 237
1815060 236
1815070 236
1815080 235
1815090 234
1815100 234
1815110 233
1815120 232
1815130 232
1815140 231
1815150 230
1815160 230
1815170 229
1815180 229
1815190 228
1815200 228
1815210 227
1815220 227
1815230 226
1815240 225
1815250 225
1815260 224
1815270 223
1815280 222
1815290 221
1815300 221
1815310 220
1815320 219
1815330 219
1815340 218
1815350 217
1815360 216
1815370 216
1815380 215
1815390 214
1815400 214
1815410 213
1815420 212
1815430 211
1815440 211
1815450 210
1815460 209
1815470 209
1815480 208
1815490 207
1815500 207
1815510 206
1815520 206
1815530 205
1815540 205
1815550 204
1815560 203
1815570 203
1815580 202
1815590 201
1815600 201
1815610 201
1815620 200
1815630 200
1815640 200
1815650 199
1815660 199
1815670 199
1815680 199
1815690 198
1815700 198
1815710 197
1815720 196
1815730 196
1815740 196
1815750 195
1815760 195
1815770 195
1815780 194
1815790 194
1815800 195
1815810 195
1815820 195
1815830 195
1815840 195
1815850 194
1815860 194
1815870 194
1815880 194
1815890 194
1815900 193
1815910 193
1815920 193
1815930 192
1815940 192
1815950 192
1815960 191
1815970 190
1815980 190
1815990 189
1816000 189
1816010 188
1816020 188
1816030 187
1816040 185
1816050 183
1816060 182
1816070 180
1816080 178
1816090 177
1816100 175
1816110 173
1816120 171
1816130 169
1816140 167
1816150 166
1816160 165
1816170 165
1816180 164
1816190 163
1816200 164
1816210 165
1816220 166
1816230 165
1816240 165
1816250 165
1816260 165
1816270 164
1816280 164
1816290 163
1816300 163
1816310 163
1816320 163
1816330 163
1816340 163
1816350 163
1816360 163
1816370 162
1816380 162
1816390 162
1816400 162
1816410 162
1816420 162
1816430 162
1816440 162
1816450 162
1816460 162
1816470 162
1816480 162
1816490 162
1816500 162
1816510 162
1816520 163
1816530 163
1816540 163
1816550 163
1816560 163
1816570 164
1816580 164
1816590 165
1816600 165
1816610 166
1816620 165
1816630 165
1816640 165
1816650 165
1816660 165
1816670 165
1816680 166
1816690 166
1816700 166
1816710 166
1816720 166
1816730 166
1816740 166
1816750 166
1816760 166
1816770 166
1816780 166
1816790 166
1816800 166
1816810 166
1816820 167
1816830 166
1816840 166
1816850 166
1816860 166
1816870 166
1816880 166
1816890 166
1816900 166
1816910 166
1816920 165
1816930 165
1816940 165
1816950 166
1816960 166
1816970 166
1816980 165
1816990 165
1817000 165
1817010 165
1817020 165
1817030 165
1817040 165
1817050 165
1817060 165
1817070 165
1817080 165
1817090 165
1817100 165
1817110 166
1817120 165
1817130 165
1817140 165
1817150 165
1817160 165
1817170 165
1817180 165
1817190 165
1817200 165
1817210 165
1817220 165
1817230 166
1817240 166
1817250 166
1817260 166
1817270 166
1817280 166
1817290 166
1817300 165
1817310 165
1817320 166
1817330 166
1817340 166
1817350 166
1817360 166
1817370 166
1817380 166
1817390 166
1817400 165
1817410 165
1817420 164
1817430 163
1817440 163
1817450 163
1817460 164
1817470 165
1817480 165
1817490 165
1817500 165
1817510 165
1817520 165
1817530 165
1817540 166
1817550 166
1817560 166
1817570 166
1817580 165
1817590 165
1817600 164
1817610 164
1817620 163
1817630 163
1817640 163
1817650 163
1817660 164
1817670 164
1817680 164
1817690 164
1817700 164
1817710 164
1817720 164
1817730 164
1817740 164
1817750 164
1817760 164
1817770 164
1817780 164
1817790 164
1817800 164
1817810 164
1817820 164
1817830 164
1817840 164
1817850 163
1817860 163
1817870 163
1817880 163
1817890 164
1817900 164
1817910 164
1817920 164
1817930 164
1817940 164
1817950 164
1817960 163
1817970 163
1817980 163
1817990 163
1818000 164
1818010 164
1818020 164
1818030 164
1818040 164
1818050 164
1818060 164
1818070 164
1818080 164
1818090 164
1818100 164
1818110 164
1818120 165
1818130 165
1818140 165
1818150 165
1818160 165
1818170 165
1818180 165
1818190 165
1818200 165
1818210 165
1818220 165
1818230 164
1818240 164
1818250 164
1818260 164
1818270 165
1818280 165
1818290 165
1818300 164
1818310 164
1818320 163
1818330 163
1818340 163
1818350 163
1818360 163
1818370 163
1818380 163
1818390 163
1818400 164
1818410 164
1818420 163
1818430 163
1818440 163
1818450 163
1818460 163
1818470 163
1818480 163
1818490 163
1818500 163
1818510 163
1818520 163
1818530 163
1818540 163
1818550 163
1818560 163
1818570 163
1818580 163
1818590 163
1818600 163
1818610 163
1818620 163
1818630 163
1818640 163
1818650 163
1818660 163
1818670 163
1818680 163
1818690 163
1818700 163
1818710 163
1818720 163
1818730 163
1818740 163
1818750 163
1818760 163
1818770 163
1818780 163
1818790 163
1818800 163
1818810 163
1818820 163
1818830 163
1818840 163
1818850 163
1818860 163
1818870 163
1818880 163
1818890 163
1818900 163
1818910 163
1818920 163
1818930 163
1818940 163
1818950 163
1818960 163
1818970 163
1818980 163
1818990 163
1819000 163
1819010 165
1819020 165
1819030 166
1819040 166
1819050 166
1819060 166
1819070 166
1819080 166
1819090 165
1819100 165
1819110 165
1819120 164
1819130 164
1819140 164
1819150 164
1819160 164
1819170 163
1819180 163
1819190 163
1819200 163
1819210 163
1819220 164
1819230 164
1819240 164
1819250 164
1819260 164
1819270 164
1819280 163
1819290 163
1819300 163
1819310 164
1819320 164
1819330 164
1819340 164
1819350 164
1819360 165
1819370 165
1819380 165
1819390 165
1819400 164
1819410 163
1819420 164
1819430 165
1819440 165
1819450 165
1819460 165
1819470 165
1819480 166
1819490 167
1819500 168
1819510 170
1819520 170
1819530 170
1819540 169
1819550 167
1819560 165
1819570 165
1819580 165
1819590 165
1819600 166
1819610 167
1819620 168
1819630 168
1819640 167
1819650 166
1819660 165
1819670 165
1819680 165
1819690 165
1819700 165
1819710 165
1819720 166
1819730 166
1819740 166
1819750 165
1819760 166
1819770 167
1819780 168
1819790 168
1819800 167
1819810 165
1819820 165
1819830 165
1819840 165
1819850 165
1819860 165
1819870 165
1819880 165
1819890 165
1819900 165
1819910 165
1819920 165
1819930 165
1819940 165
1819950 165
1819960 165
1819970 165
1819980 165
1819990 165
