1800000 172
1800010 172
1800020 172
1800030 172
1800040 173
1800050 172
1800060 172
1800070 172
1800080 172
1800090 172
1800100 172
1800110 172
1800120 172
1800130 172
1800140 172
1800150 172
1800160 172
1800170 172
1800180 172
1800190 172
1800200 172
1800210 172
1800220 173
1800230 173
1800240 173
1800250 173
1800260 173
1800270 173
1800280 173
1800290 173
1800300 173
1800310 173
1800320 173
1800330 172
1800340 172
1800350 172
1800360 173
1800370 173
1800380 173
1800390 173
1800400 173
1800410 173
1800420 173
1800430 173
1800440 173
1800450 173
1800460 173
1800470 173
1800480 173
1800490 173
1800500 173
1800510 173
1800520 173
1800530 173
1800540 173
1800550 173
1800560 173
1800570 173
1800580 172
1800590 172
1800600 172
1800610 172
1800620 172
1800630 172
1800640 172
1800650 172
1800660 172
1800670 172
1800680 172
1800690 172
1800700 172
1800710 172
1800720 172
1800730 172
1800740 172
1800750 172
1800760 172
1800770 172
1800780 172
1800790 172
1800800 172
1800810 172
1800820 172
1800830 172
1800840 172
1800850 172
1800860 172
1800870 172
1800880 172
1800890 172
1800900 172
1800910 172
1800920 172
1800930 172
1800940 172
1800950 172
1800960 172
1800970 172
1800980 172
1800990 172
1801000 172
1801010 172
1801020 172
1801030 172
1801040 172
1801050 172
1801060 172
1801070 172
1801080 172
1801090 172
1801100 172
1801110 172
1801120 172
1801130 172
1801140 172
1801150 172
1801160 172
1801170 172
1801180 172
1801190 172
1801200 172
1801210 172
1801220 172
1801230 172
1801240 172
1801250 172
1801260 172
1801270 172
1801280 172
1801290 172
1801300 172
1801310 172
1801320 172
1801330 172
1801340 172
1801350 172
1801360 172
1801370 172
1801380 172
1801390 172
1801400 172
1801410 172
1801420 172
1801430 172
1801440 172
1801450 172
1801460 172
1801470 172
1801480 172
1801490 172
1801500 172
1801510 172
1801520 172
1801530 172
1801540 172
1801550 172
1801560 172
1801570 172
1801580 172
1801590 172
1801600 172
1801610 172
1801620 172
1801630 172
1801640 172
1801650 172
1801660 172
1801670 172
1801680 172
1801690 172
1801700 172
1801710 172
1801720 172
1801730 172
1801740 172
1801750 172
1801760 172
1801770 172
1801780 172
1801790 172
1801800 172
1801810 172
1801820 172
1801830 172
1801840 172
1801850 172
1801860 172
1801870 172
1801880 172
1801890 172
1801900 172
1801910 172
1801920 172
1801930 172
1801940 172
1801950 172
1801960 172
1801970 172
1801980 172
1801990 172
1802000 172
1802010 172
1802020 172
1802030 172
1802040 172
1802050 172
1802060 172
1802070 172
1802080 172
1802090 172
1802100 172
1802110 172
1802120 172
1802130 172
1802140 172
1802150 172
1802160 172
1802170 172
1802180 172
1802190 172
1802200 172
1802210 172
1802220 172
1802230 172
1802240 172
1802250 172
1802260 172
1802270 172
1802280 172
1802290 172
1802300 172
1802310 172
1802320 172
1802330 172
1802340 172
1802350 172
1802360 172
1802370 172
1802380 172
1802390 172
1802400 172
1802410 172
1802420 172
1802430 172
1802440 172
1802450 172
1802460 172
1802470 172
1802480 172
1802490 172
1802500 172
1802510 172
1802520 172
1802530 172
1802540 172
1802550 172
1802560 172
1802570 172
1802580 172
1802590 173
1802600 173
1802610 174
1802620 173
1802630 172
1802640 172
1802650 172
1802660 172
1802670 172
1802680 172
1802690 172
1802700 172
1802710 172
1802720 172
1802730 172
1802740 172
1802750 172
1802760 172
1802770 172
1802780 172
1802790 172
1802800 172
1802810 173
1802820 172
1802830 172
1802840 172
1802850 172
1802860 173
1802870 173
1802880 173
1802890 173
1802900 173
1802910 173
1802920 173
1802930 173
1802940 173
1802950 173
1802960 173
1802970 173
1802980 173
1802990 173
1803000 173
1803010 173
1803020 174
1803030 174
1803040 174
1803050 174
1803060 174
1803070 174
1803080 174
1803090 174
1803100 174
1803110 174
1803120 174
1803130 175
1803140 175
1803150 175
1803160 175
1803170 175
1803180 176
1803190 176
1803200 176
1803210 176
1803220 176
1803230 177
1803240 177
1803250 177
1803260 177
1803270 177
1803280 177
1803290 177
1803300 177
1803310 177
1803320 177
1803330 177
1803340 178
1803350 178
1803360 178
1803370 178
1803380 178
1803390 178
1803400 179
1803410 179
1803420 179
1803430 179
1803440 179
1803450 179
1803460 180
1803470 180
1803480 180
1803490 180
1803500 181
1803510 181
1803520 182
1803530 182
1803540 182
1803550 183
1803560 183
1803570 183
1803580 183
1803590 183
1803600 184
1803610 184
1803620 184
1803630 184
1803640 185
1803650 185
1803660 185
1803670 185
1803680 186
1803690 186
1803700 186
1803710 186
1803720 186
1803730 186
1803740 186
1803750 187
1803760 187
1803770 187
1803780 187
1803790 187
1803800 188
1803810 188
1803820 188
1803830 188
1803840 188
1803850 188
1803860 188
1803870 189
1803880 189
1803890 189
1803900 189
1803910 189
1803920 189
1803930 189
1803940 189
1803950 189
1803960 189
1803970 189
1803980 189
1803990 189
1804000 190
1804010 191
1804020 191
1804030 192
1804040 192
1804050 192
1804060 192
1804070 193
1804080 194
1804090 195
1804100 196
1804110 196
1804120 196
1804130 197
1804140 197
1804150 197
1804160 197
1804170 197
1804180 197
1804190 197
1804200 197
1804210 197
1804220 197
1804230 196
1804240 195
1804250 195
1804260 194
1804270 194
1804280 194
1804290 194
1804300 194
1804310 195
1804320 196
1804330 197
1804340 199
1804350 200
1804360 202
1804370 204
1804380 206
1804390 209
1804400 210
1804410 211
1804420 213
1804430 215
1804440 216
1804450 219
1804460 220
1804470 222
1804480 223
1804490 224
1804500 224
1804510 225
1804520 225
1804530 226
1804540 227
1804550 228
1804560 230
1804570 232
1804580 234
1804590 236
1804600 239
1804610 241
1804620 244
1804630 247
1804640 249
1804650 250
1804660 250
1804670 250
1804680 250
1804690 250
1804700 250
1804710 250
1804720 249
1804730 249
1804740 249
1804750 248
1804760 248
1804770 248
1804780 249
1804790 251
1804800 253
1804810 256
1804820 259
1804830 262
1804840 264
1804850 264
1804860 263
1804870 262
1804880 262
1804890 262
1804900 262
1804910 262
1804920 262
1804930 262
1804940 263
1804950 264
1804960 266
1804970 268
1804980 271
1804990 274
1805000 277
1805010 279
1805020 281
1805030 282
1805040 284
1805050 285
1805060 286
1805070 287
1805080 288
1805090 288
1805100 289
1805110 289
1805120 289
1805130 289
1805140 289
1805150 289
1805160 289
1805170 288
1805180 287
1805190 286
1805200 285
1805210 284
1805220 283
1805230 283
1805240 283
1805250 283
1805260 283
1805270 283
1805280 284
1805290 285
1805300 286
1805310 287
1805320 288
1805330 289
1805340 289
1805350 290
1805360 290
1805370 290
1805380 291
1805390 292
1805400 293
1805410 293
1805420 294
1805430 295
1805440 295
1805450 296
1805460 296
1805470 297
1805480 298
1805490 298
1805500 299
1805510 299
1805520 300
1805530 300
1805540 301
1805550 301
1805560 302
1805570 302
1805580 303
1805590 303
1805600 304
1805610 305
1805620 305
1805630 306
1805640 306
1805650 307
1805660 308
1805670 308
1805680 309
1805690 309
1805700 310
1805710 310
1805720 311
1805730 311
1805740 312
1805750 312
1805760 313
1805770 313
1805780 314
1805790 315
1805800 315
1805810 316
1805820 316
1805830 317
1805840 317
1805850 317
1805860 318
1805870 318
1805880 319
1805890 319
1805900 319
1805910 320
1805920 320
1805930 320
1805940 321
1805950 321
1805960 322
1805970 322
1805980 322
1805990 323
1806000 323
1806010 324
1806020 324
1806030 324
1806040 324
1806050 325
1806060 325
1806070 325
1806080 325
1806090 325
1806100 325
1806110 325
1806120 325
1806130 325
1806140 325
1806150 325
1806160 325
1806170 325
1806180 324
1806190 324
1806200 323
1806210 323
1806220 322
1806230 322
1806240 321
1806250 320
1806260 319
1806270 318
1806280 317
1806290 316
1806300 314
1806310 313
1806320 311
1806330 309
1806340 307
1806350 306
1806360 304
1806370 302
1806380 300
1806390 299
1806400 299
1806410 300
1806420 302
1806430 304
1806440 305
1806450 307
1806460 308
1806470 309
1806480 310
1806490 312
1806500 314
1806510 315
1806520 317
1806530 319
1806540 320
1806550 321
1806560 322
1806570 323
1806580 324
1806590 325
1806600 326
1806610 327
1806620 328
1806630 329
1806640 329
1806650 330
1806660 331
1806670 331
1806680 331
1806690 331
1806700 332
1806710 332
1806720 332
1806730 332
1806740 332
1806750 332
1806760 332
1806770 331
1806780 331
1806790 330
1806800 330
1806810 329
1806820 328
1806830 328
1806840 328
1806850 328
1806860 328
1806870 328
1806880 329
1806890 329
1806900 329
1806910 329
1806920 329
1806930 329
1806940 329
1806950 330
1806960 330
1806970 330
1806980 331
1806990 331
1807000 331
1807010 331
1807020 331
1807030 332
1807040 332
1807050 332
1807060 332
1807070 332
1807080 332
1807090 332
1807100 332
1807110 333
1807120 333
1807130 333
1807140 333
1807150 332
1807160 332
1807170 332
1807180 331
1807190 331
1807200 330
1807210 330
1807220 329
1807230 328
1807240 328
1807250 327
1807260 326
1807270 326
1807280 325
1807290 325
1807300 324
1807310 323
1807320 322
1807330 322
1807340 321
1807350 321
1807360 320
1807370 320
1807380 319
1807390 319
1807400 319
1807410 318
1807420 318
1807430 318
1807440 317
1807450 316
1807460 316
1807470 315
1807480 315
1807490 314
1807500 313
1807510 312
1807520 310
1807530 308
1807540 306
1807550 305
1807560 303
1807570 301
1807580 299
1807590 298
1807600 297
1807610 295
1807620 294
1807630 292
1807640 291
1807650 289
1807660 288
1807670 287
1807680 285
1807690 284
1807700 283
1807710 281
1807720 280
1807730 278
1807740 277
1807750 274
1807760 269
1807770 267
1807780 265
1807790 265
1807800 265
1807810 264
1807820 264
1807830 267
1807840 271
1807850 276
1807860 279
1807870 282
1807880 285
1807890 287
1807900 289
1807910 292
1807920 294
1807930 296
1807940 298
1807950 300
1807960 302
1807970 305
1807980 308
1807990 311
1808000 314
1808010 317
1808020 320
1808030 322
1808040 323
1808050 324
1808060 325
1808070 326
1808080 327
1808090 329
1808100 330
1808110 332
1808120 333
1808130 335
1808140 337
1808150 339
1808160 340
1808170 340
1808180 341
1808190 341
1808200 341
1808210 342
1808220 343
1808230 346
1808240 348
1808250 350
1808260 352
1808270 354
1808280 356
1808290 359
1808300 361
1808310 363
1808320 365
1808330 367
1808340 369
1808350 371
1808360 373
1808370 374
1808380 376
1808390 377
1808400 379
1808410 380
1808420 381
1808430 382
1808440 384
1808450 385
1808460 386
1808470 387
1808480 387
1808490 388
1808500 389
1808510 390
1808520 391
1808530 391
1808540 392
1808550 393
1808560 393
1808570 394
1808580 394
1808590 395
1808600 396
1808610 396
1808620 397
1808630 397
1808640 398
1808650 398
1808660 399
1808670 399
1808680 400
1808690 400
1808700 401
1808710 401
1808720 401
1808730 401
1808740 401
1808750 401
1808760 401
1808770 401
1808780 401
1808790 401
1808800 401
1808810 401
1808820 401
1808830 400
1808840 400
1808850 400
1808860 400
1808870 400
1808880 399
1808890 399
1808900 399
1808910 398
1808920 398
1808930 397
1808940 396
1808950 396
1808960 395
1808970 394
1808980 393
1808990 392
1809000 391
1809010 390
1809020 389
1809030 388
1809040 387
1809050 385
1809060 384
1809070 383
1809080 381
1809090 379
1809100 377
1809110 375
1809120 373
1809130 370
1809140 368
1809150 366
1809160 363
1809170 362
1809180 361
1809190 360
1809200 359
1809210 358
1809220 358
1809230 357
1809240 357
1809250 357
1809260 357
1809270 357
1809280 356
1809290 356
1809300 355
1809310 356
1809320 356
1809330 357
1809340 358
1809350 358
1809360 358
1809370 358
1809380 359
1809390 359
1809400 360
1809410 360
1809420 360
1809430 361
1809440 361
1809450 360
1809460 360
1809470 360
1809480 359
1809490 359
1809500 358
1809510 358
1809520 357
1809530 357
1809540 356
1809550 355
1809560 354
1809570 353
1809580 352
1809590 351
1809600 350
1809610 349
1809620 348
1809630 347
1809640 346
1809650 345
1809660 345
1809670 344
1809680 343
1809690 342
1809700 341
1809710 340
1809720 339
1809730 338
1809740 337
1809750 336
1809760 335
1809770 334
1809780 333
1809790 332
1809800 330
1809810 329
1809820 328
1809830 326
1809840 325
1809850 324
1809860 322
1809870 320
1809880 319
1809890 317
1809900 316
1809910 314
1809920 313
1809930 311
1809940 310
1809950 308
1809960 308
1809970 308
1809980 309
1809990 310
1810000 311
1810010 311
1810020 312
1810030 312
1810040 313
1810050 313
1810060 313
1810070 312
1810080 311
1810090 310
1810100 309
1810110 309
1810120 308
1810130 308
1810140 308
1810150 308
1810160 308
1810170 307
1810180 307
1810190 307
1810200 306
1810210 306
1810220 305
1810230 305
1810240 304
1810250 303
1810260 302
1810270 301
1810280 300
1810290 299
1810300 298
1810310 297
1810320 296
1810330 295
1810340 294
1810350 293
1810360 292
1810370 291
1810380 291
1810390 290
1810400 289
1810410 289
1810420 288
1810430 286
1810440 285
1810450 284
1810460 283
1810470 283
1810480 282
1810490 280
1810500 278
1810510 275
1810520 272
1810530 268
1810540 265
1810550 264
1810560 265
1810570 268
1810580 269
1810590 270
1810600 273
1810610 275
1810620 277
1810630 279
1810640 281
1810650 283
1810660 285
1810670 287
1810680 290
1810690 292
1810700 295
1810710 297
1810720 300
1810730 302
1810740 305
1810750 307
1810760 310
1810770 312
1810780 314
1810790 316
1810800 318
1810810 320
1810820 321
1810830 323
1810840 325
1810850 326
1810860 328
1810870 329
1810880 330
1810890 332
1810900 333
1810910 334
1810920 336
1810930 337
1810940 338
1810950 339
1810960 340
1810970 341
1810980 342
1810990 343
1811000 343
1811010 344
1811020 345
1811030 346
1811040 347
1811050 348
1811060 349
1811070 350
1811080 350
1811090 351
1811100 352
1811110 352
1811120 352
1811130 352
1811140 353
1811150 354
1811160 354
1811170 354
1811180 354
1811190 355
1811200 355
1811210 355
1811220 355
1811230 355
1811240 355
1811250 355
1811260 355
1811270 355
1811280 355
1811290 355
1811300 355
1811310 355
1811320 355
1811330 354
1811340 354
1811350 354
1811360 353
1811370 353
1811380 352
1811390 352
1811400 351
1811410 350
1811420 350
1811430 349
1811440 348
1811450 348
1811460 347
1811470 346
1811480 345
1811490 344
1811500 343
1811510 342
1811520 341
1811530 340
1811540 338
1811550 337
1811560 335
1811570 334
1811580 332
1811590 331
1811600 329
1811610 328
1811620 326
1811630 325
1811640 323
1811650 322
1811660 320
1811670 319
1811680 317
1811690 315
1811700 312
1811710 311
1811720 311
1811730 312
1811740 313
1811750 313
1811760 313
1811770 313
1811780 313
1811790 313
1811800 313
1811810 312
1811820 311
1811830 309
1811840 307
1811850 306
1811860 305
1811870 304
1811880 303
1811890 304
1811900 308
1811910 312
1811920 314
1811930 316
1811940 319
1811950 321
1811960 323
1811970 325
1811980 327
1811990 329
1812000 331
1812010 332
1812020 334
1812030 336
1812040 337
1812050 338
1812060 340
1812070 340
1812080 342
1812090 343
1812100 344
1812110 345
1812120 346
1812130 348
1812140 349
1812150 350
1812160 350
1812170 351
1812180 352
1812190 353
1812200 354
1812210 355
1812220 356
1812230 357
1812240 357
1812250 358
1812260 359
1812270 360
1812280 361
1812290 362
1812300 363
1812310 364
1812320 364
1812330 365
1812340 366
1812350 366
1812360 367
1812370 368
1812380 368
1812390 369
1812400 370
1812410 370
1812420 371
1812430 372
1812440 372
1812450 373
1812460 373
1812470 374
1812480 375
1812490 375
1812500 376
1812510 376
1812520 377
1812530 377
1812540 377
1812550 378
1812560 378
1812570 378
1812580 378
1812590 379
1812600 379
1812610 379
1812620 379
1812630 379
1812640 380
1812650 380
1812660 380
1812670 379
1812680 379
1812690 379
1812700 378
1812710 378
1812720 378
1812730 377
1812740 377
1812750 376
1812760 377
1812770 377
1812780 377
1812790 377
1812800 377
1812810 378
1812820 378
1812830 378
1812840 378
1812850 378
1812860 379
1812870 379
1812880 379
1812890 379
1812900 379
1812910 380
1812920 380
1812930 380
1812940 381
1812950 381
1812960 381
1812970 382
1812980 382
1812990 382
1813000 383
1813010 383
1813020 384
1813030 384
1813040 385
1813050 385
1813060 386
1813070 386
1813080 387
1813090 387
1813100 388
1813110 388
1813120 389
1813130 389
1813140 389
1813150 390
1813160 390
1813170 390
1813180 391
1813190 391
1813200 391
1813210 391
1813220 392
1813230 392
1813240 392
1813250 392
1813260 392
1813270 391
1813280 391
1813290 391
1813300 391
1813310 391
1813320 390
1813330 390
1813340 389
1813350 388
1813360 388
1813370 387
1813380 386
1813390 385
1813400 384
1813410 383
1813420 382
1813430 381
1813440 380
1813450 379
1813460 377
1813470 376
1813480 374
1813490 373
1813500 371
1813510 370
1813520 368
1813530 366
1813540 365
1813550 363
1813560 360
1813570 358
1813580 356
1813590 353
1813600 350
1813610 348
1813620 345
1813630 342
1813640 340
1813650 337
1813660 334
1813670 332
1813680 331
1813690 329
1813700 327
1813710 325
1813720 324
1813730 322
1813740 321
1813750 320
1813760 319
1813770 318
1813780 317
1813790 315
1813800 314
1813810 313
1813820 312
1813830 311
1813840 310
1813850 308
1813860 306
1813870 305
1813880 303
1813890 301
1813900 299
1813910 297
1813920 295
1813930 293
1813940 291
1813950 290
1813960 288
1813970 286
1813980 285
1813990 283
1814000 281
1814010 279
1814020 278
1814030 276
1814040 275
1814050 273
1814060 271
1814070 269
1814080 267
1814090 265
1814100 262
1814110 260
1814120 259
1814130 257
1814140 255
1814150 254
1814160 253
1814170 253
1814180 252
1814190 251
1814200 251
1814210 250
1814220 249
1814230 249
1814240 248
1814250 248
1814260 247
1814270 246
1814280 246
1814290 245
1814300 244
1814310 244
1814320 243
1814330 243
1814340 243
1814350 242
1814360 242
1814370 241
1814380 241
1814390 241
1814400 240
1814410 239
1814420 238
1814430 238
1814440 238
1814450 238
1814460 238
1814470 238
1814480 239
1814490 240
1814500 240
1814510 242
1814520 243
1814530 244
1814540 245
1814550 245
1814560 245
1814570 245
1814580 245
1814590 245
1814600 245
1814610 244
1814620 244
1814630 243
1814640 243
1814650 242
1814660 241
1814670 241
1814680 240
1814690 240
1814700 239
1814710 239
1814720 238
1814730 238
1814740 237
1814750 237
1814760 236
1814770 236
1814780 235
1814790 235
1814800 234
1814810 234
1814820 233
1814830 232
1814840 231
1814850 231
1814860 230
1814870 230
1814880 229
1814890 228
1814900 227
1814910 226
1814920 226
1814930 225
1814940 224
1814950 224
1814960 224
1814970 223
1814980 222
1814990 221
1815000 220
1815010 220
1815020 220
1815030 219
1815040 218
1815050 218
1815060 217
1815070 216
1815080 215
1815090 215
1815100 214
1815110 214
1815120 213
1815130 213
1815140 213
1815150 212
1815160 212
1815170 212
1815180 211
1815190 211
1815200 211
1815210 211
1815220 210
1815230 209
1815240 207
1815250 206
1815260 205
1815270 205
1815280 205
1815290 205
1815300 205
1815310 204
1815320 204
1815330 204
1815340 204
1815350 204
1815360 204
1815370 203
1815380 203
1815390 203
1815400 203
1815410 202
1815420 202
1815430 202
1815440 202
1815450 201
1815460 201
1815470 201
1815480 201
1815490 200
1815500 200
1815510 200
1815520 200
1815530 199
1815540 199
1815550 199
1815560 199
1815570 198
1815580 198
1815590 198
1815600 197
1815610 197
1815620 197
1815630 197
1815640 196
1815650 196
1815660 196
1815670 195
1815680 195
1815690 194
1815700 194
1815710 193
1815720 193
1815730 193
1815740 192
1815750 192
1815760 191
1815770 191
1815780 190
1815790 189
1815800 188
1815810 186
1815820 183
1815830 180
1815840 177
1815850 173
1815860 170
1815870 169
1815880 168
1815890 168
1815900 166
1815910 165
1815920 164
1815930 164
1815940 164
1815950 166
1815960 165
1815970 165
1815980 165
1815990 165
1816000 165
1816010 164
1816020 164
1816030 164
1816040 164
1816050 164
1816060 164
1816070 164
1816080 164
1816090 164
1816100 164
1816110 164
1816120 164
1816130 164
1816140 164
1816150 164
1816160 164
1816170 164
1816180 164
1816190 164
1816200 164
1816210 164
1816220 164
1816230 164
1816240 164
1816250 164
1816260 164
1816270 164
1816280 164
1816290 164
1816300 164
1816310 164
1816320 164
1816330 164
1816340 164
1816350 164
1816360 164
1816370 164
1816380 164
1816390 164
1816400 164
1816410 164
1816420 164
1816430 164
1816440 164
1816450 164
1816460 164
1816470 164
1816480 164
1816490 164
1816500 164
1816510 164
1816520 164
1816530 165
1816540 165
1816550 165
1816560 165
1816570 165
1816580 165
1816590 164
1816600 164
1816610 164
1816620 165
1816630 165
1816640 165
1816650 165
1816660 164
1816670 164
1816680 164
1816690 164
1816700 164
1816710 164
1816720 165
1816730 165
1816740 165
1816750 165
1816760 166
1816770 166
1816780 166
1816790 166
1816800 166
1816810 166
1816820 166
1816830 166
1816840 166
1816850 166
1816860 166
1816870 166
1816880 166
1816890 166
1816900 166
1816910 166
1816920 166
1816930 166
1816940 166
1816950 166
1816960 166
1816970 165
1816980 165
1816990 165
1817000 164
1817010 164
1817020 164
1817030 163
1817040 163
1817050 163
1817060 163
1817070 163
1817080 163
1817090 163
1817100 163
1817110 163
1817120 163
1817130 163
1817140 163
1817150 163
1817160 163
1817170 163
1817180 163
1817190 163
1817200 163
1817210 164
1817220 164
1817230 164
1817240 164
1817250 164
1817260 164
1817270 164
1817280 164
1817290 164
1817300 165
1817310 165
1817320 165
1817330 165
1817340 165
1817350 165
1817360 165
1817370 165
1817380 165
1817390 164
1817400 165
1817410 165
1817420 165
1817430 165
1817440 165
1817450 164
1817460 164
1817470 163
1817480 163
1817490 164
1817500 164
1817510 163
1817520 163
1817530 163
1817540 163
1817550 163
1817560 163
1817570 163
1817580 164
1817590 164
1817600 164
1817610 164
1817620 164
1817630 164
1817640 164
1817650 164
1817660 164
1817670 164
1817680 164
1817690 164
1817700 164
1817710 164
1817720 164
1817730 164
1817740 164
1817750 164
1817760 164
1817770 164
1817780 164
1817790 164
1817800 164
1817810 163
1817820 163
1817830 163
1817840 164
1817850 164
1817860 164
1817870 164
1817880 164
1817890 164
1817900 163
1817910 163
1817920 163
1817930 163
1817940 163
1817950 163
1817960 163
1817970 163
1817980 163
1817990 163
1818000 163
1818010 163
1818020 163
1818030 163
1818040 163
1818050 163
1818060 163
1818070 163
1818080 163
1818090 163
1818100 163
1818110 164
1818120 164
1818130 165
1818140 165
1818150 165
1818160 165
1818170 165
1818180 165
1818190 165
1818200 165
1818210 165
1818220 165
1818230 163
1818240 163
1818250 163
1818260 163
1818270 163
1818280 163
1818290 163
1818300 163
1818310 163
1818320 163
1818330 163
1818340 163
1818350 163
1818360 163
1818370 163
1818380 163
1818390 163
1818400 163
1818410 163
1818420 163
1818430 163
1818440 163
1818450 163
1818460 163
1818470 163
1818480 163
1818490 163
1818500 163
1818510 163
1818520 163
1818530 163
1818540 163
1818550 163
1818560 163
1818570 163
1818580 163
1818590 163
1818600 163
1818610 163
1818620 163
1818630 163
1818640 163
1818650 163
1818660 163
1818670 163
1818680 163
1818690 163
1818700 163
1818710 163
1818720 163
1818730 163
1818740 163
1818750 163
1818760 163
1818770 163
1818780 163
1818790 163
1818800 163
1818810 164
1818820 165
1818830 165
1818840 166
1818850 166
1818860 166
1818870 166
1818880 166
1818890 166
1818900 166
1818910 165
1818920 165
1818930 165
1818940 165
1818950 165
1818960 165
1818970 165
1818980 165
1818990 165
1819000 165
1819010 165
1819020 165
1819030 165
1819040 165
1819050 164
1819060 164
1819070 163
1819080 163
1819090 163
1819100 163
1819110 163
1819120 163
1819130 163
1819140 163
1819150 164
1819160 165
1819170 165
1819180 166
1819190 166
1819200 166
1819210 166
1819220 166
1819230 166
1819240 166
1819250 166
1819260 166
1819270 166
1819280 165
1819290 166
1819300 166
1819310 168
1819320 169
1819330 170
1819340 170
1819350 170
1819360 170
1819370 169
1819380 168
1819390 166
1819400 166
1819410 167
1819420 167
1819430 168
1819440 167
1819450 166
1819460 165
1819470 165
1819480 165
1819490 165
1819500 165
1819510 164
1819520 164
1819530 164
1819540 164
1819550 164
1819560 164
1819570 164
1819580 165
1819590 165
1819600 165
1819610 165
1819620 165
1819630 165
1819640 165
1819650 165
1819660 165
1819670 165
1819680 165
1819690 165
1819700 165
1819710 165
1819720 165
1819730 165
1819740 165
1819750 165
1819760 165
1819770 165
1819780 165
1819790 165
1819800 165
1819810 165
1819820 165
1819830 165
1819840 165
1819850 166
1819860 167
1819870 167
1819880 166
1819890 165
1819900 164
1819910 164
1819920 165
1819930 166
1819940 168
1819950 169
1819960 170
1819970 170
1819980 169
1819990 168
