1800000 171
1800010 171
1800020 171
1800030 171
1800040 171
1800050 171
1800060 171
1800070 171
1800080 171
1800090 171
1800100 171
1800110 172
1800120 171
1800130 171
1800140 172
1800150 172
1800160 172
1800170 171
1800180 171
1800190 171
1800200 171
1800210 171
1800220 172
1800230 172
1800240 172
1800250 172
1800260 172
1800270 172
1800280 172
1800290 172
1800300 172
1800310 173
1800320 173
1800330 173
1800340 173
1800350 173
1800360 173
1800370 173
1800380 174
1800390 174
1800400 174
1800410 174
1800420 174
1800430 174
1800440 174
1800450 174
1800460 174
1800470 174
1800480 174
1800490 174
1800500 174
1800510 174
1800520 174
1800530 174
1800540 174
1800550 174
1800560 174
1800570 174
1800580 174
1800590 173
1800600 173
1800610 173
1800620 173
1800630 173
1800640 173
1800650 173
1800660 173
1800670 173
1800680 173
1800690 173
1800700 173
1800710 173
1800720 173
1800730 173
1800740 173
1800750 173
1800760 173
1800770 173
1800780 173
1800790 173
1800800 174
1800810 174
1800820 174
1800830 174
1800840 174
1800850 174
1800860 173
1800870 173
1800880 173
1800890 173
1800900 173
1800910 173
1800920 173
1800930 173
1800940 173
1800950 173
1800960 173
1800970 173
1800980 173
1800990 173
1801000 173
1801010 173
1801020 173
1801030 172
1801040 172
1801050 172
1801060 172
1801070 172
1801080 172
1801090 172
1801100 172
1801110 172
1801120 172
1801130 172
1801140 172
1801150 172
1801160 172
1801170 172
1801180 171
1801190 172
1801200 172
1801210 172
1801220 171
1801230 171
1801240 171
1801250 171
1801260 171
1801270 172
1801280 172
1801290 171
1801300 171
1801310 171
1801320 171
1801330 171
1801340 171
1801350 171
1801360 171
1801370 171
1801380 171
1801390 171
1801400 171
1801410 171
1801420 171
1801430 171
1801440 171
1801450 171
1801460 171
1801470 171
1801480 171
1801490 171
1801500 171
1801510 171
1801520 171
1801530 171
1801540 171
1801550 171
1801560 171
1801570 171
1801580 171
1801590 171
1801600 171
1801610 171
1801620 171
1801630 171
1801640 171
1801650 171
1801660 171
1801670 171
1801680 171
1801690 171
1801700 171
1801710 171
1801720 171
1801730 171
1801740 171
1801750 171
1801760 171
1801770 171
1801780 171
1801790 171
1801800 171
1801810 171
1801820 171
1801830 171
1801840 171
1801850 171
1801860 171
1801870 171
1801880 171
1801890 171
1801900 171
1801910 171
1801920 170
1801930 170
1801940 170
1801950 170
1801960 171
1801970 171
1801980 171
1801990 171
1802000 171
1802010 171
1802020 171
1802030 171
1802040 171
1802050 171
1802060 171
1802070 171
1802080 171
1802090 171
1802100 171
1802110 171
1802120 171
1802130 171
1802140 171
1802150 171
1802160 171
1802170 170
1802180 170
1802190 170
1802200 170
1802210 170
1802220 170
1802230 170
1802240 170
1802250 170
1802260 170
1802270 170
1802280 171
1802290 171
1802300 172
1802310 172
1802320 171
1802330 171
1802340 171
1802350 171
1802360 170
1802370 170
1802380 170
1802390 170
1802400 170
1802410 171
1802420 171
1802430 171
1802440 171
1802450 171
1802460 171
1802470 171
1802480 171
1802490 171
1802500 171
1802510 171
1802520 172
1802530 171
1802540 171
1802550 171
1802560 171
1802570 171
1802580 171
1802590 171
1802600 171
1802610 171
1802620 171
1802630 171
1802640 171
1802650 171
1802660 171
1802670 171
1802680 171
1802690 171
1802700 171
1802710 171
1802720 171
1802730 171
1802740 171
1802750 171
1802760 171
1802770 171
1802780 171
1802790 171
1802800 171
1802810 171
1802820 172
1802830 172
1802840 172
1802850 172
1802860 172
1802870 172
1802880 171
1802890 171
1802900 171
1802910 171
1802920 171
1802930 171
1802940 171
1802950 171
1802960 171
1802970 171
1802980 171
1802990 171
1803000 171
1803010 171
1803020 171
1803030 171
1803040 171
1803050 171
1803060 171
1803070 171
1803080 171
1803090 171
1803100 171
1803110 171
1803120 171
1803130 171
1803140 171
1803150 171
1803160 171
1803170 171
1803180 171
1803190 171
1803200 171
1803210 171
1803220 171
1803230 171
1803240 171
1803250 171
1803260 171
1803270 171
1803280 171
1803290 171
1803300 171
1803310 171
1803320 171
1803330 171
1803340 170
1803350 170
1803360 170
1803370 170
1803380 170
1803390 170
1803400 170
1803410 170
1803420 170
1803430 170
1803440 170
1803450 170
1803460 170
1803470 170
1803480 170
1803490 170
1803500 170
1803510 171
1803520 171
1803530 171
1803540 171
1803550 171
1803560 171
1803570 171
1803580 171
1803590 171
1803600 171
1803610 171
1803620 171
1803630 171
1803640 171
1803650 171
1803660 171
1803670 171
1803680 171
1803690 171
1803700 171
1803710 171
1803720 171
1803730 171
1803740 171
1803750 172
1803760 172
1803770 172
1803780 172
1803790 172
1803800 172
1803810 172
1803820 172
1803830 172
1803840 172
1803850 172
1803860 172
1803870 173
1803880 173
1803890 173
1803900 173
1803910 173
1803920 173
1803930 172
1803940 172
1803950 172
1803960 172
1803970 172
1803980 172
1803990 172
1804000 172
1804010 173
1804020 173
1804030 173
1804040 173
1804050 173
1804060 173
1804070 173
1804080 173
1804090 173
1804100 174
1804110 174
1804120 175
1804130 175
1804140 175
1804150 175
1804160 175
1804170 176
1804180 176
1804190 176
1804200 175
1804210 176
1804220 175
1804230 174
1804240 173
1804250 173
1804260 173
1804270 173
1804280 173
1804290 173
1804300 173
1804310 173
1804320 173
1804330 174
1804340 174
1804350 174
1804360 174
1804370 174
1804380 174
1804390 174
1804400 174
1804410 174
1804420 174
1804430 174
1804440 174
1804450 175
1804460 175
1804470 175
1804480 175
1804490 175
1804500 176
1804510 176
1804520 175
1804530 175
1804540 175
1804550 175
1804560 174
1804570 174
1804580 174
1804590 174
1804600 174
1804610 174
1804620 174
1804630 174
1804640 174
1804650 175
1804660 175
1804670 175
1804680 175
1804690 175
1804700 175
1804710 175
1804720 175
1804730 174
1804740 174
1804750 174
1804760 174
1804770 174
1804780 174
1804790 174
1804800 174
1804810 174
1804820 174
1804830 174
1804840 174
1804850 174
1804860 174
1804870 174
1804880 174
1804890 173
1804900 173
1804910 173
1804920 174
1804930 174
1804940 174
1804950 174
1804960 174
1804970 174
1804980 174
1804990 174
1805000 174
1805010 174
1805020 174
1805030 174
1805040 174
1805050 174
1805060 174
1805070 174
1805080 174
1805090 174
1805100 175
1805110 175
1805120 174
1805130 174
1805140 174
1805150 174
1805160 174
1805170 174
1805180 174
1805190 174
1805200 174
1805210 174
1805220 174
1805230 174
1805240 174
1805250 174
1805260 174
1805270 174
1805280 174
1805290 174
1805300 174
1805310 174
1805320 174
1805330 174
1805340 175
1805350 175
1805360 175
1805370 175
1805380 175
1805390 175
1805400 175
1805410 175
1805420 175
1805430 175
1805440 175
1805450 175
1805460 175
1805470 175
1805480 175
1805490 175
1805500 175
1805510 175
1805520 175
1805530 175
1805540 175
1805550 176
1805560 176
1805570 177
1805580 178
1805590 179
1805600 179
1805610 179
1805620 179
1805630 180
1805640 181
1805650 182
1805660 182
1805670 182
1805680 183
1805690 183
1805700 183
1805710 184
1805720 186
1805730 187
1805740 188
1805750 189
1805760 189
1805770 189
1805780 189
1805790 190
1805800 191
1805810 192
1805820 192
1805830 193
1805840 195
1805850 197
1805860 199
1805870 201
1805880 202
1805890 203
1805900 203
1805910 204
1805920 205
1805930 206
1805940 207
1805950 209
1805960 210
1805970 212
1805980 214
1805990 216
1806000 217
1806010 219
1806020 220
1806030 221
1806040 222
1806050 223
1806060 224
1806070 224
1806080 225
1806090 224
1806100 224
1806110 223
1806120 223
1806130 220
1806140 217
1806150 214
1806160 214
1806170 216
1806180 217
1806190 217
1806200 218
1806210 220
1806220 221
1806230 222
1806240 222
1806250 223
1806260 224
1806270 225
1806280 227
1806290 229
1806300 233
1806310 236
1806320 239
1806330 242
1806340 245
1806350 248
1806360 251
1806370 254
1806380 257
1806390 259
1806400 262
1806410 264
1806420 267
1806430 269
1806440 272
1806450 275
1806460 278
1806470 281
1806480 284
1806490 285
1806500 286
1806510 290
1806520 292
1806530 294
1806540 295
1806550 297
1806560 298
1806570 301
1806580 303
1806590 304
1806600 305
1806610 305
1806620 306
1806630 305
1806640 305
1806650 305
1806660 305
1806670 305
1806680 306
1806690 306
1806700 307
1806710 308
1806720 309
1806730 309
1806740 310
1806750 311
1806760 313
1806770 316
1806780 320
1806790 324
1806800 329
1806810 332
1806820 334
1806830 335
1806840 335
1806850 336
1806860 336
1806870 336
1806880 336
1806890 337
1806900 337
1806910 337
1806920 337
1806930 338
1806940 338
1806950 338
1806960 338
1806970 339
1806980 339
1806990 339
1807000 339
1807010 339
1807020 339
1807030 339
1807040 339
1807050 340
1807060 340
1807070 340
1807080 340
1807090 340
1807100 340
1807110 340
1807120 340
1807130 340
1807140 340
1807150 340
1807160 340
1807170 340
1807180 340
1807190 340
1807200 340
1807210 340
1807220 340
1807230 340
1807240 340
1807250 340
1807260 340
1807270 340
1807280 339
1807290 339
1807300 339
1807310 339
1807320 338
1807330 338
1807340 338
1807350 337
1807360 337
1807370 336
1807380 336
1807390 335
1807400 335
1807410 334
1807420 333
1807430 332
1807440 330
1807450 329
1807460 328
1807470 325
1807480 323
1807490 321
1807500 319
1807510 316
1807520 314
1807530 312
1807540 311
1807550 310
1807560 313
1807570 318
1807580 321
1807590 324
1807600 327
1807610 330
1807620 332
1807630 335
1807640 337
1807650 339
1807660 341
1807670 343
1807680 344
1807690 346
1807700 347
1807710 348
1807720 350
1807730 351
1807740 352
1807750 354
1807760 355
1807770 356
1807780 357
1807790 359
1807800 360
1807810 361
1807820 362
1807830 362
1807840 363
1807850 364
1807860 365
1807870 366
1807880 368
1807890 369
1807900 370
1807910 371
1807920 371
1807930 372
1807940 373
1807950 373
1807960 374
1807970 375
1807980 376
1807990 376
1808000 377
1808010 378
1808020 379
1808030 380
1808040 380
1808050 381
1808060 382
1808070 383
1808080 383
1808090 384
1808100 385
1808110 386
1808120 386
1808130 387
1808140 387
1808150 388
1808160 389
1808170 389
1808180 390
1808190 391
1808200 391
1808210 392
1808220 393
1808230 393
1808240 394
1808250 394
1808260 395
1808270 395
1808280 396
1808290 396
1808300 397
1808310 397
1808320 398
1808330 398
1808340 399
1808350 399
1808360 399
1808370 400
1808380 400
1808390 401
1808400 401
1808410 401
1808420 402
1808430 402
1808440 402
1808450 403
1808460 403
1808470 403
1808480 404
1808490 404
1808500 404
1808510 405
1808520 405
1808530 405
1808540 406
1808550 406
1808560 406
1808570 407
1808580 407
1808590 407
1808600 407
1808610 408
1808620 408
1808630 408
1808640 408
1808650 408
1808660 407
1808670 407
1808680 407
1808690 407
1808700 407
1808710 407
1808720 407
1808730 406
1808740 406
1808750 406
1808760 406
1808770 406
1808780 405
1808790 405
1808800 405
1808810 405
1808820 404
1808830 404
1808840 404
1808850 403
1808860 403
1808870 403
1808880 402
1808890 402
1808900 401
1808910 401
1808920 400
1808930 400
1808940 399
1808950 399
1808960 398
1808970 397
1808980 397
1808990 396
1809000 395
1809010 394
1809020 393
1809030 392
1809040 392
1809050 391
1809060 390
1809070 390
1809080 389
1809090 388
1809100 388
1809110 387
1809120 387
1809130 386
1809140 386
1809150 386
1809160 385
1809170 385
1809180 384
1809190 384
1809200 383
1809210 383
1809220 382
1809230 382
1809240 381
1809250 381
1809260 380
1809270 380
1809280 379
1809290 379
1809300 378
1809310 378
1809320 377
1809330 377
1809340 376
1809350 376
1809360 376
1809370 375
1809380 375
1809390 374
1809400 374
1809410 373
1809420 373
1809430 372
1809440 372
1809450 372
1809460 371
1809470 371
1809480 371
1809490 370
1809500 370
1809510 370
1809520 369
1809530 369
1809540 368
1809550 368
1809560 367
1809570 367
1809580 366
1809590 365
1809600 365
1809610 364
1809620 364
1809630 363
1809640 363
1809650 363
1809660 362
1809670 361
1809680 361
1809690 360
1809700 360
1809710 359
1809720 358
1809730 358
1809740 357
1809750 356
1809760 355
1809770 354
1809780 352
1809790 351
1809800 350
1809810 348
1809820 347
1809830 346
1809840 344
1809850 343
1809860 341
1809870 339
1809880 337
1809890 336
1809900 334
1809910 332
1809920 330
1809930 328
1809940 327
1809950 324
1809960 322
1809970 320
1809980 321
1809990 321
1810000 322
1810010 322
1810020 322
1810030 321
1810040 320
1810050 318
1810060 317
1810070 317
1810080 317
1810090 317
1810100 316
1810110 315
1810120 314
1810130 312
1810140 310
1810150 308
1810160 306
1810170 304
1810180 303
1810190 304
1810200 305
1810210 306
1810220 309
1810230 312
1810240 315
1810250 319
1810260 322
1810270 326
1810280 329
1810290 332
1810300 335
1810310 337
1810320 340
1810330 343
1810340 345
1810350 348
1810360 350
1810370 352
1810380 354
1810390 356
1810400 358
1810410 359
1810420 360
1810430 362
1810440 363
1810450 364
1810460 365
1810470 366
1810480 367
1810490 367
1810500 368
1810510 369
1810520 369
1810530 370
1810540 370
1810550 370
1810560 370
1810570 371
1810580 371
1810590 371
1810600 371
1810610 370
1810620 370
1810630 370
1810640 369
1810650 369
1810660 368
1810670 367
1810680 366
1810690 365
1810700 364
1810710 363
1810720 362
1810730 361
1810740 361
1810750 360
1810760 359
1810770 359
1810780 358
1810790 358
1810800 357
1810810 357
1810820 356
1810830 356
1810840 356
1810850 355
1810860 355
1810870 355
1810880 354
1810890 354
1810900 354
1810910 353
1810920 353
1810930 352
1810940 352
1810950 352
1810960 351
1810970 351
1810980 351
1810990 350
1811000 350
1811010 350
1811020 350
1811030 350
1811040 350
1811050 350
1811060 350
1811070 350
1811080 350
1811090 350
1811100 350
1811110 350
1811120 350
1811130 350
1811140 350
1811150 350
1811160 350
1811170 350
1811180 349
1811190 349
1811200 348
1811210 347
1811220 347
1811230 346
1811240 345
1811250 344
1811260 343
1811270 342
1811280 341
1811290 340
1811300 339
1811310 337
1811320 336
1811330 334
1811340 333
1811350 332
1811360 330
1811370 329
1811380 327
1811390 326
1811400 324
1811410 323
1811420 321
1811430 319
1811440 317
1811450 316
1811460 315
1811470 314
1811480 313
1811490 312
1811500 311
1811510 310
1811520 308
1811530 306
1811540 304
1811550 302
1811560 300
1811570 297
1811580 295
1811590 293
1811600 292
1811610 291
1811620 290
1811630 289
1811640 288
1811650 287
1811660 286
1811670 285
1811680 285
1811690 285
1811700 286
1811710 286
1811720 286
1811730 286
1811740 286
1811750 286
1811760 286
1811770 286
1811780 287
1811790 287
1811800 287
1811810 287
1811820 286
1811830 288
1811840 288
1811850 288
1811860 289
1811870 290
1811880 291
1811890 291
1811900 291
1811910 290
1811920 291
1811930 291
1811940 291
1811950 292
1811960 294
1811970 295
1811980 296
1811990 298
1812000 299
1812010 299
1812020 300
1812030 301
1812040 303
1812050 304
1812060 307
1812070 308
1812080 309
1812090 309
1812100 309
1812110 308
1812120 308
1812130 308
1812140 308
1812150 308
1812160 309
1812170 309
1812180 310
1812190 311
1812200 311
1812210 312
1812220 312
1812230 312
1812240 312
1812250 312
1812260 312
1812270 312
1812280 312
1812290 312
1812300 312
1812310 312
1812320 311
1812330 311
1812340 311
1812350 310
1812360 310
1812370 310
1812380 309
1812390 309
1812400 309
1812410 308
1812420 308
1812430 307
1812440 307
1812450 306
1812460 306
1812470 305
1812480 304
1812490 304
1812500 303
1812510 302
1812520 301
1812530 301
1812540 300
1812550 299
1812560 297
1812570 296
1812580 295
1812590 294
1812600 294
1812610 293
1812620 292
1812630 291
1812640 290
1812650 289
1812660 288
1812670 287
1812680 286
1812690 285
1812700 284
1812710 282
1812720 281
1812730 280
1812740 278
1812750 277
1812760 275
1812770 272
1812780 270
1812790 267
1812800 265
1812810 262
1812820 260
1812830 259
1812840 257
1812850 256
1812860 255
1812870 254
1812880 254
1812890 253
1812900 253
1812910 253
1812920 253
1812930 253
1812940 252
1812950 251
1812960 250
1812970 248
1812980 247
1812990 245
1813000 245
1813010 245
1813020 245
1813030 243
1813040 242
1813050 241
1813060 240
1813070 239
1813080 236
1813090 234
1813100 234
1813110 236
1813120 239
1813130 241
1813140 242
1813150 245
1813160 247
1813170 249
1813180 251
1813190 253
1813200 255
1813210 257
1813220 258
1813230 259
1813240 259
1813250 259
1813260 260
1813270 261
1813280 262
1813290 263
1813300 265
1813310 266
1813320 268
1813330 270
1813340 272
1813350 275
1813360 277
1813370 280
1813380 283
1813390 285
1813400 287
1813410 289
1813420 291
1813430 293
1813440 294
1813450 295
1813460 296
1813470 298
1813480 300
1813490 301
1813500 302
1813510 303
1813520 303
1813530 304
1813540 304
1813550 305
1813560 305
1813570 305
1813580 306
1813590 306
1813600 306
1813610 306
1813620 306
1813630 306
1813640 306
1813650 305
1813660 305
1813670 304
1813680 303
1813690 303
1813700 302
1813710 301
1813720 300
1813730 299
1813740 298
1813750 297
1813760 296
1813770 295
1813780 294
1813790 293
1813800 291
1813810 290
1813820 289
1813830 287
1813840 286
1813850 284
1813860 282
1813870 280
1813880 278
1813890 276
1813900 274
1813910 272
1813920 271
1813930 269
1813940 266
1813950 264
1813960 261
1813970 259
1813980 258
1813990 256
1814000 256
1814010 255
1814020 254
1814030 253
1814040 252
1814050 252
1814060 251
1814070 251
1814080 250
1814090 249
1814100 248
1814110 248
1814120 247
1814130 246
1814140 246
1814150 245
1814160 246
1814170 246
1814180 246
1814190 245
1814200 244
1814210 244
1814220 243
1814230 241
1814240 239
1814250 238
1814260 236
1814270 235
1814280 234
1814290 233
1814300 232
1814310 230
1814320 230
1814330 230
1814340 229
1814350 228
1814360 227
1814370 226
1814380 225
1814390 224
1814400 223
1814410 222
1814420 221
1814430 221
1814440 220
1814450 219
1814460 218
1814470 217
1814480 216
1814490 215
1814500 215
1814510 213
1814520 212
1814530 211
1814540 210
1814550 209
1814560 208
1814570 207
1814580 206
1814590 206
1814600 206
1814610 205
1814620 204
1814630 204
1814640 204
1814650 204
1814660 204
1814670 204
1814680 204
1814690 203
1814700 204
1814710 204
1814720 203
1814730 203
1814740 202
1814750 202
1814760 201
1814770 201
1814780 201
1814790 201
1814800 200
1814810 200
1814820 199
1814830 199
1814840 199
1814850 198
1814860 198
1814870 198
1814880 197
1814890 196
1814900 196
1814910 195
1814920 194
1814930 194
1814940 193
1814950 192
1814960 189
1814970 187
1814980 185
1814990 183
1815000 181
1815010 179
1815020 177
1815030 176
1815040 175
1815050 174
1815060 174
1815070 173
1815080 172
1815090 171
1815100 169
1815110 169
1815120 168
1815130 167
1815140 166
1815150 166
1815160 166
1815170 166
1815180 166
1815190 165
1815200 164
1815210 164
1815220 165
1815230 166
1815240 166
1815250 166
1815260 166
1815270 166
1815280 166
1815290 166
1815300 166
1815310 166
1815320 166
1815330 166
1815340 166
1815350 166
1815360 166
1815370 166
1815380 166
1815390 166
1815400 166
1815410 166
1815420 166
1815430 166
1815440 166
1815450 166
1815460 166
1815470 166
1815480 166
1815490 166
1815500 166
1815510 166
1815520 166
1815530 166
1815540 166
1815550 166
1815560 166
1815570 166
1815580 166
1815590 166
1815600 166
1815610 166
1815620 166
1815630 166
1815640 166
1815650 166
1815660 166
1815670 166
1815680 166
1815690 166
1815700 166
1815710 166
1815720 166
1815730 166
1815740 166
1815750 166
1815760 166
1815770 166
1815780 166
1815790 166
1815800 166
1815810 166
1815820 166
1815830 166
1815840 166
1815850 166
1815860 166
1815870 166
1815880 166
1815890 166
1815900 165
1815910 165
1815920 164
1815930 164
1815940 163
1815950 164
1815960 165
1815970 165
1815980 165
1815990 165
1816000 165
1816010 166
1816020 166
1816030 166
1816040 166
1816050 166
1816060 166
1816070 165
1816080 165
1816090 165
1816100 165
1816110 165
1816120 165
1816130 165
1816140 165
1816150 165
1816160 165
1816170 165
1816180 165
1816190 165
1816200 165
1816210 165
1816220 165
1816230 165
1816240 165
1816250 165
1816260 165
1816270 165
1816280 165
1816290 165
1816300 165
1816310 165
1816320 165
1816330 165
1816340 165
1816350 164
1816360 164
1816370 164
1816380 164
1816390 164
1816400 164
1816410 164
1816420 164
1816430 164
1816440 164
1816450 164
1816460 164
1816470 164
1816480 164
1816490 165
1816500 165
1816510 165
1816520 165
1816530 165
1816540 165
1816550 165
1816560 165
1816570 164
1816580 163
1816590 163
1816600 164
1816610 165
1816620 165
1816630 166
1816640 166
1816650 166
1816660 166
1816670 165
1816680 165
1816690 165
1816700 165
1816710 165
1816720 165
1816730 165
1816740 165
1816750 165
1816760 165
1816770 165
1816780 165
1816790 165
1816800 165
1816810 165
1816820 165
1816830 165
1816840 165
1816850 165
1816860 165
1816870 165
1816880 165
1816890 165
1816900 165
1816910 165
1816920 165
1816930 165
1816940 165
1816950 165
1816960 165
1816970 165
1816980 165
1816990 165
1817000 165
1817010 164
1817020 164
1817030 163
1817040 163
1817050 163
1817060 163
1817070 163
1817080 162
1817090 162
1817100 162
1817110 162
1817120 162
1817130 162
1817140 162
1817150 162
1817160 162
1817170 162
1817180 162
1817190 162
1817200 162
1817210 162
1817220 163
1817230 164
1817240 164
1817250 164
1817260 164
1817270 165
1817280 165
1817290 164
1817300 164
1817310 164
1817320 164
1817330 163
1817340 163
1817350 165
1817360 165
1817370 165
1817380 165
1817390 165
1817400 165
1817410 165
1817420 165
1817430 165
1817440 165
1817450 166
1817460 166
1817470 166
1817480 166
1817490 166
1817500 166
1817510 166
1817520 166
1817530 166
1817540 167
1817550 167
1817560 167
1817570 167
1817580 167
1817590 167
1817600 167
1817610 167
1817620 167
1817630 166
1817640 166
1817650 166
1817660 166
1817670 166
1817680 166
1817690 165
1817700 164
1817710 163
1817720 163
1817730 163
1817740 163
1817750 163
1817760 163
1817770 163
1817780 163
1817790 163
1817800 163
1817810 163
1817820 163
1817830 163
1817840 163
1817850 163
1817860 163
1817870 163
1817880 163
1817890 163
1817900 163
1817910 163
1817920 163
1817930 163
1817940 163
1817950 163
1817960 163
1817970 163
1817980 163
1817990 163
1818000 163
1818010 163
1818020 163
1818030 163
1818040 163
1818050 163
1818060 163
1818070 163
1818080 163
1818090 163
1818100 163
1818110 163
1818120 163
1818130 163
1818140 163
1818150 163
1818160 163
1818170 163
1818180 163
1818190 163
1818200 163
1818210 163
1818220 163
1818230 163
1818240 163
1818250 165
1818260 166
1818270 166
1818280 166
1818290 166
1818300 166
1818310 166
1818320 166
1818330 166
1818340 166
1818350 167
1818360 167
1818370 167
1818380 167
1818390 167
1818400 167
1818410 167
1818420 167
1818430 167
1818440 167
1818450 168
1818460 168
1818470 168
1818480 168
1818490 168
1818500 168
1818510 169
1818520 169
1818530 169
1818540 169
1818550 169
1818560 169
1818570 171
1818580 172
1818590 172
1818600 173
1818610 173
1818620 172
1818630 172
1818640 171
1818650 171
1818660 170
1818670 169
1818680 169
1818690 169
1818700 170
1818710 170
1818720 170
1818730 171
1818740 170
1818750 170
1818760 170
1818770 170
1818780 169
1818790 168
1818800 168
1818810 167
1818820 167
1818830 167
1818840 167
1818850 167
1818860 168
1818870 167
1818880 166
1818890 165
1818900 165
1818910 165
1818920 165
1818930 165
1818940 166
1818950 166
1818960 166
1818970 166
1818980 167
1818990 168
1819000 169
1819010 170
1819020 170
1819030 168
1819040 167
1819050 166
1819060 166
1819070 165
1819080 165
1819090 165
1819100 165
1819110 165
1819120 165
1819130 165
1819140 166
1819150 166
1819160 166
1819170 166
1819180 166
1819190 166
1819200 166
1819210 166
1819220 166
1819230 166
1819240 166
1819250 166
1819260 166
1819270 166
1819280 166
1819290 166
1819300 166
1819310 166
1819320 166
1819330 166
1819340 166
1819350 166
1819360 166
1819370 166
1819380 166
1819390 166
1819400 167
1819410 167
1819420 167
1819430 167
1819440 167
1819450 167
1819460 167
1819470 167
1819480 167
1819490 167
1819500 167
1819510 167
1819520 167
1819530 167
1819540 167
1819550 167
1819560 167
1819570 167
1819580 167
1819590 167
1819600 167
1819610 166
1819620 166
1819630 166
1819640 166
1819650 166
1819660 166
1819670 166
1819680 166
1819690 166
1819700 166
1819710 166
1819720 166
1819730 166
1819740 166
1819750 166
1819760 166
1819770 166
1819780 166
1819790 166
1819800 166
1819810 166
1819820 166
1819830 166
1819840 166
1819850 166
1819860 166
1819870 167
1819880 167
1819890 167
1819900 167
1819910 167
1819920 167
1819930 166
1819940 166
1819950 166
1819960 167
1819970 167
1819980 167
1819990 168
