1800000 171
1800010 171
1800020 171
1800030 171
1800040 171
1800050 171
1800060 171
1800070 171
1800080 171
1800090 172
1800100 172
1800110 171
1800120 171
1800130 172
1800140 171
1800150 171
1800160 171
1800170 171
1800180 171
1800190 171
1800200 171
1800210 171
1800220 171
1800230 171
1800240 171
1800250 171
1800260 172
1800270 172
1800280 172
1800290 172
1800300 172
1800310 172
1800320 172
1800330 173
1800340 173
1800350 173
1800360 173
1800370 173
1800380 173
1800390 173
1800400 173
1800410 173
1800420 173
1800430 173
1800440 173
1800450 173
1800460 173
1800470 173
1800480 173
1800490 173
1800500 173
1800510 173
1800520 173
1800530 173
1800540 173
1800550 173
1800560 173
1800570 173
1800580 173
1800590 173
1800600 173
1800610 174
1800620 174
1800630 174
1800640 173
1800650 173
1800660 173
1800670 173
1800680 173
1800690 173
1800700 173
1800710 173
1800720 173
1800730 173
1800740 173
1800750 173
1800760 173
1800770 173
1800780 173
1800790 173
1800800 173
1800810 173
1800820 173
1800830 173
1800840 173
1800850 173
1800860 173
1800870 173
1800880 173
1800890 173
1800900 173
1800910 173
1800920 173
1800930 173
1800940 173
1800950 173
1800960 173
1800970 173
1800980 173
1800990 173
1801000 173
1801010 173
1801020 173
1801030 173
1801040 173
1801050 172
1801060 172
1801070 172
1801080 172
1801090 172
1801100 172
1801110 171
1801120 171
1801130 171
1801140 171
1801150 171
1801160 171
1801170 171
1801180 171
1801190 171
1801200 171
1801210 171
1801220 171
1801230 171
1801240 171
1801250 171
1801260 171
1801270 171
1801280 171
1801290 171
1801300 171
1801310 171
1801320 171
1801330 171
1801340 171
1801350 171
1801360 171
1801370 171
1801380 171
1801390 171
1801400 171
1801410 171
1801420 171
1801430 171
1801440 171
1801450 171
1801460 171
1801470 171
1801480 171
1801490 171
1801500 171
1801510 171
1801520 171
1801530 171
1801540 171
1801550 171
1801560 171
1801570 171
1801580 171
1801590 171
1801600 171
1801610 171
1801620 171
1801630 171
1801640 171
1801650 171
1801660 171
1801670 171
1801680 171
1801690 171
1801700 171
1801710 171
1801720 171
1801730 171
1801740 171
1801750 171
1801760 171
1801770 171
1801780 171
1801790 171
1801800 171
1801810 171
1801820 171
1801830 171
1801840 171
1801850 170
1801860 170
1801870 170
1801880 170
1801890 170
1801900 170
1801910 170
1801920 170
1801930 170
1801940 170
1801950 171
1801960 171
1801970 171
1801980 171
1801990 171
1802000 171
1802010 171
1802020 171
1802030 171
1802040 171
1802050 171
1802060 171
1802070 171
1802080 171
1802090 171
1802100 171
1802110 171
1802120 171
1802130 171
1802140 171
1802150 171
1802160 171
1802170 171
1802180 171
1802190 171
1802200 171
1802210 171
1802220 171
1802230 171
1802240 171
1802250 171
1802260 172
1802270 172
1802280 172
1802290 172
1802300 172
1802310 172
1802320 172
1802330 171
1802340 171
1802350 171
1802360 171
1802370 171
1802380 171
1802390 171
1802400 171
1802410 171
1802420 171
1802430 170
1802440 170
1802450 170
1802460 171
1802470 171
1802480 171
1802490 171
1802500 171
1802510 171
1802520 171
1802530 171
1802540 171
1802550 171
1802560 171
1802570 171
1802580 171
1802590 171
1802600 171
1802610 171
1802620 171
1802630 171
1802640 171
1802650 171
1802660 171
1802670 171
1802680 172
1802690 172
1802700 172
1802710 172
1802720 172
1802730 172
1802740 171
1802750 171
1802760 170
1802770 170
1802780 170
1802790 170
1802800 170
1802810 170
1802820 170
1802830 170
1802840 171
1802850 171
1802860 171
1802870 171
1802880 170
1802890 170
1802900 171
1802910 171
1802920 171
1802930 171
1802940 171
1802950 171
1802960 171
1802970 171
1802980 171
1802990 171
1803000 171
1803010 171
1803020 171
1803030 171
1803040 171
1803050 171
1803060 171
1803070 171
1803080 171
1803090 171
1803100 170
1803110 170
1803120 170
1803130 170
1803140 170
1803150 170
1803160 170
1803170 170
1803180 171
1803190 171
1803200 171
1803210 170
1803220 170
1803230 171
1803240 171
1803250 171
1803260 171
1803270 171
1803280 171
1803290 171
1803300 171
1803310 171
1803320 171
1803330 171
1803340 171
1803350 171
1803360 171
1803370 171
1803380 171
1803390 171
1803400 171
1803410 170
1803420 170
1803430 170
1803440 170
1803450 170
1803460 171
1803470 171
1803480 171
1803490 171
1803500 171
1803510 171
1803520 171
1803530 171
1803540 171
1803550 171
1803560 171
1803570 171
1803580 171
1803590 171
1803600 171
1803610 171
1803620 171
1803630 171
1803640 171
1803650 171
1803660 171
1803670 171
1803680 171
1803690 171
1803700 172
1803710 172
1803720 172
1803730 172
1803740 172
1803750 172
1803760 172
1803770 172
1803780 172
1803790 172
1803800 172
1803810 172
1803820 172
1803830 172
1803840 172
1803850 172
1803860 172
1803870 173
1803880 173
1803890 173
1803900 173
1803910 174
1803920 173
1803930 173
1803940 173
1803950 173
1803960 173
1803970 173
1803980 173
1803990 173
1804000 173
1804010 173
1804020 173
1804030 173
1804040 173
1804050 173
1804060 173
1804070 173
1804080 174
1804090 174
1804100 174
1804110 174
1804120 174
1804130 174
1804140 175
1804150 175
1804160 176
1804170 177
1804180 177
1804190 177
1804200 177
1804210 176
1804220 175
1804230 175
1804240 175
1804250 175
1804260 174
1804270 174
1804280 174
1804290 174
1804300 175
1804310 175
1804320 174
1804330 174
1804340 174
1804350 174
1804360 174
1804370 175
1804380 175
1804390 175
1804400 175
1804410 175
1804420 175
1804430 175
1804440 175
1804450 175
1804460 175
1804470 175
1804480 175
1804490 175
1804500 176
1804510 176
1804520 176
1804530 176
1804540 176
1804550 175
1804560 175
1804570 175
1804580 175
1804590 175
1804600 175
1804610 175
1804620 175
1804630 175
1804640 175
1804650 175
1804660 176
1804670 176
1804680 176
1804690 176
1804700 175
1804710 175
1804720 175
1804730 175
1804740 175
1804750 174
1804760 174
1804770 174
1804780 174
1804790 174
1804800 174
1804810 174
1804820 174
1804830 174
1804840 174
1804850 174
1804860 174
1804870 174
1804880 174
1804890 174
1804900 174
1804910 174
1804920 174
1804930 174
1804940 174
1804950 174
1804960 174
1804970 174
1804980 174
1804990 174
1805000 174
1805010 174
1805020 174
1805030 174
1805040 174
1805050 174
1805060 174
1805070 175
1805080 175
1805090 175
1805100 175
1805110 175
1805120 175
1805130 175
1805140 175
1805150 176
1805160 176
1805170 176
1805180 175
1805190 175
1805200 175
1805210 175
1805220 175
1805230 175
1805240 175
1805250 175
1805260 175
1805270 176
1805280 176
1805290 176
1805300 176
1805310 176
1805320 176
1805330 176
1805340 176
1805350 176
1805360 176
1805370 176
1805380 176
1805390 176
1805400 176
1805410 176
1805420 176
1805430 176
1805440 176
1805450 177
1805460 177
1805470 178
1805480 179
1805490 179
1805500 180
1805510 181
1805520 182
1805530 182
1805540 183
1805550 183
1805560 183
1805570 183
1805580 184
1805590 184
1805600 184
1805610 185
1805620 185
1805630 185
1805640 186
1805650 187
1805660 187
1805670 188
1805680 189
1805690 189
1805700 189
1805710 189
1805720 190
1805730 191
1805740 191
1805750 192
1805760 193
1805770 193
1805780 195
1805790 196
1805800 199
1805810 200
1805820 201
1805830 201
1805840 201
1805850 202
1805860 202
1805870 203
1805880 204
1805890 205
1805900 206
1805910 207
1805920 208
1805930 210
1805940 212
1805950 213
1805960 215
1805970 217
1805980 218
1805990 220
1806000 223
1806010 225
1806020 227
1806030 228
1806040 229
1806050 230
1806060 231
1806070 231
1806080 232
1806090 232
1806100 232
1806110 232
1806120 232
1806130 232
1806140 231
1806150 229
1806160 226
1806170 223
1806180 221
1806190 221
1806200 222
1806210 224
1806220 226
1806230 228
1806240 228
1806250 229
1806260 229
1806270 230
1806280 230
1806290 231
1806300 232
1806310 233
1806320 234
1806330 236
1806340 237
1806350 239
1806360 242
1806370 245
1806380 248
1806390 251
1806400 254
1806410 258
1806420 261
1806430 264
1806440 267
1806450 269
1806460 271
1806470 274
1806480 276
1806490 279
1806500 281
1806510 281
1806520 283
1806530 286
1806540 287
1806550 288
1806560 288
1806570 288
1806580 288
1806590 288
1806600 289
1806610 289
1806620 290
1806630 290
1806640 291
1806650 292
1806660 294
1806670 295
1806680 296
1806690 296
1806700 297
1806710 299
1806720 301
1806730 305
1806740 308
1806750 313
1806760 318
1806770 323
1806780 327
1806790 330
1806800 332
1806810 333
1806820 334
1806830 334
1806840 335
1806850 335
1806860 335
1806870 336
1806880 336
1806890 336
1806900 336
1806910 336
1806920 336
1806930 336
1806940 336
1806950 336
1806960 336
1806970 336
1806980 336
1806990 336
1807000 336
1807010 336
1807020 336
1807030 336
1807040 336
1807050 336
1807060 336
1807070 336
1807080 336
1807090 336
1807100 336
1807110 336
1807120 336
1807130 336
1807140 336
1807150 336
1807160 336
1807170 336
1807180 336
1807190 336
1807200 336
1807210 336
1807220 336
1807230 336
1807240 336
1807250 337
1807260 336
1807270 336
1807280 336
1807290 336
1807300 336
1807310 336
1807320 335
1807330 335
1807340 334
1807350 334
1807360 333
1807370 333
1807380 332
1807390 331
1807400 330
1807410 329
1807420 327
1807430 326
1807440 325
1807450 324
1807460 322
1807470 320
1807480 318
1807490 315
1807500 313
1807510 310
1807520 306
1807530 307
1807540 309
1807550 313
1807560 316
1807570 318
1807580 320
1807590 324
1807600 327
1807610 330
1807620 332
1807630 334
1807640 336
1807650 337
1807660 338
1807670 340
1807680 341
1807690 342
1807700 343
1807710 344
1807720 346
1807730 347
1807740 348
1807750 349
1807760 350
1807770 351
1807780 352
1807790 353
1807800 354
1807810 355
1807820 356
1807830 357
1807840 358
1807850 359
1807860 360
1807870 361
1807880 362
1807890 362
1807900 363
1807910 364
1807920 364
1807930 365
1807940 366
1807950 366
1807960 367
1807970 368
1807980 369
1807990 370
1808000 370
1808010 371
1808020 372
1808030 373
1808040 374
1808050 375
1808060 376
1808070 377
1808080 377
1808090 378
1808100 379
1808110 380
1808120 381
1808130 381
1808140 382
1808150 383
1808160 384
1808170 384
1808180 385
1808190 386
1808200 387
1808210 387
1808220 388
1808230 389
1808240 390
1808250 390
1808260 391
1808270 391
1808280 392
1808290 393
1808300 393
1808310 394
1808320 394
1808330 395
1808340 395
1808350 396
1808360 396
1808370 397
1808380 397
1808390 398
1808400 398
1808410 398
1808420 399
1808430 399
1808440 400
1808450 400
1808460 401
1808470 401
1808480 401
1808490 402
1808500 402
1808510 402
1808520 403
1808530 403
1808540 403
1808550 404
1808560 404
1808570 404
1808580 404
1808590 404
1808600 404
1808610 404
1808620 404
1808630 405
1808640 405
1808650 405
1808660 405
1808670 405
1808680 405
1808690 405
1808700 405
1808710 405
1808720 405
1808730 405
1808740 405
1808750 405
1808760 405
1808770 405
1808780 405
1808790 405
1808800 405
1808810 405
1808820 405
1808830 405
1808840 405
1808850 405
1808860 404
1808870 404
1808880 404
1808890 404
1808900 403
1808910 403
1808920 403
1808930 402
1808940 402
1808950 401
1808960 401
1808970 400
1808980 400
1808990 399
1809000 399
1809010 398
1809020 398
1809030 397
1809040 397
1809050 396
1809060 396
1809070 395
1809080 395
1809090 394
1809100 394
1809110 393
1809120 393
1809130 392
1809140 392
1809150 391
1809160 391
1809170 390
1809180 390
1809190 389
1809200 388
1809210 387
1809220 387
1809230 386
1809240 385
1809250 385
1809260 384
1809270 384
1809280 383
1809290 383
1809300 383
1809310 382
1809320 382
1809330 381
1809340 381
1809350 380
1809360 380
1809370 379
1809380 379
1809390 379
1809400 378
1809410 378
1809420 377
1809430 377
1809440 376
1809450 376
1809460 375
1809470 374
1809480 374
1809490 374
1809500 373
1809510 373
1809520 373
1809530 372
1809540 372
1809550 371
1809560 371
1809570 370
1809580 370
1809590 369
1809600 369
1809610 368
1809620 368
1809630 367
1809640 367
1809650 366
1809660 366
1809670 365
1809680 365
1809690 364
1809700 363
1809710 363
1809720 362
1809730 361
1809740 360
1809750 359
1809760 358
1809770 356
1809780 355
1809790 354
1809800 352
1809810 350
1809820 348
1809830 347
1809840 345
1809850 344
1809860 343
1809870 342
1809880 341
1809890 340
1809900 339
1809910 339
1809920 338
1809930 337
1809940 337
1809950 336
1809960 336
1809970 336
1809980 336
1809990 337
1810000 337
1810010 336
1810020 336
1810030 335
1810040 334
1810050 333
1810060 332
1810070 331
1810080 330
1810090 329
1810100 328
1810110 326
1810120 324
1810130 322
1810140 320
1810150 318
1810160 316
1810170 314
1810180 312
1810190 309
1810200 306
1810210 302
1810220 302
1810230 304
1810240 308
1810250 310
1810260 313
1810270 315
1810280 318
1810290 321
1810300 324
1810310 327
1810320 329
1810330 332
1810340 334
1810350 337
1810360 339
1810370 341
1810380 343
1810390 345
1810400 346
1810410 347
1810420 348
1810430 349
1810440 350
1810450 351
1810460 352
1810470 353
1810480 354
1810490 355
1810500 356
1810510 357
1810520 358
1810530 358
1810540 359
1810550 359
1810560 360
1810570 360
1810580 361
1810590 361
1810600 361
1810610 361
1810620 361
1810630 361
1810640 361
1810650 361
1810660 360
1810670 359
1810680 359
1810690 358
1810700 357
1810710 356
1810720 355
1810730 355
1810740 354
1810750 353
1810760 353
1810770 353
1810780 352
1810790 352
1810800 351
1810810 351
1810820 351
1810830 351
1810840 350
1810850 350
1810860 350
1810870 350
1810880 350
1810890 349
1810900 349
1810910 349
1810920 348
1810930 348
1810940 348
1810950 347
1810960 347
1810970 347
1810980 346
1810990 346
1811000 345
1811010 345
1811020 345
1811030 345
1811040 346
1811050 346
1811060 346
1811070 347
1811080 347
1811090 347
1811100 348
1811110 348
1811120 349
1811130 349
1811140 350
1811150 350
1811160 350
1811170 349
1811180 348
1811190 347
1811200 346
1811210 345
1811220 344
1811230 343
1811240 342
1811250 341
1811260 339
1811270 338
1811280 337
1811290 336
1811300 334
1811310 332
1811320 330
1811330 328
1811340 327
1811350 325
1811360 323
1811370 322
1811380 320
1811390 318
1811400 317
1811410 315
1811420 314
1811430 312
1811440 311
1811450 310
1811460 309
1811470 309
1811480 308
1811490 307
1811500 306
1811510 305
1811520 304
1811530 304
1811540 304
1811550 303
1811560 302
1811570 301
1811580 301
1811590 301
1811600 301
1811610 301
1811620 301
1811630 301
1811640 300
1811650 300
1811660 299
1811670 299
1811680 299
1811690 299
1811700 299
1811710 299
1811720 299
1811730 299
1811740 298
1811750 298
1811760 298
1811770 298
1811780 298
1811790 299
1811800 299
1811810 300
1811820 301
1811830 301
1811840 301
1811850 301
1811860 301
1811870 301
1811880 300
1811890 300
1811900 301
1811910 301
1811920 302
1811930 303
1811940 304
1811950 306
1811960 307
1811970 308
1811980 309
1811990 309
1812000 311
1812010 312
1812020 314
1812030 316
1812040 317
1812050 318
1812060 319
1812070 320
1812080 320
1812090 321
1812100 321
1812110 321
1812120 321
1812130 321
1812140 321
1812150 321
1812160 321
1812170 320
1812180 320
1812190 320
1812200 320
1812210 320
1812220 320
1812230 319
1812240 319
1812250 319
1812260 319
1812270 318
1812280 318
1812290 318
1812300 317
1812310 316
1812320 316
1812330 315
1812340 315
1812350 314
1812360 314
1812370 313
1812380 313
1812390 312
1812400 312
1812410 311
1812420 310
1812430 310
1812440 309
1812450 308
1812460 308
1812470 307
1812480 306
1812490 305
1812500 304
1812510 303
1812520 302
1812530 301
1812540 300
1812550 299
1812560 298
1812570 297
1812580 296
1812590 295
1812600 294
1812610 293
1812620 292
1812630 291
1812640 290
1812650 289
1812660 288
1812670 287
1812680 286
1812690 285
1812700 283
1812710 282
1812720 281
1812730 279
1812740 278
1812750 276
1812760 275
1812770 274
1812780 272
1812790 271
1812800 270
1812810 269
1812820 269
1812830 268
1812840 267
1812850 267
1812860 266
1812870 265
1812880 264
1812890 264
1812900 263
1812910 262
1812920 260
1812930 258
1812940 258
1812950 257
1812960 256
1812970 255
1812980 253
1812990 252
1813000 250
1813010 249
1813020 247
1813030 245
1813040 244
1813050 243
1813060 241
1813070 239
1813080 237
1813090 238
1813100 239
1813110 241
1813120 243
1813130 244
1813140 246
1813150 247
1813160 249
1813170 252
1813180 254
1813190 257
1813200 260
1813210 263
1813220 266
1813230 269
1813240 271
1813250 273
1813260 275
1813270 276
1813280 277
1813290 278
1813300 279
1813310 281
1813320 282
1813330 283
1813340 283
1813350 283
1813360 284
1813370 285
1813380 286
1813390 286
1813400 287
1813410 289
1813420 291
1813430 293
1813440 295
1813450 297
1813460 298
1813470 299
1813480 301
1813490 303
1813500 304
1813510 305
1813520 306
1813530 307
1813540 307
1813550 308
1813560 309
1813570 309
1813580 309
1813590 309
1813600 310
1813610 310
1813620 310
1813630 310
1813640 310
1813650 310
1813660 309
1813670 308
1813680 307
1813690 306
1813700 305
1813710 305
1813720 304
1813730 303
1813740 302
1813750 301
1813760 300
1813770 299
1813780 298
1813790 296
1813800 295
1813810 293
1813820 292
1813830 290
1813840 288
1813850 287
1813860 285
1813870 284
1813880 282
1813890 281
1813900 279
1813910 278
1813920 276
1813930 275
1813940 274
1813950 273
1813960 272
1813970 271
1813980 269
1813990 268
1814000 267
1814010 267
1814020 266
1814030 265
1814040 265
1814050 265
1814060 264
1814070 264
1814080 263
1814090 263
1814100 262
1814110 262
1814120 261
1814130 260
1814140 259
1814150 257
1814160 255
1814170 253
1814180 252
1814190 250
1814200 249
1814210 248
1814220 247
1814230 245
1814240 244
1814250 243
1814260 242
1814270 241
1814280 240
1814290 239
1814300 237
1814310 236
1814320 235
1814330 235
1814340 234
1814350 233
1814360 232
1814370 231
1814380 229
1814390 228
1814400 225
1814410 224
1814420 223
1814430 223
1814440 222
1814450 221
1814460 221
1814470 221
1814480 220
1814490 219
1814500 218
1814510 218
1814520 217
1814530 216
1814540 216
1814550 215
1814560 214
1814570 214
1814580 213
1814590 212
1814600 211
1814610 211
1814620 211
1814630 211
1814640 210
1814650 208
1814660 206
1814670 205
1814680 205
1814690 205
1814700 205
1814710 205
1814720 205
1814730 204
1814740 204
1814750 204
1814760 203
1814770 203
1814780 202
1814790 202
1814800 202
1814810 201
1814820 201
1814830 200
1814840 200
1814850 200
1814860 200
1814870 199
1814880 199
1814890 198
1814900 198
1814910 197
1814920 197
1814930 196
1814940 196
1814950 195
1814960 195
1814970 194
1814980 194
1814990 193
1815000 193
1815010 192
1815020 191
1815030 191
1815040 190
1815050 188
1815060 186
1815070 184
1815080 182
1815090 179
1815100 177
1815110 175
1815120 173
1815130 171
1815140 169
1815150 169
1815160 168
1815170 166
1815180 166
1815190 166
1815200 166
1815210 166
1815220 165
1815230 164
1815240 164
1815250 165
1815260 166
1815270 166
1815280 166
1815290 166
1815300 166
1815310 166
1815320 166
1815330 166
1815340 166
1815350 166
1815360 166
1815370 166
1815380 166
1815390 166
1815400 166
1815410 166
1815420 166
1815430 166
1815440 166
1815450 166
1815460 166
1815470 166
1815480 166
1815490 166
1815500 166
1815510 166
1815520 166
1815530 166
1815540 166
1815550 166
1815560 166
1815570 166
1815580 166
1815590 166
1815600 166
1815610 166
1815620 166
1815630 166
1815640 166
1815650 166
1815660 166
1815670 166
1815680 166
1815690 166
1815700 166
1815710 166
1815720 166
1815730 166
1815740 166
1815750 167
1815760 167
1815770 168
1815780 168
1815790 167
1815800 166
1815810 166
1815820 166
1815830 166
1815840 166
1815850 166
1815860 166
1815870 166
1815880 166
1815890 167
1815900 166
1815910 166
1815920 166
1815930 166
1815940 166
1815950 165
1815960 164
1815970 163
1815980 164
1815990 165
1816000 165
1816010 165
1816020 165
1816030 165
1816040 166
1816050 166
1816060 166
1816070 166
1816080 166
1816090 166
1816100 166
1816110 166
1816120 166
1816130 166
1816140 166
1816150 166
1816160 166
1816170 166
1816180 165
1816190 165
1816200 165
1816210 165
1816220 165
1816230 165
1816240 165
1816250 165
1816260 165
1816270 165
1816280 165
1816290 165
1816300 165
1816310 165
1816320 165
1816330 165
1816340 165
1816350 165
1816360 165
1816370 165
1816380 165
1816390 164
1816400 164
1816410 164
1816420 164
1816430 164
1816440 164
1816450 164
1816460 164
1816470 164
1816480 164
1816490 164
1816500 164
1816510 164
1816520 165
1816530 165
1816540 164
1816550 164
1816560 164
1816570 165
1816580 165
1816590 164
1816600 163
1816610 164
1816620 165
1816630 165
1816640 165
1816650 165
1816660 165
1816670 165
1816680 165
1816690 165
1816700 165
1816710 165
1816720 165
1816730 165
1816740 165
1816750 165
1816760 165
1816770 165
1816780 165
1816790 165
1816800 165
1816810 165
1816820 165
1816830 165
1816840 165
1816850 165
1816860 165
1816870 165
1816880 165
1816890 165
1816900 165
1816910 165
1816920 165
1816930 165
1816940 165
1816950 165
1816960 165
1816970 165
1816980 165
1816990 165
1817000 165
1817010 164
1817020 164
1817030 164
1817040 164
1817050 164
1817060 164
1817070 164
1817080 164
1817090 164
1817100 164
1817110 164
1817120 164
1817130 164
1817140 164
1817150 164
1817160 164
1817170 163
1817180 163
1817190 163
1817200 163
1817210 164
1817220 164
1817230 164
1817240 165
1817250 164
1817260 164
1817270 164
1817280 164
1817290 164
1817300 164
1817310 164
1817320 164
1817330 164
1817340 164
1817350 164
1817360 164
1817370 164
1817380 165
1817390 165
1817400 165
1817410 165
1817420 165
1817430 165
1817440 165
1817450 165
1817460 165
1817470 165
1817480 164
1817490 165
1817500 165
1817510 165
1817520 165
1817530 166
1817540 166
1817550 166
1817560 166
1817570 166
1817580 166
1817590 166
1817600 166
1817610 166
1817620 166
1817630 166
1817640 167
1817650 167
1817660 167
1817670 167
1817680 167
1817690 166
1817700 166
1817710 165
1817720 164
1817730 164
1817740 163
1817750 163
1817760 163
1817770 163
1817780 163
1817790 163
1817800 163
1817810 163
1817820 163
1817830 163
1817840 163
1817850 163
1817860 163
1817870 163
1817880 163
1817890 163
1817900 163
1817910 163
1817920 163
1817930 163
1817940 163
1817950 163
1817960 163
1817970 163
1817980 163
1817990 163
1818000 163
1818010 163
1818020 163
1818030 163
1818040 163
1818050 163
1818060 163
1818070 163
1818080 163
1818090 163
1818100 163
1818110 163
1818120 163
1818130 163
1818140 163
1818150 163
1818160 163
1818170 163
1818180 163
1818190 163
1818200 163
1818210 163
1818220 163
1818230 163
1818240 163
1818250 163
1818260 163
1818270 163
1818280 164
1818290 165
1818300 165
1818310 166
1818320 166
1818330 166
1818340 166
1818350 166
1818360 166
1818370 165
1818380 165
1818390 166
1818400 166
1818410 166
1818420 167
1818430 167
1818440 167
1818450 167
1818460 167
1818470 166
1818480 166
1818490 166
1818500 166
1818510 166
1818520 166
1818530 166
1818540 166
1818550 166
1818560 167
1818570 168
1818580 169
1818590 170
1818600 171
1818610 172
1818620 171
1818630 171
1818640 170
1818650 170
1818660 169
1818670 168
1818680 168
1818690 168
1818700 168
1818710 168
1818720 168
1818730 169
1818740 170
1818750 170
1818760 170
1818770 171
1818780 170
1818790 170
1818800 170
1818810 169
1818820 168
1818830 167
1818840 167
1818850 167
1818860 167
1818870 167
1818880 168
1818890 168
1818900 168
1818910 169
1818920 172
1818930 174
1818940 174
1818950 172
1818960 171
1818970 168
1818980 167
1818990 166
1819000 166
1819010 166
1819020 166
1819030 166
1819040 166
1819050 166
1819060 166
1819070 166
1819080 166
1819090 166
1819100 166
1819110 165
1819120 165
1819130 165
1819140 165
1819150 165
1819160 165
1819170 165
1819180 165
1819190 166
1819200 166
1819210 166
1819220 166
1819230 166
1819240 166
1819250 166
1819260 166
1819270 166
1819280 166
1819290 166
1819300 166
1819310 166
1819320 166
1819330 166
1819340 166
1819350 166
1819360 166
1819370 166
1819380 166
1819390 166
1819400 166
1819410 166
1819420 167
1819430 167
1819440 167
1819450 167
1819460 167
1819470 167
1819480 166
1819490 166
1819500 166
1819510 166
1819520 166
1819530 166
1819540 166
1819550 166
1819560 166
1819570 166
1819580 166
1819590 166
1819600 166
1819610 166
1819620 166
1819630 166
1819640 166
1819650 166
1819660 166
1819670 166
1819680 166
1819690 166
1819700 166
1819710 166
1819720 166
1819730 166
1819740 166
1819750 166
1819760 166
1819770 166
1819780 166
1819790 166
1819800 166
1819810 166
1819820 166
1819830 166
1819840 166
1819850 166
1819860 166
1819870 167
1819880 167
1819890 167
1819900 167
1819910 166
1819920 166
1819930 166
1819940 166
1819950 166
1819960 166
1819970 166
1819980 166
1819990 166
