1800000 172
1800010 172
1800020 172
1800030 172
1800040 172
1800050 172
1800060 172
1800070 172
1800080 172
1800090 172
1800100 172
1800110 172
1800120 171
1800130 171
1800140 171
1800150 171
1800160 171
1800170 171
1800180 171
1800190 171
1800200 171
1800210 171
1800220 171
1800230 171
1800240 171
1800250 172
1800260 172
1800270 172
1800280 171
1800290 171
1800300 171
1800310 171
1800320 171
1800330 171
1800340 171
1800350 171
1800360 171
1800370 171
1800380 171
1800390 171
1800400 171
1800410 171
1800420 171
1800430 172
1800440 172
1800450 171
1800460 171
1800470 171
1800480 171
1800490 171
1800500 171
1800510 171
1800520 171
1800530 171
1800540 171
1800550 171
1800560 171
1800570 171
1800580 171
1800590 171
1800600 171
1800610 171
1800620 171
1800630 171
1800640 171
1800650 171
1800660 171
1800670 171
1800680 171
1800690 171
1800700 171
1800710 171
1800720 171
1800730 171
1800740 171
1800750 171
1800760 171
1800770 171
1800780 171
1800790 171
1800800 171
1800810 171
1800820 171
1800830 171
1800840 171
1800850 171
1800860 171
1800870 171
1800880 171
1800890 171
1800900 171
1800910 171
1800920 171
1800930 171
1800940 171
1800950 171
1800960 171
1800970 171
1800980 171
1800990 171
1801000 171
1801010 171
1801020 171
1801030 171
1801040 171
1801050 171
1801060 171
1801070 171
1801080 171
1801090 171
1801100 171
1801110 171
1801120 171
1801130 171
1801140 171
1801150 171
1801160 171
1801170 171
1801180 171
1801190 171
1801200 171
1801210 171
1801220 171
1801230 171
1801240 171
1801250 171
1801260 171
1801270 172
1801280 172
1801290 172
1801300 172
1801310 171
1801320 171
1801330 171
1801340 170
1801350 170
1801360 170
1801370 170
1801380 170
1801390 170
1801400 171
1801410 171
1801420 171
1801430 170
1801440 170
1801450 170
1801460 170
1801470 170
1801480 170
1801490 170
1801500 170
1801510 170
1801520 170
1801530 170
1801540 170
1801550 170
1801560 170
1801570 170
1801580 170
1801590 170
1801600 170
1801610 171
1801620 171
1801630 171
1801640 171
1801650 170
1801660 170
1801670 170
1801680 170
1801690 170
1801700 170
1801710 170
1801720 170
1801730 170
1801740 170
1801750 170
1801760 170
1801770 170
1801780 170
1801790 170
1801800 170
1801810 170
1801820 170
1801830 170
1801840 170
1801850 170
1801860 170
1801870 170
1801880 170
1801890 170
1801900 171
1801910 171
1801920 171
1801930 171
1801940 171
1801950 171
1801960 171
1801970 170
1801980 170
1801990 170
1802000 170
1802010 170
1802020 170
1802030 170
1802040 170
1802050 170
1802060 170
1802070 170
1802080 170
1802090 170
1802100 170
1802110 170
1802120 170
1802130 170
1802140 170
1802150 170
1802160 169
1802170 169
1802180 169
1802190 169
1802200 169
1802210 169
1802220 169
1802230 169
1802240 169
1802250 169
1802260 169
1802270 170
1802280 170
1802290 170
1802300 169
1802310 169
1802320 169
1802330 169
1802340 169
1802350 170
1802360 170
1802370 170
1802380 170
1802390 170
1802400 170
1802410 170
1802420 170
1802430 170
1802440 170
1802450 169
1802460 169
1802470 169
1802480 169
1802490 170
1802500 170
1802510 170
1802520 170
1802530 170
1802540 170
1802550 170
1802560 170
1802570 170
1802580 170
1802590 170
1802600 170
1802610 170
1802620 170
1802630 170
1802640 170
1802650 171
1802660 171
1802670 171
1802680 171
1802690 171
1802700 171
1802710 171
1802720 171
1802730 171
1802740 170
1802750 170
1802760 170
1802770 170
1802780 170
1802790 170
1802800 170
1802810 170
1802820 170
1802830 170
1802840 170
1802850 170
1802860 170
1802870 170
1802880 170
1802890 170
1802900 170
1802910 170
1802920 170
1802930 170
1802940 170
1802950 170
1802960 170
1802970 170
1802980 170
1802990 170
1803000 170
1803010 170
1803020 170
1803030 170
1803040 170
1803050 170
1803060 169
1803070 169
1803080 169
1803090 169
1803100 169
1803110 169
1803120 169
1803130 168
1803140 168
1803150 169
1803160 170
1803170 170
1803180 170
1803190 170
1803200 171
1803210 171
1803220 172
1803230 172
1803240 172
1803250 172
1803260 172
1803270 172
1803280 172
1803290 172
1803300 172
1803310 172
1803320 172
1803330 172
1803340 172
1803350 172
1803360 172
1803370 172
1803380 172
1803390 172
1803400 172
1803410 172
1803420 172
1803430 172
1803440 172
1803450 172
1803460 171
1803470 171
1803480 171
1803490 171
1803500 171
1803510 171
1803520 171
1803530 171
1803540 171
1803550 171
1803560 171
1803570 171
1803580 171
1803590 171
1803600 171
1803610 171
1803620 171
1803630 171
1803640 171
1803650 171
1803660 171
1803670 171
1803680 171
1803690 171
1803700 171
1803710 171
1803720 171
1803730 171
1803740 171
1803750 171
1803760 171
1803770 171
1803780 171
1803790 171
1803800 171
1803810 171
1803820 171
1803830 171
1803840 171
1803850 171
1803860 171
1803870 171
1803880 171
1803890 171
1803900 171
1803910 171
1803920 171
1803930 171
1803940 171
1803950 171
1803960 172
1803970 172
1803980 172
1803990 172
1804000 171
1804010 171
1804020 171
1804030 171
1804040 172
1804050 172
1804060 173
1804070 173
1804080 174
1804090 174
1804100 174
1804110 174
1804120 174
1804130 174
1804140 173
1804150 173
1804160 172
1804170 172
1804180 171
1804190 171
1804200 171
1804210 171
1804220 171
1804230 171
1804240 171
1804250 171
1804260 171
1804270 171
1804280 171
1804290 171
1804300 171
1804310 171
1804320 171
1804330 171
1804340 171
1804350 171
1804360 172
1804370 172
1804380 172
1804390 172
1804400 172
1804410 172
1804420 172
1804430 172
1804440 171
1804450 171
1804460 171
1804470 171
1804480 171
1804490 171
1804500 171
1804510 171
1804520 171
1804530 171
1804540 171
1804550 171
1804560 170
1804570 170
1804580 170
1804590 170
1804600 170
1804610 170
1804620 170
1804630 170
1804640 170
1804650 170
1804660 170
1804670 171
1804680 171
1804690 171
1804700 171
1804710 171
1804720 171
1804730 171
1804740 171
1804750 171
1804760 171
1804770 171
1804780 171
1804790 171
1804800 171
1804810 171
1804820 171
1804830 171
1804840 171
1804850 171
1804860 171
1804870 171
1804880 171
1804890 171
1804900 171
1804910 171
1804920 171
1804930 171
1804940 171
1804950 171
1804960 171
1804970 171
1804980 171
1804990 171
1805000 171
1805010 171
1805020 171
1805030 170
1805040 170
1805050 170
1805060 170
1805070 170
1805080 170
1805090 170
1805100 170
1805110 170
1805120 170
1805130 170
1805140 170
1805150 170
1805160 170
1805170 170
1805180 170
1805190 170
1805200 170
1805210 170
1805220 170
1805230 170
1805240 170
1805250 170
1805260 170
1805270 170
1805280 170
1805290 170
1805300 170
1805310 170
1805320 170
1805330 170
1805340 170
1805350 170
1805360 170
1805370 170
1805380 170
1805390 170
1805400 170
1805410 170
1805420 170
1805430 170
1805440 170
1805450 170
1805460 170
1805470 170
1805480 170
1805490 170
1805500 170
1805510 170
1805520 170
1805530 170
1805540 170
1805550 170
1805560 170
1805570 170
1805580 170
1805590 170
1805600 170
1805610 170
1805620 170
1805630 170
1805640 169
1805650 169
1805660 169
1805670 169
1805680 169
1805690 169
1805700 169
1805710 169
1805720 169
1805730 169
1805740 169
1805750 169
1805760 169
1805770 170
1805780 170
1805790 170
1805800 171
1805810 171
1805820 170
1805830 170
1805840 170
1805850 171
1805860 171
1805870 171
1805880 170
1805890 171
1805900 171
1805910 171
1805920 171
1805930 171
1805940 171
1805950 172
1805960 172
1805970 172
1805980 172
1805990 172
1806000 172
1806010 171
1806020 171
1806030 171
1806040 171
1806050 172
1806060 173
1806070 173
1806080 173
1806090 173
1806100 173
1806110 173
1806120 173
1806130 174
1806140 175
1806150 177
1806160 179
1806170 179
1806180 179
1806190 181
1806200 182
1806210 183
1806220 183
1806230 183
1806240 184
1806250 186
1806260 188
1806270 190
1806280 192
1806290 194
1806300 195
1806310 195
1806320 196
1806330 196
1806340 196
1806350 197
1806360 199
1806370 202
1806380 206
1806390 209
1806400 210
1806410 210
1806420 210
1806430 211
1806440 212
1806450 214
1806460 214
1806470 215
1806480 224
1806490 231
1806500 237
1806510 238
1806520 240
1806530 240
1806540 239
1806550 237
1806560 236
1806570 238
1806580 241
1806590 246
1806600 251
1806610 255
1806620 259
1806630 262
1806640 266
1806650 269
1806660 272
1806670 274
1806680 277
1806690 278
1806700 280
1806710 281
1806720 282
1806730 284
1806740 286
1806750 289
1806760 292
1806770 296
1806780 298
1806790 301
1806800 303
1806810 304
1806820 306
1806830 307
1806840 309
1806850 310
1806860 311
1806870 312
1806880 312
1806890 313
1806900 312
1806910 311
1806920 309
1806930 307
1806940 306
1806950 305
1806960 304
1806970 303
1806980 301
1806990 299
1807000 297
1807010 294
1807020 292
1807030 290
1807040 288
1807050 286
1807060 284
1807070 282
1807080 280
1807090 278
1807100 276
1807110 277
1807120 279
1807130 282
1807140 284
1807150 286
1807160 288
1807170 291
1807180 294
1807190 298
1807200 303
1807210 307
1807220 311
1807230 315
1807240 319
1807250 323
1807260 327
1807270 330
1807280 334
1807290 337
1807300 340
1807310 342
1807320 343
1807330 345
1807340 346
1807350 347
1807360 347
1807370 348
1807380 349
1807390 350
1807400 350
1807410 351
1807420 351
1807430 352
1807440 352
1807450 353
1807460 353
1807470 354
1807480 354
1807490 354
1807500 354
1807510 354
1807520 354
1807530 355
1807540 355
1807550 355
1807560 355
1807570 355
1807580 355
1807590 355
1807600 355
1807610 355
1807620 355
1807630 355
1807640 355
1807650 355
1807660 355
1807670 355
1807680 355
1807690 355
1807700 355
1807710 355
1807720 355
1807730 355
1807740 354
1807750 354
1807760 354
1807770 354
1807780 354
1807790 354
1807800 354
1807810 353
1807820 353
1807830 353
1807840 353
1807850 353
1807860 354
1807870 354
1807880 355
1807890 356
1807900 356
1807910 357
1807920 358
1807930 358
1807940 359
1807950 360
1807960 361
1807970 362
1807980 363
1807990 365
1808000 365
1808010 366
1808020 367
1808030 368
1808040 368
1808050 369
1808060 370
1808070 370
1808080 371
1808090 372
1808100 373
1808110 373
1808120 374
1808130 375
1808140 376
1808150 377
1808160 378
1808170 378
1808180 379
1808190 380
1808200 381
1808210 382
1808220 383
1808230 384
1808240 384
1808250 385
1808260 386
1808270 387
1808280 388
1808290 389
1808300 390
1808310 391
1808320 392
1808330 393
1808340 393
1808350 394
1808360 394
1808370 395
1808380 396
1808390 396
1808400 397
1808410 398
1808420 398
1808430 398
1808440 399
1808450 399
1808460 399
1808470 399
1808480 400
1808490 400
1808500 400
1808510 400
1808520 400
1808530 400
1808540 400
1808550 401
1808560 401
1808570 401
1808580 401
1808590 401
1808600 402
1808610 402
1808620 402
1808630 403
1808640 403
1808650 403
1808660 404
1808670 404
1808680 405
1808690 405
1808700 405
1808710 405
1808720 406
1808730 406
1808740 406
1808750 406
1808760 406
1808770 406
1808780 406
1808790 406
1808800 406
1808810 406
1808820 406
1808830 406
1808840 405
1808850 405
1808860 405
1808870 405
1808880 404
1808890 404
1808900 404
1808910 403
1808920 403
1808930 402
1808940 401
1808950 401
1808960 400
1808970 399
1808980 399
1808990 398
1809000 397
1809010 396
1809020 394
1809030 394
1809040 393
1809050 392
1809060 392
1809070 391
1809080 391
1809090 390
1809100 390
1809110 390
1809120 389
1809130 389
1809140 388
1809150 387
1809160 386
1809170 386
1809180 385
1809190 384
1809200 383
1809210 382
1809220 381
1809230 380
1809240 380
1809250 379
1809260 378
1809270 378
1809280 377
1809290 376
1809300 376
1809310 375
1809320 374
1809330 373
1809340 373
1809350 372
1809360 371
1809370 370
1809380 369
1809390 368
1809400 366
1809410 365
1809420 364
1809430 363
1809440 362
1809450 361
1809460 360
1809470 359
1809480 357
1809490 355
1809500 353
1809510 351
1809520 349
1809530 349
1809540 351
1809550 354
1809560 356
1809570 358
1809580 360
1809590 362
1809600 363
1809610 365
1809620 366
1809630 368
1809640 369
1809650 371
1809660 373
1809670 375
1809680 377
1809690 378
1809700 379
1809710 381
1809720 382
1809730 383
1809740 384
1809750 385
1809760 386
1809770 387
1809780 387
1809790 388
1809800 389
1809810 389
1809820 390
1809830 391
1809840 391
1809850 392
1809860 392
1809870 392
1809880 392
1809890 392
1809900 392
1809910 392
1809920 392
1809930 392
1809940 391
1809950 391
1809960 390
1809970 390
1809980 389
1809990 389
1810000 389
1810010 388
1810020 388
1810030 387
1810040 387
1810050 387
1810060 386
1810070 386
1810080 386
1810090 385
1810100 385
1810110 384
1810120 384
1810130 383
1810140 383
1810150 382
1810160 382
1810170 381
1810180 380
1810190 379
1810200 378
1810210 377
1810220 376
1810230 374
1810240 372
1810250 371
1810260 369
1810270 367
1810280 366
1810290 364
1810300 363
1810310 362
1810320 360
1810330 359
1810340 357
1810350 356
1810360 355
1810370 353
1810380 350
1810390 348
1810400 345
1810410 342
1810420 340
1810430 341
1810440 344
1810450 346
1810460 347
1810470 348
1810480 349
1810490 350
1810500 351
1810510 353
1810520 355
1810530 356
1810540 358
1810550 360
1810560 362
1810570 364
1810580 366
1810590 368
1810600 369
1810610 371
1810620 372
1810630 373
1810640 374
1810650 375
1810660 376
1810670 377
1810680 378
1810690 379
1810700 380
1810710 380
1810720 381
1810730 382
1810740 383
1810750 384
1810760 385
1810770 385
1810780 385
1810790 386
1810800 386
1810810 387
1810820 387
1810830 388
1810840 388
1810850 389
1810860 389
1810870 390
1810880 390
1810890 391
1810900 391
1810910 392
1810920 392
1810930 393
1810940 393
1810950 394
1810960 394
1810970 394
1810980 394
1810990 394
1811000 394
1811010 394
1811020 394
1811030 394
1811040 394
1811050 394
1811060 394
1811070 393
1811080 393
1811090 392
1811100 392
1811110 391
1811120 391
1811130 390
1811140 389
1811150 388
1811160 387
1811170 387
1811180 386
1811190 385
1811200 384
1811210 383
1811220 382
1811230 381
1811240 379
1811250 377
1811260 376
1811270 374
1811280 373
1811290 372
1811300 371
1811310 370
1811320 370
1811330 369
1811340 369
1811350 368
1811360 368
1811370 367
1811380 367
1811390 366
1811400 365
1811410 365
1811420 364
1811430 364
1811440 363
1811450 363
1811460 362
1811470 361
1811480 360
1811490 360
1811500 359
1811510 358
1811520 357
1811530 356
1811540 355
1811550 354
1811560 352
1811570 350
1811580 349
1811590 347
1811600 345
1811610 343
1811620 341
1811630 339
1811640 338
1811650 336
1811660 333
1811670 332
1811680 330
1811690 329
1811700 328
1811710 327
1811720 327
1811730 327
1811740 327
1811750 328
1811760 328
1811770 329
1811780 330
1811790 331
1811800 332
1811810 332
1811820 333
1811830 333
1811840 333
1811850 333
1811860 332
1811870 332
1811880 331
1811890 330
1811900 328
1811910 327
1811920 326
1811930 325
1811940 324
1811950 324
1811960 323
1811970 322
1811980 321
1811990 319
1812000 318
1812010 317
1812020 316
1812030 315
1812040 314
1812050 313
1812060 312
1812070 311
1812080 310
1812090 309
1812100 308
1812110 308
1812120 307
1812130 306
1812140 305
1812150 304
1812160 302
1812170 301
1812180 301
1812190 299
1812200 299
1812210 298
1812220 297
1812230 297
1812240 296
1812250 296
1812260 295
1812270 295
1812280 294
1812290 293
1812300 292
1812310 291
1812320 291
1812330 290
1812340 289
1812350 289
1812360 289
1812370 288
1812380 288
1812390 287
1812400 287
1812410 286
1812420 286
1812430 285
1812440 285
1812450 284
1812460 284
1812470 283
1812480 283
1812490 283
1812500 282
1812510 282
1812520 282
1812530 281
1812540 281
1812550 280
1812560 279
1812570 279
1812580 278
1812590 277
1812600 277
1812610 276
1812620 276
1812630 275
1812640 275
1812650 274
1812660 273
1812670 273
1812680 273
1812690 273
1812700 272
1812710 271
1812720 271
1812730 270
1812740 269
1812750 268
1812760 267
1812770 267
1812780 266
1812790 266
1812800 265
1812810 263
1812820 262
1812830 261
1812840 260
1812850 259
1812860 258
1812870 257
1812880 256
1812890 255
1812900 254
1812910 253
1812920 252
1812930 250
1812940 249
1812950 247
1812960 246
1812970 244
1812980 242
1812990 241
1813000 239
1813010 237
1813020 236
1813030 235
1813040 234
1813050 233
1813060 232
1813070 230
1813080 228
1813090 226
1813100 223
1813110 221
1813120 220
1813130 218
1813140 217
1813150 216
1813160 215
1813170 214
1813180 212
1813190 210
1813200 208
1813210 205
1813220 203
1813230 204
1813240 206
1813250 207
1813260 208
1813270 209
1813280 210
1813290 211
1813300 212
1813310 212
1813320 213
1813330 213
1813340 214
1813350 215
1813360 216
1813370 217
1813380 218
1813390 220
1813400 221
1813410 222
1813420 224
1813430 226
1813440 228
1813450 228
1813460 228
1813470 228
1813480 228
1813490 229
1813500 231
1813510 234
1813520 237
1813530 240
1813540 243
1813550 246
1813560 248
1813570 248
1813580 246
1813590 243
1813600 243
1813610 243
1813620 244
1813630 246
1813640 248
1813650 250
1813660 250
1813670 250
1813680 249
1813690 248
1813700 247
1813710 247
1813720 247
1813730 247
1813740 246
1813750 247
1813760 247
1813770 247
1813780 247
1813790 247
1813800 248
1813810 248
1813820 248
1813830 248
1813840 248
1813850 248
1813860 249
1813870 249
1813880 249
1813890 249
1813900 249
1813910 249
1813920 249
1813930 249
1813940 248
1813950 248
1813960 247
1813970 247
1813980 247
1813990 246
1814000 246
1814010 245
1814020 244
1814030 243
1814040 242
1814050 241
1814060 240
1814070 240
1814080 239
1814090 238
1814100 237
1814110 236
1814120 235
1814130 234
1814140 233
1814150 232
1814160 231
1814170 230
1814180 229
1814190 227
1814200 226
1814210 225
1814220 224
1814230 223
1814240 221
1814250 220
1814260 219
1814270 218
1814280 217
1814290 216
1814300 215
1814310 214
1814320 213
1814330 213
1814340 212
1814350 211
1814360 210
1814370 209
1814380 208
1814390 207
1814400 206
1814410 205
1814420 204
1814430 203
1814440 203
1814450 203
1814460 202
1814470 201
1814480 200
1814490 200
1814500 199
1814510 198
1814520 197
1814530 196
1814540 195
1814550 194
1814560 192
1814570 191
1814580 189
1814590 187
1814600 184
1814610 181
1814620 178
1814630 175
1814640 172
1814650 171
1814660 169
1814670 169
1814680 169
1814690 168
1814700 168
1814710 168
1814720 168
1814730 168
1814740 168
1814750 168
1814760 168
1814770 167
1814780 165
1814790 164
1814800 165
1814810 167
1814820 167
1814830 167
1814840 167
1814850 166
1814860 166
1814870 166
1814880 165
1814890 165
1814900 165
1814910 165
1814920 165
1814930 165
1814940 165
1814950 165
1814960 165
1814970 165
1814980 165
1814990 165
1815000 165
1815010 165
1815020 165
1815030 165
1815040 165
1815050 165
1815060 165
1815070 166
1815080 166
1815090 167
1815100 167
1815110 167
1815120 167
1815130 166
1815140 166
1815150 165
1815160 165
1815170 165
1815180 165
1815190 165
1815200 165
1815210 165
1815220 165
1815230 165
1815240 165
1815250 165
1815260 165
1815270 165
1815280 165
1815290 165
1815300 165
1815310 165
1815320 165
1815330 165
1815340 165
1815350 165
1815360 165
1815370 165
1815380 165
1815390 165
1815400 165
1815410 165
1815420 165
1815430 165
1815440 166
1815450 166
1815460 166
1815470 165
1815480 164
1815490 164
1815500 163
1815510 164
1815520 164
1815530 164
1815540 164
1815550 164
1815560 165
1815570 165
1815580 166
1815590 166
1815600 166
1815610 166
1815620 166
1815630 166
1815640 166
1815650 166
1815660 166
1815670 166
1815680 166
1815690 166
1815700 166
1815710 166
1815720 166
1815730 166
1815740 166
1815750 166
1815760 166
1815770 166
1815780 166
1815790 166
1815800 166
1815810 165
1815820 165
1815830 165
1815840 165
1815850 165
1815860 166
1815870 166
1815880 166
1815890 166
1815900 166
1815910 166
1815920 166
1815930 166
1815940 166
1815950 166
1815960 167
1815970 167
1815980 167
1815990 167
1816000 166
1816010 166
1816020 166
1816030 166
1816040 165
1816050 166
1816060 166
1816070 166
1816080 166
1816090 166
1816100 165
1816110 165
1816120 164
1816130 164
1816140 164
1816150 165
1816160 165
1816170 166
1816180 166
1816190 166
1816200 166
1816210 166
1816220 166
1816230 166
1816240 166
1816250 166
1816260 165
1816270 165
1816280 165
1816290 165
1816300 166
1816310 166
1816320 166
1816330 166
1816340 166
1816350 166
1816360 166
1816370 166
1816380 165
1816390 165
1816400 165
1816410 165
1816420 166
1816430 166
1816440 166
1816450 166
1816460 166
1816470 166
1816480 166
1816490 166
1816500 166
1816510 166
1816520 166
1816530 166
1816540 166
1816550 166
1816560 166
1816570 165
1816580 165
1816590 165
1816600 165
1816610 165
1816620 165
1816630 165
1816640 165
1816650 165
1816660 165
1816670 165
1816680 166
1816690 166
1816700 166
1816710 166
1816720 166
1816730 166
1816740 166
1816750 166
1816760 166
1816770 166
1816780 166
1816790 166
1816800 166
1816810 166
1816820 166
1816830 166
1816840 166
1816850 166
1816860 166
1816870 166
1816880 166
1816890 166
1816900 167
1816910 167
1816920 167
1816930 166
1816940 166
1816950 166
1816960 167
1816970 167
1816980 167
1816990 167
1817000 167
1817010 167
1817020 167
1817030 166
1817040 166
1817050 166
1817060 166
1817070 167
1817080 167
1817090 167
1817100 166
1817110 166
1817120 167
1817130 167
1817140 167
1817150 167
1817160 167
1817170 167
1817180 167
1817190 167
1817200 167
1817210 167
1817220 167
1817230 167
1817240 167
1817250 167
1817260 167
1817270 166
1817280 165
1817290 165
1817300 164
1817310 163
1817320 163
1817330 163
1817340 163
1817350 163
1817360 163
1817370 163
1817380 163
1817390 163
1817400 163
1817410 163
1817420 163
1817430 163
1817440 163
1817450 163
1817460 163
1817470 163
1817480 163
1817490 163
1817500 163
1817510 163
1817520 163
1817530 163
1817540 163
1817550 163
1817560 163
1817570 163
1817580 163
1817590 163
1817600 163
1817610 163
1817620 163
1817630 163
1817640 163
1817650 163
1817660 163
1817670 163
1817680 163
1817690 163
1817700 163
1817710 163
1817720 163
1817730 163
1817740 163
1817750 163
1817760 163
1817770 163
1817780 163
1817790 163
1817800 163
1817810 163
1817820 163
1817830 163
1817840 164
1817850 165
1817860 166
1817870 166
1817880 166
1817890 167
1817900 167
1817910 167
1817920 167
1817930 167
1817940 167
1817950 166
1817960 166
1817970 166
1817980 166
1817990 166
1818000 166
1818010 166
1818020 166
1818030 167
1818040 168
1818050 168
1818060 168
1818070 168
1818080 169
1818090 169
1818100 170
1818110 171
1818120 171
1818130 171
1818140 172
1818150 172
1818160 172
1818170 172
1818180 172
1818190 172
1818200 171
1818210 172
1818220 172
1818230 172
1818240 171
1818250 170
1818260 168
1818270 167
1818280 166
1818290 166
1818300 166
1818310 166
1818320 166
1818330 166
1818340 166
1818350 166
1818360 166
1818370 166
1818380 166
1818390 166
1818400 166
1818410 166
1818420 166
1818430 166
1818440 166
1818450 166
1818460 166
1818470 166
1818480 166
1818490 166
1818500 167
1818510 168
1818520 168
1818530 168
1818540 167
1818550 167
1818560 167
1818570 168
1818580 171
1818590 173
1818600 174
1818610 174
1818620 172
1818630 171
1818640 170
1818650 168
1818660 167
1818670 168
1818680 170
1818690 172
1818700 173
1818710 170
1818720 168
1818730 167
1818740 167
1818750 167
1818760 167
1818770 167
1818780 167
1818790 166
1818800 166
1818810 166
1818820 165
1818830 165
1818840 165
1818850 165
1818860 165
1818870 165
1818880 165
1818890 165
1818900 165
1818910 165
1818920 165
1818930 165
1818940 166
1818950 166
1818960 167
1818970 167
1818980 167
1818990 167
1819000 167
1819010 167
1819020 167
1819030 167
1819040 167
1819050 167
1819060 167
1819070 167
1819080 167
1819090 167
1819100 167
1819110 167
1819120 167
1819130 167
1819140 167
1819150 167
1819160 167
1819170 167
1819180 167
1819190 167
1819200 167
1819210 167
1819220 167
1819230 167
1819240 167
1819250 166
1819260 166
1819270 166
1819280 166
1819290 166
1819300 166
1819310 166
1819320 166
1819330 166
1819340 166
1819350 166
1819360 167
1819370 167
1819380 167
1819390 166
1819400 166
1819410 166
1819420 166
1819430 167
1819440 167
1819450 167
1819460 168
1819470 168
1819480 168
1819490 168
1819500 168
1819510 168
1819520 168
1819530 168
1819540 168
1819550 168
1819560 167
1819570 167
1819580 167
1819590 167
1819600 167
1819610 167
1819620 167
1819630 167
1819640 167
1819650 167
1819660 167
1819670 167
1819680 166
1819690 166
1819700 166
1819710 166
1819720 166
1819730 167
1819740 167
1819750 167
1819760 167
1819770 166
1819780 166
1819790 166
1819800 167
1819810 167
1819820 167
1819830 167
1819840 167
1819850 167
1819860 167
1819870 167
1819880 167
1819890 166
1819900 166
1819910 166
1819920 166
1819930 166
1819940 166
1819950 166
1819960 166
1819970 166
1819980 166
1819990 166
