1800000 172
1800010 172
1800020 172
1800030 171
1800040 172
1800050 172
1800060 172
1800070 172
1800080 173
1800090 173
1800100 173
1800110 172
1800120 172
1800130 172
1800140 172
1800150 172
1800160 172
1800170 172
1800180 172
1800190 172
1800200 172
1800210 172
1800220 172
1800230 172
1800240 172
1800250 172
1800260 172
1800270 172
1800280 172
1800290 172
1800300 172
1800310 172
1800320 171
1800330 171
1800340 171
1800350 171
1800360 171
1800370 171
1800380 171
1800390 171
1800400 171
1800410 171
1800420 171
1800430 171
1800440 171
1800450 171
1800460 171
1800470 171
1800480 171
1800490 171
1800500 171
1800510 171
1800520 171
1800530 171
1800540 171
1800550 171
1800560 171
1800570 171
1800580 171
1800590 171
1800600 171
1800610 171
1800620 171
1800630 171
1800640 171
1800650 171
1800660 171
1800670 171
1800680 171
1800690 171
1800700 171
1800710 172
1800720 172
1800730 171
1800740 171
1800750 171
1800760 171
1800770 171
1800780 171
1800790 171
1800800 171
1800810 171
1800820 171
1800830 171
1800840 171
1800850 171
1800860 171
1800870 171
1800880 171
1800890 171
1800900 171
1800910 171
1800920 171
1800930 171
1800940 171
1800950 171
1800960 172
1800970 172
1800980 172
1800990 171
1801000 171
1801010 171
1801020 171
1801030 171
1801040 171
1801050 171
1801060 171
1801070 171
1801080 171
1801090 171
1801100 171
1801110 171
1801120 171
1801130 171
1801140 171
1801150 171
1801160 171
1801170 171
1801180 170
1801190 170
1801200 170
1801210 170
1801220 170
1801230 170
1801240 170
1801250 171
1801260 171
1801270 170
1801280 170
1801290 170
1801300 170
1801310 170
1801320 170
1801330 170
1801340 170
1801350 170
1801360 170
1801370 169
1801380 169
1801390 169
1801400 169
1801410 169
1801420 169
1801430 169
1801440 169
1801450 169
1801460 169
1801470 169
1801480 169
1801490 169
1801500 169
1801510 169
1801520 169
1801530 169
1801540 169
1801550 169
1801560 169
1801570 169
1801580 169
1801590 169
1801600 169
1801610 169
1801620 169
1801630 169
1801640 170
1801650 170
1801660 170
1801670 170
1801680 169
1801690 169
1801700 169
1801710 169
1801720 169
1801730 169
1801740 169
1801750 168
1801760 169
1801770 169
1801780 169
1801790 169
1801800 169
1801810 169
1801820 169
1801830 169
1801840 169
1801850 169
1801860 169
1801870 169
1801880 170
1801890 170
1801900 170
1801910 170
1801920 169
1801930 169
1801940 169
1801950 169
1801960 169
1801970 169
1801980 169
1801990 169
1802000 169
1802010 169
1802020 169
1802030 170
1802040 170
1802050 170
1802060 171
1802070 171
1802080 171
1802090 171
1802100 171
1802110 171
1802120 171
1802130 171
1802140 171
1802150 171
1802160 171
1802170 171
1802180 171
1802190 171
1802200 171
1802210 171
1802220 171
1802230 171
1802240 171
1802250 171
1802260 171
1802270 171
1802280 171
1802290 170
1802300 170
1802310 170
1802320 170
1802330 170
1802340 170
1802350 170
1802360 170
1802370 170
1802380 170
1802390 170
1802400 170
1802410 170
1802420 170
1802430 170
1802440 170
1802450 170
1802460 170
1802470 170
1802480 170
1802490 170
1802500 170
1802510 170
1802520 169
1802530 170
1802540 170
1802550 170
1802560 170
1802570 170
1802580 170
1802590 170
1802600 170
1802610 170
1802620 170
1802630 170
1802640 170
1802650 170
1802660 170
1802670 170
1802680 170
1802690 170
1802700 170
1802710 170
1802720 170
1802730 170
1802740 170
1802750 169
1802760 169
1802770 169
1802780 170
1802790 170
1802800 170
1802810 170
1802820 170
1802830 170
1802840 170
1802850 170
1802860 170
1802870 170
1802880 170
1802890 170
1802900 169
1802910 169
1802920 169
1802930 169
1802940 169
1802950 170
1802960 170
1802970 170
1802980 170
1802990 170
1803000 169
1803010 169
1803020 169
1803030 169
1803040 170
1803050 170
1803060 170
1803070 169
1803080 169
1803090 170
1803100 170
1803110 170
1803120 170
1803130 170
1803140 170
1803150 170
1803160 170
1803170 169
1803180 169
1803190 169
1803200 169
1803210 168
1803220 168
1803230 168
1803240 169
1803250 169
1803260 170
1803270 170
1803280 170
1803290 170
1803300 170
1803310 171
1803320 171
1803330 171
1803340 171
1803350 171
1803360 171
1803370 171
1803380 171
1803390 171
1803400 171
1803410 171
1803420 171
1803430 171
1803440 171
1803450 171
1803460 171
1803470 171
1803480 171
1803490 171
1803500 171
1803510 171
1803520 171
1803530 171
1803540 171
1803550 171
1803560 171
1803570 171
1803580 171
1803590 171
1803600 171
1803610 171
1803620 170
1803630 170
1803640 171
1803650 171
1803660 171
1803670 171
1803680 171
1803690 171
1803700 171
1803710 171
1803720 171
1803730 171
1803740 171
1803750 171
1803760 171
1803770 171
1803780 171
1803790 171
1803800 171
1803810 171
1803820 171
1803830 171
1803840 171
1803850 171
1803860 171
1803870 171
1803880 171
1803890 171
1803900 171
1803910 171
1803920 172
1803930 172
1803940 171
1803950 170
1803960 170
1803970 170
1803980 170
1803990 170
1804000 170
1804010 170
1804020 170
1804030 170
1804040 170
1804050 170
1804060 170
1804070 170
1804080 170
1804090 170
1804100 170
1804110 171
1804120 171
1804130 170
1804140 170
1804150 170
1804160 170
1804170 170
1804180 170
1804190 170
1804200 170
1804210 170
1804220 170
1804230 170
1804240 170
1804250 170
1804260 170
1804270 170
1804280 170
1804290 170
1804300 170
1804310 170
1804320 170
1804330 170
1804340 170
1804350 170
1804360 170
1804370 171
1804380 171
1804390 172
1804400 173
1804410 173
1804420 174
1804430 174
1804440 174
1804450 174
1804460 174
1804470 174
1804480 173
1804490 173
1804500 172
1804510 171
1804520 170
1804530 170
1804540 170
1804550 170
1804560 170
1804570 170
1804580 170
1804590 170
1804600 170
1804610 170
1804620 170
1804630 170
1804640 170
1804650 170
1804660 170
1804670 170
1804680 170
1804690 170
1804700 170
1804710 170
1804720 170
1804730 170
1804740 170
1804750 169
1804760 169
1804770 169
1804780 169
1804790 169
1804800 170
1804810 170
1804820 170
1804830 170
1804840 171
1804850 171
1804860 170
1804870 170
1804880 170
1804890 170
1804900 170
1804910 170
1804920 170
1804930 170
1804940 170
1804950 170
1804960 170
1804970 170
1804980 171
1804990 171
1805000 171
1805010 171
1805020 171
1805030 171
1805040 170
1805050 170
1805060 170
1805070 170
1805080 170
1805090 170
1805100 170
1805110 170
1805120 170
1805130 170
1805140 170
1805150 170
1805160 170
1805170 170
1805180 170
1805190 171
1805200 171
1805210 171
1805220 170
1805230 170
1805240 170
1805250 170
1805260 170
1805270 170
1805280 170
1805290 170
1805300 170
1805310 170
1805320 170
1805330 170
1805340 170
1805350 170
1805360 170
1805370 170
1805380 170
1805390 169
1805400 169
1805410 169
1805420 169
1805430 169
1805440 169
1805450 170
1805460 169
1805470 169
1805480 169
1805490 169
1805500 169
1805510 169
1805520 170
1805530 170
1805540 170
1805550 170
1805560 170
1805570 170
1805580 170
1805590 170
1805600 170
1805610 170
1805620 170
1805630 170
1805640 170
1805650 170
1805660 170
1805670 170
1805680 170
1805690 170
1805700 170
1805710 170
1805720 170
1805730 170
1805740 170
1805750 170
1805760 170
1805770 170
1805780 170
1805790 170
1805800 170
1805810 169
1805820 169
1805830 170
1805840 170
1805850 170
1805860 169
1805870 169
1805880 169
1805890 169
1805900 169
1805910 169
1805920 169
1805930 169
1805940 169
1805950 169
1805960 169
1805970 169
1805980 169
1805990 169
1806000 169
1806010 169
1806020 169
1806030 169
1806040 169
1806050 169
1806060 169
1806070 169
1806080 169
1806090 169
1806100 169
1806110 169
1806120 170
1806130 170
1806140 170
1806150 170
1806160 170
1806170 170
1806180 170
1806190 171
1806200 171
1806210 171
1806220 170
1806230 170
1806240 170
1806250 171
1806260 171
1806270 171
1806280 171
1806290 172
1806300 172
1806310 172
1806320 173
1806330 174
1806340 174
1806350 176
1806360 177
1806370 179
1806380 182
1806390 185
1806400 189
1806410 191
1806420 194
1806430 196
1806440 198
1806450 200
1806460 203
1806470 205
1806480 208
1806490 210
1806500 212
1806510 214
1806520 216
1806530 218
1806540 220
1806550 222
1806560 224
1806570 226
1806580 228
1806590 229
1806600 231
1806610 232
1806620 234
1806630 235
1806640 237
1806650 239
1806660 242
1806670 245
1806680 248
1806690 252
1806700 256
1806710 259
1806720 262
1806730 264
1806740 265
1806750 265
1806760 265
1806770 264
1806780 262
1806790 260
1806800 258
1806810 257
1806820 256
1806830 255
1806840 254
1806850 253
1806860 252
1806870 251
1806880 251
1806890 251
1806900 251
1806910 250
1806920 249
1806930 248
1806940 248
1806950 247
1806960 247
1806970 247
1806980 246
1806990 245
1807000 242
1807010 239
1807020 238
1807030 241
1807040 244
1807050 247
1807060 249
1807070 251
1807080 253
1807090 256
1807100 260
1807110 263
1807120 265
1807130 268
1807140 270
1807150 272
1807160 275
1807170 277
1807180 280
1807190 283
1807200 286
1807210 289
1807220 292
1807230 295
1807240 297
1807250 300
1807260 304
1807270 307
1807280 311
1807290 315
1807300 319
1807310 324
1807320 328
1807330 332
1807340 336
1807350 340
1807360 343
1807370 346
1807380 348
1807390 350
1807400 352
1807410 354
1807420 356
1807430 357
1807440 358
1807450 359
1807460 359
1807470 359
1807480 359
1807490 359
1807500 358
1807510 358
1807520 357
1807530 356
1807540 354
1807550 353
1807560 353
1807570 352
1807580 351
1807590 351
1807600 350
1807610 348
1807620 347
1807630 346
1807640 345
1807650 345
1807660 344
1807670 343
1807680 343
1807690 343
1807700 344
1807710 345
1807720 347
1807730 347
1807740 347
1807750 347
1807760 347
1807770 347
1807780 347
1807790 348
1807800 349
1807810 351
1807820 352
1807830 352
1807840 353
1807850 354
1807860 354
1807870 355
1807880 356
1807890 356
1807900 357
1807910 357
1807920 358
1807930 357
1807940 357
1807950 357
1807960 357
1807970 357
1807980 357
1807990 358
1808000 358
1808010 358
1808020 359
1808030 359
1808040 360
1808050 360
1808060 361
1808070 361
1808080 362
1808090 362
1808100 363
1808110 364
1808120 364
1808130 364
1808140 365
1808150 366
1808160 366
1808170 367
1808180 367
1808190 368
1808200 369
1808210 369
1808220 370
1808230 371
1808240 372
1808250 373
1808260 373
1808270 374
1808280 375
1808290 376
1808300 377
1808310 378
1808320 379
1808330 379
1808340 380
1808350 381
1808360 382
1808370 383
1808380 384
1808390 385
1808400 386
1808410 386
1808420 387
1808430 388
1808440 389
1808450 390
1808460 391
1808470 392
1808480 393
1808490 394
1808500 395
1808510 396
1808520 397
1808530 398
1808540 398
1808550 399
1808560 400
1808570 400
1808580 401
1808590 401
1808600 401
1808610 402
1808620 402
1808630 403
1808640 403
1808650 404
1808660 404
1808670 404
1808680 405
1808690 405
1808700 406
1808710 406
1808720 407
1808730 407
1808740 407
1808750 407
1808760 407
1808770 407
1808780 407
1808790 407
1808800 407
1808810 406
1808820 406
1808830 406
1808840 406
1808850 405
1808860 405
1808870 404
1808880 404
1808890 404
1808900 403
1808910 403
1808920 402
1808930 402
1808940 402
1808950 401
1808960 401
1808970 400
1808980 400
1808990 399
1809000 399
1809010 398
1809020 398
1809030 398
1809040 397
1809050 397
1809060 397
1809070 397
1809080 397
1809090 397
1809100 397
1809110 397
1809120 397
1809130 397
1809140 396
1809150 396
1809160 396
1809170 396
1809180 395
1809190 394
1809200 393
1809210 392
1809220 392
1809230 392
1809240 392
1809250 392
1809260 391
1809270 389
1809280 388
1809290 386
1809300 385
1809310 383
1809320 382
1809330 381
1809340 380
1809350 379
1809360 377
1809370 376
1809380 375
1809390 374
1809400 373
1809410 372
1809420 371
1809430 370
1809440 369
1809450 368
1809460 367
1809470 367
1809480 367
1809490 368
1809500 369
1809510 370
1809520 372
1809530 374
1809540 376
1809550 378
1809560 380
1809570 381
1809580 383
1809590 384
1809600 385
1809610 386
1809620 387
1809630 388
1809640 389
1809650 390
1809660 390
1809670 391
1809680 392
1809690 392
1809700 393
1809710 394
1809720 394
1809730 395
1809740 395
1809750 396
1809760 396
1809770 397
1809780 397
1809790 397
1809800 398
1809810 398
1809820 398
1809830 399
1809840 399
1809850 399
1809860 399
1809870 400
1809880 400
1809890 400
1809900 400
1809910 400
1809920 400
1809930 401
1809940 401
1809950 401
1809960 401
1809970 401
1809980 401
1809990 401
1810000 401
1810010 401
1810020 401
1810030 401
1810040 401
1810050 400
1810060 400
1810070 400
1810080 399
1810090 399
1810100 398
1810110 397
1810120 396
1810130 396
1810140 395
1810150 394
1810160 393
1810170 392
1810180 391
1810190 390
1810200 389
1810210 387
1810220 386
1810230 384
1810240 382
1810250 381
1810260 379
1810270 377
1810280 374
1810290 372
1810300 370
1810310 368
1810320 366
1810330 365
1810340 363
1810350 360
1810360 358
1810370 355
1810380 355
1810390 356
1810400 359
1810410 363
1810420 366
1810430 369
1810440 372
1810450 375
1810460 378
1810470 379
1810480 380
1810490 381
1810500 382
1810510 383
1810520 384
1810530 384
1810540 385
1810550 386
1810560 387
1810570 387
1810580 388
1810590 389
1810600 390
1810610 391
1810620 391
1810630 392
1810640 393
1810650 394
1810660 395
1810670 395
1810680 396
1810690 397
1810700 398
1810710 399
1810720 399
1810730 400
1810740 401
1810750 401
1810760 402
1810770 402
1810780 403
1810790 404
1810800 404
1810810 404
1810820 405
1810830 405
1810840 405
1810850 406
1810860 406
1810870 406
1810880 406
1810890 407
1810900 407
1810910 407
1810920 407
1810930 407
1810940 407
1810950 407
1810960 407
1810970 407
1810980 407
1810990 406
1811000 406
1811010 406
1811020 406
1811030 406
1811040 406
1811050 406
1811060 407
1811070 407
1811080 407
1811090 407
1811100 407
1811110 407
1811120 407
1811130 407
1811140 407
1811150 407
1811160 406
1811170 406
1811180 406
1811190 405
1811200 405
1811210 404
1811220 404
1811230 403
1811240 402
1811250 401
1811260 400
1811270 399
1811280 398
1811290 397
1811300 396
1811310 395
1811320 394
1811330 393
1811340 392
1811350 391
1811360 390
1811370 389
1811380 388
1811390 388
1811400 387
1811410 386
1811420 386
1811430 386
1811440 386
1811450 385
1811460 385
1811470 385
1811480 385
1811490 385
1811500 385
1811510 385
1811520 385
1811530 385
1811540 385
1811550 384
1811560 383
1811570 383
1811580 382
1811590 381
1811600 380
1811610 380
1811620 379
1811630 378
1811640 377
1811650 376
1811660 375
1811670 375
1811680 374
1811690 373
1811700 373
1811710 372
1811720 371
1811730 371
1811740 371
1811750 370
1811760 369
1811770 369
1811780 368
1811790 366
1811800 365
1811810 364
1811820 363
1811830 362
1811840 361
1811850 360
1811860 359
1811870 357
1811880 356
1811890 354
1811900 352
1811910 351
1811920 349
1811930 347
1811940 344
1811950 342
1811960 340
1811970 339
1811980 337
1811990 334
1812000 331
1812010 328
1812020 325
1812030 322
1812040 318
1812050 314
1812060 311
1812070 308
1812080 305
1812090 304
1812100 303
1812110 301
1812120 299
1812130 297
1812140 293
1812150 290
1812160 288
1812170 287
1812180 286
1812190 285
1812200 284
1812210 282
1812220 280
1812230 278
1812240 276
1812250 275
1812260 274
1812270 273
1812280 273
1812290 272
1812300 271
1812310 268
1812320 266
1812330 264
1812340 262
1812350 260
1812360 259
1812370 257
1812380 255
1812390 253
1812400 251
1812410 250
1812420 249
1812430 248
1812440 248
1812450 247
1812460 246
1812470 245
1812480 244
1812490 243
1812500 243
1812510 242
1812520 242
1812530 241
1812540 240
1812550 240
1812560 239
1812570 239
1812580 238
1812590 237
1812600 236
1812610 236
1812620 235
1812630 235
1812640 235
1812650 235
1812660 236
1812670 236
1812680 236
1812690 236
1812700 236
1812710 236
1812720 237
1812730 237
1812740 237
1812750 237
1812760 237
1812770 237
1812780 237
1812790 238
1812800 238
1812810 239
1812820 239
1812830 240
1812840 240
1812850 240
1812860 240
1812870 240
1812880 240
1812890 239
1812900 239
1812910 239
1812920 238
1812930 238
1812940 238
1812950 237
1812960 237
1812970 236
1812980 236
1812990 235
1813000 235
1813010 234
1813020 233
1813030 233
1813040 232
1813050 232
1813060 231
1813070 230
1813080 229
1813090 229
1813100 228
1813110 227
1813120 225
1813130 224
1813140 222
1813150 220
1813160 219
1813170 219
1813180 219
1813190 219
1813200 219
1813210 219
1813220 219
1813230 219
1813240 218
1813250 217
1813260 216
1813270 215
1813280 212
1813290 209
1813300 205
1813310 204
1813320 204
1813330 203
1813340 203
1813350 204
1813360 203
1813370 203
1813380 202
1813390 201
1813400 199
1813410 197
1813420 196
1813430 195
1813440 195
1813450 195
1813460 194
1813470 194
1813480 194
1813490 194
1813500 194
1813510 195
1813520 195
1813530 196
1813540 197
1813550 198
1813560 199
1813570 199
1813580 199
1813590 199
1813600 200
1813610 200
1813620 200
1813630 200
1813640 200
1813650 200
1813660 200
1813670 200
1813680 200
1813690 201
1813700 201
1813710 202
1813720 202
1813730 204
1813740 205
1813750 207
1813760 209
1813770 210
1813780 212
1813790 214
1813800 214
1813810 214
1813820 216
1813830 218
1813840 222
1813850 226
1813860 230
1813870 233
1813880 235
1813890 236
1813900 237
1813910 238
1813920 239
1813930 239
1813940 239
1813950 239
1813960 239
1813970 238
1813980 237
1813990 236
1814000 235
1814010 234
1814020 233
1814030 232
1814040 231
1814050 230
1814060 227
1814070 226
1814080 227
1814090 226
1814100 226
1814110 226
1814120 225
1814130 224
1814140 223
1814150 221
1814160 220
1814170 219
1814180 218
1814190 217
1814200 215
1814210 214
1814220 213
1814230 212
1814240 212
1814250 212
1814260 211
1814270 209
1814280 207
1814290 205
1814300 205
1814310 204
1814320 203
1814330 203
1814340 202
1814350 202
1814360 199
1814370 197
1814380 195
1814390 195
1814400 194
1814410 190
1814420 183
1814430 176
1814440 173
1814450 171
1814460 170
1814470 170
1814480 170
1814490 170
1814500 170
1814510 170
1814520 169
1814530 169
1814540 169
1814550 169
1814560 169
1814570 169
1814580 168
1814590 167
1814600 167
1814610 167
1814620 167
1814630 167
1814640 167
1814650 166
1814660 165
1814670 164
1814680 165
1814690 166
1814700 167
1814710 167
1814720 167
1814730 167
1814740 167
1814750 167
1814760 167
1814770 166
1814780 166
1814790 166
1814800 167
1814810 167
1814820 167
1814830 167
1814840 167
1814850 167
1814860 167
1814870 167
1814880 167
1814890 167
1814900 167
1814910 167
1814920 167
1814930 167
1814940 167
1814950 167
1814960 167
1814970 167
1814980 166
1814990 166
1815000 165
1815010 164
1815020 164
1815030 164
1815040 165
1815050 165
1815060 166
1815070 166
1815080 166
1815090 166
1815100 165
1815110 165
1815120 165
1815130 165
1815140 165
1815150 165
1815160 165
1815170 165
1815180 165
1815190 165
1815200 165
1815210 165
1815220 165
1815230 165
1815240 165
1815250 165
1815260 165
1815270 165
1815280 165
1815290 165
1815300 165
1815310 165
1815320 165
1815330 165
1815340 164
1815350 164
1815360 164
1815370 164
1815380 164
1815390 163
1815400 163
1815410 163
1815420 163
1815430 163
1815440 163
1815450 163
1815460 164
1815470 164
1815480 164
1815490 164
1815500 164
1815510 164
1815520 164
1815530 164
1815540 164
1815550 165
1815560 165
1815570 165
1815580 165
1815590 165
1815600 165
1815610 165
1815620 165
1815630 165
1815640 165
1815650 165
1815660 165
1815670 165
1815680 164
1815690 164
1815700 164
1815710 164
1815720 164
1815730 165
1815740 166
1815750 166
1815760 167
1815770 166
1815780 166
1815790 166
1815800 166
1815810 166
1815820 166
1815830 166
1815840 166
1815850 166
1815860 166
1815870 166
1815880 167
1815890 167
1815900 167
1815910 167
1815920 166
1815930 166
1815940 166
1815950 166
1815960 166
1815970 166
1815980 166
1815990 166
1816000 166
1816010 167
1816020 167
1816030 167
1816040 167
1816050 167
1816060 167
1816070 167
1816080 166
1816090 166
1816100 166
1816110 166
1816120 166
1816130 166
1816140 166
1816150 166
1816160 166
1816170 166
1816180 166
1816190 166
1816200 166
1816210 166
1816220 166
1816230 166
1816240 166
1816250 166
1816260 166
1816270 166
1816280 166
1816290 166
1816300 166
1816310 166
1816320 167
1816330 167
1816340 167
1816350 167
1816360 167
1816370 167
1816380 167
1816390 167
1816400 167
1816410 166
1816420 166
1816430 167
1816440 167
1816450 167
1816460 167
1816470 167
1816480 167
1816490 167
1816500 167
1816510 167
1816520 167
1816530 167
1816540 167
1816550 167
1816560 167
1816570 167
1816580 167
1816590 167
1816600 167
1816610 167
1816620 166
1816630 166
1816640 167
1816650 167
1816660 167
1816670 167
1816680 167
1816690 167
1816700 167
1816710 167
1816720 167
1816730 167
1816740 167
1816750 167
1816760 167
1816770 167
1816780 167
1816790 167
1816800 167
1816810 167
1816820 167
1816830 167
1816840 167
1816850 167
1816860 167
1816870 167
1816880 167
1816890 167
1816900 167
1816910 167
1816920 167
1816930 166
1816940 166
1816950 165
1816960 164
1816970 163
1816980 163
1816990 163
1817000 163
1817010 163
1817020 163
1817030 163
1817040 163
1817050 163
1817060 163
1817070 163
1817080 163
1817090 163
1817100 163
1817110 163
1817120 163
1817130 163
1817140 163
1817150 163
1817160 163
1817170 163
1817180 163
1817190 163
1817200 163
1817210 163
1817220 163
1817230 163
1817240 163
1817250 163
1817260 163
1817270 163
1817280 163
1817290 163
1817300 163
1817310 163
1817320 163
1817330 163
1817340 163
1817350 163
1817360 163
1817370 163
1817380 163
1817390 163
1817400 163
1817410 163
1817420 163
1817430 163
1817440 163
1817450 163
1817460 163
1817470 163
1817480 163
1817490 163
1817500 163
1817510 163
1817520 163
1817530 163
1817540 163
1817550 163
1817560 163
1817570 163
1817580 163
1817590 163
1817600 163
1817610 163
1817620 163
1817630 163
1817640 163
1817650 163
1817660 164
1817670 165
1817680 166
1817690 166
1817700 166
1817710 166
1817720 166
1817730 166
1817740 166
1817750 166
1817760 166
1817770 166
1817780 166
1817790 166
1817800 166
1817810 166
1817820 166
1817830 166
1817840 166
1817850 166
1817860 166
1817870 166
1817880 165
1817890 165
1817900 165
1817910 166
1817920 167
1817930 169
1817940 170
1817950 171
1817960 172
1817970 172
1817980 172
1817990 172
1818000 172
1818010 171
1818020 170
1818030 168
1818040 167
1818050 167
1818060 166
1818070 166
1818080 166
1818090 166
1818100 166
1818110 166
1818120 166
1818130 166
1818140 167
1818150 167
1818160 167
1818170 167
1818180 166
1818190 166
1818200 166
1818210 166
1818220 166
1818230 166
1818240 166
1818250 166
1818260 166
1818270 166
1818280 166
1818290 166
1818300 166
1818310 166
1818320 166
1818330 166
1818340 166
1818350 166
1818360 166
1818370 166
1818380 166
1818390 166
1818400 167
1818410 168
1818420 168
1818430 167
1818440 167
1818450 166
1818460 167
1818470 167
1818480 168
1818490 168
1818500 168
1818510 167
1818520 167
1818530 168
1818540 169
1818550 170
1818560 171
1818570 171
1818580 171
1818590 171
1818600 170
1818610 168
1818620 167
1818630 167
1818640 167
1818650 167
1818660 165
1818670 164
1818680 164
1818690 165
1818700 166
1818710 167
1818720 168
1818730 169
1818740 170
1818750 169
1818760 169
1818770 169
1818780 168
1818790 168
1818800 167
1818810 167
1818820 167
1818830 167
1818840 167
1818850 166
1818860 165
1818870 165
1818880 165
1818890 165
1818900 165
1818910 166
1818920 166
1818930 166
1818940 166
1818950 166
1818960 166
1818970 166
1818980 165
1818990 165
1819000 165
1819010 165
1819020 165
1819030 165
1819040 166
1819050 166
1819060 166
1819070 166
1819080 166
1819090 166
1819100 166
1819110 166
1819120 167
1819130 167
1819140 167
1819150 167
1819160 167
1819170 167
1819180 167
1819190 166
1819200 167
1819210 167
1819220 167
1819230 167
1819240 167
1819250 167
1819260 167
1819270 167
1819280 168
1819290 168
1819300 168
1819310 168
1819320 168
1819330 168
1819340 168
1819350 168
1819360 167
1819370 167
1819380 167
1819390 167
1819400 167
1819410 167
1819420 167
1819430 167
1819440 167
1819450 167
1819460 167
1819470 167
1819480 167
1819490 167
1819500 167
1819510 167
1819520 167
1819530 167
1819540 167
1819550 167
1819560 167
1819570 167
1819580 167
1819590 167
1819600 167
1819610 167
1819620 167
1819630 167
1819640 167
1819650 167
1819660 167
1819670 167
1819680 167
1819690 167
1819700 167
1819710 167
1819720 167
1819730 167
1819740 167
1819750 167
1819760 167
1819770 167
1819780 167
1819790 167
1819800 167
1819810 167
1819820 167
1819830 167
1819840 166
1819850 166
1819860 166
1819870 166
1819880 166
1819890 167
1819900 167
1819910 167
1819920 166
1819930 166
1819940 166
1819950 166
1819960 166
1819970 166
1819980 166
1819990 166
