1800000 172
1800010 172
1800020 172
1800030 172
1800040 172
1800050 172
1800060 172
1800070 172
1800080 172
1800090 172
1800100 173
1800110 173
1800120 174
1800130 174
1800140 175
1800150 175
1800160 176
1800170 177
1800180 177
1800190 177
1800200 177
1800210 177
1800220 177
1800230 177
1800240 177
1800250 177
1800260 177
1800270 177
1800280 177
1800290 177
1800300 177
1800310 177
1800320 177
1800330 177
1800340 177
1800350 177
1800360 177
1800370 177
1800380 177
1800390 177
1800400 177
1800410 177
1800420 177
1800430 177
1800440 177
1800450 177
1800460 177
1800470 177
1800480 177
1800490 177
1800500 177
1800510 177
1800520 177
1800530 177
1800540 177
1800550 177
1800560 177
1800570 177
1800580 177
1800590 177
1800600 177
1800610 177
1800620 177
1800630 177
1800640 177
1800650 177
1800660 177
1800670 177
1800680 177
1800690 177
1800700 177
1800710 177
1800720 177
1800730 177
1800740 177
1800750 177
1800760 177
1800770 177
1800780 177
1800790 177
1800800 177
1800810 177
1800820 177
1800830 177
1800840 177
1800850 177
1800860 177
1800870 177
1800880 177
1800890 177
1800900 177
1800910 177
1800920 177
1800930 177
1800940 177
1800950 177
1800960 177
1800970 177
1800980 177
1800990 177
1801000 177
1801010 177
1801020 177
1801030 177
1801040 177
1801050 177
1801060 177
1801070 177
1801080 177
1801090 177
1801100 177
1801110 177
1801120 177
1801130 177
1801140 177
1801150 177
1801160 177
1801170 177
1801180 177
1801190 177
1801200 177
1801210 177
1801220 177
1801230 177
1801240 177
1801250 177
1801260 177
1801270 177
1801280 177
1801290 177
1801300 177
1801310 177
1801320 177
1801330 177
1801340 177
1801350 177
1801360 177
1801370 177
1801380 177
1801390 177
1801400 177
1801410 177
1801420 177
1801430 177
1801440 177
1801450 177
1801460 177
1801470 177
1801480 177
1801490 177
1801500 177
1801510 177
1801520 177
1801530 177
1801540 177
1801550 177
1801560 177
1801570 177
1801580 177
1801590 177
1801600 177
1801610 177
1801620 177
1801630 177
1801640 177
1801650 177
1801660 177
1801670 177
1801680 177
1801690 177
1801700 177
1801710 177
1801720 177
1801730 177
1801740 177
1801750 177
1801760 177
1801770 177
1801780 177
1801790 177
1801800 177
1801810 177
1801820 177
1801830 177
1801840 177
1801850 177
1801860 177
1801870 177
1801880 177
1801890 177
1801900 177
1801910 177
1801920 177
1801930 177
1801940 177
1801950 177
1801960 177
1801970 177
1801980 177
1801990 177
1802000 177
1802010 177
1802020 177
1802030 177
1802040 177
1802050 176
1802060 175
1802070 174
1802080 173
1802090 172
1802100 172
1802110 171
1802120 171
1802130 171
1802140 170
1802150 170
1802160 170
1802170 170
1802180 171
1802190 171
1802200 171
1802210 171
1802220 171
1802230 171
1802240 171
1802250 171
1802260 171
1802270 170
1802280 170
1802290 170
1802300 170
1802310 170
1802320 170
1802330 171
1802340 171
1802350 171
1802360 171
1802370 171
1802380 171
1802390 171
1802400 171
1802410 170
1802420 171
1802430 171
1802440 171
1802450 171
1802460 171
1802470 171
1802480 171
1802490 171
1802500 171
1802510 171
1802520 171
1802530 171
1802540 171
1802550 171
1802560 171
1802570 170
1802580 170
1802590 170
1802600 170
1802610 170
1802620 170
1802630 170
1802640 170
1802650 170
1802660 170
1802670 170
1802680 170
1802690 170
1802700 170
1802710 170
1802720 170
1802730 170
1802740 170
1802750 170
1802760 170
1802770 170
1802780 170
1802790 170
1802800 170
1802810 170
1802820 170
1802830 170
1802840 170
1802850 170
1802860 170
1802870 170
1802880 170
1802890 169
1802900 169
1802910 169
1802920 169
1802930 169
1802940 169
1802950 169
1802960 170
1802970 170
1802980 170
1802990 170
1803000 170
1803010 170
1803020 170
1803030 170
1803040 170
1803050 170
1803060 170
1803070 170
1803080 170
1803090 169
1803100 169
1803110 170
1803120 170
1803130 170
1803140 170
1803150 170
1803160 170
1803170 170
1803180 170
1803190 170
1803200 170
1803210 170
1803220 170
1803230 170
1803240 170
1803250 170
1803260 170
1803270 170
1803280 170
1803290 170
1803300 170
1803310 170
1803320 170
1803330 170
1803340 170
1803350 170
1803360 170
1803370 170
1803380 169
1803390 169
1803400 169
1803410 169
1803420 169
1803430 169
1803440 169
1803450 169
1803460 169
1803470 169
1803480 169
1803490 169
1803500 169
1803510 169
1803520 169
1803530 169
1803540 169
1803550 169
1803560 169
1803570 169
1803580 169
1803590 169
1803600 169
1803610 169
1803620 169
1803630 169
1803640 169
1803650 168
1803660 168
1803670 168
1803680 168
1803690 168
1803700 169
1803710 169
1803720 168
1803730 168
1803740 168
1803750 167
1803760 167
1803770 167
1803780 167
1803790 167
1803800 167
1803810 167
1803820 167
1803830 168
1803840 168
1803850 169
1803860 170
1803870 170
1803880 170
1803890 170
1803900 170
1803910 170
1803920 170
1803930 170
1803940 170
1803950 170
1803960 170
1803970 170
1803980 170
1803990 170
1804000 170
1804010 170
1804020 170
1804030 170
1804040 169
1804050 169
1804060 169
1804070 169
1804080 170
1804090 170
1804100 170
1804110 170
1804120 170
1804130 170
1804140 170
1804150 170
1804160 170
1804170 170
1804180 170
1804190 170
1804200 170
1804210 170
1804220 170
1804230 170
1804240 171
1804250 171
1804260 171
1804270 171
1804280 171
1804290 171
1804300 171
1804310 170
1804320 170
1804330 170
1804340 170
1804350 170
1804360 170
1804370 170
1804380 170
1804390 170
1804400 170
1804410 170
1804420 170
1804430 170
1804440 170
1804450 170
1804460 170
1804470 170
1804480 170
1804490 170
1804500 170
1804510 170
1804520 170
1804530 170
1804540 170
1804550 170
1804560 170
1804570 170
1804580 170
1804590 170
1804600 170
1804610 169
1804620 169
1804630 169
1804640 169
1804650 169
1804660 169
1804670 169
1804680 169
1804690 169
1804700 169
1804710 169
1804720 169
1804730 169
1804740 170
1804750 170
1804760 170
1804770 170
1804780 170
1804790 170
1804800 170
1804810 170
1804820 170
1804830 170
1804840 170
1804850 170
1804860 171
1804870 171
1804880 170
1804890 170
1804900 170
1804910 170
1804920 170
1804930 170
1804940 170
1804950 170
1804960 170
1804970 170
1804980 170
1804990 170
1805000 170
1805010 170
1805020 170
1805030 170
1805040 170
1805050 170
1805060 169
1805070 169
1805080 169
1805090 169
1805100 169
1805110 170
1805120 170
1805130 170
1805140 171
1805150 171
1805160 171
1805170 170
1805180 169
1805190 169
1805200 169
1805210 169
1805220 169
1805230 169
1805240 169
1805250 169
1805260 169
1805270 169
1805280 169
1805290 169
1805300 169
1805310 169
1805320 169
1805330 169
1805340 169
1805350 169
1805360 170
1805370 170
1805380 170
1805390 170
1805400 170
1805410 170
1805420 170
1805430 170
1805440 170
1805450 170
1805460 169
1805470 170
1805480 169
1805490 169
1805500 169
1805510 169
1805520 169
1805530 169
1805540 169
1805550 169
1805560 169
1805570 169
1805580 169
1805590 169
1805600 169
1805610 169
1805620 169
1805630 169
1805640 169
1805650 169
1805660 169
1805670 169
1805680 169
1805690 169
1805700 169
1805710 169
1805720 169
1805730 169
1805740 169
1805750 169
1805760 169
1805770 169
1805780 169
1805790 169
1805800 169
1805810 169
1805820 169
1805830 169
1805840 169
1805850 169
1805860 169
1805870 169
1805880 169
1805890 169
1805900 169
1805910 169
1805920 169
1805930 169
1805940 169
1805950 168
1805960 168
1805970 168
1805980 168
1805990 167
1806000 167
1806010 168
1806020 168
1806030 168
1806040 169
1806050 169
1806060 169
1806070 169
1806080 169
1806090 169
1806100 169
1806110 168
1806120 168
1806130 168
1806140 168
1806150 168
1806160 167
1806170 167
1806180 167
1806190 167
1806200 167
1806210 167
1806220 167
1806230 167
1806240 167
1806250 167
1806260 167
1806270 167
1806280 167
1806290 167
1806300 167
1806310 167
1806320 167
1806330 167
1806340 167
1806350 167
1806360 167
1806370 167
1806380 167
1806390 167
1806400 167
1806410 167
1806420 167
1806430 167
1806440 168
1806450 168
1806460 168
1806470 169
1806480 169
1806490 169
1806500 169
1806510 169
1806520 169
1806530 169
1806540 169
1806550 169
1806560 169
1806570 169
1806580 169
1806590 170
1806600 169
1806610 169
1806620 169
1806630 169
1806640 169
1806650 169
1806660 169
1806670 169
1806680 169
1806690 169
1806700 169
1806710 169
1806720 169
1806730 169
1806740 169
1806750 169
1806760 169
1806770 169
1806780 168
1806790 169
1806800 169
1806810 169
1806820 168
1806830 168
1806840 168
1806850 168
1806860 168
1806870 167
1806880 167
1806890 167
1806900 167
1806910 167
1806920 167
1806930 167
1806940 167
1806950 167
1806960 167
1806970 167
1806980 167
1806990 167
1807000 167
1807010 167
1807020 167
1807030 167
1807040 167
1807050 167
1807060 167
1807070 167
1807080 167
1807090 167
1807100 167
1807110 167
1807120 167
1807130 167
1807140 167
1807150 167
1807160 167
1807170 167
1807180 167
1807190 167
1807200 167
1807210 167
1807220 167
1807230 167
1807240 167
1807250 167
1807260 167
1807270 167
1807280 167
1807290 167
1807300 167
1807310 167
1807320 167
1807330 167
1807340 167
1807350 167
1807360 167
1807370 167
1807380 167
1807390 167
1807400 168
1807410 169
1807420 170
1807430 171
1807440 172
1807450 172
1807460 173
1807470 174
1807480 174
1807490 175
1807500 175
1807510 175
1807520 176
1807530 176
1807540 177
1807550 178
1807560 180
1807570 181
1807580 183
1807590 184
1807600 185
1807610 186
1807620 188
1807630 190
1807640 193
1807650 194
1807660 196
1807670 198
1807680 200
1807690 203
1807700 204
1807710 207
1807720 209
1807730 211
1807740 214
1807750 217
1807760 221
1807770 223
1807780 225
1807790 227
1807800 229
1807810 231
1807820 233
1807830 236
1807840 238
1807850 241
1807860 244
1807870 247
1807880 249
1807890 251
1807900 253
1807910 256
1807920 259
1807930 261
1807940 262
1807950 262
1807960 263
1807970 262
1807980 261
1807990 260
1808000 259
1808010 257
1808020 256
1808030 254
1808040 252
1808050 251
1808060 250
1808070 248
1808080 247
1808090 245
1808100 243
1808110 242
1808120 240
1808130 239
1808140 236
1808150 234
1808160 232
1808170 230
1808180 228
1808190 227
1808200 228
1808210 231
1808220 235
1808230 238
1808240 242
1808250 246
1808260 250
1808270 253
1808280 256
1808290 259
1808300 262
1808310 265
1808320 269
1808330 272
1808340 275
1808350 278
1808360 281
1808370 285
1808380 289
1808390 293
1808400 297
1808410 301
1808420 305
1808430 309
1808440 314
1808450 318
1808460 322
1808470 326
1808480 330
1808490 333
1808500 337
1808510 340
1808520 342
1808530 344
1808540 346
1808550 347
1808560 347
1808570 347
1808580 347
1808590 347
1808600 346
1808610 345
1808620 344
1808630 343
1808640 342
1808650 341
1808660 339
1808670 338
1808680 337
1808690 336
1808700 336
1808710 335
1808720 334
1808730 333
1808740 332
1808750 331
1808760 329
1808770 328
1808780 327
1808790 325
1808800 323
1808810 321
1808820 320
1808830 318
1808840 316
1808850 315
1808860 314
1808870 312
1808880 311
1808890 310
1808900 309
1808910 308
1808920 306
1808930 304
1808940 302
1808950 299
1808960 295
1808970 292
1808980 289
1808990 286
1809000 283
1809010 280
1809020 278
1809030 274
1809040 270
1809050 269
1809060 269
1809070 269
1809080 269
1809090 268
1809100 267
1809110 267
1809120 267
1809130 266
1809140 265
1809150 264
1809160 264
1809170 265
1809180 265
1809190 265
1809200 263
1809210 261
1809220 258
1809230 256
1809240 256
1809250 259
1809260 262
1809270 264
1809280 267
1809290 270
1809300 273
1809310 277
1809320 280
1809330 284
1809340 287
1809350 290
1809360 294
1809370 297
1809380 301
1809390 304
1809400 308
1809410 311
1809420 314
1809430 316
1809440 319
1809450 321
1809460 323
1809470 325
1809480 326
1809490 327
1809500 328
1809510 329
1809520 330
1809530 331
1809540 332
1809550 333
1809560 334
1809570 335
1809580 335
1809590 335
1809600 335
1809610 336
1809620 336
1809630 336
1809640 337
1809650 337
1809660 338
1809670 338
1809680 340
1809690 341
1809700 343
1809710 344
1809720 346
1809730 347
1809740 349
1809750 350
1809760 352
1809770 354
1809780 355
1809790 357
1809800 359
1809810 361
1809820 363
1809830 365
1809840 367
1809850 368
1809860 370
1809870 372
1809880 374
1809890 375
1809900 377
1809910 378
1809920 379
1809930 380
1809940 381
1809950 381
1809960 382
1809970 382
1809980 383
1809990 383
1810000 383
1810010 383
1810020 383
1810030 382
1810040 382
1810050 382
1810060 381
1810070 380
1810080 379
1810090 379
1810100 378
1810110 377
1810120 376
1810130 375
1810140 375
1810150 374
1810160 374
1810170 374
1810180 374
1810190 374
1810200 374
1810210 373
1810220 373
1810230 373
1810240 372
1810250 372
1810260 371
1810270 371
1810280 371
1810290 370
1810300 370
1810310 370
1810320 369
1810330 369
1810340 368
1810350 367
1810360 367
1810370 366
1810380 365
1810390 364
1810400 363
1810410 362
1810420 361
1810430 360
1810440 359
1810450 357
1810460 356
1810470 354
1810480 351
1810490 349
1810500 346
1810510 343
1810520 341
1810530 338
1810540 335
1810550 331
1810560 327
1810570 324
1810580 321
1810590 319
1810600 317
1810610 316
1810620 314
1810630 314
1810640 312
1810650 310
1810660 308
1810670 307
1810680 306
1810690 305
1810700 304
1810710 304
1810720 304
1810730 304
1810740 303
1810750 302
1810760 300
1810770 297
1810780 294
1810790 294
1810800 294
1810810 296
1810820 297
1810830 298
1810840 298
1810850 297
1810860 297
1810870 297
1810880 297
1810890 296
1810900 296
1810910 296
1810920 298
1810930 299
1810940 301
1810950 302
1810960 303
1810970 304
1810980 306
1810990 308
1811000 309
1811010 310
1811020 311
1811030 313
1811040 314
1811050 316
1811060 317
1811070 318
1811080 319
1811090 319
1811100 319
1811110 319
1811120 319
1811130 318
1811140 318
1811150 318
1811160 318
1811170 319
1811180 321
1811190 322
1811200 323
1811210 324
1811220 326
1811230 327
1811240 328
1811250 330
1811260 332
1811270 334
1811280 336
1811290 338
1811300 340
1811310 342
1811320 345
1811330 347
1811340 348
1811350 350
1811360 351
1811370 353
1811380 354
1811390 355
1811400 357
1811410 358
1811420 360
1811430 361
1811440 362
1811450 363
1811460 365
1811470 365
1811480 366
1811490 367
1811500 368
1811510 369
1811520 370
1811530 370
1811540 371
1811550 372
1811560 373
1811570 373
1811580 374
1811590 375
1811600 375
1811610 376
1811620 377
1811630 377
1811640 377
1811650 377
1811660 377
1811670 377
1811680 377
1811690 376
1811700 375
1811710 375
1811720 374
1811730 373
1811740 371
1811750 370
1811760 368
1811770 367
1811780 366
1811790 364
1811800 363
1811810 362
1811820 361
1811830 360
1811840 359
1811850 358
1811860 357
1811870 356
1811880 356
1811890 355
1811900 355
1811910 355
1811920 354
1811930 354
1811940 354
1811950 353
1811960 353
1811970 353
1811980 353
1811990 352
1812000 352
1812010 352
1812020 351
1812030 351
1812040 350
1812050 350
1812060 350
1812070 349
1812080 349
1812090 348
1812100 348
1812110 348
1812120 348
1812130 347
1812140 347
1812150 346
1812160 346
1812170 346
1812180 345
1812190 345
1812200 345
1812210 344
1812220 344
1812230 343
1812240 343
1812250 342
1812260 341
1812270 341
1812280 340
1812290 339
1812300 338
1812310 337
1812320 336
1812330 335
1812340 334
1812350 333
1812360 332
1812370 331
1812380 329
1812390 328
1812400 326
1812410 324
1812420 323
1812430 321
1812440 318
1812450 316
1812460 315
1812470 313
1812480 312
1812490 310
1812500 309
1812510 307
1812520 305
1812530 302
1812540 300
1812550 299
1812560 298
1812570 297
1812580 296
1812590 295
1812600 293
1812610 292
1812620 291
1812630 290
1812640 289
1812650 289
1812660 291
1812670 292
1812680 293
1812690 293
1812700 293
1812710 293
1812720 293
1812730 294
1812740 295
1812750 297
1812760 298
1812770 299
1812780 299
1812790 300
1812800 300
1812810 300
1812820 300
1812830 300
1812840 300
1812850 299
1812860 299
1812870 298
1812880 298
1812890 298
1812900 298
1812910 297
1812920 297
1812930 296
1812940 296
1812950 295
1812960 294
1812970 294
1812980 293
1812990 292
1813000 291
1813010 290
1813020 289
1813030 288
1813040 288
1813050 287
1813060 286
1813070 285
1813080 284
1813090 282
1813100 281
1813110 280
1813120 278
1813130 277
1813140 276
1813150 274
1813160 273
1813170 272
1813180 272
1813190 271
1813200 270
1813210 267
1813220 265
1813230 263
1813240 261
1813250 259
1813260 257
1813270 254
1813280 252
1813290 250
1813300 248
1813310 245
1813320 242
1813330 241
1813340 241
1813350 241
1813360 241
1813370 240
1813380 238
1813390 235
1813400 232
1813410 230
1813420 229
1813430 228
1813440 226
1813450 223
1813460 220
1813470 217
1813480 214
1813490 212
1813500 211
1813510 210
1813520 210
1813530 210
1813540 211
1813550 211
1813560 210
1813570 208
1813580 206
1813590 204
1813600 202
1813610 200
1813620 198
1813630 197
1813640 195
1813650 193
1813660 190
1813670 188
1813680 185
1813690 182
1813700 179
1813710 177
1813720 176
1813730 175
1813740 174
1813750 172
1813760 171
1813770 170
1813780 169
1813790 168
1813800 168
1813810 168
1813820 167
1813830 167
1813840 167
1813850 168
1813860 168
1813870 169
1813880 169
1813890 169
1813900 169
1813910 168
1813920 167
1813930 167
1813940 167
1813950 166
1813960 165
1813970 165
1813980 166
1813990 167
1814000 167
1814010 167
1814020 167
1814030 167
1814040 167
1814050 167
1814060 167
1814070 167
1814080 167
1814090 167
1814100 167
1814110 167
1814120 167
1814130 167
1814140 167
1814150 167
1814160 167
1814170 167
1814180 167
1814190 167
1814200 167
1814210 167
1814220 167
1814230 167
1814240 167
1814250 167
1814260 168
1814270 167
1814280 167
1814290 167
1814300 167
1814310 167
1814320 167
1814330 167
1814340 167
1814350 167
1814360 167
1814370 167
1814380 167
1814390 167
1814400 167
1814410 167
1814420 167
1814430 167
1814440 167
1814450 167
1814460 167
1814470 167
1814480 167
1814490 167
1814500 167
1814510 167
1814520 167
1814530 167
1814540 167
1814550 167
1814560 167
1814570 167
1814580 167
1814590 167
1814600 167
1814610 167
1814620 167
1814630 167
1814640 167
1814650 167
1814660 167
1814670 167
1814680 167
1814690 167
1814700 167
1814710 167
1814720 167
1814730 167
1814740 167
1814750 167
1814760 167
1814770 167
1814780 167
1814790 167
1814800 167
1814810 167
1814820 167
1814830 167
1814840 167
1814850 167
1814860 167
1814870 167
1814880 167
1814890 167
1814900 167
1814910 166
1814920 166
1814930 165
1814940 164
1814950 164
1814960 164
1814970 164
1814980 164
1814990 164
1815000 164
1815010 164
1815020 164
1815030 164
1815040 164
1815050 164
1815060 164
1815070 164
1815080 164
1815090 164
1815100 164
1815110 164
1815120 164
1815130 164
1815140 164
1815150 164
1815160 164
1815170 164
1815180 164
1815190 164
1815200 164
1815210 164
1815220 164
1815230 164
1815240 164
1815250 164
1815260 164
1815270 164
1815280 164
1815290 164
1815300 164
1815310 164
1815320 164
1815330 164
1815340 164
1815350 164
1815360 164
1815370 164
1815380 164
1815390 164
1815400 164
1815410 164
1815420 164
1815430 164
1815440 164
1815450 164
1815460 164
1815470 164
1815480 164
1815490 164
1815500 164
1815510 164
1815520 164
1815530 164
1815540 164
1815550 164
1815560 164
1815570 164
1815580 164
1815590 164
1815600 164
1815610 164
1815620 164
1815630 164
1815640 164
1815650 164
1815660 164
1815670 164
1815680 164
1815690 164
1815700 164
1815710 164
1815720 164
1815730 164
1815740 164
1815750 164
1815760 164
1815770 165
1815780 166
1815790 167
1815800 167
1815810 167
1815820 167
1815830 167
1815840 166
1815850 165
1815860 164
1815870 164
1815880 164
1815890 164
1815900 164
1815910 164
1815920 164
1815930 164
1815940 165
1815950 166
1815960 167
1815970 167
1815980 167
1815990 167
1816000 167
1816010 166
1816020 166
1816030 167
1816040 167
1816050 167
1816060 166
1816070 167
1816080 167
1816090 167
1816100 168
1816110 168
1816120 168
1816130 168
1816140 168
1816150 168
1816160 167
1816170 167
1816180 167
1816190 167
1816200 167
1816210 167
1816220 166
1816230 165
1816240 164
1816250 164
1816260 164
1816270 164
1816280 164
1816290 164
1816300 163
1816310 163
1816320 163
1816330 163
1816340 163
1816350 163
1816360 163
1816370 163
1816380 163
1816390 163
1816400 163
1816410 163
1816420 163
1816430 163
1816440 163
1816450 164
1816460 164
1816470 165
1816480 166
1816490 167
1816500 168
1816510 168
1816520 168
1816530 168
1816540 168
1816550 168
1816560 168
1816570 168
1816580 168
1816590 168
1816600 168
1816610 168
1816620 168
1816630 168
1816640 168
1816650 168
1816660 168
1816670 168
1816680 168
1816690 168
1816700 168
1816710 168
1816720 168
1816730 168
1816740 168
1816750 168
1816760 168
1816770 168
1816780 168
1816790 169
1816800 168
1816810 168
1816820 168
1816830 168
1816840 168
1816850 168
1816860 168
1816870 168
1816880 168
1816890 168
1816900 168
1816910 168
1816920 167
1816930 167
1816940 167
1816950 167
1816960 167
1816970 167
1816980 167
1816990 167
1817000 167
1817010 167
1817020 168
1817030 170
1817040 172
1817050 173
1817060 173
1817070 173
1817080 172
1817090 171
1817100 169
1817110 167
1817120 167
1817130 167
1817140 167
1817150 166
1817160 166
1817170 166
1817180 166
1817190 166
1817200 166
1817210 166
1817220 166
1817230 166
1817240 166
1817250 166
1817260 166
1817270 166
1817280 166
1817290 166
1817300 166
1817310 166
1817320 166
1817330 166
1817340 166
1817350 166
1817360 166
1817370 166
1817380 166
1817390 166
1817400 166
1817410 166
1817420 166
1817430 166
1817440 166
1817450 167
1817460 167
1817470 167
1817480 167
1817490 167
1817500 167
1817510 167
1817520 167
1817530 167
1817540 167
1817550 167
1817560 167
1817570 167
1817580 167
1817590 167
1817600 167
1817610 167
1817620 167
1817630 167
1817640 168
1817650 168
1817660 168
1817670 167
1817680 167
1817690 167
1817700 167
1817710 167
1817720 167
1817730 167
1817740 168
1817750 168
1817760 169
1817770 169
1817780 169
1817790 169
1817800 169
1817810 169
1817820 169
1817830 168
1817840 168
1817850 168
1817860 168
1817870 168
1817880 168
1817890 167
1817900 168
1817910 168
1817920 168
1817930 168
1817940 168
1817950 168
1817960 168
1817970 169
1817980 169
1817990 169
1818000 168
1818010 168
1818020 169
1818030 169
1818040 168
1818050 168
1818060 168
1818070 168
1818080 168
1818090 168
1818100 168
1818110 168
1818120 168
1818130 168
1818140 168
1818150 168
1818160 168
1818170 168
1818180 169
1818190 169
1818200 169
1818210 169
1818220 169
1818230 168
1818240 169
1818250 169
1818260 169
1818270 169
1818280 169
1818290 169
1818300 169
1818310 169
1818320 169
1818330 169
1818340 169
1818350 169
1818360 169
1818370 169
1818380 169
1818390 169
1818400 169
1818410 169
1818420 169
1818430 169
1818440 169
1818450 169
1818460 169
1818470 169
1818480 169
1818490 169
1818500 169
1818510 168
1818520 168
1818530 168
1818540 168
1818550 168
1818560 168
1818570 168
1818580 168
1818590 168
1818600 168
1818610 168
1818620 168
1818630 168
1818640 168
1818650 168
1818660 168
1818670 168
1818680 168
1818690 168
1818700 168
1818710 167
1818720 167
1818730 168
1818740 168
1818750 168
1818760 168
1818770 168
1818780 168
1818790 167
1818800 167
1818810 167
1818820 167
1818830 167
1818840 167
1818850 167
1818860 167
1818870 168
1818880 167
1818890 167
1818900 167
1818910 167
1818920 167
1818930 167
1818940 166
1818950 165
1818960 164
1818970 164
1818980 164
1818990 164
1819000 163
1819010 164
1819020 164
1819030 165
1819040 165
1819050 165
1819060 165
1819070 165
1819080 165
1819090 166
1819100 166
1819110 166
1819120 166
1819130 166
1819140 166
1819150 166
1819160 166
1819170 166
1819180 166
1819190 166
1819200 166
1819210 166
1819220 166
1819230 166
1819240 166
1819250 166
1819260 166
1819270 167
1819280 167
1819290 167
1819300 167
1819310 167
1819320 167
1819330 167
1819340 167
1819350 167
1819360 167
1819370 167
1819380 167
1819390 167
1819400 167
1819410 167
1819420 167
1819430 167
1819440 167
1819450 167
1819460 167
1819470 167
1819480 167
1819490 167
1819500 167
1819510 167
1819520 167
1819530 168
1819540 167
1819550 167
1819560 167
1819570 167
1819580 167
1819590 167
1819600 167
1819610 167
1819620 167
1819630 167
1819640 167
1819650 167
1819660 167
1819670 167
1819680 167
1819690 167
1819700 167
1819710 167
1819720 167
1819730 167
1819740 167
1819750 167
1819760 167
1819770 167
1819780 167
1819790 167
1819800 167
1819810 167
1819820 167
1819830 166
1819840 166
1819850 166
1819860 166
1819870 166
1819880 166
1819890 166
1819900 166
1819910 166
1819920 166
1819930 166
1819940 166
1819950 166
1819960 166
1819970 166
1819980 166
1819990 166
