1800000 170
1800010 170
1800020 171
1800030 171
1800040 171
1800050 171
1800060 170
1800070 170
1800080 170
1800090 169
1800100 169
1800110 169
1800120 169
1800130 169
1800140 170
1800150 170
1800160 170
1800170 170
1800180 170
1800190 170
1800200 170
1800210 170
1800220 170
1800230 170
1800240 170
1800250 170
1800260 170
1800270 170
1800280 170
1800290 170
1800300 170
1800310 171
1800320 171
1800330 171
1800340 170
1800350 169
1800360 169
1800370 169
1800380 169
1800390 169
1800400 170
1800410 170
1800420 170
1800430 171
1800440 171
1800450 171
1800460 171
1800470 171
1800480 171
1800490 171
1800500 171
1800510 171
1800520 171
1800530 171
1800540 171
1800550 171
1800560 171
1800570 171
1800580 171
1800590 171
1800600 171
1800610 171
1800620 171
1800630 171
1800640 171
1800650 171
1800660 171
1800670 171
1800680 171
1800690 171
1800700 171
1800710 171
1800720 171
1800730 170
1800740 170
1800750 170
1800760 170
1800770 170
1800780 170
1800790 171
1800800 171
1800810 171
1800820 171
1800830 171
1800840 171
1800850 171
1800860 171
1800870 171
1800880 171
1800890 171
1800900 171
1800910 171
1800920 171
1800930 171
1800940 171
1800950 171
1800960 171
1800970 171
1800980 171
1800990 171
1801000 171
1801010 171
1801020 171
1801030 171
1801040 171
1801050 172
1801060 172
1801070 172
1801080 171
1801090 171
1801100 171
1801110 171
1801120 171
1801130 171
1801140 171
1801150 171
1801160 171
1801170 171
1801180 171
1801190 171
1801200 171
1801210 170
1801220 170
1801230 170
1801240 170
1801250 170
1801260 170
1801270 170
1801280 170
1801290 170
1801300 170
1801310 170
1801320 170
1801330 170
1801340 170
1801350 170
1801360 170
1801370 170
1801380 170
1801390 170
1801400 170
1801410 170
1801420 170
1801430 170
1801440 170
1801450 170
1801460 170
1801470 170
1801480 170
1801490 170
1801500 170
1801510 170
1801520 170
1801530 170
1801540 170
1801550 170
1801560 170
1801570 170
1801580 170
1801590 171
1801600 171
1801610 171
1801620 171
1801630 171
1801640 171
1801650 171
1801660 171
1801670 171
1801680 171
1801690 171
1801700 171
1801710 171
1801720 171
1801730 171
1801740 171
1801750 171
1801760 171
1801770 171
1801780 171
1801790 171
1801800 171
1801810 171
1801820 171
1801830 171
1801840 171
1801850 171
1801860 171
1801870 171
1801880 171
1801890 171
1801900 171
1801910 171
1801920 171
1801930 171
1801940 170
1801950 170
1801960 169
1801970 169
1801980 169
1801990 169
1802000 169
1802010 169
1802020 169
1802030 169
1802040 169
1802050 170
1802060 170
1802070 170
1802080 170
1802090 170
1802100 170
1802110 170
1802120 170
1802130 170
1802140 170
1802150 170
1802160 170
1802170 170
1802180 170
1802190 170
1802200 170
1802210 170
1802220 170
1802230 170
1802240 170
1802250 170
1802260 170
1802270 170
1802280 170
1802290 170
1802300 170
1802310 170
1802320 170
1802330 170
1802340 170
1802350 170
1802360 170
1802370 170
1802380 170
1802390 170
1802400 170
1802410 169
1802420 169
1802430 169
1802440 169
1802450 169
1802460 169
1802470 169
1802480 169
1802490 169
1802500 169
1802510 170
1802520 170
1802530 170
1802540 170
1802550 171
1802560 171
1802570 170
1802580 170
1802590 170
1802600 170
1802610 170
1802620 170
1802630 170
1802640 170
1802650 170
1802660 170
1802670 170
1802680 170
1802690 170
1802700 170
1802710 170
1802720 170
1802730 171
1802740 172
1802750 174
1802760 176
1802770 177
1802780 177
1802790 177
1802800 177
1802810 177
1802820 177
1802830 177
1802840 177
1802850 177
1802860 177
1802870 177
1802880 177
1802890 177
1802900 177
1802910 177
1802920 177
1802930 177
1802940 177
1802950 177
1802960 177
1802970 177
1802980 177
1802990 177
1803000 177
1803010 177
1803020 177
1803030 177
1803040 177
1803050 177
1803060 177
1803070 177
1803080 177
1803090 177
1803100 177
1803110 177
1803120 177
1803130 177
1803140 177
1803150 177
1803160 177
1803170 177
1803180 177
1803190 177
1803200 177
1803210 177
1803220 177
1803230 177
1803240 177
1803250 177
1803260 177
1803270 177
1803280 177
1803290 177
1803300 177
1803310 177
1803320 177
1803330 177
1803340 177
1803350 177
1803360 177
1803370 177
1803380 177
1803390 177
1803400 177
1803410 177
1803420 177
1803430 177
1803440 177
1803450 177
1803460 177
1803470 177
1803480 177
1803490 177
1803500 177
1803510 177
1803520 177
1803530 177
1803540 177
1803550 177
1803560 177
1803570 177
1803580 177
1803590 177
1803600 177
1803610 177
1803620 177
1803630 177
1803640 177
1803650 177
1803660 177
1803670 177
1803680 177
1803690 177
1803700 177
1803710 177
1803720 177
1803730 177
1803740 177
1803750 177
1803760 177
1803770 177
1803780 177
1803790 177
1803800 177
1803810 177
1803820 177
1803830 177
1803840 177
1803850 177
1803860 177
1803870 177
1803880 177
1803890 177
1803900 177
1803910 177
1803920 177
1803930 177
1803940 177
1803950 177
1803960 177
1803970 177
1803980 177
1803990 177
1804000 177
1804010 177
1804020 177
1804030 177
1804040 177
1804050 177
1804060 177
1804070 177
1804080 177
1804090 177
1804100 177
1804110 177
1804120 177
1804130 177
1804140 177
1804150 177
1804160 177
1804170 177
1804180 177
1804190 177
1804200 177
1804210 177
1804220 177
1804230 177
1804240 177
1804250 177
1804260 177
1804270 177
1804280 177
1804290 177
1804300 177
1804310 177
1804320 177
1804330 177
1804340 177
1804350 177
1804360 177
1804370 177
1804380 177
1804390 177
1804400 177
1804410 177
1804420 177
1804430 177
1804440 177
1804450 177
1804460 177
1804470 177
1804480 177
1804490 177
1804500 177
1804510 177
1804520 177
1804530 177
1804540 177
1804550 177
1804560 177
1804570 177
1804580 177
1804590 177
1804600 177
1804610 177
1804620 177
1804630 177
1804640 177
1804650 177
1804660 177
1804670 177
1804680 177
1804690 177
1804700 177
1804710 177
1804720 177
1804730 177
1804740 177
1804750 177
1804760 177
1804770 177
1804780 177
1804790 177
1804800 177
1804810 177
1804820 177
1804830 177
1804840 177
1804850 177
1804860 177
1804870 177
1804880 177
1804890 177
1804900 177
1804910 177
1804920 177
1804930 177
1804940 177
1804950 177
1804960 177
1804970 177
1804980 177
1804990 177
1805000 177
1805010 177
1805020 177
1805030 177
1805040 177
1805050 177
1805060 178
1805070 178
1805080 178
1805090 178
1805100 178
1805110 178
1805120 178
1805130 178
1805140 178
1805150 178
1805160 178
1805170 178
1805180 178
1805190 178
1805200 178
1805210 178
1805220 178
1805230 178
1805240 178
1805250 178
1805260 178
1805270 178
1805280 178
1805290 178
1805300 178
1805310 178
1805320 178
1805330 178
1805340 178
1805350 178
1805360 178
1805370 178
1805380 178
1805390 178
1805400 178
1805410 178
1805420 178
1805430 177
1805440 177
1805450 177
1805460 177
1805470 177
1805480 176
1805490 176
1805500 175
1805510 174
1805520 174
1805530 173
1805540 173
1805550 172
1805560 172
1805570 172
1805580 172
1805590 171
1805600 171
1805610 171
1805620 171
1805630 171
1805640 171
1805650 171
1805660 171
1805670 171
1805680 171
1805690 170
1805700 170
1805710 170
1805720 170
1805730 170
1805740 170
1805750 169
1805760 169
1805770 170
1805780 170
1805790 170
1805800 170
1805810 170
1805820 170
1805830 170
1805840 170
1805850 170
1805860 170
1805870 170
1805880 170
1805890 170
1805900 170
1805910 169
1805920 169
1805930 169
1805940 169
1805950 169
1805960 169
1805970 169
1805980 170
1805990 170
1806000 170
1806010 170
1806020 170
1806030 170
1806040 170
1806050 170
1806060 170
1806070 170
1806080 170
1806090 170
1806100 170
1806110 170
1806120 170
1806130 170
1806140 170
1806150 170
1806160 170
1806170 170
1806180 170
1806190 170
1806200 170
1806210 170
1806220 170
1806230 170
1806240 170
1806250 170
1806260 170
1806270 170
1806280 170
1806290 170
1806300 170
1806310 170
1806320 170
1806330 170
1806340 170
1806350 170
1806360 170
1806370 170
1806380 170
1806390 170
1806400 170
1806410 170
1806420 170
1806430 170
1806440 170
1806450 170
1806460 170
1806470 170
1806480 170
1806490 170
1806500 170
1806510 170
1806520 170
1806530 169
1806540 169
1806550 170
1806560 169
1806570 169
1806580 169
1806590 169
1806600 169
1806610 170
1806620 170
1806630 170
1806640 170
1806650 170
1806660 170
1806670 170
1806680 170
1806690 170
1806700 170
1806710 170
1806720 170
1806730 170
1806740 170
1806750 170
1806760 170
1806770 170
1806780 170
1806790 170
1806800 170
1806810 170
1806820 170
1806830 170
1806840 170
1806850 170
1806860 169
1806870 169
1806880 170
1806890 170
1806900 170
1806910 170
1806920 170
1806930 170
1806940 170
1806950 170
1806960 170
1806970 170
1806980 170
1806990 170
1807000 170
1807010 170
1807020 170
1807030 170
1807040 170
1807050 170
1807060 170
1807070 170
1807080 170
1807090 170
1807100 170
1807110 170
1807120 170
1807130 170
1807140 170
1807150 170
1807160 170
1807170 170
1807180 170
1807190 170
1807200 170
1807210 170
1807220 170
1807230 170
1807240 170
1807250 170
1807260 170
1807270 170
1807280 169
1807290 169
1807300 169
1807310 169
1807320 169
1807330 169
1807340 169
1807350 169
1807360 169
1807370 169
1807380 169
1807390 169
1807400 169
1807410 169
1807420 169
1807430 169
1807440 169
1807450 169
1807460 169
1807470 169
1807480 169
1807490 169
1807500 169
1807510 168
1807520 168
1807530 168
1807540 168
1807550 168
1807560 167
1807570 167
1807580 167
1807590 167
1807600 167
1807610 167
1807620 167
1807630 167
1807640 167
1807650 167
1807660 166
1807670 166
1807680 166
1807690 166
1807700 166
1807710 166
1807720 166
1807730 166
1807740 166
1807750 166
1807760 166
1807770 166
1807780 166
1807790 166
1807800 166
1807810 166
1807820 166
1807830 166
1807840 166
1807850 166
1807860 166
1807870 166
1807880 166
1807890 166
1807900 166
1807910 166
1807920 166
1807930 166
1807940 166
1807950 166
1807960 166
1807970 166
1807980 166
1807990 166
1808000 166
1808010 166
1808020 166
1808030 166
1808040 166
1808050 166
1808060 166
1808070 166
1808080 166
1808090 166
1808100 166
1808110 166
1808120 166
1808130 166
1808140 166
1808150 166
1808160 166
1808170 166
1808180 166
1808190 166
1808200 166
1808210 166
1808220 166
1808230 166
1808240 166
1808250 166
1808260 166
1808270 166
1808280 166
1808290 166
1808300 166
1808310 166
1808320 166
1808330 166
1808340 166
1808350 166
1808360 166
1808370 167
1808380 167
1808390 168
1808400 168
1808410 169
1808420 169
1808430 169
1808440 170
1808450 171
1808460 171
1808470 171
1808480 171
1808490 171
1808500 171
1808510 171
1808520 172
1808530 173
1808540 174
1808550 175
1808560 177
1808570 179
1808580 181
1808590 184
1808600 187
1808610 191
1808620 195
1808630 200
1808640 204
1808650 206
1808660 208
1808670 210
1808680 212
1808690 214
1808700 215
1808710 217
1808720 218
1808730 219
1808740 220
1808750 221
1808760 222
1808770 223
1808780 223
1808790 223
1808800 224
1808810 224
1808820 224
1808830 224
1808840 225
1808850 226
1808860 228
1808870 231
1808880 234
1808890 237
1808900 240
1808910 243
1808920 247
1808930 250
1808940 253
1808950 255
1808960 257
1808970 258
1808980 259
1808990 260
1809000 261
1809010 263
1809020 265
1809030 267
1809040 270
1809050 273
1809060 277
1809070 282
1809080 286
1809090 291
1809100 294
1809110 296
1809120 298
1809130 299
1809140 300
1809150 302
1809160 303
1809170 304
1809180 305
1809190 306
1809200 307
1809210 309
1809220 312
1809230 314
1809240 317
1809250 317
1809260 318
1809270 319
1809280 320
1809290 320
1809300 321
1809310 321
1809320 321
1809330 320
1809340 319
1809350 318
1809360 317
1809370 317
1809380 317
1809390 317
1809400 316
1809410 315
1809420 314
1809430 312
1809440 309
1809450 306
1809460 304
1809470 303
1809480 302
1809490 301
1809500 300
1809510 299
1809520 298
1809530 296
1809540 294
1809550 294
1809560 295
1809570 295
1809580 294
1809590 292
1809600 289
1809610 287
1809620 284
1809630 281
1809640 277
1809650 275
1809660 273
1809670 270
1809680 268
1809690 265
1809700 261
1809710 257
1809720 254
1809730 249
1809740 245
1809750 241
1809760 237
1809770 235
1809780 234
1809790 233
1809800 233
1809810 233
1809820 233
1809830 232
1809840 231
1809850 232
1809860 234
1809870 236
1809880 238
1809890 240
1809900 241
1809910 245
1809920 247
1809930 248
1809940 247
1809950 246
1809960 245
1809970 244
1809980 243
1809990 242
1810000 242
1810010 241
1810020 240
1810030 239
1810040 239
1810050 240
1810060 239
1810070 239
1810080 239
1810090 239
1810100 239
1810110 239
1810120 239
1810130 239
1810140 238
1810150 238
1810160 237
1810170 235
1810180 234
1810190 233
1810200 232
1810210 232
1810220 233
1810230 234
1810240 236
1810250 238
1810260 240
1810270 242
1810280 243
1810290 244
1810300 245
1810310 246
1810320 246
1810330 245
1810340 245
1810350 246
1810360 247
1810370 249
1810380 251
1810390 254
1810400 257
1810410 262
1810420 267
1810430 272
1810440 277
1810450 281
1810460 285
1810470 289
1810480 292
1810490 295
1810500 297
1810510 300
1810520 302
1810530 303
1810540 305
1810550 306
1810560 306
1810570 306
1810580 304
1810590 303
1810600 301
1810610 300
1810620 299
1810630 298
1810640 297
1810650 296
1810660 295
1810670 293
1810680 292
1810690 291
1810700 289
1810710 288
1810720 287
1810730 285
1810740 283
1810750 282
1810760 280
1810770 279
1810780 277
1810790 276
1810800 274
1810810 273
1810820 272
1810830 270
1810840 269
1810850 268
1810860 266
1810870 265
1810880 263
1810890 262
1810900 260
1810910 259
1810920 257
1810930 256
1810940 255
1810950 254
1810960 254
1810970 253
1810980 253
1810990 252
1811000 250
1811010 249
1811020 248
1811030 248
1811040 246
1811050 245
1811060 243
1811070 242
1811080 240
1811090 238
1811100 236
1811110 234
1811120 230
1811130 226
1811140 223
1811150 219
1811160 216
1811170 213
1811180 211
1811190 209
1811200 207
1811210 206
1811220 204
1811230 203
1811240 201
1811250 198
1811260 194
1811270 189
1811280 188
1811290 191
1811300 196
1811310 199
1811320 201
1811330 202
1811340 203
1811350 203
1811360 204
1811370 205
1811380 206
1811390 207
1811400 209
1811410 211
1811420 214
1811430 216
1811440 217
1811450 219
1811460 221
1811470 223
1811480 225
1811490 227
1811500 229
1811510 229
1811520 229
1811530 229
1811540 230
1811550 231
1811560 232
1811570 234
1811580 236
1811590 238
1811600 240
1811610 241
1811620 243
1811630 244
1811640 244
1811650 245
1811660 246
1811670 246
1811680 245
1811690 245
1811700 243
1811710 241
1811720 239
1811730 237
1811740 235
1811750 234
1811760 231
1811770 227
1811780 223
1811790 222
1811800 220
1811810 219
1811820 218
1811830 217
1811840 216
1811850 215
1811860 215
1811870 214
1811880 213
1811890 213
1811900 213
1811910 214
1811920 216
1811930 219
1811940 223
1811950 226
1811960 228
1811970 228
1811980 227
1811990 226
1812000 224
1812010 223
1812020 221
1812030 218
1812040 216
1812050 213
1812060 211
1812070 209
1812080 207
1812090 202
1812100 195
1812110 189
1812120 184
1812130 180
1812140 178
1812150 177
1812160 176
1812170 175
1812180 175
1812190 175
1812200 175
1812210 175
1812220 176
1812230 179
1812240 185
1812250 187
1812260 185
1812270 183
1812280 181
1812290 180
1812300 179
1812310 179
1812320 178
1812330 177
1812340 176
1812350 176
1812360 176
1812370 177
1812380 178
1812390 178
1812400 178
1812410 177
1812420 176
1812430 175
1812440 176
1812450 176
1812460 176
1812470 176
1812480 175
1812490 176
1812500 176
1812510 176
1812520 176
1812530 176
1812540 176
1812550 177
1812560 177
1812570 178
1812580 178
1812590 177
1812600 176
1812610 176
1812620 175
1812630 175
1812640 174
1812650 174
1812660 174
1812670 174
1812680 174
1812690 174
1812700 174
1812710 174
1812720 173
1812730 173
1812740 172
1812750 172
1812760 171
1812770 171
1812780 171
1812790 171
1812800 171
1812810 171
1812820 170
1812830 170
1812840 170
1812850 171
1812860 171
1812870 171
1812880 171
1812890 171
1812900 171
1812910 170
1812920 170
1812930 170
1812940 170
1812950 170
1812960 170
1812970 170
1812980 170
1812990 170
1813000 169
1813010 169
1813020 169
1813030 169
1813040 168
1813050 167
1813060 166
1813070 165
1813080 165
1813090 164
1813100 164
1813110 164
1813120 164
1813130 164
1813140 164
1813150 164
1813160 164
1813170 164
1813180 164
1813190 164
1813200 164
1813210 164
1813220 164
1813230 164
1813240 165
1813250 166
1813260 167
1813270 167
1813280 168
1813290 168
1813300 168
1813310 167
1813320 167
1813330 166
1813340 165
1813350 164
1813360 164
1813370 164
1813380 164
1813390 164
1813400 164
1813410 164
1813420 164
1813430 164
1813440 164
1813450 164
1813460 164
1813470 164
1813480 164
1813490 164
1813500 164
1813510 164
1813520 164
1813530 164
1813540 164
1813550 164
1813560 164
1813570 164
1813580 164
1813590 164
1813600 164
1813610 164
1813620 164
1813630 164
1813640 164
1813650 164
1813660 164
1813670 164
1813680 164
1813690 164
1813700 164
1813710 164
1813720 164
1813730 164
1813740 164
1813750 164
1813760 164
1813770 164
1813780 164
1813790 164
1813800 164
1813810 164
1813820 164
1813830 164
1813840 164
1813850 164
1813860 164
1813870 164
1813880 164
1813890 164
1813900 164
1813910 164
1813920 164
1813930 164
1813940 164
1813950 164
1813960 164
1813970 164
1813980 164
1813990 164
1814000 164
1814010 164
1814020 164
1814030 164
1814040 164
1814050 164
1814060 164
1814070 164
1814080 164
1814090 164
1814100 164
1814110 164
1814120 164
1814130 164
1814140 164
1814150 164
1814160 164
1814170 164
1814180 164
1814190 164
1814200 164
1814210 164
1814220 164
1814230 164
1814240 165
1814250 166
1814260 167
1814270 167
1814280 167
1814290 167
1814300 167
1814310 167
1814320 168
1814330 168
1814340 168
1814350 168
1814360 168
1814370 168
1814380 168
1814390 168
1814400 168
1814410 168
1814420 167
1814430 167
1814440 167
1814450 167
1814460 167
1814470 167
1814480 167
1814490 167
1814500 167
1814510 167
1814520 167
1814530 167
1814540 167
1814550 167
1814560 167
1814570 167
1814580 167
1814590 167
1814600 167
1814610 168
1814620 168
1814630 167
1814640 167
1814650 166
1814660 165
1814670 164
1814680 164
1814690 163
1814700 163
1814710 163
1814720 163
1814730 163
1814740 163
1814750 163
1814760 163
1814770 163
1814780 163
1814790 163
1814800 163
1814810 163
1814820 163
1814830 163
1814840 163
1814850 163
1814860 163
1814870 163
1814880 163
1814890 164
1814900 166
1814910 167
1814920 167
1814930 167
1814940 167
1814950 167
1814960 167
1814970 167
1814980 167
1814990 166
1815000 165
1815010 165
1815020 165
1815030 164
1815040 164
1815050 164
1815060 164
1815070 164
1815080 164
1815090 164
1815100 164
1815110 164
1815120 164
1815130 164
1815140 164
1815150 164
1815160 164
1815170 164
1815180 165
1815190 166
1815200 167
1815210 167
1815220 168
1815230 167
1815240 167
1815250 167
1815260 167
1815270 167
1815280 167
1815290 167
1815300 167
1815310 167
1815320 167
1815330 167
1815340 166
1815350 166
1815360 165
1815370 165
1815380 165
1815390 165
1815400 165
1815410 166
1815420 166
1815430 166
1815440 167
1815450 167
1815460 167
1815470 166
1815480 166
1815490 166
1815500 166
1815510 165
1815520 165
1815530 165
1815540 165
1815550 166
1815560 166
1815570 166
1815580 166
1815590 166
1815600 166
1815610 166
1815620 166
1815630 166
1815640 166
1815650 166
1815660 166
1815670 166
1815680 166
1815690 166
1815700 166
1815710 166
1815720 166
1815730 166
1815740 166
1815750 166
1815760 166
1815770 166
1815780 166
1815790 166
1815800 166
1815810 166
1815820 167
1815830 167
1815840 167
1815850 167
1815860 166
1815870 166
1815880 165
1815890 165
1815900 166
1815910 166
1815920 166
1815930 166
1815940 166
1815950 166
1815960 166
1815970 166
1815980 166
1815990 166
1816000 166
1816010 166
1816020 166
1816030 166
1816040 166
1816050 167
1816060 166
1816070 166
1816080 166
1816090 165
1816100 165
1816110 164
1816120 164
1816130 165
1816140 166
1816150 166
1816160 166
1816170 166
1816180 166
1816190 166
1816200 166
1816210 167
1816220 167
1816230 167
1816240 167
1816250 167
1816260 167
1816270 167
1816280 167
1816290 166
1816300 167
1816310 167
1816320 166
1816330 166
1816340 166
1816350 166
1816360 166
1816370 166
1816380 166
1816390 166
1816400 166
1816410 166
1816420 166
1816430 167
1816440 167
1816450 167
1816460 167
1816470 167
1816480 167
1816490 167
1816500 167
1816510 167
1816520 167
1816530 167
1816540 167
1816550 167
1816560 167
1816570 167
1816580 167
1816590 167
1816600 167
1816610 167
1816620 168
1816630 169
1816640 170
1816650 172
1816660 172
1816670 172
1816680 172
1816690 172
1816700 171
1816710 171
1816720 171
1816730 171
1816740 171
1816750 171
1816760 171
1816770 171
1816780 171
1816790 170
1816800 169
1816810 168
1816820 167
1816830 167
1816840 167
1816850 167
1816860 167
1816870 167
1816880 167
1816890 167
1816900 167
1816910 167
1816920 167
1816930 167
1816940 166
1816950 166
1816960 166
1816970 166
1816980 166
1816990 166
1817000 166
1817010 166
1817020 167
1817030 167
1817040 167
1817050 167
1817060 167
1817070 167
1817080 167
1817090 167
1817100 167
1817110 167
1817120 167
1817130 167
1817140 167
1817150 167
1817160 167
1817170 167
1817180 167
1817190 167
1817200 167
1817210 167
1817220 166
1817230 166
1817240 166
1817250 166
1817260 167
1817270 169
1817280 169
1817290 169
1817300 169
1817310 169
1817320 169
1817330 169
1817340 169
1817350 169
1817360 168
1817370 168
1817380 168
1817390 167
1817400 167
1817410 167
1817420 166
1817430 166
1817440 166
1817450 166
1817460 166
1817470 166
1817480 166
1817490 167
1817500 167
1817510 167
1817520 167
1817530 167
1817540 167
1817550 168
1817560 168
1817570 168
1817580 168
1817590 168
1817600 168
1817610 168
1817620 168
1817630 168
1817640 168
1817650 168
1817660 169
1817670 168
1817680 168
1817690 168
1817700 168
1817710 168
1817720 168
1817730 168
1817740 168
1817750 167
1817760 167
1817770 167
1817780 167
1817790 168
1817800 168
1817810 168
1817820 168
1817830 168
1817840 168
1817850 168
1817860 168
1817870 168
1817880 168
1817890 168
1817900 168
1817910 168
1817920 168
1817930 168
1817940 168
1817950 168
1817960 168
1817970 167
1817980 167
1817990 167
1818000 167
1818010 167
1818020 167
1818030 167
1818040 167
1818050 168
1818060 168
1818070 167
1818080 167
1818090 167
1818100 167
1818110 167
1818120 167
1818130 168
1818140 168
1818150 168
1818160 169
1818170 169
1818180 169
1818190 169
1818200 168
1818210 168
1818220 168
1818230 168
1818240 168
1818250 168
1818260 167
1818270 167
1818280 167
1818290 167
1818300 167
1818310 167
1818320 167
1818330 166
1818340 166
1818350 166
1818360 166
1818370 166
1818380 166
1818390 166
1818400 166
1818410 166
1818420 166
1818430 166
1818440 166
1818450 166
1818460 166
1818470 167
1818480 167
1818490 167
1818500 167
1818510 167
1818520 167
1818530 167
1818540 167
1818550 167
1818560 167
1818570 167
1818580 167
1818590 167
1818600 167
1818610 167
1818620 167
1818630 167
1818640 167
1818650 167
1818660 167
1818670 167
1818680 167
1818690 167
1818700 167
1818710 167
1818720 167
1818730 167
1818740 167
1818750 167
1818760 167
1818770 167
1818780 167
1818790 167
1818800 167
1818810 167
1818820 166
1818830 166
1818840 166
1818850 166
1818860 166
1818870 166
1818880 166
1818890 166
1818900 166
1818910 167
1818920 167
1818930 167
1818940 167
1818950 167
1818960 167
1818970 167
1818980 167
1818990 167
1819000 167
1819010 167
1819020 167
1819030 167
1819040 166
1819050 166
1819060 166
1819070 166
1819080 167
1819090 167
1819100 167
1819110 167
1819120 167
1819130 167
1819140 167
1819150 167
1819160 167
1819170 167
1819180 167
1819190 167
1819200 167
1819210 167
1819220 167
1819230 167
1819240 167
1819250 167
1819260 167
1819270 167
1819280 167
1819290 167
1819300 167
1819310 167
1819320 168
1819330 168
1819340 168
1819350 168
1819360 168
1819370 168
1819380 168
1819390 168
1819400 168
1819410 167
1819420 167
1819430 167
1819440 167
1819450 167
1819460 167
1819470 167
1819480 167
1819490 167
1819500 167
1819510 167
1819520 167
1819530 167
1819540 167
1819550 167
1819560 167
1819570 167
1819580 167
1819590 167
1819600 167
1819610 167
1819620 167
1819630 167
1819640 167
1819650 167
1819660 167
1819670 167
1819680 167
1819690 167
1819700 167
1819710 167
1819720 167
1819730 167
1819740 167
1819750 167
1819760 167
1819770 167
1819780 167
1819790 167
1819800 167
1819810 166
1819820 166
1819830 166
1819840 166
1819850 166
1819860 166
1819870 166
1819880 166
1819890 166
1819900 167
1819910 167
1819920 167
1819930 167
1819940 167
1819950 167
1819960 167
1819970 167
1819980 167
1819990 167
