1800000 173
1800010 173
1800020 173
1800030 173
1800040 173
1800050 173
1800060 173
1800070 173
1800080 173
1800090 172
1800100 173
1800110 173
1800120 172
1800130 172
1800140 172
1800150 172
1800160 172
1800170 172
1800180 172
1800190 172
1800200 172
1800210 172
1800220 172
1800230 172
1800240 172
1800250 172
1800260 172
1800270 172
1800280 173
1800290 173
1800300 173
1800310 173
1800320 173
1800330 173
1800340 173
1800350 173
1800360 173
1800370 173
1800380 173
1800390 173
1800400 173
1800410 173
1800420 173
1800430 173
1800440 173
1800450 173
1800460 173
1800470 173
1800480 173
1800490 173
1800500 173
1800510 173
1800520 173
1800530 173
1800540 173
1800550 173
1800560 173
1800570 173
1800580 173
1800590 173
1800600 173
1800610 173
1800620 173
1800630 173
1800640 173
1800650 173
1800660 173
1800670 173
1800680 173
1800690 173
1800700 173
1800710 173
1800720 173
1800730 173
1800740 173
1800750 173
1800760 173
1800770 173
1800780 173
1800790 173
1800800 173
1800810 173
1800820 173
1800830 173
1800840 173
1800850 173
1800860 173
1800870 173
1800880 172
1800890 172
1800900 172
1800910 172
1800920 172
1800930 172
1800940 173
1800950 173
1800960 173
1800970 173
1800980 173
1800990 173
1801000 173
1801010 173
1801020 173
1801030 173
1801040 173
1801050 173
1801060 173
1801070 173
1801080 173
1801090 173
1801100 173
1801110 173
1801120 173
1801130 173
1801140 173
1801150 173
1801160 173
1801170 173
1801180 173
1801190 173
1801200 173
1801210 173
1801220 173
1801230 173
1801240 173
1801250 173
1801260 173
1801270 173
1801280 173
1801290 173
1801300 173
1801310 173
1801320 173
1801330 173
1801340 174
1801350 176
1801360 177
1801370 178
1801380 178
1801390 178
1801400 178
1801410 178
1801420 178
1801430 178
1801440 177
1801450 176
1801460 175
1801470 174
1801480 173
1801490 173
1801500 173
1801510 173
1801520 173
1801530 172
1801540 172
1801550 172
1801560 172
1801570 173
1801580 172
1801590 172
1801600 172
1801610 172
1801620 172
1801630 172
1801640 172
1801650 172
1801660 172
1801670 172
1801680 172
1801690 172
1801700 172
1801710 172
1801720 172
1801730 172
1801740 172
1801750 172
1801760 172
1801770 172
1801780 171
1801790 171
1801800 171
1801810 171
1801820 171
1801830 171
1801840 171
1801850 171
1801860 171
1801870 171
1801880 170
1801890 170
1801900 170
1801910 170
1801920 170
1801930 170
1801940 170
1801950 170
1801960 170
1801970 170
1801980 170
1801990 170
1802000 170
1802010 170
1802020 170
1802030 170
1802040 170
1802050 170
1802060 170
1802070 170
1802080 170
1802090 170
1802100 170
1802110 170
1802120 169
1802130 169
1802140 169
1802150 169
1802160 169
1802170 169
1802180 169
1802190 169
1802200 169
1802210 169
1802220 170
1802230 170
1802240 170
1802250 170
1802260 170
1802270 170
1802280 170
1802290 170
1802300 170
1802310 170
1802320 170
1802330 170
1802340 170
1802350 170
1802360 170
1802370 170
1802380 170
1802390 170
1802400 170
1802410 170
1802420 170
1802430 170
1802440 170
1802450 170
1802460 170
1802470 170
1802480 170
1802490 170
1802500 170
1802510 170
1802520 170
1802530 170
1802540 170
1802550 170
1802560 170
1802570 170
1802580 170
1802590 170
1802600 170
1802610 170
1802620 170
1802630 170
1802640 170
1802650 170
1802660 170
1802670 170
1802680 170
1802690 170
1802700 170
1802710 170
1802720 170
1802730 170
1802740 170
1802750 170
1802760 170
1802770 170
1802780 170
1802790 170
1802800 170
1802810 170
1802820 170
1802830 170
1802840 171
1802850 171
1802860 172
1802870 171
1802880 170
1802890 170
1802900 171
1802910 172
1802920 171
1802930 171
1802940 170
1802950 170
1802960 170
1802970 171
1802980 171
1802990 171
1803000 171
1803010 171
1803020 171
1803030 171
1803040 171
1803050 171
1803060 171
1803070 171
1803080 171
1803090 171
1803100 170
1803110 170
1803120 170
1803130 170
1803140 170
1803150 170
1803160 171
1803170 171
1803180 171
1803190 171
1803200 170
1803210 170
1803220 170
1803230 170
1803240 170
1803250 170
1803260 170
1803270 170
1803280 170
1803290 170
1803300 170
1803310 170
1803320 170
1803330 170
1803340 170
1803350 170
1803360 170
1803370 171
1803380 171
1803390 171
1803400 171
1803410 171
1803420 171
1803430 171
1803440 170
1803450 170
1803460 170
1803470 170
1803480 170
1803490 170
1803500 170
1803510 170
1803520 170
1803530 170
1803540 170
1803550 170
1803560 170
1803570 170
1803580 170
1803590 170
1803600 171
1803610 171
1803620 171
1803630 171
1803640 171
1803650 171
1803660 171
1803670 171
1803680 171
1803690 171
1803700 171
1803710 171
1803720 171
1803730 172
1803740 172
1803750 172
1803760 172
1803770 172
1803780 172
1803790 172
1803800 172
1803810 172
1803820 172
1803830 172
1803840 172
1803850 172
1803860 172
1803870 172
1803880 171
1803890 171
1803900 170
1803910 170
1803920 170
1803930 171
1803940 171
1803950 171
1803960 171
1803970 170
1803980 170
1803990 171
1804000 171
1804010 171
1804020 170
1804030 170
1804040 170
1804050 170
1804060 170
1804070 170
1804080 170
1804090 171
1804100 171
1804110 171
1804120 171
1804130 171
1804140 171
1804150 171
1804160 172
1804170 172
1804180 172
1804190 172
1804200 172
1804210 172
1804220 172
1804230 172
1804240 172
1804250 172
1804260 172
1804270 172
1804280 172
1804290 172
1804300 172
1804310 172
1804320 172
1804330 172
1804340 172
1804350 172
1804360 172
1804370 172
1804380 172
1804390 172
1804400 172
1804410 172
1804420 172
1804430 172
1804440 172
1804450 172
1804460 172
1804470 172
1804480 172
1804490 172
1804500 172
1804510 172
1804520 172
1804530 172
1804540 172
1804550 171
1804560 171
1804570 171
1804580 171
1804590 171
1804600 171
1804610 171
1804620 171
1804630 171
1804640 171
1804650 171
1804660 171
1804670 171
1804680 171
1804690 171
1804700 171
1804710 171
1804720 171
1804730 171
1804740 171
1804750 171
1804760 170
1804770 170
1804780 170
1804790 170
1804800 170
1804810 170
1804820 170
1804830 171
1804840 172
1804850 172
1804860 172
1804870 171
1804880 171
1804890 171
1804900 171
1804910 171
1804920 171
1804930 171
1804940 171
1804950 172
1804960 171
1804970 171
1804980 172
1804990 172
1805000 172
1805010 171
1805020 171
1805030 171
1805040 171
1805050 172
1805060 172
1805070 172
1805080 172
1805090 172
1805100 172
1805110 171
1805120 171
1805130 171
1805140 171
1805150 171
1805160 171
1805170 171
1805180 171
1805190 171
1805200 171
1805210 171
1805220 171
1805230 171
1805240 171
1805250 171
1805260 171
1805270 171
1805280 171
1805290 171
1805300 171
1805310 171
1805320 171
1805330 171
1805340 171
1805350 171
1805360 171
1805370 171
1805380 170
1805390 170
1805400 170
1805410 170
1805420 170
1805430 170
1805440 170
1805450 169
1805460 169
1805470 169
1805480 169
1805490 169
1805500 169
1805510 169
1805520 169
1805530 170
1805540 170
1805550 170
1805560 169
1805570 169
1805580 169
1805590 169
1805600 170
1805610 170
1805620 170
1805630 170
1805640 170
1805650 170
1805660 170
1805670 170
1805680 170
1805690 170
1805700 170
1805710 170
1805720 170
1805730 170
1805740 170
1805750 170
1805760 170
1805770 170
1805780 169
1805790 170
1805800 170
1805810 170
1805820 170
1805830 170
1805840 170
1805850 170
1805860 170
1805870 170
1805880 170
1805890 170
1805900 170
1805910 170
1805920 170
1805930 169
1805940 169
1805950 169
1805960 169
1805970 169
1805980 169
1805990 169
1806000 169
1806010 169
1806020 169
1806030 169
1806040 169
1806050 169
1806060 169
1806070 169
1806080 170
1806090 169
1806100 169
1806110 169
1806120 169
1806130 169
1806140 169
1806150 169
1806160 169
1806170 169
1806180 169
1806190 169
1806200 169
1806210 169
1806220 169
1806230 169
1806240 169
1806250 169
1806260 169
1806270 169
1806280 169
1806290 170
1806300 169
1806310 169
1806320 169
1806330 169
1806340 169
1806350 169
1806360 169
1806370 169
1806380 169
1806390 169
1806400 169
1806410 169
1806420 169
1806430 169
1806440 169
1806450 169
1806460 169
1806470 169
1806480 169
1806490 169
1806500 168
1806510 168
1806520 167
1806530 167
1806540 168
1806550 169
1806560 171
1806570 170
1806580 169
1806590 168
1806600 168
1806610 169
1806620 171
1806630 171
1806640 171
1806650 171
1806660 171
1806670 171
1806680 171
1806690 171
1806700 171
1806710 171
1806720 171
1806730 171
1806740 171
1806750 171
1806760 171
1806770 171
1806780 171
1806790 170
1806800 169
1806810 168
1806820 169
1806830 169
1806840 169
1806850 169
1806860 169
1806870 169
1806880 169
1806890 169
1806900 169
1806910 169
1806920 169
1806930 169
1806940 169
1806950 169
1806960 169
1806970 169
1806980 169
1806990 169
1807000 169
1807010 169
1807020 169
1807030 169
1807040 169
1807050 169
1807060 169
1807070 169
1807080 169
1807090 169
1807100 169
1807110 169
1807120 169
1807130 169
1807140 169
1807150 169
1807160 169
1807170 169
1807180 169
1807190 169
1807200 169
1807210 170
1807220 171
1807230 171
1807240 171
1807250 171
1807260 170
1807270 170
1807280 170
1807290 170
1807300 170
1807310 170
1807320 170
1807330 170
1807340 170
1807350 170
1807360 170
1807370 170
1807380 170
1807390 170
1807400 170
1807410 170
1807420 171
1807430 171
1807440 171
1807450 171
1807460 171
1807470 171
1807480 171
1807490 170
1807500 171
1807510 171
1807520 171
1807530 171
1807540 171
1807550 171
1807560 171
1807570 171
1807580 171
1807590 171
1807600 171
1807610 171
1807620 171
1807630 171
1807640 171
1807650 170
1807660 170
1807670 170
1807680 170
1807690 170
1807700 170
1807710 170
1807720 170
1807730 170
1807740 170
1807750 170
1807760 170
1807770 170
1807780 169
1807790 169
1807800 169
1807810 169
1807820 169
1807830 169
1807840 169
1807850 169
1807860 169
1807870 169
1807880 169
1807890 169
1807900 169
1807910 169
1807920 169
1807930 169
1807940 169
1807950 169
1807960 170
1807970 170
1807980 169
1807990 169
1808000 169
1808010 169
1808020 169
1808030 169
1808040 169
1808050 169
1808060 169
1808070 169
1808080 169
1808090 169
1808100 169
1808110 169
1808120 169
1808130 169
1808140 169
1808150 169
1808160 169
1808170 169
1808180 169
1808190 169
1808200 169
1808210 170
1808220 171
1808230 171
1808240 172
1808250 174
1808260 176
1808270 177
1808280 178
1808290 178
1808300 178
1808310 179
1808320 179
1808330 179
1808340 179
1808350 179
1808360 179
1808370 179
1808380 179
1808390 179
1808400 179
1808410 179
1808420 179
1808430 179
1808440 179
1808450 179
1808460 178
1808470 178
1808480 178
1808490 178
1808500 178
1808510 178
1808520 178
1808530 178
1808540 177
1808550 177
1808560 177
1808570 177
1808580 177
1808590 177
1808600 177
1808610 177
1808620 177
1808630 177
1808640 177
1808650 177
1808660 176
1808670 176
1808680 176
1808690 176
1808700 177
1808710 177
1808720 178
1808730 178
1808740 178
1808750 178
1808760 178
1808770 178
1808780 179
1808790 179
1808800 179
1808810 179
1808820 179
1808830 179
1808840 180
1808850 180
1808860 180
1808870 180
1808880 180
1808890 180
1808900 180
1808910 181
1808920 181
1808930 181
1808940 181
1808950 181
1808960 181
1808970 182
1808980 182
1808990 182
1809000 182
1809010 182
1809020 183
1809030 183
1809040 183
1809050 183
1809060 183
1809070 183
1809080 184
1809090 184
1809100 184
1809110 184
1809120 184
1809130 185
1809140 185
1809150 185
1809160 185
1809170 185
1809180 185
1809190 186
1809200 186
1809210 186
1809220 186
1809230 186
1809240 186
1809250 186
1809260 187
1809270 187
1809280 187
1809290 187
1809300 187
1809310 188
1809320 188
1809330 188
1809340 188
1809350 188
1809360 189
1809370 189
1809380 189
1809390 190
1809400 190
1809410 190
1809420 190
1809430 191
1809440 191
1809450 191
1809460 191
1809470 192
1809480 192
1809490 192
1809500 192
1809510 192
1809520 193
1809530 193
1809540 193
1809550 193
1809560 193
1809570 193
1809580 193
1809590 194
1809600 194
1809610 194
1809620 194
1809630 194
1809640 194
1809650 194
1809660 195
1809670 195
1809680 195
1809690 195
1809700 195
1809710 195
1809720 196
1809730 196
1809740 196
1809750 196
1809760 196
1809770 196
1809780 197
1809790 197
1809800 197
1809810 197
1809820 197
1809830 197
1809840 197
1809850 197
1809860 197
1809870 197
1809880 197
1809890 197
1809900 197
1809910 198
1809920 198
1809930 198
1809940 197
1809950 197
1809960 197
1809970 196
1809980 196
1809990 195
1810000 195
1810010 194
1810020 194
1810030 194
1810040 193
1810050 193
1810060 193
1810070 193
1810080 193
1810090 193
1810100 193
1810110 192
1810120 192
1810130 192
1810140 191
1810150 190
1810160 190
1810170 189
1810180 188
1810190 188
1810200 187
1810210 186
1810220 185
1810230 185
1810240 184
1810250 184
1810260 183
1810270 183
1810280 183
1810290 183
1810300 182
1810310 182
1810320 183
1810330 183
1810340 183
1810350 183
1810360 183
1810370 183
1810380 183
1810390 183
1810400 183
1810410 183
1810420 183
1810430 183
1810440 183
1810450 183
1810460 183
1810470 184
1810480 184
1810490 184
1810500 185
1810510 185
1810520 186
1810530 186
1810540 187
1810550 187
1810560 188
1810570 188
1810580 189
1810590 188
1810600 188
1810610 187
1810620 187
1810630 187
1810640 187
1810650 187
1810660 186
1810670 186
1810680 185
1810690 184
1810700 184
1810710 183
1810720 183
1810730 183
1810740 183
1810750 183
1810760 182
1810770 181
1810780 181
1810790 180
1810800 179
1810810 178
1810820 177
1810830 176
1810840 176
1810850 176
1810860 175
1810870 175
1810880 174
1810890 173
1810900 172
1810910 172
1810920 172
1810930 172
1810940 172
1810950 172
1810960 172
1810970 172
1810980 172
1810990 172
1811000 172
1811010 172
1811020 172
1811030 172
1811040 172
1811050 172
1811060 172
1811070 171
1811080 171
1811090 171
1811100 171
1811110 171
1811120 171
1811130 171
1811140 171
1811150 171
1811160 171
1811170 171
1811180 171
1811190 170
1811200 170
1811210 170
1811220 170
1811230 170
1811240 170
1811250 170
1811260 170
1811270 170
1811280 170
1811290 170
1811300 170
1811310 170
1811320 170
1811330 170
1811340 170
1811350 170
1811360 170
1811370 170
1811380 170
1811390 171
1811400 171
1811410 170
1811420 170
1811430 170
1811440 170
1811450 170
1811460 170
1811470 170
1811480 170
1811490 170
1811500 170
1811510 170
1811520 170
1811530 170
1811540 170
1811550 170
1811560 170
1811570 170
1811580 170
1811590 170
1811600 170
1811610 170
1811620 170
1811630 170
1811640 170
1811650 170
1811660 170
1811670 170
1811680 170
1811690 170
1811700 170
1811710 171
1811720 171
1811730 171
1811740 171
1811750 172
1811760 172
1811770 172
1811780 173
1811790 173
1811800 174
1811810 176
1811820 178
1811830 179
1811840 181
1811850 182
1811860 183
1811870 184
1811880 184
1811890 184
1811900 184
1811910 183
1811920 183
1811930 183
1811940 183
1811950 183
1811960 182
1811970 182
1811980 182
1811990 181
1812000 181
1812010 181
1812020 181
1812030 180
1812040 180
1812050 179
1812060 179
1812070 178
1812080 178
1812090 178
1812100 177
1812110 177
1812120 176
1812130 175
1812140 175
1812150 175
1812160 174
1812170 174
1812180 174
1812190 174
1812200 174
1812210 174
1812220 173
1812230 173
1812240 173
1812250 173
1812260 173
1812270 173
1812280 173
1812290 173
1812300 173
1812310 173
1812320 173
1812330 173
1812340 173
1812350 173
1812360 173
1812370 173
1812380 173
1812390 173
1812400 173
1812410 173
1812420 173
1812430 173
1812440 173
1812450 173
1812460 174
1812470 174
1812480 174
1812490 174
1812500 173
1812510 174
1812520 174
1812530 175
1812540 174
1812550 174
1812560 174
1812570 174
1812580 174
1812590 174
1812600 174
1812610 174
1812620 175
1812630 175
1812640 176
1812650 176
1812660 176
1812670 176
1812680 176
1812690 176
1812700 176
1812710 176
1812720 177
1812730 177
1812740 177
1812750 177
1812760 177
1812770 177
1812780 178
1812790 178
1812800 178
1812810 179
1812820 179
1812830 179
1812840 180
1812850 180
1812860 180
1812870 181
1812880 181
1812890 182
1812900 182
1812910 183
1812920 183
1812930 184
1812940 185
1812950 185
1812960 186
1812970 186
1812980 187
1812990 187
1813000 189
1813010 190
1813020 190
1813030 190
1813040 190
1813050 191
1813060 191
1813070 192
1813080 192
1813090 193
1813100 193
1813110 194
1813120 194
1813130 195
1813140 195
1813150 196
1813160 196
1813170 197
1813180 197
1813190 198
1813200 199
1813210 199
1813220 200
1813230 201
1813240 202
1813250 203
1813260 204
1813270 205
1813280 205
1813290 206
1813300 206
1813310 207
1813320 207
1813330 208
1813340 208
1813350 208
1813360 208
1813370 209
1813380 209
1813390 209
1813400 209
1813410 209
1813420 209
1813430 209
1813440 209
1813450 210
1813460 210
1813470 210
1813480 210
1813490 210
1813500 210
1813510 210
1813520 210
1813530 210
1813540 211
1813550 211
1813560 211
1813570 211
1813580 211
1813590 211
1813600 211
1813610 211
1813620 211
1813630 211
1813640 211
1813650 210
1813660 210
1813670 210
1813680 210
1813690 209
1813700 209
1813710 208
1813720 208
1813730 207
1813740 207
1813750 206
1813760 206
1813770 205
1813780 205
1813790 205
1813800 205
1813810 205
1813820 205
1813830 204
1813840 204
1813850 204
1813860 205
1813870 205
1813880 205
1813890 206
1813900 206
1813910 207
1813920 207
1813930 208
1813940 208
1813950 208
1813960 209
1813970 209
1813980 209
1813990 210
1814000 210
1814010 211
1814020 211
1814030 212
1814040 213
1814050 214
1814060 215
1814070 215
1814080 216
1814090 217
1814100 217
1814110 217
1814120 218
1814130 218
1814140 219
1814150 219
1814160 219
1814170 220
1814180 220
1814190 220
1814200 219
1814210 219
1814220 219
1814230 219
1814240 219
1814250 218
1814260 218
1814270 218
1814280 217
1814290 217
1814300 217
1814310 217
1814320 216
1814330 216
1814340 216
1814350 216
1814360 216
1814370 216
1814380 216
1814390 216
1814400 216
1814410 216
1814420 216
1814430 216
1814440 216
1814450 216
1814460 216
1814470 216
1814480 216
1814490 216
1814500 216
1814510 216
1814520 216
1814530 217
1814540 217
1814550 217
1814560 217
1814570 217
1814580 217
1814590 217
1814600 218
1814610 218
1814620 218
1814630 218
1814640 218
1814650 219
1814660 219
1814670 219
1814680 219
1814690 219
1814700 219
1814710 220
1814720 220
1814730 220
1814740 221
1814750 221
1814760 221
1814770 221
1814780 221
1814790 221
1814800 221
1814810 222
1814820 222
1814830 222
1814840 222
1814850 222
1814860 222
1814870 223
1814880 223
1814890 223
1814900 223
1814910 223
1814920 223
1814930 223
1814940 223
1814950 223
1814960 223
1814970 223
1814980 223
1814990 223
1815000 223
1815010 223
1815020 223
1815030 223
1815040 223
1815050 223
1815060 224
1815070 224
1815080 224
1815090 223
1815100 224
1815110 224
1815120 224
1815130 224
1815140 224
1815150 223
1815160 223
1815170 223
1815180 224
1815190 224
1815200 224
1815210 224
1815220 224
1815230 225
1815240 225
1815250 225
1815260 226
1815270 226
1815280 226
1815290 226
1815300 227
1815310 227
1815320 227
1815330 228
1815340 228
1815350 229
1815360 229
1815370 230
1815380 230
1815390 231
1815400 231
1815410 232
1815420 232
1815430 233
1815440 233
1815450 234
1815460 234
1815470 234
1815480 235
1815490 235
1815500 235
1815510 235
1815520 235
1815530 234
1815540 234
1815550 234
1815560 234
1815570 234
1815580 234
1815590 234
1815600 234
1815610 234
1815620 234
1815630 235
1815640 235
1815650 235
1815660 236
1815670 236
1815680 236
1815690 236
1815700 237
1815710 237
1815720 237
1815730 237
1815740 238
1815750 238
1815760 238
1815770 238
1815780 239
1815790 239
1815800 239
1815810 240
1815820 240
1815830 239
1815840 239
1815850 239
1815860 240
1815870 240
1815880 241
1815890 242
1815900 242
1815910 243
1815920 244
1815930 245
1815940 245
1815950 246
1815960 247
1815970 247
1815980 247
1815990 248
1816000 248
1816010 248
1816020 249
1816030 249
1816040 249
1816050 249
1816060 249
1816070 249
1816080 249
1816090 249
1816100 248
1816110 248
1816120 248
1816130 248
1816140 248
1816150 248
1816160 247
1816170 247
1816180 247
1816190 247
1816200 248
1816210 248
1816220 247
1816230 247
1816240 247
1816250 247
1816260 247
1816270 248
1816280 248
1816290 248
1816300 248
1816310 247
1816320 247
1816330 247
1816340 246
1816350 246
1816360 246
1816370 245
1816380 245
1816390 244
1816400 244
1816410 243
1816420 243
1816430 242
1816440 242
1816450 241
1816460 241
1816470 240
1816480 240
1816490 239
1816500 239
1816510 238
1816520 238
1816530 237
1816540 237
1816550 236
1816560 236
1816570 235
1816580 234
1816590 233
1816600 232
1816610 230
1816620 229
1816630 228
1816640 226
1816650 225
1816660 224
1816670 223
1816680 222
1816690 221
1816700 220
1816710 219
1816720 219
1816730 218
1816740 217
1816750 216
1816760 216
1816770 216
1816780 216
1816790 216
1816800 216
1816810 216
1816820 216
1816830 216
1816840 216
1816850 217
1816860 217
1816870 217
1816880 218
1816890 218
1816900 218
1816910 218
1816920 217
1816930 217
1816940 216
1816950 216
1816960 216
1816970 216
1816980 217
1816990 217
1817000 216
1817010 216
1817020 216
1817030 216
1817040 215
1817050 215
1817060 215
1817070 215
1817080 215
1817090 214
1817100 214
1817110 214
1817120 213
1817130 213
1817140 213
1817150 213
1817160 213
1817170 213
1817180 213
1817190 213
1817200 213
1817210 213
1817220 213
1817230 213
1817240 212
1817250 212
1817260 212
1817270 212
1817280 211
1817290 211
1817300 211
1817310 211
1817320 210
1817330 210
1817340 210
1817350 210
1817360 209
1817370 209
1817380 209
1817390 209
1817400 209
1817410 208
1817420 208
1817430 208
1817440 208
1817450 207
1817460 207
1817470 207
1817480 206
1817490 206
1817500 206
1817510 205
1817520 205
1817530 204
1817540 204
1817550 203
1817560 203
1817570 202
1817580 202
1817590 201
1817600 201
1817610 200
1817620 200
1817630 200
1817640 199
1817650 199
1817660 198
1817670 198
1817680 198
1817690 197
1817700 197
1817710 196
1817720 196
1817730 196
1817740 195
1817750 195
1817760 195
1817770 195
1817780 195
1817790 194
1817800 194
1817810 194
1817820 194
1817830 194
1817840 194
1817850 193
1817860 193
1817870 193
1817880 193
1817890 192
1817900 192
1817910 192
1817920 192
1817930 192
1817940 192
1817950 192
1817960 192
1817970 192
1817980 192
1817990 192
1818000 192
1818010 192
1818020 193
1818030 194
1818040 194
1818050 194
1818060 195
1818070 195
1818080 195
1818090 195
1818100 196
1818110 196
1818120 197
1818130 197
1818140 198
1818150 198
1818160 199
1818170 199
1818180 199
1818190 200
1818200 200
1818210 200
1818220 201
1818230 201
1818240 201
1818250 202
1818260 202
1818270 202
1818280 202
1818290 203
1818300 203
1818310 204
1818320 204
1818330 204
1818340 204
1818350 204
1818360 204
1818370 204
1818380 204
1818390 204
1818400 204
1818410 205
1818420 205
1818430 205
1818440 205
1818450 205
1818460 205
1818470 205
1818480 205
1818490 205
1818500 205
1818510 205
1818520 205
1818530 205
1818540 205
1818550 204
1818560 204
1818570 204
1818580 204
1818590 203
1818600 203
1818610 203
1818620 202
1818630 202
1818640 202
1818650 201
1818660 201
1818670 200
1818680 200
1818690 199
1818700 198
1818710 197
1818720 197
1818730 196
1818740 195
1818750 195
1818760 194
1818770 193
1818780 193
1818790 192
1818800 191
1818810 191
1818820 190
1818830 190
1818840 189
1818850 189
1818860 188
1818870 188
1818880 187
1818890 187
1818900 187
1818910 187
1818920 186
1818930 186
1818940 186
1818950 185
1818960 185
1818970 184
1818980 184
1818990 184
1819000 183
1819010 183
1819020 183
1819030 183
1819040 184
1819050 184
1819060 185
1819070 187
1819080 188
1819090 189
1819100 189
1819110 190
1819120 191
1819130 193
1819140 195
1819150 196
1819160 197
1819170 197
1819180 197
1819190 197
1819200 198
1819210 198
1819220 198
1819230 198
1819240 197
1819250 197
1819260 197
1819270 196
1819280 196
1819290 196
1819300 196
1819310 196
1819320 196
1819330 196
1819340 196
1819350 196
1819360 196
1819370 196
1819380 197
1819390 197
1819400 197
1819410 198
1819420 198
1819430 198
1819440 198
1819450 199
1819460 199
1819470 198
1819480 198
1819490 198
1819500 198
1819510 198
1819520 197
1819530 197
1819540 197
1819550 196
1819560 196
1819570 195
1819580 195
1819590 194
1819600 194
1819610 194
1819620 193
1819630 193
1819640 192
1819650 192
1819660 192
1819670 191
1819680 191
1819690 191
1819700 191
1819710 191
1819720 191
1819730 190
1819740 190
1819750 190
1819760 190
1819770 189
1819780 187
1819790 188
1819800 188
1819810 189
1819820 189
1819830 188
1819840 188
1819850 188
1819860 188
1819870 187
1819880 187
1819890 187
1819900 188
1819910 188
1819920 188
1819930 188
1819940 188
1819950 189
1819960 189
1819970 189
1819980 190
1819990 190
