1800000 179
1800010 179
1800020 179
1800030 179
1800040 179
1800050 179
1800060 179
1800070 179
1800080 180
1800090 180
1800100 180
1800110 181
1800120 180
1800130 180
1800140 180
1800150 180
1800160 180
1800170 180
1800180 180
1800190 180
1800200 180
1800210 179
1800220 179
1800230 179
1800240 179
1800250 179
1800260 179
1800270 179
1800280 179
1800290 179
1800300 179
1800310 179
1800320 179
1800330 179
1800340 179
1800350 179
1800360 179
1800370 179
1800380 179
1800390 179
1800400 179
1800410 179
1800420 179
1800430 179
1800440 179
1800450 179
1800460 179
1800470 179
1800480 179
1800490 179
1800500 179
1800510 179
1800520 179
1800530 179
1800540 179
1800550 179
1800560 179
1800570 179
1800580 179
1800590 179
1800600 179
1800610 179
1800620 179
1800630 179
1800640 179
1800650 179
1800660 179
1800670 179
1800680 179
1800690 179
1800700 179
1800710 179
1800720 179
1800730 180
1800740 179
1800750 179
1800760 178
1800770 178
1800780 178
1800790 177
1800800 177
1800810 177
1800820 177
1800830 177
1800840 177
1800850 177
1800860 177
1800870 177
1800880 177
1800890 177
1800900 177
1800910 177
1800920 177
1800930 177
1800940 177
1800950 177
1800960 177
1800970 177
1800980 177
1800990 177
1801000 177
1801010 177
1801020 177
1801030 177
1801040 177
1801050 177
1801060 177
1801070 177
1801080 177
1801090 177
1801100 177
1801110 177
1801120 176
1801130 177
1801140 176
1801150 175
1801160 175
1801170 176
1801180 176
1801190 176
1801200 176
1801210 176
1801220 176
1801230 176
1801240 175
1801250 175
1801260 175
1801270 175
1801280 175
1801290 175
1801300 175
1801310 175
1801320 175
1801330 175
1801340 175
1801350 175
1801360 175
1801370 175
1801380 175
1801390 175
1801400 175
1801410 175
1801420 176
1801430 177
1801440 177
1801450 177
1801460 176
1801470 176
1801480 176
1801490 176
1801500 176
1801510 176
1801520 176
1801530 176
1801540 176
1801550 176
1801560 176
1801570 177
1801580 177
1801590 177
1801600 178
1801610 178
1801620 178
1801630 179
1801640 179
1801650 179
1801660 179
1801670 179
1801680 178
1801690 177
1801700 177
1801710 177
1801720 177
1801730 177
1801740 177
1801750 177
1801760 177
1801770 177
1801780 176
1801790 176
1801800 176
1801810 176
1801820 176
1801830 176
1801840 176
1801850 176
1801860 176
1801870 176
1801880 176
1801890 176
1801900 176
1801910 176
1801920 176
1801930 176
1801940 176
1801950 176
1801960 177
1801970 177
1801980 177
1801990 176
1802000 176
1802010 175
1802020 175
1802030 175
1802040 175
1802050 176
1802060 176
1802070 176
1802080 176
1802090 176
1802100 176
1802110 177
1802120 177
1802130 177
1802140 177
1802150 177
1802160 178
1802170 178
1802180 178
1802190 178
1802200 177
1802210 177
1802220 177
1802230 176
1802240 176
1802250 176
1802260 176
1802270 176
1802280 176
1802290 176
1802300 176
1802310 176
1802320 176
1802330 176
1802340 176
1802350 176
1802360 177
1802370 177
1802380 177
1802390 177
1802400 177
1802410 177
1802420 177
1802430 178
1802440 178
1802450 178
1802460 178
1802470 178
1802480 179
1802490 179
1802500 179
1802510 179
1802520 179
1802530 180
1802540 180
1802550 180
1802560 180
1802570 180
1802580 181
1802590 181
1802600 181
1802610 181
1802620 181
1802630 181
1802640 181
1802650 181
1802660 181
1802670 181
1802680 182
1802690 182
1802700 182
1802710 183
1802720 183
1802730 183
1802740 183
1802750 183
1802760 183
1802770 184
1802780 184
1802790 184
1802800 184
1802810 184
1802820 184
1802830 184
1802840 184
1802850 184
1802860 184
1802870 184
1802880 185
1802890 185
1802900 185
1802910 186
1802920 186
1802930 187
1802940 187
1802950 187
1802960 187
1802970 187
1802980 187
1802990 188
1803000 188
1803010 188
1803020 189
1803030 189
1803040 189
1803050 189
1803060 189
1803070 189
1803080 189
1803090 189
1803100 189
1803110 189
1803120 189
1803130 189
1803140 189
1803150 190
1803160 190
1803170 190
1803180 190
1803190 190
1803200 190
1803210 190
1803220 190
1803230 190
1803240 190
1803250 190
1803260 190
1803270 190
1803280 190
1803290 190
1803300 190
1803310 190
1803320 190
1803330 190
1803340 190
1803350 190
1803360 190
1803370 190
1803380 190
1803390 190
1803400 190
1803410 190
1803420 191
1803430 191
1803440 191
1803450 191
1803460 191
1803470 191
1803480 191
1803490 191
1803500 191
1803510 191
1803520 191
1803530 191
1803540 191
1803550 191
1803560 191
1803570 191
1803580 191
1803590 191
1803600 191
1803610 191
1803620 191
1803630 191
1803640 191
1803650 191
1803660 192
1803670 192
1803680 192
1803690 192
1803700 192
1803710 192
1803720 193
1803730 193
1803740 193
1803750 193
1803760 194
1803770 194
1803780 194
1803790 194
1803800 194
1803810 194
1803820 194
1803830 194
1803840 194
1803850 194
1803860 194
1803870 194
1803880 194
1803890 195
1803900 195
1803910 195
1803920 195
1803930 195
1803940 195
1803950 196
1803960 196
1803970 196
1803980 196
1803990 196
1804000 196
1804010 196
1804020 195
1804030 195
1804040 195
1804050 195
1804060 194
1804070 194
1804080 194
1804090 193
1804100 193
1804110 193
1804120 193
1804130 193
1804140 192
1804150 192
1804160 192
1804170 191
1804180 190
1804190 189
1804200 188
1804210 188
1804220 187
1804230 187
1804240 187
1804250 187
1804260 187
1804270 187
1804280 187
1804290 187
1804300 187
1804310 187
1804320 187
1804330 187
1804340 187
1804350 186
1804360 186
1804370 186
1804380 186
1804390 186
1804400 186
1804410 186
1804420 186
1804430 186
1804440 186
1804450 186
1804460 186
1804470 186
1804480 185
1804490 185
1804500 185
1804510 185
1804520 185
1804530 185
1804540 185
1804550 185
1804560 185
1804570 186
1804580 186
1804590 186
1804600 186
1804610 186
1804620 186
1804630 186
1804640 186
1804650 186
1804660 186
1804670 186
1804680 186
1804690 186
1804700 186
1804710 187
1804720 187
1804730 187
1804740 187
1804750 187
1804760 187
1804770 187
1804780 187
1804790 187
1804800 187
1804810 187
1804820 187
1804830 187
1804840 188
1804850 188
1804860 188
1804870 188
1804880 188
1804890 189
1804900 189
1804910 189
1804920 189
1804930 189
1804940 189
1804950 189
1804960 190
1804970 190
1804980 190
1804990 191
1805000 191
1805010 191
1805020 191
1805030 191
1805040 191
1805050 192
1805060 192
1805070 192
1805080 192
1805090 192
1805100 192
1805110 192
1805120 192
1805130 192
1805140 192
1805150 192
1805160 192
1805170 192
1805180 192
1805190 192
1805200 192
1805210 192
1805220 192
1805230 192
1805240 192
1805250 192
1805260 192
1805270 192
1805280 192
1805290 192
1805300 192
1805310 192
1805320 192
1805330 192
1805340 192
1805350 192
1805360 192
1805370 192
1805380 192
1805390 192
1805400 191
1805410 191
1805420 191
1805430 191
1805440 191
1805450 191
1805460 191
1805470 191
1805480 191
1805490 191
1805500 191
1805510 190
1805520 190
1805530 190
1805540 190
1805550 189
1805560 189
1805570 189
1805580 188
1805590 188
1805600 187
1805610 187
1805620 187
1805630 187
1805640 186
1805650 186
1805660 185
1805670 185
1805680 185
1805690 184
1805700 183
1805710 183
1805720 183
1805730 183
1805740 182
1805750 182
1805760 181
1805770 181
1805780 181
1805790 181
1805800 181
1805810 181
1805820 181
1805830 181
1805840 180
1805850 179
1805860 179
1805870 178
1805880 178
1805890 178
1805900 178
1805910 177
1805920 177
1805930 177
1805940 177
1805950 177
1805960 177
1805970 177
1805980 177
1805990 177
1806000 176
1806010 176
1806020 176
1806030 175
1806040 175
1806050 175
1806060 175
1806070 175
1806080 175
1806090 175
1806100 175
1806110 175
1806120 175
1806130 175
1806140 175
1806150 175
1806160 175
1806170 175
1806180 175
1806190 175
1806200 175
1806210 175
1806220 175
1806230 175
1806240 175
1806250 175
1806260 174
1806270 174
1806280 174
1806290 174
1806300 174
1806310 174
1806320 174
1806330 174
1806340 174
1806350 174
1806360 174
1806370 174
1806380 174
1806390 173
1806400 173
1806410 173
1806420 172
1806430 173
1806440 172
1806450 172
1806460 172
1806470 172
1806480 173
1806490 174
1806500 174
1806510 175
1806520 175
1806530 175
1806540 175
1806550 175
1806560 175
1806570 175
1806580 175
1806590 176
1806600 176
1806610 176
1806620 176
1806630 176
1806640 176
1806650 177
1806660 177
1806670 177
1806680 177
1806690 178
1806700 178
1806710 178
1806720 178
1806730 178
1806740 179
1806750 179
1806760 179
1806770 179
1806780 179
1806790 179
1806800 179
1806810 179
1806820 179
1806830 179
1806840 179
1806850 179
1806860 179
1806870 180
1806880 180
1806890 180
1806900 180
1806910 180
1806920 181
1806930 181
1806940 181
1806950 182
1806960 182
1806970 183
1806980 183
1806990 184
1807000 184
1807010 185
1807020 185
1807030 186
1807040 186
1807050 187
1807060 187
1807070 187
1807080 187
1807090 186
1807100 186
1807110 186
1807120 186
1807130 186
1807140 186
1807150 186
1807160 186
1807170 186
1807180 186
1807190 186
1807200 186
1807210 186
1807220 186
1807230 187
1807240 187
1807250 187
1807260 187
1807270 188
1807280 188
1807290 188
1807300 188
1807310 189
1807320 189
1807330 189
1807340 190
1807350 190
1807360 190
1807370 191
1807380 191
1807390 191
1807400 191
1807410 192
1807420 192
1807430 192
1807440 193
1807450 193
1807460 193
1807470 194
1807480 194
1807490 194
1807500 195
1807510 195
1807520 196
1807530 196
1807540 196
1807550 197
1807560 197
1807570 197
1807580 197
1807590 198
1807600 198
1807610 199
1807620 200
1807630 200
1807640 200
1807650 201
1807660 202
1807670 203
1807680 203
1807690 204
1807700 205
1807710 205
1807720 206
1807730 206
1807740 206
1807750 206
1807760 206
1807770 206
1807780 206
1807790 206
1807800 205
1807810 204
1807820 203
1807830 203
1807840 203
1807850 204
1807860 205
1807870 205
1807880 205
1807890 205
1807900 205
1807910 205
1807920 205
1807930 205
1807940 205
1807950 205
1807960 205
1807970 205
1807980 205
1807990 205
1808000 205
1808010 205
1808020 205
1808030 205
1808040 205
1808050 205
1808060 205
1808070 205
1808080 205
1808090 205
1808100 205
1808110 205
1808120 205
1808130 205
1808140 205
1808150 205
1808160 205
1808170 205
1808180 205
1808190 205
1808200 205
1808210 205
1808220 205
1808230 205
1808240 205
1808250 205
1808260 206
1808270 206
1808280 204
1808290 204
1808300 204
1808310 204
1808320 203
1808330 203
1808340 203
1808350 202
1808360 201
1808370 200
1808380 199
1808390 199
1808400 200
1808410 202
1808420 203
1808430 202
1808440 202
1808450 201
1808460 201
1808470 201
1808480 200
1808490 200
1808500 200
1808510 200
1808520 199
1808530 200
1808540 200
1808550 200
1808560 200
1808570 199
1808580 198
1808590 198
1808600 198
1808610 197
1808620 197
1808630 197
1808640 197
1808650 196
1808660 196
1808670 196
1808680 196
1808690 195
1808700 195
1808710 195
1808720 195
1808730 194
1808740 194
1808750 194
1808760 193
1808770 193
1808780 193
1808790 193
1808800 193
1808810 193
1808820 193
1808830 193
1808840 192
1808850 193
1808860 193
1808870 193
1808880 193
1808890 193
1808900 193
1808910 193
1808920 194
1808930 194
1808940 194
1808950 194
1808960 195
1808970 195
1808980 195
1808990 195
1809000 195
1809010 195
1809020 195
1809030 195
1809040 194
1809050 194
1809060 194
1809070 194
1809080 194
1809090 194
1809100 193
1809110 193
1809120 193
1809130 193
1809140 193
1809150 193
1809160 192
1809170 192
1809180 192
1809190 192
1809200 192
1809210 192
1809220 192
1809230 191
1809240 192
1809250 192
1809260 192
1809270 192
1809280 193
1809290 193
1809300 193
1809310 194
1809320 194
1809330 194
1809340 195
1809350 195
1809360 195
1809370 195
1809380 196
1809390 196
1809400 196
1809410 197
1809420 197
1809430 197
1809440 198
1809450 198
1809460 198
1809470 198
1809480 199
1809490 199
1809500 199
1809510 200
1809520 200
1809530 200
1809540 201
1809550 201
1809560 201
1809570 201
1809580 202
1809590 202
1809600 203
1809610 203
1809620 203
1809630 203
1809640 203
1809650 203
1809660 203
1809670 204
1809680 204
1809690 205
1809700 205
1809710 205
1809720 205
1809730 205
1809740 205
1809750 205
1809760 205
1809770 205
1809780 205
1809790 205
1809800 205
1809810 205
1809820 205
1809830 205
1809840 205
1809850 205
1809860 205
1809870 205
1809880 205
1809890 205
1809900 205
1809910 206
1809920 206
1809930 206
1809940 206
1809950 206
1809960 206
1809970 206
1809980 206
1809990 206
1810000 206
1810010 206
1810020 206
1810030 206
1810040 206
1810050 207
1810060 207
1810070 207
1810080 207
1810090 207
1810100 207
1810110 207
1810120 207
1810130 207
1810140 207
1810150 207
1810160 207
1810170 207
1810180 207
1810190 207
1810200 207
1810210 207
1810220 207
1810230 207
1810240 207
1810250 207
1810260 207
1810270 207
1810280 208
1810290 208
1810300 208
1810310 207
1810320 207
1810330 207
1810340 207
1810350 207
1810360 207
1810370 207
1810380 207
1810390 207
1810400 207
1810410 207
1810420 207
1810430 207
1810440 207
1810450 207
1810460 207
1810470 207
1810480 207
1810490 207
1810500 207
1810510 207
1810520 207
1810530 207
1810540 207
1810550 207
1810560 207
1810570 207
1810580 207
1810590 206
1810600 206
1810610 206
1810620 206
1810630 206
1810640 205
1810650 205
1810660 205
1810670 204
1810680 204
1810690 204
1810700 203
1810710 203
1810720 203
1810730 202
1810740 202
1810750 202
1810760 202
1810770 202
1810780 201
1810790 201
1810800 201
1810810 201
1810820 200
1810830 200
1810840 200
1810850 200
1810860 200
1810870 200
1810880 200
1810890 200
1810900 200
1810910 200
1810920 201
1810930 201
1810940 201
1810950 202
1810960 202
1810970 203
1810980 203
1810990 204
1811000 205
1811010 205
1811020 206
1811030 206
1811040 206
1811050 206
1811060 205
1811070 205
1811080 205
1811090 204
1811100 204
1811110 203
1811120 203
1811130 202
1811140 201
1811150 201
1811160 201
1811170 201
1811180 200
1811190 200
1811200 201
1811210 201
1811220 201
1811230 201
1811240 202
1811250 202
1811260 202
1811270 203
1811280 203
1811290 204
1811300 204
1811310 205
1811320 206
1811330 206
1811340 207
1811350 208
1811360 208
1811370 209
1811380 209
1811390 209
1811400 210
1811410 210
1811420 210
1811430 210
1811440 210
1811450 210
1811460 211
1811470 211
1811480 211
1811490 211
1811500 211
1811510 211
1811520 212
1811530 212
1811540 212
1811550 212
1811560 212
1811570 212
1811580 213
1811590 213
1811600 213
1811610 213
1811620 213
1811630 213
1811640 213
1811650 213
1811660 212
1811670 212
1811680 212
1811690 211
1811700 210
1811710 209
1811720 209
1811730 208
1811740 207
1811750 206
1811760 205
1811770 205
1811780 204
1811790 204
1811800 203
1811810 202
1811820 202
1811830 201
1811840 201
1811850 200
1811860 200
1811870 199
1811880 199
1811890 198
1811900 198
1811910 197
1811920 197
1811930 196
1811940 196
1811950 195
1811960 195
1811970 195
1811980 194
1811990 194
1812000 193
1812010 193
1812020 193
1812030 192
1812040 192
1812050 192
1812060 192
1812070 192
1812080 192
1812090 191
1812100 191
1812110 191
1812120 191
1812130 191
1812140 191
1812150 191
1812160 190
1812170 190
1812180 190
1812190 190
1812200 190
1812210 190
1812220 190
1812230 190
1812240 190
1812250 190
1812260 190
1812270 190
1812280 190
1812290 190
1812300 190
1812310 190
1812320 190
1812330 190
1812340 190
1812350 190
1812360 190
1812370 190
1812380 190
1812390 190
1812400 190
1812410 190
1812420 190
1812430 190
1812440 190
1812450 190
1812460 189
1812470 189
1812480 189
1812490 188
1812500 188
1812510 188
1812520 188
1812530 188
1812540 187
1812550 187
1812560 187
1812570 187
1812580 187
1812590 186
1812600 186
1812610 186
1812620 186
1812630 185
1812640 185
1812650 185
1812660 185
1812670 185
1812680 185
1812690 185
1812700 185
1812710 185
1812720 184
1812730 184
1812740 184
1812750 184
1812760 184
1812770 184
1812780 184
1812790 183
1812800 183
1812810 183
1812820 183
1812830 183
1812840 182
1812850 182
1812860 182
1812870 182
1812880 182
1812890 182
1812900 182
1812910 182
1812920 182
1812930 182
1812940 182
1812950 182
1812960 182
1812970 182
1812980 182
1812990 182
1813000 182
1813010 182
1813020 182
1813030 182
1813040 182
1813050 182
1813060 182
1813070 182
1813080 182
1813090 182
1813100 182
1813110 182
1813120 182
1813130 182
1813140 182
1813150 182
1813160 182
1813170 182
1813180 182
1813190 182
1813200 182
1813210 182
1813220 183
1813230 183
1813240 183
1813250 183
1813260 183
1813270 183
1813280 183
1813290 183
1813300 183
1813310 183
1813320 183
1813330 183
1813340 182
1813350 182
1813360 183
1813370 183
1813380 184
1813390 184
1813400 183
1813410 183
1813420 183
1813430 183
1813440 183
1813450 183
1813460 183
1813470 183
1813480 184
1813490 184
1813500 185
1813510 185
1813520 185
1813530 185
1813540 185
1813550 186
1813560 186
1813570 186
1813580 186
1813590 186
1813600 187
1813610 187
1813620 187
1813630 188
1813640 189
1813650 189
1813660 190
1813670 191
1813680 191
1813690 192
1813700 193
1813710 193
1813720 193
1813730 193
1813740 192
1813750 192
1813760 192
1813770 192
1813780 192
1813790 193
1813800 193
1813810 194
1813820 195
1813830 196
1813840 197
1813850 197
1813860 198
1813870 198
1813880 199
1813890 199
1813900 200
1813910 200
1813920 200
1813930 201
1813940 201
1813950 201
1813960 201
1813970 201
1813980 202
1813990 202
1814000 202
1814010 202
1814020 202
1814030 202
1814040 202
1814050 202
1814060 202
1814070 202
1814080 202
1814090 202
1814100 202
1814110 202
1814120 202
1814130 202
1814140 202
1814150 202
1814160 202
1814170 202
1814180 202
1814190 202
1814200 201
1814210 201
1814220 201
1814230 200
1814240 200
1814250 199
1814260 199
1814270 199
1814280 198
1814290 198
1814300 198
1814310 198
1814320 197
1814330 197
1814340 197
1814350 197
1814360 197
1814370 197
1814380 197
1814390 197
1814400 197
1814410 197
1814420 196
1814430 196
1814440 196
1814450 196
1814460 196
1814470 196
1814480 196
1814490 196
1814500 196
1814510 196
1814520 196
1814530 196
1814540 196
1814550 196
1814560 196
1814570 196
1814580 196
1814590 196
1814600 196
1814610 196
1814620 196
1814630 195
1814640 195
1814650 195
1814660 195
1814670 195
1814680 195
1814690 195
1814700 196
1814710 196
1814720 196
1814730 197
1814740 197
1814750 197
1814760 197
1814770 198
1814780 198
1814790 199
1814800 200
1814810 200
1814820 201
1814830 202
1814840 202
1814850 203
1814860 204
1814870 205
1814880 205
1814890 206
1814900 207
1814910 207
1814920 208
1814930 209
1814940 209
1814950 210
1814960 211
1814970 211
1814980 212
1814990 213
1815000 213
1815010 214
1815020 215
1815030 215
1815040 216
1815050 216
1815060 217
1815070 218
1815080 218
1815090 219
1815100 219
1815110 220
1815120 221
1815130 221
1815140 222
1815150 223
1815160 224
1815170 225
1815180 225
1815190 226
1815200 227
1815210 228
1815220 229
1815230 229
1815240 230
1815250 231
1815260 232
1815270 233
1815280 234
1815290 235
1815300 236
1815310 237
1815320 238
1815330 239
1815340 240
1815350 240
1815360 241
1815370 242
1815380 243
1815390 244
1815400 245
1815410 247
1815420 249
1815430 251
1815440 252
1815450 252
1815460 253
1815470 254
1815480 255
1815490 256
1815500 257
1815510 258
1815520 259
1815530 260
1815540 261
1815550 262
1815560 263
1815570 264
1815580 264
1815590 265
1815600 265
1815610 266
1815620 266
1815630 267
1815640 268
1815650 268
1815660 268
1815670 269
1815680 269
1815690 270
1815700 270
1815710 270
1815720 270
1815730 271
1815740 271
1815750 271
1815760 271
1815770 271
1815780 271
1815790 271
1815800 271
1815810 271
1815820 270
1815830 270
1815840 270
1815850 270
1815860 270
1815870 270
1815880 269
1815890 269
1815900 269
1815910 269
1815920 269
1815930 269
1815940 269
1815950 269
1815960 269
1815970 269
1815980 269
1815990 269
1816000 269
1816010 269
1816020 269
1816030 269
1816040 269
1816050 269
1816060 269
1816070 269
1816080 269
1816090 269
1816100 268
1816110 268
1816120 268
1816130 268
1816140 268
1816150 268
1816160 268
1816170 268
1816180 268
1816190 268
1816200 269
1816210 269
1816220 270
1816230 270
1816240 271
1816250 271
1816260 271
1816270 271
1816280 272
1816290 272
1816300 272
1816310 273
1816320 273
1816330 274
1816340 274
1816350 275
1816360 275
1816370 275
1816380 276
1816390 276
1816400 277
1816410 278
1816420 278
1816430 279
1816440 280
1816450 280
1816460 281
1816470 282
1816480 283
1816490 284
1816500 284
1816510 285
1816520 286
1816530 286
1816540 287
1816550 288
1816560 289
1816570 289
1816580 290
1816590 290
1816600 291
1816610 292
1816620 292
1816630 293
1816640 293
1816650 293
1816660 294
1816670 294
1816680 295
1816690 295
1816700 295
1816710 296
1816720 296
1816730 296
1816740 296
1816750 296
1816760 297
1816770 297
1816780 296
1816790 296
1816800 296
1816810 296
1816820 296
1816830 295
1816840 295
1816850 295
1816860 294
1816870 294
1816880 294
1816890 293
1816900 293
1816910 292
1816920 291
1816930 291
1816940 290
1816950 289
1816960 289
1816970 288
1816980 288
1816990 287
1817000 286
1817010 285
1817020 285
1817030 284
1817040 284
1817050 283
1817060 282
1817070 281
1817080 280
1817090 279
1817100 278
1817110 277
1817120 276
1817130 274
1817140 273
1817150 272
1817160 270
1817170 268
1817180 267
1817190 265
1817200 263
1817210 262
1817220 260
1817230 259
1817240 257
1817250 256
1817260 255
1817270 254
1817280 253
1817290 252
1817300 252
1817310 251
1817320 251
1817330 251
1817340 251
1817350 251
1817360 252
1817370 253
1817380 253
1817390 254
1817400 254
1817410 255
1817420 255
1817430 255
1817440 255
1817450 254
1817460 254
1817470 253
1817480 252
1817490 251
1817500 250
1817510 249
1817520 247
1817530 246
1817540 245
1817550 244
1817560 245
1817570 245
1817580 245
1817590 246
1817600 247
1817610 249
1817620 250
1817630 251
1817640 251
1817650 251
1817660 251
1817670 251
1817680 251
1817690 251
1817700 250
1817710 250
1817720 249
1817730 249
1817740 248
1817750 248
1817760 248
1817770 247
1817780 247
1817790 247
1817800 246
1817810 246
1817820 246
1817830 245
1817840 245
1817850 244
1817860 244
1817870 243
1817880 243
1817890 243
1817900 242
1817910 242
1817920 242
1817930 242
1817940 243
1817950 244
1817960 245
1817970 246
1817980 247
1817990 247
1818000 247
1818010 248
1818020 248
1818030 249
1818040 249
1818050 250
1818060 250
1818070 251
1818080 252
1818090 252
1818100 253
1818110 253
1818120 253
1818130 254
1818140 254
1818150 254
1818160 254
1818170 254
1818180 254
1818190 254
1818200 253
1818210 253
1818220 253
1818230 253
1818240 252
1818250 252
1818260 252
1818270 251
1818280 251
1818290 251
1818300 250
1818310 250
1818320 250
1818330 250
1818340 250
1818350 250
1818360 250
1818370 250
1818380 250
1818390 250
1818400 250
1818410 250
1818420 250
1818430 250
1818440 250
1818450 250
1818460 250
1818470 251
1818480 251
1818490 251
1818500 251
1818510 250
1818520 250
1818530 250
1818540 250
1818550 250
1818560 250
1818570 250
1818580 250
1818590 249
1818600 249
1818610 249
1818620 249
1818630 248
1818640 248
1818650 248
1818660 248
1818670 247
1818680 247
1818690 247
1818700 246
1818710 246
1818720 246
1818730 246
1818740 245
1818750 245
1818760 245
1818770 245
1818780 244
1818790 244
1818800 244
1818810 244
1818820 244
1818830 243
1818840 243
1818850 243
1818860 243
1818870 242
1818880 242
1818890 242
1818900 241
1818910 241
1818920 241
1818930 240
1818940 240
1818950 240
1818960 239
1818970 239
1818980 239
1818990 238
1819000 238
1819010 238
1819020 237
1819030 237
1819040 237
1819050 236
1819060 236
1819070 235
1819080 235
1819090 235
1819100 234
1819110 234
1819120 233
1819130 233
1819140 232
1819150 232
1819160 231
1819170 231
1819180 230
1819190 230
1819200 229
1819210 229
1819220 228
1819230 228
1819240 227
1819250 227
1819260 226
1819270 226
1819280 225
1819290 225
1819300 224
1819310 224
1819320 223
1819330 223
1819340 222
1819350 221
1819360 221
1819370 220
1819380 220
1819390 219
1819400 218
1819410 217
1819420 217
1819430 216
1819440 216
1819450 216
1819460 216
1819470 217
1819480 217
1819490 217
1819500 218
1819510 218
1819520 219
1819530 219
1819540 220
1819550 221
1819560 221
1819570 222
1819580 222
1819590 223
1819600 223
1819610 223
1819620 223
1819630 223
1819640 222
1819650 222
1819660 222
1819670 222
1819680 221
1819690 221
1819700 221
1819710 221
1819720 220
1819730 220
1819740 220
1819750 220
1819760 219
1819770 219
1819780 219
1819790 218
1819800 218
1819810 218
1819820 217
1819830 217
1819840 216
1819850 216
1819860 215
1819870 215
1819880 215
1819890 214
1819900 214
1819910 213
1819920 213
1819930 213
1819940 212
1819950 212
1819960 212
1819970 211
1819980 211
1819990 210
