1800000 186
1800010 186
1800020 186
1800030 186
1800040 187
1800050 187
1800060 187
1800070 187
1800080 187
1800090 187
1800100 188
1800110 188
1800120 188
1800130 188
1800140 188
1800150 189
1800160 189
1800170 189
1800180 189
1800190 189
1800200 190
1800210 190
1800220 190
1800230 191
1800240 191
1800250 191
1800260 192
1800270 192
1800280 192
1800290 193
1800300 193
1800310 193
1800320 193
1800330 193
1800340 193
1800350 193
1800360 193
1800370 193
1800380 194
1800390 194
1800400 194
1800410 195
1800420 195
1800430 195
1800440 196
1800450 196
1800460 196
1800470 196
1800480 197
1800490 197
1800500 197
1800510 198
1800520 198
1800530 199
1800540 200
1800550 201
1800560 201
1800570 201
1800580 201
1800590 201
1800600 202
1800610 202
1800620 202
1800630 202
1800640 203
1800650 203
1800660 203
1800670 204
1800680 204
1800690 205
1800700 205
1800710 205
1800720 206
1800730 206
1800740 206
1800750 207
1800760 207
1800770 207
1800780 207
1800790 207
1800800 208
1800810 208
1800820 208
1800830 208
1800840 208
1800850 209
1800860 209
1800870 209
1800880 209
1800890 209
1800900 209
1800910 209
1800920 210
1800930 210
1800940 210
1800950 210
1800960 210
1800970 210
1800980 210
1800990 211
1801000 211
1801010 211
1801020 211
1801030 211
1801040 211
1801050 211
1801060 211
1801070 211
1801080 211
1801090 211
1801100 211
1801110 211
1801120 211
1801130 211
1801140 211
1801150 211
1801160 211
1801170 211
1801180 211
1801190 211
1801200 211
1801210 211
1801220 211
1801230 211
1801240 211
1801250 211
1801260 211
1801270 211
1801280 211
1801290 211
1801300 211
1801310 211
1801320 211
1801330 211
1801340 211
1801350 211
1801360 211
1801370 211
1801380 211
1801390 212
1801400 212
1801410 212
1801420 212
1801430 212
1801440 212
1801450 212
1801460 212
1801470 212
1801480 213
1801490 213
1801500 213
1801510 213
1801520 213
1801530 213
1801540 213
1801550 213
1801560 214
1801570 214
1801580 214
1801590 214
1801600 213
1801610 213
1801620 213
1801630 213
1801640 213
1801650 213
1801660 213
1801670 213
1801680 213
1801690 213
1801700 213
1801710 213
1801720 213
1801730 213
1801740 213
1801750 213
1801760 213
1801770 212
1801780 212
1801790 212
1801800 212
1801810 212
1801820 212
1801830 212
1801840 212
1801850 212
1801860 212
1801870 212
1801880 212
1801890 212
1801900 212
1801910 212
1801920 212
1801930 212
1801940 213
1801950 213
1801960 213
1801970 213
1801980 213
1801990 213
1802000 213
1802010 213
1802020 213
1802030 213
1802040 214
1802050 214
1802060 214
1802070 214
1802080 214
1802090 214
1802100 214
1802110 214
1802120 214
1802130 214
1802140 213
1802150 213
1802160 213
1802170 213
1802180 213
1802190 213
1802200 213
1802210 213
1802220 213
1802230 213
1802240 214
1802250 214
1802260 214
1802270 214
1802280 214
1802290 214
1802300 214
1802310 214
1802320 214
1802330 214
1802340 214
1802350 214
1802360 214
1802370 214
1802380 214
1802390 214
1802400 214
1802410 214
1802420 214
1802430 215
1802440 215
1802450 215
1802460 215
1802470 215
1802480 215
1802490 215
1802500 216
1802510 216
1802520 216
1802530 216
1802540 216
1802550 216
1802560 216
1802570 216
1802580 216
1802590 216
1802600 216
1802610 216
1802620 216
1802630 216
1802640 216
1802650 216
1802660 215
1802670 215
1802680 215
1802690 215
1802700 215
1802710 215
1802720 215
1802730 214
1802740 214
1802750 214
1802760 214
1802770 214
1802780 214
1802790 214
1802800 214
1802810 214
1802820 214
1802830 214
1802840 214
1802850 214
1802860 214
1802870 214
1802880 214
1802890 214
1802900 214
1802910 214
1802920 214
1802930 214
1802940 215
1802950 215
1802960 215
1802970 215
1802980 215
1802990 215
1803000 213
1803010 212
1803020 211
1803030 210
1803040 210
1803050 210
1803060 210
1803070 210
1803080 210
1803090 210
1803100 210
1803110 210
1803120 210
1803130 210
1803140 210
1803150 210
1803160 210
1803170 210
1803180 210
1803190 210
1803200 210
1803210 210
1803220 210
1803230 211
1803240 211
1803250 212
1803260 212
1803270 212
1803280 211
1803290 211
1803300 210
1803310 209
1803320 209
1803330 208
1803340 207
1803350 207
1803360 206
1803370 205
1803380 204
1803390 204
1803400 203
1803410 202
1803420 201
1803430 200
1803440 200
1803450 199
1803460 198
1803470 198
1803480 197
1803490 196
1803500 196
1803510 195
1803520 194
1803530 194
1803540 193
1803550 192
1803560 192
1803570 191
1803580 191
1803590 190
1803600 190
1803610 189
1803620 189
1803630 189
1803640 189
1803650 189
1803660 188
1803670 187
1803680 187
1803690 186
1803700 185
1803710 185
1803720 185
1803730 184
1803740 184
1803750 184
1803760 184
1803770 184
1803780 183
1803790 183
1803800 183
1803810 183
1803820 183
1803830 183
1803840 183
1803850 183
1803860 182
1803870 182
1803880 183
1803890 183
1803900 183
1803910 182
1803920 182
1803930 182
1803940 182
1803950 182
1803960 182
1803970 182
1803980 183
1803990 183
1804000 183
1804010 184
1804020 184
1804030 184
1804040 185
1804050 185
1804060 185
1804070 186
1804080 187
1804090 188
1804100 190
1804110 192
1804120 193
1804130 193
1804140 194
1804150 195
1804160 196
1804170 197
1804180 198
1804190 198
1804200 199
1804210 200
1804220 201
1804230 202
1804240 203
1804250 204
1804260 205
1804270 206
1804280 206
1804290 207
1804300 208
1804310 209
1804320 209
1804330 210
1804340 210
1804350 211
1804360 212
1804370 212
1804380 213
1804390 213
1804400 214
1804410 214
1804420 215
1804430 216
1804440 216
1804450 217
1804460 218
1804470 218
1804480 219
1804490 219
1804500 220
1804510 221
1804520 221
1804530 222
1804540 223
1804550 223
1804560 224
1804570 224
1804580 225
1804590 225
1804600 225
1804610 225
1804620 226
1804630 226
1804640 226
1804650 226
1804660 226
1804670 226
1804680 226
1804690 226
1804700 226
1804710 226
1804720 226
1804730 226
1804740 226
1804750 226
1804760 226
1804770 226
1804780 226
1804790 226
1804800 226
1804810 226
1804820 226
1804830 226
1804840 226
1804850 226
1804860 226
1804870 225
1804880 225
1804890 225
1804900 225
1804910 225
1804920 225
1804930 225
1804940 225
1804950 225
1804960 225
1804970 225
1804980 225
1804990 225
1805000 225
1805010 225
1805020 224
1805030 224
1805040 224
1805050 224
1805060 224
1805070 224
1805080 224
1805090 224
1805100 224
1805110 224
1805120 224
1805130 224
1805140 225
1805150 225
1805160 225
1805170 225
1805180 225
1805190 225
1805200 226
1805210 226
1805220 226
1805230 226
1805240 226
1805250 226
1805260 226
1805270 226
1805280 226
1805290 226
1805300 226
1805310 226
1805320 226
1805330 226
1805340 225
1805350 225
1805360 225
1805370 225
1805380 225
1805390 224
1805400 224
1805410 224
1805420 224
1805430 224
1805440 223
1805450 223
1805460 223
1805470 222
1805480 222
1805490 222
1805500 222
1805510 222
1805520 222
1805530 221
1805540 221
1805550 221
1805560 221
1805570 221
1805580 221
1805590 221
1805600 220
1805610 220
1805620 220
1805630 220
1805640 220
1805650 220
1805660 220
1805670 220
1805680 220
1805690 219
1805700 219
1805710 219
1805720 219
1805730 219
1805740 219
1805750 219
1805760 219
1805770 219
1805780 219
1805790 219
1805800 219
1805810 219
1805820 219
1805830 219
1805840 219
1805850 219
1805860 219
1805870 219
1805880 219
1805890 219
1805900 219
1805910 219
1805920 219
1805930 219
1805940 219
1805950 219
1805960 219
1805970 219
1805980 219
1805990 219
1806000 219
1806010 219
1806020 219
1806030 219
1806040 219
1806050 219
1806060 218
1806070 218
1806080 218
1806090 218
1806100 218
1806110 218
1806120 218
1806130 218
1806140 218
1806150 218
1806160 218
1806170 218
1806180 218
1806190 218
1806200 219
1806210 219
1806220 219
1806230 219
1806240 219
1806250 219
1806260 219
1806270 219
1806280 219
1806290 219
1806300 219
1806310 219
1806320 219
1806330 219
1806340 218
1806350 218
1806360 218
1806370 218
1806380 218
1806390 218
1806400 218
1806410 219
1806420 219
1806430 219
1806440 219
1806450 220
1806460 220
1806470 220
1806480 220
1806490 220
1806500 220
1806510 220
1806520 220
1806530 220
1806540 220
1806550 220
1806560 220
1806570 220
1806580 220
1806590 220
1806600 220
1806610 220
1806620 220
1806630 220
1806640 220
1806650 220
1806660 220
1806670 220
1806680 220
1806690 220
1806700 220
1806710 220
1806720 220
1806730 220
1806740 220
1806750 220
1806760 220
1806770 220
1806780 220
1806790 220
1806800 220
1806810 220
1806820 220
1806830 220
1806840 220
1806850 220
1806860 220
1806870 220
1806880 220
1806890 221
1806900 221
1806910 221
1806920 221
1806930 221
1806940 221
1806950 221
1806960 221
1806970 220
1806980 220
1806990 220
1807000 220
1807010 220
1807020 220
1807030 220
1807040 220
1807050 219
1807060 219
1807070 219
1807080 219
1807090 219
1807100 219
1807110 219
1807120 219
1807130 219
1807140 219
1807150 219
1807160 219
1807170 219
1807180 219
1807190 220
1807200 220
1807210 220
1807220 220
1807230 220
1807240 220
1807250 220
1807260 220
1807270 220
1807280 220
1807290 220
1807300 220
1807310 220
1807320 220
1807330 219
1807340 219
1807350 219
1807360 219
1807370 219
1807380 219
1807390 219
1807400 219
1807410 219
1807420 220
1807430 220
1807440 220
1807450 220
1807460 220
1807470 221
1807480 221
1807490 221
1807500 221
1807510 221
1807520 221
1807530 221
1807540 221
1807550 221
1807560 221
1807570 221
1807580 221
1807590 221
1807600 222
1807610 222
1807620 222
1807630 222
1807640 222
1807650 222
1807660 222
1807670 222
1807680 222
1807690 222
1807700 222
1807710 222
1807720 222
1807730 222
1807740 222
1807750 222
1807760 222
1807770 222
1807780 222
1807790 222
1807800 222
1807810 222
1807820 222
1807830 222
1807840 222
1807850 222
1807860 222
1807870 222
1807880 222
1807890 222
1807900 222
1807910 222
1807920 222
1807930 222
1807940 222
1807950 222
1807960 222
1807970 222
1807980 222
1807990 223
1808000 223
1808010 223
1808020 223
1808030 223
1808040 223
1808050 223
1808060 223
1808070 223
1808080 223
1808090 223
1808100 223
1808110 223
1808120 223
1808130 223
1808140 223
1808150 223
1808160 223
1808170 223
1808180 223
1808190 223
1808200 223
1808210 223
1808220 223
1808230 223
1808240 223
1808250 223
1808260 223
1808270 224
1808280 224
1808290 224
1808300 224
1808310 223
1808320 223
1808330 224
1808340 224
1808350 224
1808360 224
1808370 224
1808380 223
1808390 223
1808400 223
1808410 223
1808420 222
1808430 222
1808440 222
1808450 222
1808460 222
1808470 222
1808480 222
1808490 222
1808500 222
1808510 221
1808520 221
1808530 221
1808540 221
1808550 221
1808560 221
1808570 221
1808580 221
1808590 221
1808600 221
1808610 221
1808620 221
1808630 221
1808640 222
1808650 222
1808660 222
1808670 221
1808680 221
1808690 221
1808700 221
1808710 221
1808720 221
1808730 221
1808740 221
1808750 222
1808760 222
1808770 222
1808780 222
1808790 222
1808800 222
1808810 222
1808820 222
1808830 222
1808840 222
1808850 222
1808860 222
1808870 222
1808880 222
1808890 222
1808900 222
1808910 222
1808920 222
1808930 222
1808940 221
1808950 221
1808960 221
1808970 221
1808980 221
1808990 221
1809000 221
1809010 221
1809020 221
1809030 221
1809040 221
1809050 221
1809060 221
1809070 221
1809080 221
1809090 221
1809100 221
1809110 221
1809120 221
1809130 221
1809140 221
1809150 221
1809160 221
1809170 221
1809180 220
1809190 220
1809200 220
1809210 220
1809220 219
1809230 219
1809240 219
1809250 218
1809260 218
1809270 218
1809280 217
1809290 217
1809300 217
1809310 216
1809320 216
1809330 215
1809340 215
1809350 215
1809360 215
1809370 214
1809380 214
1809390 214
1809400 213
1809410 213
1809420 213
1809430 212
1809440 212
1809450 212
1809460 212
1809470 212
1809480 212
1809490 212
1809500 212
1809510 212
1809520 212
1809530 212
1809540 212
1809550 212
1809560 213
1809570 213
1809580 214
1809590 215
1809600 215
1809610 216
1809620 217
1809630 217
1809640 218
1809650 219
1809660 219
1809670 220
1809680 221
1809690 221
1809700 222
1809710 223
1809720 223
1809730 224
1809740 225
1809750 226
1809760 226
1809770 227
1809780 228
1809790 229
1809800 229
1809810 230
1809820 231
1809830 232
1809840 232
1809850 233
1809860 233
1809870 234
1809880 234
1809890 235
1809900 235
1809910 236
1809920 236
1809930 237
1809940 237
1809950 238
1809960 238
1809970 239
1809980 239
1809990 239
1810000 240
1810010 240
1810020 241
1810030 241
1810040 242
1810050 242
1810060 242
1810070 243
1810080 243
1810090 243
1810100 244
1810110 244
1810120 244
1810130 245
1810140 245
1810150 245
1810160 245
1810170 246
1810180 246
1810190 247
1810200 248
1810210 249
1810220 250
1810230 250
1810240 251
1810250 251
1810260 252
1810270 252
1810280 253
1810290 253
1810300 254
1810310 255
1810320 255
1810330 256
1810340 257
1810350 257
1810360 258
1810370 259
1810380 260
1810390 261
1810400 262
1810410 264
1810420 265
1810430 266
1810440 267
1810450 268
1810460 270
1810470 271
1810480 272
1810490 273
1810500 274
1810510 275
1810520 275
1810530 276
1810540 278
1810550 279
1810560 281
1810570 281
1810580 281
1810590 282
1810600 282
1810610 283
1810620 284
1810630 285
1810640 286
1810650 286
1810660 287
1810670 288
1810680 289
1810690 289
1810700 290
1810710 291
1810720 292
1810730 292
1810740 293
1810750 294
1810760 295
1810770 295
1810780 296
1810790 297
1810800 297
1810810 298
1810820 299
1810830 299
1810840 300
1810850 300
1810860 300
1810870 301
1810880 301
1810890 301
1810900 301
1810910 302
1810920 302
1810930 302
1810940 302
1810950 302
1810960 302
1810970 302
1810980 302
1810990 302
1811000 302
1811010 302
1811020 302
1811030 302
1811040 302
1811050 302
1811060 302
1811070 303
1811080 304
1811090 305
1811100 307
1811110 308
1811120 310
1811130 312
1811140 314
1811150 315
1811160 316
1811170 317
1811180 318
1811190 319
1811200 320
1811210 321
1811220 323
1811230 324
1811240 325
1811250 326
1811260 327
1811270 328
1811280 329
1811290 330
1811300 331
1811310 332
1811320 333
1811330 334
1811340 335
1811350 336
1811360 336
1811370 337
1811380 338
1811390 339
1811400 340
1811410 340
1811420 341
1811430 342
1811440 342
1811450 343
1811460 343
1811470 344
1811480 344
1811490 344
1811500 345
1811510 345
1811520 345
1811530 345
1811540 345
1811550 345
1811560 345
1811570 344
1811580 344
1811590 344
1811600 344
1811610 343
1811620 343
1811630 343
1811640 343
1811650 343
1811660 343
1811670 343
1811680 342
1811690 342
1811700 342
1811710 343
1811720 343
1811730 343
1811740 343
1811750 342
1811760 342
1811770 342
1811780 342
1811790 341
1811800 341
1811810 340
1811820 339
1811830 338
1811840 337
1811850 336
1811860 334
1811870 333
1811880 332
1811890 330
1811900 329
1811910 327
1811920 326
1811930 324
1811940 322
1811950 318
1811960 314
1811970 315
1811980 317
1811990 319
1812000 319
1812010 319
1812020 320
1812030 320
1812040 321
1812050 321
1812060 322
1812070 323
1812080 324
1812090 323
1812100 324
1812110 326
1812120 328
1812130 330
1812140 330
1812150 331
1812160 331
1812170 332
1812180 334
1812190 336
1812200 338
1812210 339
1812220 340
1812230 342
1812240 343
1812250 344
1812260 345
1812270 346
1812280 346
1812290 347
1812300 347
1812310 347
1812320 348
1812330 348
1812340 348
1812350 348
1812360 348
1812370 348
1812380 348
1812390 348
1812400 347
1812410 347
1812420 346
1812430 345
1812440 344
1812450 343
1812460 342
1812470 341
1812480 339
1812490 338
1812500 336
1812510 335
1812520 333
1812530 332
1812540 330
1812550 329
1812560 328
1812570 326
1812580 325
1812590 324
1812600 322
1812610 321
1812620 319
1812630 317
1812640 315
1812650 314
1812660 315
1812670 315
1812680 316
1812690 317
1812700 317
1812710 317
1812720 318
1812730 319
1812740 320
1812750 320
1812760 321
1812770 321
1812780 321
1812790 321
1812800 322
1812810 322
1812820 322
1812830 322
1812840 322
1812850 322
1812860 322
1812870 322
1812880 322
1812890 322
1812900 323
1812910 323
1812920 323
1812930 323
1812940 323
1812950 323
1812960 323
1812970 324
1812980 325
1812990 326
1813000 327
1813010 328
1813020 329
1813030 329
1813040 330
1813050 330
1813060 330
1813070 330
1813080 331
1813090 331
1813100 331
1813110 331
1813120 331
1813130 331
1813140 330
1813150 330
1813160 330
1813170 329
1813180 329
1813190 328
1813200 327
1813210 326
1813220 324
1813230 322
1813240 320
1813250 319
1813260 317
1813270 316
1813280 314
1813290 313
1813300 311
1813310 309
1813320 307
1813330 305
1813340 304
1813350 302
1813360 301
1813370 299
1813380 298
1813390 296
1813400 295
1813410 294
1813420 292
1813430 291
1813440 291
1813450 291
1813460 291
1813470 292
1813480 293
1813490 294
1813500 296
1813510 297
1813520 299
1813530 301
1813540 303
1813550 304
1813560 305
1813570 305
1813580 306
1813590 306
1813600 306
1813610 306
1813620 306
1813630 307
1813640 306
1813650 306
1813660 305
1813670 305
1813680 305
1813690 304
1813700 304
1813710 304
1813720 303
1813730 303
1813740 302
1813750 301
1813760 301
1813770 301
1813780 301
1813790 301
1813800 301
1813810 301
1813820 300
1813830 300
1813840 299
1813850 299
1813860 299
1813870 299
1813880 299
1813890 299
1813900 300
1813910 300
1813920 300
1813930 300
1813940 301
1813950 302
1813960 303
1813970 304
1813980 305
1813990 307
1814000 308
1814010 309
1814020 309
1814030 310
1814040 311
1814050 312
1814060 312
1814070 313
1814080 313
1814090 314
1814100 315
1814110 315
1814120 315
1814130 315
1814140 316
1814150 316
1814160 316
1814170 316
1814180 316
1814190 315
1814200 315
1814210 315
1814220 314
1814230 314
1814240 313
1814250 312
1814260 312
1814270 311
1814280 310
1814290 309
1814300 308
1814310 307
1814320 306
1814330 305
1814340 303
1814350 302
1814360 301
1814370 299
1814380 298
1814390 296
1814400 294
1814410 293
1814420 291
1814430 289
1814440 288
1814450 287
1814460 286
1814470 285
1814480 284
1814490 283
1814500 282
1814510 281
1814520 279
1814530 278
1814540 278
1814550 277
1814560 276
1814570 275
1814580 274
1814590 274
1814600 273
1814610 272
1814620 271
1814630 270
1814640 269
1814650 268
1814660 267
1814670 266
1814680 265
1814690 265
1814700 264
1814710 263
1814720 262
1814730 261
1814740 260
1814750 259
1814760 258
1814770 256
1814780 255
1814790 253
1814800 251
1814810 250
1814820 248
1814830 247
1814840 246
1814850 244
1814860 243
1814870 242
1814880 240
1814890 239
1814900 237
1814910 235
1814920 234
1814930 233
1814940 232
1814950 232
1814960 231
1814970 231
1814980 231
1814990 232
1815000 232
1815010 231
1815020 231
1815030 231
1815040 231
1815050 232
1815060 232
1815070 234
1815080 236
1815090 238
1815100 240
1815110 242
1815120 244
1815130 246
1815140 248
1815150 249
1815160 251
1815170 252
1815180 254
1815190 255
1815200 257
1815210 259
1815220 261
1815230 263
1815240 264
1815250 266
1815260 267
1815270 269
1815280 271
1815290 273
1815300 275
1815310 277
1815320 279
1815330 281
1815340 282
1815350 283
1815360 283
1815370 284
1815380 284
1815390 285
1815400 285
1815410 286
1815420 286
1815430 287
1815440 288
1815450 288
1815460 289
1815470 289
1815480 290
1815490 291
1815500 291
1815510 292
1815520 293
1815530 293
1815540 294
1815550 294
1815560 294
1815570 295
1815580 295
1815590 295
1815600 295
1815610 296
1815620 296
1815630 296
1815640 296
1815650 296
1815660 296
1815670 296
1815680 296
1815690 296
1815700 296
1815710 295
1815720 295
1815730 295
1815740 295
1815750 294
1815760 294
1815770 293
1815780 293
1815790 292
1815800 292
1815810 291
1815820 291
1815830 290
1815840 289
1815850 288
1815860 288
1815870 287
1815880 286
1815890 285
1815900 285
1815910 284
1815920 283
1815930 282
1815940 281
1815950 280
1815960 280
1815970 279
1815980 279
1815990 279
1816000 279
1816010 279
1816020 278
1816030 278
1816040 277
1816050 277
1816060 276
1816070 274
1816080 273
1816090 271
1816100 270
1816110 271
1816120 271
1816130 271
1816140 271
1816150 271
1816160 271
1816170 272
1816180 272
1816190 272
1816200 272
1816210 272
1816220 272
1816230 272
1816240 272
1816250 271
1816260 271
1816270 271
1816280 270
1816290 270
1816300 269
1816310 268
1816320 266
1816330 265
1816340 264
1816350 263
1816360 262
1816370 261
1816380 260
1816390 259
1816400 258
1816410 258
1816420 258
1816430 258
1816440 258
1816450 258
1816460 257
1816470 257
1816480 256
1816490 255
1816500 254
1816510 253
1816520 252
1816530 252
1816540 251
1816550 251
1816560 251
1816570 251
1816580 250
1816590 250
1816600 249
1816610 249
1816620 249
1816630 249
1816640 249
1816650 249
1816660 249
1816670 249
1816680 250
1816690 250
1816700 250
1816710 250
1816720 250
1816730 251
1816740 251
1816750 251
1816760 251
1816770 252
1816780 253
1816790 254
1816800 255
1816810 255
1816820 256
1816830 256
1816840 257
1816850 258
1816860 259
1816870 261
1816880 262
1816890 263
1816900 265
1816910 266
1816920 267
1816930 268
1816940 270
1816950 272
1816960 273
1816970 275
1816980 276
1816990 278
1817000 279
1817010 280
1817020 281
1817030 283
1817040 284
1817050 285
1817060 285
1817070 284
1817080 284
1817090 283
1817100 283
1817110 283
1817120 283
1817130 283
1817140 283
1817150 283
1817160 283
1817170 283
1817180 283
1817190 283
1817200 283
1817210 282
1817220 282
1817230 282
1817240 282
1817250 282
1817260 282
1817270 281
1817280 281
1817290 281
1817300 282
1817310 282
1817320 282
1817330 282
1817340 282
1817350 282
1817360 282
1817370 282
1817380 282
1817390 282
1817400 282
1817410 282
1817420 282
1817430 282
1817440 282
1817450 281
1817460 281
1817470 281
1817480 281
1817490 281
1817500 281
1817510 281
1817520 280
1817530 280
1817540 280
1817550 280
1817560 280
1817570 279
1817580 279
1817590 279
1817600 279
1817610 279
1817620 279
1817630 278
1817640 278
1817650 278
1817660 278
1817670 277
1817680 277
1817690 276
1817700 276
1817710 275
1817720 274
1817730 274
1817740 273
1817750 272
1817760 271
1817770 270
1817780 270
1817790 269
1817800 268
1817810 268
1817820 267
1817830 266
1817840 264
1817850 263
1817860 261
1817870 259
1817880 257
1817890 255
1817900 254
1817910 252
1817920 251
1817930 250
1817940 249
1817950 248
1817960 247
1817970 246
1817980 246
1817990 246
1818000 246
1818010 246
1818020 246
1818030 246
1818040 247
1818050 247
1818060 247
1818070 248
1818080 248
1818090 248
1818100 248
1818110 249
1818120 249
1818130 249
1818140 249
1818150 248
1818160 248
1818170 248
1818180 248
1818190 247
1818200 248
1818210 248
1818220 248
1818230 248
1818240 248
1818250 247
1818260 246
1818270 245
1818280 245
1818290 244
1818300 243
1818310 243
1818320 242
1818330 242
1818340 242
1818350 242
1818360 241
1818370 241
1818380 240
1818390 240
1818400 239
1818410 239
1818420 238
1818430 238
1818440 238
1818450 238
1818460 238
1818470 238
1818480 238
1818490 238
1818500 238
1818510 237
1818520 237
1818530 237
1818540 237
1818550 237
1818560 238
1818570 238
1818580 238
1818590 238
1818600 238
1818610 238
1818620 238
1818630 238
1818640 239
1818650 240
1818660 241
1818670 243
1818680 243
1818690 244
1818700 245
1818710 246
1818720 247
1818730 249
1818740 250
1818750 252
1818760 253
1818770 253
1818780 254
1818790 255
1818800 255
1818810 256
1818820 257
1818830 258
1818840 258
1818850 259
1818860 260
1818870 261
1818880 262
1818890 263
1818900 264
1818910 265
1818920 265
1818930 266
1818940 268
1818950 269
1818960 270
1818970 271
1818980 271
1818990 272
1819000 273
1819010 273
1819020 274
1819030 274
1819040 275
1819050 275
1819060 276
1819070 276
1819080 276
1819090 277
1819100 277
1819110 277
1819120 277
1819130 277
1819140 277
1819150 277
1819160 276
1819170 276
1819180 276
1819190 275
1819200 274
1819210 273
1819220 272
1819230 271
1819240 270
1819250 269
1819260 268
1819270 267
1819280 265
1819290 263
1819300 261
1819310 260
1819320 258
1819330 257
1819340 255
1819350 253
1819360 252
1819370 250
1819380 249
1819390 248
1819400 247
1819410 246
1819420 245
1819430 244
1819440 243
1819450 242
1819460 240
1819470 239
1819480 239
1819490 238
1819500 237
1819510 237
1819520 236
1819530 236
1819540 236
1819550 235
1819560 235
1819570 235
1819580 235
1819590 235
1819600 235
1819610 235
1819620 235
1819630 236
1819640 236
1819650 236
1819660 236
1819670 237
1819680 237
1819690 237
1819700 238
1819710 238
1819720 238
1819730 238
1819740 238
1819750 237
1819760 237
1819770 237
1819780 237
1819790 236
1819800 236
1819810 235
1819820 235
1819830 234
1819840 234
1819850 233
1819860 232
1819870 230
1819880 229
1819890 228
1819900 227
1819910 225
1819920 224
1819930 223
1819940 223
1819950 222
1819960 221
1819970 220
1819980 219
1819990 218
