1800000 197
1800010 197
1800020 197
1800030 198
1800040 198
1800050 198
1800060 198
1800070 199
1800080 199
1800090 199
1800100 200
1800110 200
1800120 200
1800130 200
1800140 201
1800150 201
1800160 201
1800170 202
1800180 202
1800190 202
1800200 202
1800210 203
1800220 203
1800230 203
1800240 203
1800250 204
1800260 204
1800270 204
1800280 204
1800290 205
1800300 205
1800310 205
1800320 205
1800330 205
1800340 206
1800350 206
1800360 206
1800370 206
1800380 206
1800390 206
1800400 207
1800410 207
1800420 207
1800430 207
1800440 207
1800450 207
1800460 208
1800470 208
1800480 208
1800490 208
1800500 208
1800510 209
1800520 209
1800530 209
1800540 209
1800550 209
1800560 208
1800570 208
1800580 208
1800590 208
1800600 208
1800610 208
1800620 208
1800630 208
1800640 208
1800650 207
1800660 207
1800670 207
1800680 207
1800690 207
1800700 207
1800710 207
1800720 207
1800730 207
1800740 207
1800750 207
1800760 207
1800770 207
1800780 207
1800790 207
1800800 207
1800810 208
1800820 208
1800830 208
1800840 208
1800850 209
1800860 209
1800870 209
1800880 209
1800890 210
1800900 210
1800910 210
1800920 210
1800930 211
1800940 211
1800950 211
1800960 211
1800970 211
1800980 211
1800990 212
1801000 211
1801010 211
1801020 211
1801030 211
1801040 211
1801050 211
1801060 211
1801070 211
1801080 211
1801090 210
1801100 210
1801110 211
1801120 211
1801130 211
1801140 211
1801150 211
1801160 211
1801170 211
1801180 211
1801190 211
1801200 211
1801210 211
1801220 211
1801230 211
1801240 211
1801250 212
1801260 212
1801270 212
1801280 212
1801290 212
1801300 213
1801310 213
1801320 213
1801330 213
1801340 213
1801350 214
1801360 214
1801370 214
1801380 214
1801390 214
1801400 215
1801410 215
1801420 215
1801430 215
1801440 215
1801450 215
1801460 215
1801470 215
1801480 216
1801490 216
1801500 216
1801510 216
1801520 216
1801530 216
1801540 216
1801550 216
1801560 216
1801570 216
1801580 216
1801590 216
1801600 216
1801610 216
1801620 216
1801630 216
1801640 216
1801650 216
1801660 216
1801670 216
1801680 216
1801690 216
1801700 216
1801710 216
1801720 216
1801730 216
1801740 216
1801750 216
1801760 216
1801770 215
1801780 215
1801790 215
1801800 215
1801810 215
1801820 215
1801830 215
1801840 215
1801850 215
1801860 215
1801870 215
1801880 215
1801890 215
1801900 215
1801910 215
1801920 215
1801930 215
1801940 215
1801950 215
1801960 215
1801970 215
1801980 215
1801990 215
1802000 214
1802010 214
1802020 214
1802030 214
1802040 214
1802050 213
1802060 213
1802070 213
1802080 213
1802090 213
1802100 213
1802110 213
1802120 213
1802130 213
1802140 213
1802150 213
1802160 213
1802170 213
1802180 213
1802190 213
1802200 213
1802210 213
1802220 213
1802230 213
1802240 213
1802250 213
1802260 213
1802270 214
1802280 214
1802290 214
1802300 214
1802310 214
1802320 215
1802330 215
1802340 215
1802350 215
1802360 215
1802370 216
1802380 216
1802390 216
1802400 217
1802410 217
1802420 217
1802430 217
1802440 217
1802450 217
1802460 218
1802470 218
1802480 218
1802490 218
1802500 218
1802510 218
1802520 218
1802530 218
1802540 218
1802550 218
1802560 218
1802570 218
1802580 218
1802590 218
1802600 218
1802610 218
1802620 217
1802630 217
1802640 217
1802650 217
1802660 217
1802670 217
1802680 217
1802690 217
1802700 216
1802710 216
1802720 216
1802730 216
1802740 216
1802750 216
1802760 215
1802770 214
1802780 214
1802790 213
1802800 213
1802810 213
1802820 213
1802830 213
1802840 213
1802850 213
1802860 213
1802870 213
1802880 213
1802890 212
1802900 212
1802910 212
1802920 212
1802930 212
1802940 212
1802950 212
1802960 212
1802970 212
1802980 212
1802990 212
1803000 212
1803010 212
1803020 212
1803030 212
1803040 212
1803050 212
1803060 212
1803070 212
1803080 212
1803090 212
1803100 212
1803110 213
1803120 214
1803130 216
1803140 217
1803150 217
1803160 216
1803170 216
1803180 216
1803190 216
1803200 216
1803210 215
1803220 215
1803230 215
1803240 215
1803250 214
1803260 214
1803270 213
1803280 212
1803290 211
1803300 210
1803310 210
1803320 209
1803330 209
1803340 208
1803350 207
1803360 206
1803370 205
1803380 205
1803390 204
1803400 204
1803410 203
1803420 202
1803430 202
1803440 201
1803450 200
1803460 200
1803470 199
1803480 198
1803490 198
1803500 197
1803510 196
1803520 196
1803530 195
1803540 194
1803550 194
1803560 193
1803570 193
1803580 192
1803590 192
1803600 191
1803610 191
1803620 190
1803630 190
1803640 189
1803650 187
1803660 186
1803670 185
1803680 185
1803690 184
1803700 184
1803710 184
1803720 183
1803730 184
1803740 184
1803750 184
1803760 183
1803770 183
1803780 184
1803790 184
1803800 184
1803810 184
1803820 184
1803830 184
1803840 184
1803850 185
1803860 185
1803870 186
1803880 186
1803890 186
1803900 187
1803910 188
1803920 189
1803930 190
1803940 191
1803950 192
1803960 193
1803970 193
1803980 194
1803990 195
1804000 195
1804010 196
1804020 196
1804030 197
1804040 198
1804050 198
1804060 199
1804070 199
1804080 200
1804090 200
1804100 200
1804110 200
1804120 200
1804130 201
1804140 201
1804150 201
1804160 201
1804170 201
1804180 202
1804190 202
1804200 203
1804210 203
1804220 204
1804230 205
1804240 205
1804250 206
1804260 206
1804270 206
1804280 207
1804290 207
1804300 207
1804310 207
1804320 207
1804330 208
1804340 208
1804350 209
1804360 209
1804370 210
1804380 211
1804390 211
1804400 212
1804410 212
1804420 213
1804430 214
1804440 214
1804450 215
1804460 216
1804470 216
1804480 217
1804490 218
1804500 219
1804510 220
1804520 221
1804530 221
1804540 222
1804550 223
1804560 224
1804570 224
1804580 225
1804590 225
1804600 225
1804610 225
1804620 226
1804630 226
1804640 226
1804650 226
1804660 226
1804670 226
1804680 226
1804690 226
1804700 226
1804710 226
1804720 226
1804730 226
1804740 226
1804750 226
1804760 226
1804770 226
1804780 226
1804790 226
1804800 226
1804810 226
1804820 226
1804830 226
1804840 227
1804850 227
1804860 227
1804870 227
1804880 227
1804890 227
1804900 227
1804910 227
1804920 227
1804930 227
1804940 227
1804950 227
1804960 227
1804970 227
1804980 227
1804990 227
1805000 227
1805010 227
1805020 227
1805030 227
1805040 227
1805050 227
1805060 227
1805070 227
1805080 227
1805090 227
1805100 227
1805110 227
1805120 227
1805130 227
1805140 227
1805150 227
1805160 227
1805170 227
1805180 227
1805190 227
1805200 227
1805210 226
1805220 226
1805230 226
1805240 226
1805250 226
1805260 225
1805270 225
1805280 225
1805290 225
1805300 225
1805310 224
1805320 224
1805330 224
1805340 224
1805350 224
1805360 223
1805370 223
1805380 223
1805390 223
1805400 223
1805410 223
1805420 222
1805430 222
1805440 222
1805450 222
1805460 222
1805470 222
1805480 221
1805490 221
1805500 221
1805510 221
1805520 221
1805530 220
1805540 220
1805550 220
1805560 219
1805570 219
1805580 219
1805590 218
1805600 218
1805610 217
1805620 217
1805630 216
1805640 216
1805650 215
1805660 215
1805670 215
1805680 214
1805690 214
1805700 214
1805710 214
1805720 213
1805730 213
1805740 213
1805750 213
1805760 214
1805770 214
1805780 213
1805790 213
1805800 213
1805810 213
1805820 213
1805830 213
1805840 213
1805850 213
1805860 213
1805870 213
1805880 213
1805890 213
1805900 212
1805910 212
1805920 212
1805930 212
1805940 211
1805950 211
1805960 211
1805970 211
1805980 211
1805990 211
1806000 211
1806010 211
1806020 211
1806030 211
1806040 211
1806050 210
1806060 210
1806070 210
1806080 210
1806090 210
1806100 210
1806110 210
1806120 210
1806130 211
1806140 211
1806150 211
1806160 212
1806170 212
1806180 212
1806190 212
1806200 213
1806210 213
1806220 213
1806230 213
1806240 213
1806250 213
1806260 213
1806270 213
1806280 214
1806290 214
1806300 214
1806310 214
1806320 213
1806330 213
1806340 213
1806350 213
1806360 213
1806370 213
1806380 212
1806390 212
1806400 212
1806410 212
1806420 213
1806430 212
1806440 213
1806450 213
1806460 213
1806470 213
1806480 213
1806490 213
1806500 213
1806510 213
1806520 213
1806530 213
1806540 213
1806550 213
1806560 213
1806570 213
1806580 213
1806590 214
1806600 214
1806610 214
1806620 214
1806630 214
1806640 214
1806650 214
1806660 214
1806670 214
1806680 214
1806690 214
1806700 214
1806710 214
1806720 214
1806730 214
1806740 214
1806750 214
1806760 214
1806770 214
1806780 214
1806790 214
1806800 214
1806810 214
1806820 214
1806830 214
1806840 213
1806850 214
1806860 213
1806870 213
1806880 213
1806890 213
1806900 213
1806910 213
1806920 213
1806930 213
1806940 213
1806950 213
1806960 213
1806970 213
1806980 213
1806990 212
1807000 212
1807010 212
1807020 212
1807030 212
1807040 212
1807050 212
1807060 212
1807070 212
1807080 212
1807090 212
1807100 212
1807110 212
1807120 212
1807130 212
1807140 212
1807150 212
1807160 212
1807170 212
1807180 212
1807190 212
1807200 212
1807210 212
1807220 212
1807230 212
1807240 212
1807250 212
1807260 212
1807270 212
1807280 212
1807290 213
1807300 213
1807310 213
1807320 213
1807330 214
1807340 214
1807350 214
1807360 215
1807370 215
1807380 215
1807390 216
1807400 216
1807410 216
1807420 217
1807430 217
1807440 217
1807450 217
1807460 218
1807470 218
1807480 218
1807490 218
1807500 218
1807510 218
1807520 218
1807530 219
1807540 219
1807550 219
1807560 219
1807570 219
1807580 219
1807590 219
1807600 219
1807610 219
1807620 219
1807630 219
1807640 219
1807650 219
1807660 219
1807670 219
1807680 219
1807690 219
1807700 219
1807710 219
1807720 219
1807730 219
1807740 218
1807750 218
1807760 218
1807770 218
1807780 218
1807790 218
1807800 218
1807810 218
1807820 218
1807830 218
1807840 218
1807850 218
1807860 218
1807870 218
1807880 218
1807890 217
1807900 217
1807910 217
1807920 217
1807930 217
1807940 217
1807950 217
1807960 217
1807970 217
1807980 217
1807990 217
1808000 217
1808010 217
1808020 217
1808030 218
1808040 218
1808050 218
1808060 218
1808070 218
1808080 219
1808090 219
1808100 219
1808110 219
1808120 220
1808130 220
1808140 220
1808150 220
1808160 220
1808170 220
1808180 219
1808190 219
1808200 219
1808210 219
1808220 219
1808230 219
1808240 219
1808250 219
1808260 219
1808270 219
1808280 219
1808290 219
1808300 219
1808310 219
1808320 219
1808330 219
1808340 219
1808350 219
1808360 219
1808370 219
1808380 218
1808390 218
1808400 218
1808410 219
1808420 219
1808430 219
1808440 219
1808450 219
1808460 218
1808470 218
1808480 218
1808490 217
1808500 217
1808510 216
1808520 215
1808530 215
1808540 214
1808550 213
1808560 213
1808570 212
1808580 212
1808590 213
1808600 213
1808610 213
1808620 214
1808630 214
1808640 214
1808650 214
1808660 214
1808670 214
1808680 215
1808690 215
1808700 215
1808710 214
1808720 214
1808730 214
1808740 214
1808750 214
1808760 214
1808770 214
1808780 214
1808790 214
1808800 214
1808810 214
1808820 214
1808830 214
1808840 214
1808850 214
1808860 214
1808870 214
1808880 213
1808890 213
1808900 213
1808910 213
1808920 213
1808930 213
1808940 213
1808950 213
1808960 213
1808970 212
1808980 212
1808990 212
1809000 212
1809010 212
1809020 212
1809030 211
1809040 211
1809050 211
1809060 211
1809070 210
1809080 210
1809090 210
1809100 210
1809110 210
1809120 210
1809130 210
1809140 209
1809150 209
1809160 209
1809170 209
1809180 209
1809190 209
1809200 209
1809210 209
1809220 209
1809230 209
1809240 209
1809250 209
1809260 209
1809270 209
1809280 209
1809290 209
1809300 209
1809310 209
1809320 209
1809330 209
1809340 209
1809350 209
1809360 209
1809370 209
1809380 209
1809390 209
1809400 209
1809410 209
1809420 209
1809430 209
1809440 210
1809450 210
1809460 210
1809470 210
1809480 211
1809490 211
1809500 211
1809510 211
1809520 211
1809530 211
1809540 211
1809550 211
1809560 212
1809570 212
1809580 212
1809590 212
1809600 213
1809610 213
1809620 213
1809630 213
1809640 214
1809650 214
1809660 214
1809670 215
1809680 215
1809690 216
1809700 216
1809710 216
1809720 217
1809730 217
1809740 217
1809750 218
1809760 218
1809770 218
1809780 219
1809790 219
1809800 219
1809810 220
1809820 220
1809830 221
1809840 221
1809850 222
1809860 222
1809870 223
1809880 223
1809890 223
1809900 223
1809910 223
1809920 224
1809930 224
1809940 224
1809950 224
1809960 225
1809970 225
1809980 226
1809990 226
1810000 227
1810010 227
1810020 228
1810030 228
1810040 228
1810050 229
1810060 230
1810070 230
1810080 231
1810090 231
1810100 232
1810110 232
1810120 233
1810130 234
1810140 235
1810150 237
1810160 239
1810170 240
1810180 242
1810190 244
1810200 246
1810210 248
1810220 249
1810230 250
1810240 251
1810250 252
1810260 254
1810270 255
1810280 257
1810290 259
1810300 261
1810310 263
1810320 264
1810330 266
1810340 267
1810350 268
1810360 269
1810370 270
1810380 271
1810390 272
1810400 273
1810410 274
1810420 275
1810430 276
1810440 277
1810450 277
1810460 278
1810470 279
1810480 280
1810490 280
1810500 281
1810510 281
1810520 282
1810530 282
1810540 283
1810550 283
1810560 284
1810570 284
1810580 285
1810590 285
1810600 286
1810610 286
1810620 287
1810630 288
1810640 288
1810650 289
1810660 289
1810670 290
1810680 290
1810690 291
1810700 292
1810710 292
1810720 293
1810730 293
1810740 294
1810750 295
1810760 296
1810770 296
1810780 297
1810790 298
1810800 299
1810810 302
1810820 302
1810830 303
1810840 304
1810850 306
1810860 308
1810870 309
1810880 310
1810890 311
1810900 313
1810910 313
1810920 315
1810930 316
1810940 317
1810950 318
1810960 319
1810970 321
1810980 322
1810990 323
1811000 324
1811010 325
1811020 326
1811030 327
1811040 328
1811050 329
1811060 330
1811070 331
1811080 332
1811090 334
1811100 335
1811110 336
1811120 337
1811130 338
1811140 339
1811150 342
1811160 343
1811170 344
1811180 344
1811190 345
1811200 346
1811210 347
1811220 348
1811230 349
1811240 350
1811250 351
1811260 351
1811270 351
1811280 351
1811290 352
1811300 356
1811310 360
1811320 361
1811330 363
1811340 364
1811350 365
1811360 367
1811370 368
1811380 366
1811390 365
1811400 364
1811410 363
1811420 363
1811430 363
1811440 363
1811450 364
1811460 365
1811470 365
1811480 365
1811490 366
1811500 368
1811510 370
1811520 372
1811530 373
1811540 373
1811550 372
1811560 370
1811570 369
1811580 368
1811590 368
1811600 367
1811610 366
1811620 365
1811630 365
1811640 365
1811650 364
1811660 364
1811670 364
1811680 364
1811690 364
1811700 364
1811710 364
1811720 364
1811730 365
1811740 365
1811750 365
1811760 365
1811770 365
1811780 364
1811790 364
1811800 364
1811810 363
1811820 361
1811830 360
1811840 359
1811850 358
1811860 357
1811870 356
1811880 355
1811890 355
1811900 354
1811910 353
1811920 351
1811930 350
1811940 349
1811950 352
1811960 354
1811970 355
1811980 355
1811990 356
1812000 359
1812010 360
1812020 362
1812030 363
1812040 365
1812050 366
1812060 367
1812070 368
1812080 369
1812090 369
1812100 370
1812110 371
1812120 371
1812130 371
1812140 372
1812150 372
1812160 372
1812170 372
1812180 372
1812190 372
1812200 372
1812210 372
1812220 372
1812230 372
1812240 372
1812250 371
1812260 371
1812270 370
1812280 370
1812290 369
1812300 369
1812310 368
1812320 367
1812330 367
1812340 366
1812350 364
1812360 363
1812370 361
1812380 359
1812390 357
1812400 356
1812410 357
1812420 356
1812430 356
1812440 356
1812450 356
1812460 356
1812470 356
1812480 356
1812490 356
1812500 356
1812510 356
1812520 355
1812530 354
1812540 353
1812550 350
1812560 347
1812570 347
1812580 348
1812590 350
1812600 350
1812610 352
1812620 354
1812630 355
1812640 356
1812650 356
1812660 356
1812670 356
1812680 357
1812690 358
1812700 359
1812710 359
1812720 360
1812730 360
1812740 361
1812750 361
1812760 362
1812770 362
1812780 363
1812790 363
1812800 364
1812810 364
1812820 365
1812830 365
1812840 365
1812850 365
1812860 366
1812870 366
1812880 366
1812890 366
1812900 366
1812910 366
1812920 366
1812930 366
1812940 366
1812950 366
1812960 366
1812970 366
1812980 366
1812990 366
1813000 366
1813010 366
1813020 366
1813030 365
1813040 365
1813050 365
1813060 364
1813070 364
1813080 363
1813090 363
1813100 362
1813110 362
1813120 361
1813130 360
1813140 359
1813150 358
1813160 357
1813170 356
1813180 354
1813190 353
1813200 352
1813210 350
1813220 349
1813230 347
1813240 346
1813250 344
1813260 343
1813270 341
1813280 340
1813290 338
1813300 337
1813310 335
1813320 334
1813330 332
1813340 330
1813350 329
1813360 327
1813370 326
1813380 325
1813390 324
1813400 322
1813410 321
1813420 319
1813430 318
1813440 317
1813450 315
1813460 314
1813470 313
1813480 312
1813490 311
1813500 311
1813510 310
1813520 309
1813530 309
1813540 308
1813550 308
1813560 308
1813570 308
1813580 308
1813590 308
1813600 308
1813610 308
1813620 308
1813630 308
1813640 308
1813650 308
1813660 309
1813670 309
1813680 309
1813690 310
1813700 311
1813710 312
1813720 314
1813730 315
1813740 315
1813750 316
1813760 316
1813770 316
1813780 316
1813790 316
1813800 316
1813810 316
1813820 316
1813830 315
1813840 315
1813850 315
1813860 315
1813870 315
1813880 314
1813890 314
1813900 314
1813910 314
1813920 313
1813930 313
1813940 312
1813950 312
1813960 311
1813970 311
1813980 310
1813990 310
1814000 309
1814010 309
1814020 308
1814030 308
1814040 307
1814050 306
1814060 305
1814070 304
1814080 303
1814090 302
1814100 301
1814110 300
1814120 298
1814130 297
1814140 295
1814150 294
1814160 293
1814170 292
1814180 291
1814190 290
1814200 290
1814210 289
1814220 289
1814230 289
1814240 288
1814250 288
1814260 287
1814270 287
1814280 286
1814290 285
1814300 285
1814310 285
1814320 284
1814330 284
1814340 283
1814350 283
1814360 282
1814370 282
1814380 281
1814390 280
1814400 279
1814410 279
1814420 278
1814430 277
1814440 277
1814450 276
1814460 275
1814470 275
1814480 274
1814490 273
1814500 272
1814510 272
1814520 271
1814530 270
1814540 269
1814550 268
1814560 268
1814570 267
1814580 266
1814590 265
1814600 265
1814610 264
1814620 263
1814630 262
1814640 261
1814650 260
1814660 259
1814670 258
1814680 257
1814690 256
1814700 255
1814710 254
1814720 253
1814730 252
1814740 251
1814750 250
1814760 248
1814770 246
1814780 245
1814790 243
1814800 240
1814810 238
1814820 237
1814830 236
1814840 235
1814850 235
1814860 235
1814870 235
1814880 235
1814890 235
1814900 235
1814910 235
1814920 235
1814930 235
1814940 235
1814950 236
1814960 237
1814970 239
1814980 241
1814990 243
1815000 245
1815010 247
1815020 250
1815030 252
1815040 255
1815050 257
1815060 260
1815070 262
1815080 264
1815090 267
1815100 269
1815110 272
1815120 275
1815130 277
1815140 280
1815150 283
1815160 285
1815170 287
1815180 289
1815190 290
1815200 291
1815210 292
1815220 293
1815230 293
1815240 294
1815250 295
1815260 295
1815270 296
1815280 296
1815290 297
1815300 297
1815310 298
1815320 298
1815330 299
1815340 299
1815350 300
1815360 300
1815370 300
1815380 301
1815390 301
1815400 301
1815410 302
1815420 302
1815430 303
1815440 303
1815450 303
1815460 303
1815470 303
1815480 304
1815490 304
1815500 304
1815510 304
1815520 304
1815530 304
1815540 304
1815550 304
1815560 304
1815570 304
1815580 304
1815590 304
1815600 304
1815610 304
1815620 304
1815630 304
1815640 304
1815650 303
1815660 303
1815670 303
1815680 303
1815690 302
1815700 302
1815710 302
1815720 302
1815730 302
1815740 301
1815750 301
1815760 301
1815770 301
1815780 300
1815790 300
1815800 300
1815810 299
1815820 299
1815830 299
1815840 299
1815850 298
1815860 298
1815870 298
1815880 297
1815890 297
1815900 296
1815910 296
1815920 296
1815930 295
1815940 295
1815950 295
1815960 295
1815970 294
1815980 294
1815990 294
1816000 294
1816010 294
1816020 294
1816030 294
1816040 294
1816050 294
1816060 294
1816070 294
1816080 294
1816090 294
1816100 294
1816110 294
1816120 293
1816130 293
1816140 293
1816150 292
1816160 292
1816170 292
1816180 291
1816190 291
1816200 291
1816210 290
1816220 290
1816230 290
1816240 289
1816250 289
1816260 289
1816270 289
1816280 289
1816290 288
1816300 288
1816310 288
1816320 287
1816330 287
1816340 287
1816350 286
1816360 286
1816370 286
1816380 286
1816390 285
1816400 285
1816410 284
1816420 283
1816430 283
1816440 282
1816450 282
1816460 282
1816470 282
1816480 281
1816490 281
1816500 280
1816510 279
1816520 278
1816530 277
1816540 276
1816550 275
1816560 273
1816570 272
1816580 270
1816590 269
1816600 268
1816610 268
1816620 268
1816630 268
1816640 269
1816650 269
1816660 270
1816670 270
1816680 270
1816690 270
1816700 270
1816710 270
1816720 270
1816730 270
1816740 269
1816750 269
1816760 269
1816770 270
1816780 271
1816790 271
1816800 272
1816810 272
1816820 272
1816830 273
1816840 273
1816850 273
1816860 273
1816870 273
1816880 272
1816890 272
1816900 272
1816910 271
1816920 271
1816930 270
1816940 269
1816950 268
1816960 267
1816970 265
1816980 263
1816990 261
1817000 259
1817010 259
1817020 259
1817030 259
1817040 260
1817050 261
1817060 262
1817070 263
1817080 264
1817090 265
1817100 266
1817110 268
1817120 270
1817130 271
1817140 273
1817150 275
1817160 277
1817170 279
1817180 281
1817190 283
1817200 284
1817210 286
1817220 287
1817230 288
1817240 289
1817250 290
1817260 291
1817270 291
1817280 292
1817290 292
1817300 293
1817310 293
1817320 293
1817330 293
1817340 294
1817350 294
1817360 294
1817370 294
1817380 294
1817390 293
1817400 293
1817410 293
1817420 293
1817430 292
1817440 292
1817450 292
1817460 291
1817470 291
1817480 290
1817490 289
1817500 289
1817510 288
1817520 288
1817530 287
1817540 286
1817550 286
1817560 285
1817570 285
1817580 284
1817590 284
1817600 283
1817610 283
1817620 282
1817630 281
1817640 281
1817650 280
1817660 279
1817670 278
1817680 277
1817690 276
1817700 274
1817710 273
1817720 272
1817730 271
1817740 271
1817750 272
1817760 272
1817770 273
1817780 274
1817790 274
1817800 274
1817810 275
1817820 275
1817830 276
1817840 276
1817850 276
1817860 277
1817870 277
1817880 277
1817890 277
1817900 278
1817910 278
1817920 279
1817930 279
1817940 280
1817950 280
1817960 280
1817970 281
1817980 281
1817990 281
1818000 281
1818010 281
1818020 281
1818030 281
1818040 281
1818050 281
1818060 281
1818070 281
1818080 281
1818090 281
1818100 281
1818110 280
1818120 280
1818130 280
1818140 280
1818150 279
1818160 279
1818170 278
1818180 278
1818190 277
1818200 277
1818210 276
1818220 275
1818230 275
1818240 274
1818250 274
1818260 273
1818270 273
1818280 273
1818290 272
1818300 272
1818310 272
1818320 272
1818330 271
1818340 271
1818350 271
1818360 271
1818370 271
1818380 271
1818390 271
1818400 270
1818410 270
1818420 270
1818430 269
1818440 269
1818450 269
1818460 268
1818470 267
1818480 267
1818490 266
1818500 266
1818510 266
1818520 265
1818530 265
1818540 264
1818550 264
1818560 263
1818570 262
1818580 260
1818590 259
1818600 257
1818610 256
1818620 255
1818630 254
1818640 253
1818650 251
1818660 250
1818670 249
1818680 248
1818690 247
1818700 247
1818710 246
1818720 246
1818730 247
1818740 247
1818750 247
1818760 247
1818770 248
1818780 248
1818790 248
1818800 247
1818810 247
1818820 246
1818830 245
1818840 245
1818850 244
1818860 244
1818870 244
1818880 243
1818890 243
1818900 243
1818910 243
1818920 243
1818930 243
1818940 243
1818950 243
1818960 243
1818970 244
1818980 245
1818990 247
1819000 249
1819010 251
1819020 253
1819030 255
1819040 257
1819050 260
1819060 262
1819070 264
1819080 266
1819090 267
1819100 269
1819110 269
1819120 270
1819130 270
1819140 270
1819150 270
1819160 270
1819170 270
1819180 270
1819190 270
1819200 270
1819210 270
1819220 270
1819230 269
1819240 269
1819250 269
1819260 269
1819270 269
1819280 268
1819290 268
1819300 268
1819310 267
1819320 267
1819330 267
1819340 266
1819350 266
1819360 265
1819370 265
1819380 264
1819390 264
1819400 263
1819410 262
1819420 262
1819430 261
1819440 261
1819450 260
1819460 259
1819470 258
1819480 258
1819490 257
1819500 256
1819510 255
1819520 254
1819530 253
1819540 252
1819550 251
1819560 250
1819570 249
1819580 249
1819590 248
1819600 248
1819610 247
1819620 247
1819630 247
1819640 247
1819650 247
1819660 247
1819670 247
1819680 247
1819690 247
1819700 247
1819710 247
1819720 247
1819730 247
1819740 247
1819750 247
1819760 246
1819770 246
1819780 245
1819790 245
1819800 244
1819810 243
1819820 242
1819830 241
1819840 240
1819850 238
1819860 237
1819870 236
1819880 234
1819890 233
1819900 232
1819910 231
1819920 230
1819930 229
1819940 228
1819950 227
1819960 227
1819970 227
1819980 227
1819990 227
