1800000 195
1800010 195
1800020 196
1800030 196
1800040 198
1800050 198
1800060 199
1800070 199
1800080 200
1800090 201
1800100 202
1800110 203
1800120 204
1800130 205
1800140 205
1800150 206
1800160 207
1800170 207
1800180 207
1800190 207
1800200 207
1800210 207
1800220 207
1800230 207
1800240 207
1800250 207
1800260 207
1800270 207
1800280 207
1800290 207
1800300 207
1800310 208
1800320 208
1800330 208
1800340 208
1800350 209
1800360 209
1800370 209
1800380 209
1800390 209
1800400 209
1800410 209
1800420 209
1800430 209
1800440 209
1800450 209
1800460 210
1800470 210
1800480 210
1800490 210
1800500 210
1800510 210
1800520 210
1800530 210
1800540 210
1800550 210
1800560 210
1800570 210
1800580 210
1800590 210
1800600 210
1800610 210
1800620 210
1800630 210
1800640 211
1800650 211
1800660 211
1800670 211
1800680 211
1800690 211
1800700 211
1800710 211
1800720 211
1800730 211
1800740 212
1800750 212
1800760 212
1800770 212
1800780 212
1800790 212
1800800 212
1800810 212
1800820 213
1800830 213
1800840 213
1800850 213
1800860 213
1800870 213
1800880 213
1800890 213
1800900 213
1800910 213
1800920 213
1800930 213
1800940 213
1800950 213
1800960 213
1800970 213
1800980 213
1800990 213
1801000 213
1801010 212
1801020 212
1801030 212
1801040 212
1801050 212
1801060 212
1801070 211
1801080 211
1801090 211
1801100 211
1801110 211
1801120 211
1801130 211
1801140 211
1801150 211
1801160 212
1801170 212
1801180 212
1801190 212
1801200 212
1801210 212
1801220 212
1801230 212
1801240 212
1801250 213
1801260 213
1801270 213
1801280 213
1801290 213
1801300 213
1801310 213
1801320 213
1801330 213
1801340 213
1801350 213
1801360 213
1801370 213
1801380 213
1801390 214
1801400 214
1801410 214
1801420 214
1801430 214
1801440 214
1801450 214
1801460 214
1801470 214
1801480 214
1801490 214
1801500 214
1801510 214
1801520 215
1801530 215
1801540 215
1801550 215
1801560 215
1801570 215
1801580 215
1801590 215
1801600 215
1801610 215
1801620 215
1801630 215
1801640 215
1801650 215
1801660 215
1801670 215
1801680 215
1801690 215
1801700 215
1801710 215
1801720 215
1801730 215
1801740 215
1801750 215
1801760 215
1801770 216
1801780 216
1801790 215
1801800 215
1801810 215
1801820 215
1801830 215
1801840 215
1801850 215
1801860 215
1801870 215
1801880 215
1801890 215
1801900 215
1801910 215
1801920 215
1801930 215
1801940 215
1801950 215
1801960 215
1801970 215
1801980 215
1801990 215
1802000 215
1802010 215
1802020 215
1802030 215
1802040 215
1802050 215
1802060 215
1802070 215
1802080 215
1802090 215
1802100 215
1802110 215
1802120 215
1802130 215
1802140 214
1802150 214
1802160 214
1802170 214
1802180 214
1802190 214
1802200 214
1802210 214
1802220 214
1802230 214
1802240 214
1802250 214
1802260 214
1802270 214
1802280 215
1802290 215
1802300 215
1802310 215
1802320 215
1802330 215
1802340 215
1802350 215
1802360 215
1802370 215
1802380 215
1802390 215
1802400 215
1802410 215
1802420 215
1802430 215
1802440 216
1802450 216
1802460 216
1802470 216
1802480 216
1802490 216
1802500 216
1802510 216
1802520 216
1802530 216
1802540 216
1802550 216
1802560 216
1802570 216
1802580 216
1802590 216
1802600 216
1802610 216
1802620 216
1802630 217
1802640 217
1802650 217
1802660 217
1802670 217
1802680 217
1802690 217
1802700 217
1802710 217
1802720 217
1802730 217
1802740 217
1802750 217
1802760 217
1802770 217
1802780 217
1802790 217
1802800 217
1802810 218
1802820 218
1802830 218
1802840 218
1802850 218
1802860 218
1802870 218
1802880 218
1802890 218
1802900 218
1802910 218
1802920 218
1802930 218
1802940 218
1802950 218
1802960 219
1802970 219
1802980 219
1802990 218
1803000 218
1803010 218
1803020 217
1803030 217
1803040 217
1803050 217
1803060 217
1803070 217
1803080 217
1803090 218
1803100 219
1803110 220
1803120 220
1803130 220
1803140 220
1803150 220
1803160 220
1803170 220
1803180 220
1803190 220
1803200 220
1803210 220
1803220 220
1803230 221
1803240 221
1803250 221
1803260 221
1803270 220
1803280 220
1803290 220
1803300 219
1803310 219
1803320 218
1803330 218
1803340 218
1803350 217
1803360 216
1803370 216
1803380 215
1803390 215
1803400 214
1803410 213
1803420 212
1803430 211
1803440 210
1803450 209
1803460 208
1803470 207
1803480 206
1803490 205
1803500 204
1803510 203
1803520 202
1803530 201
1803540 200
1803550 199
1803560 198
1803570 198
1803580 197
1803590 194
1803600 191
1803610 188
1803620 186
1803630 184
1803640 184
1803650 184
1803660 184
1803670 183
1803680 184
1803690 185
1803700 185
1803710 185
1803720 185
1803730 185
1803740 185
1803750 185
1803760 185
1803770 185
1803780 186
1803790 186
1803800 186
1803810 187
1803820 187
1803830 187
1803840 187
1803850 188
1803860 188
1803870 189
1803880 189
1803890 189
1803900 190
1803910 190
1803920 190
1803930 190
1803940 190
1803950 190
1803960 190
1803970 190
1803980 191
1803990 191
1804000 191
1804010 191
1804020 191
1804030 191
1804040 191
1804050 191
1804060 191
1804070 192
1804080 192
1804090 192
1804100 192
1804110 192
1804120 192
1804130 192
1804140 192
1804150 192
1804160 193
1804170 193
1804180 193
1804190 193
1804200 193
1804210 193
1804220 194
1804230 194
1804240 194
1804250 194
1804260 195
1804270 195
1804280 195
1804290 196
1804300 196
1804310 196
1804320 197
1804330 197
1804340 198
1804350 198
1804360 199
1804370 199
1804380 200
1804390 200
1804400 201
1804410 201
1804420 202
1804430 202
1804440 203
1804450 203
1804460 204
1804470 204
1804480 205
1804490 205
1804500 206
1804510 207
1804520 207
1804530 208
1804540 209
1804550 209
1804560 210
1804570 210
1804580 211
1804590 212
1804600 213
1804610 213
1804620 214
1804630 214
1804640 214
1804650 215
1804660 215
1804670 215
1804680 216
1804690 216
1804700 217
1804710 217
1804720 218
1804730 218
1804740 219
1804750 219
1804760 220
1804770 220
1804780 220
1804790 221
1804800 221
1804810 221
1804820 222
1804830 222
1804840 222
1804850 222
1804860 222
1804870 223
1804880 223
1804890 223
1804900 223
1804910 223
1804920 223
1804930 223
1804940 223
1804950 223
1804960 223
1804970 223
1804980 223
1804990 224
1805000 224
1805010 224
1805020 224
1805030 224
1805040 223
1805050 223
1805060 223
1805070 223
1805080 223
1805090 223
1805100 223
1805110 223
1805120 223
1805130 223
1805140 223
1805150 223
1805160 223
1805170 222
1805180 222
1805190 222
1805200 222
1805210 222
1805220 222
1805230 222
1805240 222
1805250 221
1805260 221
1805270 221
1805280 221
1805290 221
1805300 220
1805310 220
1805320 220
1805330 220
1805340 219
1805350 219
1805360 219
1805370 219
1805380 219
1805390 218
1805400 218
1805410 218
1805420 217
1805430 217
1805440 217
1805450 216
1805460 216
1805470 216
1805480 215
1805490 215
1805500 215
1805510 215
1805520 215
1805530 214
1805540 214
1805550 214
1805560 214
1805570 214
1805580 213
1805590 213
1805600 212
1805610 212
1805620 211
1805630 211
1805640 211
1805650 210
1805660 210
1805670 209
1805680 209
1805690 209
1805700 208
1805710 208
1805720 207
1805730 207
1805740 207
1805750 207
1805760 207
1805770 206
1805780 206
1805790 206
1805800 206
1805810 206
1805820 206
1805830 205
1805840 205
1805850 205
1805860 205
1805870 205
1805880 205
1805890 205
1805900 205
1805910 205
1805920 205
1805930 204
1805940 204
1805950 204
1805960 204
1805970 204
1805980 203
1805990 203
1806000 203
1806010 203
1806020 203
1806030 202
1806040 202
1806050 202
1806060 202
1806070 202
1806080 202
1806090 203
1806100 203
1806110 204
1806120 205
1806130 205
1806140 206
1806150 206
1806160 207
1806170 207
1806180 208
1806190 208
1806200 208
1806210 208
1806220 209
1806230 209
1806240 209
1806250 209
1806260 209
1806270 210
1806280 210
1806290 210
1806300 210
1806310 210
1806320 210
1806330 210
1806340 209
1806350 209
1806360 209
1806370 209
1806380 208
1806390 208
1806400 207
1806410 207
1806420 207
1806430 206
1806440 206
1806450 206
1806460 206
1806470 206
1806480 206
1806490 207
1806500 207
1806510 207
1806520 207
1806530 207
1806540 208
1806550 208
1806560 208
1806570 208
1806580 208
1806590 208
1806600 208
1806610 209
1806620 209
1806630 209
1806640 209
1806650 208
1806660 208
1806670 208
1806680 208
1806690 208
1806700 208
1806710 208
1806720 208
1806730 208
1806740 208
1806750 208
1806760 208
1806770 208
1806780 208
1806790 208
1806800 208
1806810 208
1806820 208
1806830 207
1806840 207
1806850 207
1806860 207
1806870 206
1806880 206
1806890 206
1806900 206
1806910 206
1806920 206
1806930 206
1806940 206
1806950 206
1806960 206
1806970 205
1806980 205
1806990 205
1807000 205
1807010 205
1807020 205
1807030 205
1807040 205
1807050 205
1807060 205
1807070 205
1807080 205
1807090 205
1807100 205
1807110 205
1807120 205
1807130 205
1807140 206
1807150 206
1807160 206
1807170 206
1807180 206
1807190 206
1807200 207
1807210 207
1807220 207
1807230 207
1807240 207
1807250 207
1807260 208
1807270 208
1807280 208
1807290 208
1807300 208
1807310 208
1807320 208
1807330 208
1807340 208
1807350 208
1807360 209
1807370 209
1807380 209
1807390 209
1807400 209
1807410 209
1807420 209
1807430 209
1807440 209
1807450 209
1807460 209
1807470 209
1807480 209
1807490 209
1807500 209
1807510 209
1807520 209
1807530 209
1807540 209
1807550 209
1807560 209
1807570 209
1807580 209
1807590 209
1807600 209
1807610 209
1807620 209
1807630 209
1807640 209
1807650 209
1807660 209
1807670 209
1807680 209
1807690 209
1807700 209
1807710 209
1807720 209
1807730 209
1807740 209
1807750 209
1807760 210
1807770 210
1807780 210
1807790 210
1807800 210
1807810 210
1807820 210
1807830 210
1807840 210
1807850 210
1807860 210
1807870 210
1807880 210
1807890 210
1807900 210
1807910 210
1807920 210
1807930 210
1807940 210
1807950 210
1807960 210
1807970 210
1807980 210
1807990 210
1808000 210
1808010 210
1808020 210
1808030 210
1808040 211
1808050 211
1808060 211
1808070 211
1808080 211
1808090 211
1808100 211
1808110 211
1808120 211
1808130 211
1808140 212
1808150 212
1808160 212
1808170 212
1808180 212
1808190 212
1808200 212
1808210 212
1808220 212
1808230 212
1808240 212
1808250 212
1808260 211
1808270 211
1808280 211
1808290 211
1808300 211
1808310 210
1808320 210
1808330 210
1808340 210
1808350 210
1808360 209
1808370 209
1808380 209
1808390 209
1808400 209
1808410 209
1808420 208
1808430 208
1808440 208
1808450 208
1808460 208
1808470 208
1808480 208
1808490 207
1808500 207
1808510 207
1808520 207
1808530 207
1808540 207
1808550 207
1808560 207
1808570 206
1808580 206
1808590 206
1808600 205
1808610 205
1808620 205
1808630 205
1808640 204
1808650 204
1808660 204
1808670 204
1808680 204
1808690 204
1808700 204
1808710 204
1808720 204
1808730 204
1808740 205
1808750 205
1808760 205
1808770 205
1808780 205
1808790 205
1808800 205
1808810 205
1808820 205
1808830 205
1808840 205
1808850 205
1808860 205
1808870 205
1808880 205
1808890 205
1808900 205
1808910 205
1808920 205
1808930 205
1808940 205
1808950 204
1808960 204
1808970 204
1808980 204
1808990 204
1809000 204
1809010 204
1809020 204
1809030 204
1809040 204
1809050 204
1809060 204
1809070 204
1809080 204
1809090 204
1809100 204
1809110 204
1809120 204
1809130 204
1809140 204
1809150 204
1809160 204
1809170 204
1809180 204
1809190 204
1809200 204
1809210 204
1809220 205
1809230 205
1809240 205
1809250 205
1809260 205
1809270 205
1809280 205
1809290 205
1809300 205
1809310 205
1809320 205
1809330 205
1809340 205
1809350 206
1809360 206
1809370 206
1809380 206
1809390 207
1809400 207
1809410 207
1809420 207
1809430 207
1809440 208
1809450 208
1809460 208
1809470 208
1809480 209
1809490 209
1809500 209
1809510 209
1809520 210
1809530 210
1809540 210
1809550 211
1809560 211
1809570 211
1809580 212
1809590 212
1809600 212
1809610 213
1809620 213
1809630 213
1809640 214
1809650 214
1809660 214
1809670 215
1809680 215
1809690 216
1809700 216
1809710 216
1809720 217
1809730 217
1809740 218
1809750 220
1809760 221
1809770 223
1809780 224
1809790 224
1809800 225
1809810 225
1809820 225
1809830 225
1809840 226
1809850 227
1809860 228
1809870 228
1809880 229
1809890 230
1809900 231
1809910 232
1809920 232
1809930 233
1809940 234
1809950 234
1809960 235
1809970 235
1809980 236
1809990 237
1810000 237
1810010 238
1810020 238
1810030 239
1810040 239
1810050 240
1810060 240
1810070 241
1810080 241
1810090 242
1810100 243
1810110 243
1810120 244
1810130 244
1810140 245
1810150 246
1810160 247
1810170 248
1810180 248
1810190 249
1810200 250
1810210 251
1810220 252
1810230 252
1810240 253
1810250 253
1810260 254
1810270 255
1810280 255
1810290 256
1810300 257
1810310 257
1810320 258
1810330 259
1810340 260
1810350 261
1810360 262
1810370 262
1810380 263
1810390 264
1810400 265
1810410 267
1810420 268
1810430 269
1810440 271
1810450 272
1810460 272
1810470 273
1810480 274
1810490 275
1810500 276
1810510 277
1810520 278
1810530 279
1810540 280
1810550 281
1810560 283
1810570 285
1810580 286
1810590 288
1810600 289
1810610 290
1810620 291
1810630 291
1810640 292
1810650 292
1810660 293
1810670 293
1810680 294
1810690 294
1810700 295
1810710 296
1810720 296
1810730 297
1810740 297
1810750 298
1810760 299
1810770 299
1810780 300
1810790 301
1810800 302
1810810 303
1810820 303
1810830 304
1810840 305
1810850 306
1810860 307
1810870 308
1810880 309
1810890 311
1810900 313
1810910 314
1810920 315
1810930 317
1810940 318
1810950 319
1810960 320
1810970 321
1810980 322
1810990 323
1811000 324
1811010 325
1811020 325
1811030 326
1811040 327
1811050 329
1811060 332
1811070 334
1811080 335
1811090 337
1811100 337
1811110 338
1811120 339
1811130 339
1811140 340
1811150 340
1811160 342
1811170 343
1811180 345
1811190 347
1811200 349
1811210 350
1811220 352
1811230 354
1811240 356
1811250 358
1811260 360
1811270 361
1811280 363
1811290 364
1811300 365
1811310 366
1811320 367
1811330 369
1811340 370
1811350 371
1811360 372
1811370 374
1811380 375
1811390 376
1811400 378
1811410 379
1811420 381
1811430 382
1811440 384
1811450 385
1811460 386
1811470 386
1811480 386
1811490 385
1811500 385
1811510 386
1811520 386
1811530 386
1811540 385
1811550 384
1811560 383
1811570 382
1811580 381
1811590 381
1811600 381
1811610 380
1811620 380
1811630 379
1811640 379
1811650 379
1811660 379
1811670 379
1811680 379
1811690 379
1811700 379
1811710 380
1811720 380
1811730 381
1811740 381
1811750 382
1811760 382
1811770 383
1811780 383
1811790 384
1811800 384
1811810 385
1811820 385
1811830 386
1811840 386
1811850 387
1811860 388
1811870 388
1811880 389
1811890 389
1811900 390
1811910 390
1811920 391
1811930 391
1811940 391
1811950 392
1811960 392
1811970 393
1811980 393
1811990 394
1812000 394
1812010 394
1812020 394
1812030 394
1812040 394
1812050 394
1812060 394
1812070 394
1812080 394
1812090 393
1812100 393
1812110 393
1812120 393
1812130 393
1812140 392
1812150 392
1812160 392
1812170 391
1812180 391
1812190 391
1812200 390
1812210 390
1812220 390
1812230 389
1812240 389
1812250 388
1812260 388
1812270 387
1812280 387
1812290 387
1812300 386
1812310 386
1812320 386
1812330 385
1812340 385
1812350 384
1812360 384
1812370 383
1812380 383
1812390 382
1812400 382
1812410 381
1812420 381
1812430 380
1812440 380
1812450 379
1812460 379
1812470 379
1812480 378
1812490 378
1812500 378
1812510 377
1812520 377
1812530 377
1812540 377
1812550 376
1812560 376
1812570 376
1812580 376
1812590 375
1812600 375
1812610 375
1812620 375
1812630 375
1812640 375
1812650 375
1812660 374
1812670 374
1812680 374
1812690 374
1812700 374
1812710 374
1812720 373
1812730 373
1812740 373
1812750 373
1812760 373
1812770 372
1812780 372
1812790 372
1812800 371
1812810 371
1812820 371
1812830 370
1812840 370
1812850 369
1812860 369
1812870 368
1812880 368
1812890 368
1812900 367
1812910 367
1812920 366
1812930 366
1812940 366
1812950 365
1812960 365
1812970 364
1812980 364
1812990 363
1813000 362
1813010 362
1813020 361
1813030 361
1813040 360
1813050 359
1813060 359
1813070 358
1813080 357
1813090 357
1813100 356
1813110 356
1813120 355
1813130 354
1813140 354
1813150 354
1813160 353
1813170 352
1813180 352
1813190 351
1813200 350
1813210 350
1813220 349
1813230 348
1813240 348
1813250 347
1813260 346
1813270 345
1813280 344
1813290 343
1813300 342
1813310 342
1813320 341
1813330 340
1813340 339
1813350 338
1813360 337
1813370 336
1813380 335
1813390 334
1813400 333
1813410 332
1813420 331
1813430 329
1813440 328
1813450 327
1813460 326
1813470 325
1813480 323
1813490 322
1813500 321
1813510 319
1813520 318
1813530 316
1813540 315
1813550 314
1813560 313
1813570 311
1813580 310
1813590 308
1813600 307
1813610 306
1813620 304
1813630 303
1813640 302
1813650 300
1813660 299
1813670 298
1813680 296
1813690 295
1813700 293
1813710 292
1813720 290
1813730 288
1813740 287
1813750 286
1813760 284
1813770 283
1813780 282
1813790 281
1813800 280
1813810 279
1813820 278
1813830 277
1813840 277
1813850 276
1813860 276
1813870 275
1813880 275
1813890 274
1813900 274
1813910 273
1813920 273
1813930 272
1813940 272
1813950 271
1813960 271
1813970 270
1813980 270
1813990 269
1814000 269
1814010 268
1814020 268
1814030 268
1814040 267
1814050 267
1814060 266
1814070 266
1814080 266
1814090 265
1814100 265
1814110 265
1814120 264
1814130 264
1814140 264
1814150 263
1814160 263
1814170 263
1814180 263
1814190 262
1814200 262
1814210 262
1814220 262
1814230 261
1814240 261
1814250 261
1814260 261
1814270 261
1814280 261
1814290 261
1814300 261
1814310 261
1814320 261
1814330 261
1814340 261
1814350 260
1814360 260
1814370 260
1814380 260
1814390 260
1814400 260
1814410 259
1814420 259
1814430 259
1814440 258
1814450 257
1814460 257
1814470 256
1814480 255
1814490 254
1814500 254
1814510 253
1814520 252
1814530 251
1814540 250
1814550 249
1814560 248
1814570 247
1814580 246
1814590 246
1814600 245
1814610 245
1814620 244
1814630 244
1814640 244
1814650 243
1814660 243
1814670 243
1814680 243
1814690 242
1814700 242
1814710 242
1814720 242
1814730 241
1814740 241
1814750 241
1814760 241
1814770 240
1814780 240
1814790 240
1814800 240
1814810 239
1814820 239
1814830 239
1814840 239
1814850 238
1814860 238
1814870 238
1814880 239
1814890 239
1814900 239
1814910 239
1814920 239
1814930 239
1814940 241
1814950 242
1814960 245
1814970 246
1814980 248
1814990 250
1815000 252
1815010 253
1815020 255
1815030 257
1815040 259
1815050 261
1815060 263
1815070 266
1815080 268
1815090 270
1815100 272
1815110 275
1815120 277
1815130 280
1815140 282
1815150 284
1815160 286
1815170 288
1815180 290
1815190 291
1815200 293
1815210 295
1815220 296
1815230 298
1815240 300
1815250 301
1815260 302
1815270 303
1815280 304
1815290 305
1815300 306
1815310 307
1815320 309
1815330 309
1815340 310
1815350 311
1815360 311
1815370 312
1815380 313
1815390 313
1815400 314
1815410 314
1815420 314
1815430 315
1815440 315
1815450 316
1815460 316
1815470 316
1815480 316
1815490 316
1815500 317
1815510 317
1815520 317
1815530 317
1815540 317
1815550 317
1815560 317
1815570 317
1815580 317
1815590 317
1815600 317
1815610 317
1815620 317
1815630 317
1815640 317
1815650 317
1815660 317
1815670 317
1815680 317
1815690 317
1815700 316
1815710 316
1815720 316
1815730 316
1815740 316
1815750 316
1815760 315
1815770 315
1815780 315
1815790 314
1815800 314
1815810 314
1815820 313
1815830 313
1815840 313
1815850 312
1815860 312
1815870 311
1815880 311
1815890 311
1815900 310
1815910 310
1815920 310
1815930 310
1815940 309
1815950 309
1815960 309
1815970 309
1815980 309
1815990 308
1816000 308
1816010 309
1816020 309
1816030 309
1816040 309
1816050 309
1816060 308
1816070 308
1816080 308
1816090 308
1816100 308
1816110 307
1816120 307
1816130 307
1816140 307
1816150 306
1816160 306
1816170 306
1816180 306
1816190 305
1816200 305
1816210 304
1816220 304
1816230 303
1816240 303
1816250 302
1816260 302
1816270 302
1816280 301
1816290 301
1816300 301
1816310 300
1816320 300
1816330 300
1816340 299
1816350 299
1816360 299
1816370 299
1816380 299
1816390 298
1816400 298
1816410 298
1816420 298
1816430 297
1816440 297
1816450 297
1816460 296
1816470 296
1816480 296
1816490 295
1816500 295
1816510 295
1816520 294
1816530 293
1816540 293
1816550 292
1816560 292
1816570 291
1816580 291
1816590 291
1816600 290
1816610 290
1816620 289
1816630 289
1816640 288
1816650 287
1816660 286
1816670 285
1816680 285
1816690 284
1816700 283
1816710 282
1816720 281
1816730 280
1816740 279
1816750 278
1816760 277
1816770 276
1816780 274
1816790 273
1816800 271
1816810 271
1816820 271
1816830 271
1816840 271
1816850 272
1816860 273
1816870 273
1816880 273
1816890 273
1816900 273
1816910 273
1816920 274
1816930 274
1816940 275
1816950 275
1816960 275
1816970 275
1816980 275
1816990 276
1817000 277
1817010 277
1817020 276
1817030 276
1817040 276
1817050 275
1817060 276
1817070 277
1817080 278
1817090 278
1817100 279
1817110 278
1817120 276
1817130 274
1817140 272
1817150 270
1817160 270
1817170 273
1817180 276
1817190 279
1817200 281
1817210 283
1817220 285
1817230 286
1817240 287
1817250 287
1817260 288
1817270 288
1817280 288
1817290 289
1817300 289
1817310 289
1817320 290
1817330 290
1817340 290
1817350 291
1817360 291
1817370 291
1817380 292
1817390 292
1817400 292
1817410 292
1817420 292
1817430 292
1817440 292
1817450 293
1817460 293
1817470 293
1817480 293
1817490 293
1817500 294
1817510 294
1817520 294
1817530 294
1817540 294
1817550 294
1817560 294
1817570 294
1817580 294
1817590 295
1817600 295
1817610 295
1817620 295
1817630 295
1817640 294
1817650 294
1817660 294
1817670 293
1817680 293
1817690 293
1817700 293
1817710 293
1817720 293
1817730 293
1817740 294
1817750 294
1817760 294
1817770 295
1817780 295
1817790 295
1817800 295
1817810 295
1817820 295
1817830 295
1817840 295
1817850 295
1817860 295
1817870 295
1817880 295
1817890 295
1817900 294
1817910 294
1817920 294
1817930 293
1817940 293
1817950 293
1817960 293
1817970 292
1817980 292
1817990 292
1818000 291
1818010 291
1818020 291
1818030 290
1818040 290
1818050 290
1818060 289
1818070 289
1818080 288
1818090 288
1818100 287
1818110 286
1818120 286
1818130 285
1818140 285
1818150 284
1818160 283
1818170 283
1818180 282
1818190 282
1818200 281
1818210 281
1818220 280
1818230 280
1818240 279
1818250 279
1818260 278
1818270 278
1818280 277
1818290 276
1818300 276
1818310 275
1818320 274
1818330 274
1818340 273
1818350 272
1818360 271
1818370 270
1818380 269
1818390 268
1818400 268
1818410 267
1818420 266
1818430 266
1818440 265
1818450 265
1818460 264
1818470 264
1818480 263
1818490 263
1818500 262
1818510 262
1818520 261
1818530 260
1818540 260
1818550 259
1818560 258
1818570 257
1818580 256
1818590 256
1818600 255
1818610 254
1818620 254
1818630 253
1818640 252
1818650 252
1818660 251
1818670 250
1818680 249
1818690 249
1818700 248
1818710 248
1818720 248
1818730 247
1818740 247
1818750 247
1818760 247
1818770 247
1818780 247
1818790 247
1818800 246
1818810 247
1818820 249
1818830 251
1818840 254
1818850 256
1818860 257
1818870 259
1818880 260
1818890 262
1818900 263
1818910 264
1818920 265
1818930 266
1818940 267
1818950 267
1818960 268
1818970 268
1818980 269
1818990 269
1819000 270
1819010 270
1819020 270
1819030 271
1819040 271
1819050 271
1819060 272
1819070 272
1819080 273
1819090 273
1819100 273
1819110 273
1819120 274
1819130 274
1819140 274
1819150 274
1819160 274
1819170 275
1819180 275
1819190 275
1819200 276
1819210 276
1819220 276
1819230 276
1819240 276
1819250 276
1819260 276
1819270 276
1819280 276
1819290 277
1819300 277
1819310 276
1819320 277
1819330 277
1819340 277
1819350 277
1819360 277
1819370 278
1819380 278
1819390 278
1819400 278
1819410 278
1819420 278
1819430 278
1819440 278
1819450 278
1819460 278
1819470 278
1819480 278
1819490 278
1819500 277
1819510 277
1819520 276
1819530 276
1819540 274
1819550 273
1819560 272
1819570 271
1819580 270
1819590 268
1819600 266
1819610 266
1819620 265
1819630 264
1819640 263
1819650 262
1819660 261
1819670 260
1819680 259
1819690 259
1819700 258
1819710 258
1819720 258
1819730 258
1819740 258
1819750 258
1819760 258
1819770 258
1819780 258
1819790 258
1819800 257
1819810 257
1819820 256
1819830 255
1819840 255
1819850 253
1819860 252
1819870 251
1819880 250
1819890 249
1819900 248
1819910 247
1819920 246
1819930 245
1819940 243
1819950 242
1819960 241
1819970 240
1819980 239
1819990 238
