1800000 187
1800010 187
1800020 187
1800030 187
1800040 187
1800050 186
1800060 186
1800070 186
1800080 186
1800090 186
1800100 186
1800110 186
1800120 186
1800130 186
1800140 186
1800150 186
1800160 186
1800170 186
1800180 186
1800190 186
1800200 186
1800210 186
1800220 186
1800230 186
1800240 186
1800250 186
1800260 186
1800270 186
1800280 186
1800290 186
1800300 185
1800310 185
1800320 186
1800330 186
1800340 185
1800350 185
1800360 186
1800370 186
1800380 186
1800390 186
1800400 186
1800410 186
1800420 186
1800430 186
1800440 186
1800450 186
1800460 186
1800470 186
1800480 186
1800490 187
1800500 187
1800510 187
1800520 189
1800530 190
1800540 191
1800550 191
1800560 190
1800570 189
1800580 188
1800590 188
1800600 188
1800610 188
1800620 189
1800630 189
1800640 189
1800650 189
1800660 189
1800670 190
1800680 191
1800690 191
1800700 192
1800710 192
1800720 192
1800730 192
1800740 192
1800750 192
1800760 193
1800770 193
1800780 193
1800790 193
1800800 194
1800810 194
1800820 195
1800830 195
1800840 195
1800850 196
1800860 196
1800870 197
1800880 197
1800890 198
1800900 199
1800910 199
1800920 200
1800930 200
1800940 201
1800950 201
1800960 201
1800970 202
1800980 202
1800990 202
1801000 203
1801010 203
1801020 204
1801030 204
1801040 204
1801050 205
1801060 205
1801070 205
1801080 206
1801090 206
1801100 206
1801110 206
1801120 206
1801130 206
1801140 206
1801150 207
1801160 207
1801170 208
1801180 208
1801190 209
1801200 209
1801210 210
1801220 210
1801230 210
1801240 211
1801250 211
1801260 211
1801270 212
1801280 212
1801290 212
1801300 212
1801310 213
1801320 213
1801330 213
1801340 213
1801350 214
1801360 214
1801370 214
1801380 214
1801390 215
1801400 215
1801410 215
1801420 215
1801430 216
1801440 216
1801450 216
1801460 217
1801470 217
1801480 217
1801490 217
1801500 217
1801510 218
1801520 218
1801530 218
1801540 218
1801550 218
1801560 218
1801570 219
1801580 219
1801590 219
1801600 219
1801610 219
1801620 219
1801630 220
1801640 220
1801650 220
1801660 220
1801670 220
1801680 220
1801690 220
1801700 221
1801710 221
1801720 221
1801730 221
1801740 221
1801750 221
1801760 221
1801770 221
1801780 221
1801790 221
1801800 221
1801810 221
1801820 222
1801830 222
1801840 222
1801850 222
1801860 222
1801870 222
1801880 222
1801890 222
1801900 222
1801910 222
1801920 222
1801930 222
1801940 222
1801950 222
1801960 222
1801970 223
1801980 223
1801990 223
1802000 223
1802010 223
1802020 223
1802030 223
1802040 223
1802050 223
1802060 223
1802070 223
1802080 223
1802090 223
1802100 223
1802110 223
1802120 223
1802130 223
1802140 223
1802150 223
1802160 223
1802170 223
1802180 223
1802190 223
1802200 223
1802210 223
1802220 223
1802230 223
1802240 223
1802250 223
1802260 223
1802270 223
1802280 224
1802290 224
1802300 224
1802310 224
1802320 224
1802330 224
1802340 224
1802350 224
1802360 224
1802370 224
1802380 224
1802390 224
1802400 224
1802410 224
1802420 224
1802430 224
1802440 224
1802450 224
1802460 224
1802470 224
1802480 224
1802490 224
1802500 224
1802510 224
1802520 224
1802530 224
1802540 225
1802550 225
1802560 225
1802570 225
1802580 225
1802590 225
1802600 225
1802610 225
1802620 225
1802630 225
1802640 225
1802650 225
1802660 225
1802670 225
1802680 225
1802690 225
1802700 225
1802710 226
1802720 226
1802730 226
1802740 226
1802750 226
1802760 226
1802770 226
1802780 226
1802790 226
1802800 226
1802810 226
1802820 226
1802830 226
1802840 226
1802850 226
1802860 226
1802870 226
1802880 226
1802890 226
1802900 226
1802910 226
1802920 226
1802930 226
1802940 226
1802950 226
1802960 226
1802970 226
1802980 226
1802990 226
1803000 226
1803010 226
1803020 226
1803030 226
1803040 226
1803050 226
1803060 226
1803070 226
1803080 226
1803090 226
1803100 226
1803110 226
1803120 226
1803130 226
1803140 226
1803150 226
1803160 226
1803170 226
1803180 226
1803190 226
1803200 226
1803210 226
1803220 226
1803230 226
1803240 226
1803250 226
1803260 226
1803270 226
1803280 226
1803290 226
1803300 226
1803310 226
1803320 226
1803330 226
1803340 226
1803350 226
1803360 226
1803370 226
1803380 226
1803390 226
1803400 226
1803410 225
1803420 225
1803430 225
1803440 225
1803450 225
1803460 225
1803470 225
1803480 225
1803490 225
1803500 224
1803510 224
1803520 224
1803530 224
1803540 224
1803550 224
1803560 223
1803570 223
1803580 223
1803590 222
1803600 222
1803610 222
1803620 222
1803630 222
1803640 222
1803650 222
1803660 222
1803670 222
1803680 221
1803690 221
1803700 221
1803710 221
1803720 220
1803730 220
1803740 220
1803750 219
1803760 219
1803770 219
1803780 218
1803790 218
1803800 217
1803810 216
1803820 215
1803830 215
1803840 214
1803850 213
1803860 212
1803870 212
1803880 214
1803890 214
1803900 215
1803910 215
1803920 215
1803930 215
1803940 214
1803950 213
1803960 213
1803970 213
1803980 212
1803990 212
1804000 210
1804010 209
1804020 208
1804030 208
1804040 207
1804050 207
1804060 208
1804070 208
1804080 208
1804090 209
1804100 212
1804110 216
1804120 217
1804130 218
1804140 217
1804150 217
1804160 216
1804170 215
1804180 215
1804190 214
1804200 213
1804210 212
1804220 211
1804230 210
1804240 210
1804250 209
1804260 209
1804270 209
1804280 208
1804290 208
1804300 207
1804310 207
1804320 207
1804330 206
1804340 206
1804350 206
1804360 206
1804370 206
1804380 205
1804390 205
1804400 205
1804410 205
1804420 206
1804430 206
1804440 205
1804450 205
1804460 205
1804470 205
1804480 204
1804490 204
1804500 204
1804510 204
1804520 204
1804530 204
1804540 203
1804550 203
1804560 203
1804570 203
1804580 203
1804590 203
1804600 203
1804610 202
1804620 202
1804630 202
1804640 202
1804650 202
1804660 202
1804670 202
1804680 202
1804690 202
1804700 202
1804710 202
1804720 202
1804730 202
1804740 202
1804750 202
1804760 201
1804770 201
1804780 201
1804790 201
1804800 201
1804810 200
1804820 200
1804830 200
1804840 200
1804850 200
1804860 200
1804870 200
1804880 200
1804890 200
1804900 200
1804910 199
1804920 199
1804930 199
1804940 199
1804950 198
1804960 198
1804970 198
1804980 198
1804990 197
1805000 197
1805010 196
1805020 196
1805030 195
1805040 195
1805050 195
1805060 194
1805070 194
1805080 193
1805090 193
1805100 192
1805110 192
1805120 191
1805130 191
1805140 191
1805150 190
1805160 190
1805170 189
1805180 189
1805190 189
1805200 188
1805210 188
1805220 188
1805230 187
1805240 187
1805250 186
1805260 186
1805270 186
1805280 186
1805290 186
1805300 186
1805310 186
1805320 186
1805330 186
1805340 186
1805350 186
1805360 186
1805370 186
1805380 186
1805390 186
1805400 186
1805410 186
1805420 186
1805430 186
1805440 186
1805450 186
1805460 186
1805470 186
1805480 186
1805490 186
1805500 186
1805510 186
1805520 186
1805530 186
1805540 187
1805550 187
1805560 188
1805570 189
1805580 189
1805590 189
1805600 189
1805610 189
1805620 189
1805630 189
1805640 189
1805650 189
1805660 189
1805670 189
1805680 189
1805690 189
1805700 189
1805710 189
1805720 189
1805730 189
1805740 189
1805750 190
1805760 190
1805770 190
1805780 190
1805790 190
1805800 190
1805810 190
1805820 190
1805830 190
1805840 190
1805850 190
1805860 190
1805870 190
1805880 190
1805890 190
1805900 190
1805910 190
1805920 190
1805930 190
1805940 190
1805950 190
1805960 189
1805970 189
1805980 189
1805990 189
1806000 189
1806010 189
1806020 189
1806030 189
1806040 189
1806050 189
1806060 189
1806070 189
1806080 189
1806090 189
1806100 189
1806110 189
1806120 189
1806130 189
1806140 189
1806150 189
1806160 189
1806170 189
1806180 189
1806190 189
1806200 189
1806210 189
1806220 189
1806230 189
1806240 190
1806250 190
1806260 190
1806270 190
1806280 190
1806290 190
1806300 190
1806310 190
1806320 190
1806330 190
1806340 190
1806350 190
1806360 190
1806370 190
1806380 190
1806390 190
1806400 190
1806410 190
1806420 190
1806430 190
1806440 190
1806450 190
1806460 190
1806470 190
1806480 190
1806490 190
1806500 190
1806510 190
1806520 190
1806530 190
1806540 190
1806550 190
1806560 190
1806570 189
1806580 189
1806590 189
1806600 189
1806610 189
1806620 189
1806630 189
1806640 189
1806650 188
1806660 188
1806670 188
1806680 188
1806690 187
1806700 187
1806710 187
1806720 187
1806730 187
1806740 187
1806750 187
1806760 186
1806770 186
1806780 186
1806790 187
1806800 187
1806810 187
1806820 187
1806830 187
1806840 187
1806850 187
1806860 187
1806870 187
1806880 187
1806890 187
1806900 187
1806910 188
1806920 188
1806930 188
1806940 188
1806950 188
1806960 188
1806970 188
1806980 188
1806990 188
1807000 188
1807010 188
1807020 188
1807030 188
1807040 189
1807050 189
1807060 189
1807070 189
1807080 189
1807090 189
1807100 189
1807110 189
1807120 189
1807130 189
1807140 189
1807150 189
1807160 189
1807170 189
1807180 189
1807190 189
1807200 189
1807210 189
1807220 189
1807230 189
1807240 189
1807250 189
1807260 189
1807270 189
1807280 189
1807290 189
1807300 189
1807310 189
1807320 189
1807330 189
1807340 189
1807350 189
1807360 189
1807370 188
1807380 188
1807390 188
1807400 188
1807410 188
1807420 188
1807430 188
1807440 188
1807450 188
1807460 188
1807470 188
1807480 188
1807490 188
1807500 188
1807510 188
1807520 188
1807530 189
1807540 189
1807550 189
1807560 189
1807570 190
1807580 190
1807590 190
1807600 189
1807610 189
1807620 189
1807630 189
1807640 189
1807650 190
1807660 190
1807670 190
1807680 190
1807690 190
1807700 190
1807710 190
1807720 190
1807730 191
1807740 191
1807750 191
1807760 191
1807770 191
1807780 190
1807790 190
1807800 190
1807810 190
1807820 190
1807830 190
1807840 190
1807850 190
1807860 191
1807870 191
1807880 191
1807890 191
1807900 191
1807910 191
1807920 191
1807930 191
1807940 191
1807950 191
1807960 191
1807970 191
1807980 191
1807990 191
1808000 191
1808010 191
1808020 191
1808030 191
1808040 191
1808050 191
1808060 191
1808070 191
1808080 191
1808090 191
1808100 191
1808110 191
1808120 191
1808130 191
1808140 191
1808150 191
1808160 191
1808170 191
1808180 191
1808190 191
1808200 191
1808210 191
1808220 191
1808230 191
1808240 191
1808250 191
1808260 191
1808270 191
1808280 191
1808290 191
1808300 191
1808310 191
1808320 191
1808330 192
1808340 192
1808350 192
1808360 192
1808370 192
1808380 192
1808390 192
1808400 192
1808410 192
1808420 192
1808430 192
1808440 193
1808450 193
1808460 193
1808470 193
1808480 193
1808490 193
1808500 193
1808510 193
1808520 193
1808530 194
1808540 194
1808550 194
1808560 194
1808570 194
1808580 194
1808590 194
1808600 194
1808610 194
1808620 194
1808630 194
1808640 194
1808650 194
1808660 194
1808670 194
1808680 195
1808690 195
1808700 195
1808710 195
1808720 195
1808730 195
1808740 195
1808750 195
1808760 195
1808770 196
1808780 196
1808790 196
1808800 196
1808810 196
1808820 196
1808830 196
1808840 196
1808850 196
1808860 196
1808870 197
1808880 197
1808890 197
1808900 197
1808910 197
1808920 197
1808930 197
1808940 197
1808950 198
1808960 198
1808970 198
1808980 198
1808990 198
1809000 198
1809010 198
1809020 199
1809030 199
1809040 199
1809050 199
1809060 199
1809070 199
1809080 199
1809090 199
1809100 199
1809110 199
1809120 199
1809130 199
1809140 199
1809150 199
1809160 199
1809170 200
1809180 200
1809190 200
1809200 200
1809210 200
1809220 200
1809230 200
1809240 200
1809250 200
1809260 200
1809270 200
1809280 200
1809290 201
1809300 201
1809310 201
1809320 201
1809330 201
1809340 201
1809350 201
1809360 201
1809370 202
1809380 202
1809390 202
1809400 202
1809410 202
1809420 202
1809430 202
1809440 202
1809450 202
1809460 203
1809470 203
1809480 203
1809490 203
1809500 203
1809510 203
1809520 203
1809530 203
1809540 204
1809550 204
1809560 204
1809570 204
1809580 204
1809590 204
1809600 205
1809610 205
1809620 205
1809630 205
1809640 205
1809650 205
1809660 206
1809670 206
1809680 206
1809690 206
1809700 206
1809710 207
1809720 207
1809730 207
1809740 207
1809750 207
1809760 207
1809770 207
1809780 207
1809790 207
1809800 207
1809810 207
1809820 207
1809830 207
1809840 207
1809850 207
1809860 207
1809870 207
1809880 207
1809890 207
1809900 207
1809910 207
1809920 207
1809930 208
1809940 208
1809950 208
1809960 208
1809970 208
1809980 208
1809990 208
1810000 208
1810010 209
1810020 209
1810030 209
1810040 209
1810050 209
1810060 209
1810070 209
1810080 209
1810090 209
1810100 210
1810110 210
1810120 210
1810130 210
1810140 210
1810150 210
1810160 210
1810170 210
1810180 211
1810190 211
1810200 211
1810210 211
1810220 211
1810230 211
1810240 212
1810250 212
1810260 212
1810270 212
1810280 212
1810290 212
1810300 213
1810310 213
1810320 213
1810330 213
1810340 214
1810350 214
1810360 214
1810370 214
1810380 214
1810390 214
1810400 214
1810410 214
1810420 214
1810430 215
1810440 215
1810450 215
1810460 215
1810470 215
1810480 215
1810490 215
1810500 215
1810510 215
1810520 215
1810530 215
1810540 215
1810550 215
1810560 215
1810570 215
1810580 215
1810590 215
1810600 216
1810610 216
1810620 216
1810630 216
1810640 216
1810650 216
1810660 216
1810670 216
1810680 216
1810690 216
1810700 216
1810710 216
1810720 216
1810730 216
1810740 217
1810750 217
1810760 217
1810770 217
1810780 218
1810790 218
1810800 218
1810810 219
1810820 219
1810830 220
1810840 220
1810850 220
1810860 221
1810870 221
1810880 222
1810890 222
1810900 223
1810910 224
1810920 224
1810930 225
1810940 225
1810950 226
1810960 227
1810970 228
1810980 228
1810990 229
1811000 230
1811010 231
1811020 232
1811030 233
1811040 234
1811050 234
1811060 235
1811070 236
1811080 237
1811090 238
1811100 239
1811110 240
1811120 241
1811130 242
1811140 243
1811150 244
1811160 245
1811170 245
1811180 246
1811190 247
1811200 248
1811210 249
1811220 249
1811230 250
1811240 250
1811250 250
1811260 251
1811270 251
1811280 251
1811290 252
1811300 252
1811310 252
1811320 252
1811330 252
1811340 252
1811350 253
1811360 253
1811370 253
1811380 253
1811390 252
1811400 252
1811410 252
1811420 252
1811430 252
1811440 251
1811450 251
1811460 251
1811470 251
1811480 251
1811490 251
1811500 251
1811510 251
1811520 251
1811530 251
1811540 249
1811550 248
1811560 247
1811570 246
1811580 245
1811590 243
1811600 242
1811610 242
1811620 241
1811630 242
1811640 242
1811650 243
1811660 243
1811670 244
1811680 244
1811690 244
1811700 244
1811710 244
1811720 244
1811730 244
1811740 245
1811750 246
1811760 247
1811770 247
1811780 248
1811790 248
1811800 249
1811810 249
1811820 250
1811830 251
1811840 251
1811850 252
1811860 252
1811870 252
1811880 253
1811890 253
1811900 253
1811910 253
1811920 253
1811930 252
1811940 252
1811950 252
1811960 251
1811970 250
1811980 250
1811990 249
1812000 249
1812010 249
1812020 249
1812030 249
1812040 249
1812050 249
1812060 248
1812070 248
1812080 248
1812090 248
1812100 248
1812110 248
1812120 248
1812130 248
1812140 249
1812150 249
1812160 249
1812170 250
1812180 250
1812190 251
1812200 252
1812210 254
1812220 255
1812230 256
1812240 257
1812250 258
1812260 260
1812270 262
1812280 264
1812290 266
1812300 268
1812310 270
1812320 271
1812330 273
1812340 275
1812350 276
1812360 278
1812370 279
1812380 281
1812390 282
1812400 283
1812410 285
1812420 286
1812430 288
1812440 289
1812450 290
1812460 291
1812470 293
1812480 294
1812490 295
1812500 296
1812510 297
1812520 298
1812530 299
1812540 300
1812550 301
1812560 302
1812570 304
1812580 305
1812590 306
1812600 307
1812610 308
1812620 309
1812630 310
1812640 312
1812650 313
1812660 314
1812670 315
1812680 316
1812690 317
1812700 318
1812710 318
1812720 320
1812730 321
1812740 322
1812750 323
1812760 324
1812770 324
1812780 325
1812790 326
1812800 327
1812810 328
1812820 329
1812830 330
1812840 331
1812850 332
1812860 333
1812870 334
1812880 335
1812890 336
1812900 337
1812910 337
1812920 338
1812930 338
1812940 338
1812950 338
1812960 338
1812970 338
1812980 338
1812990 338
1813000 338
1813010 338
1813020 338
1813030 338
1813040 338
1813050 338
1813060 338
1813070 338
1813080 338
1813090 337
1813100 337
1813110 337
1813120 337
1813130 337
1813140 338
1813150 338
1813160 339
1813170 339
1813180 340
1813190 340
1813200 341
1813210 342
1813220 342
1813230 342
1813240 343
1813250 344
1813260 345
1813270 345
1813280 346
1813290 347
1813300 347
1813310 348
1813320 349
1813330 349
1813340 350
1813350 350
1813360 350
1813370 350
1813380 351
1813390 351
1813400 351
1813410 350
1813420 350
1813430 350
1813440 350
1813450 350
1813460 349
1813470 349
1813480 349
1813490 349
1813500 348
1813510 348
1813520 347
1813530 347
1813540 346
1813550 346
1813560 345
1813570 344
1813580 344
1813590 343
1813600 343
1813610 342
1813620 341
1813630 340
1813640 340
1813650 339
1813660 338
1813670 338
1813680 337
1813690 336
1813700 335
1813710 334
1813720 334
1813730 333
1813740 333
1813750 332
1813760 331
1813770 330
1813780 329
1813790 329
1813800 328
1813810 327
1813820 326
1813830 325
1813840 323
1813850 322
1813860 321
1813870 321
1813880 320
1813890 320
1813900 320
1813910 321
1813920 321
1813930 322
1813940 323
1813950 324
1813960 324
1813970 325
1813980 326
1813990 327
1814000 328
1814010 328
1814020 329
1814030 329
1814040 329
1814050 330
1814060 330
1814070 330
1814080 330
1814090 329
1814100 329
1814110 329
1814120 329
1814130 328
1814140 328
1814150 328
1814160 327
1814170 327
1814180 327
1814190 326
1814200 326
1814210 325
1814220 325
1814230 324
1814240 324
1814250 323
1814260 323
1814270 322
1814280 321
1814290 321
1814300 320
1814310 320
1814320 319
1814330 318
1814340 318
1814350 317
1814360 317
1814370 316
1814380 315
1814390 314
1814400 313
1814410 312
1814420 311
1814430 310
1814440 309
1814450 307
1814460 306
1814470 303
1814480 301
1814490 299
1814500 298
1814510 300
1814520 301
1814530 302
1814540 303
1814550 303
1814560 302
1814570 303
1814580 303
1814590 304
1814600 304
1814610 304
1814620 304
1814630 305
1814640 305
1814650 305
1814660 306
1814670 306
1814680 307
1814690 307
1814700 307
1814710 307
1814720 306
1814730 306
1814740 306
1814750 305
1814760 305
1814770 304
1814780 303
1814790 303
1814800 302
1814810 302
1814820 301
1814830 301
1814840 300
1814850 300
1814860 299
1814870 299
1814880 298
1814890 297
1814900 297
1814910 296
1814920 295
1814930 294
1814940 292
1814950 291
1814960 290
1814970 290
1814980 290
1814990 290
1815000 290
1815010 290
1815020 289
1815030 289
1815040 289
1815050 289
1815060 290
1815070 292
1815080 294
1815090 296
1815100 298
1815110 300
1815120 302
1815130 305
1815140 307
1815150 308
1815160 310
1815170 311
1815180 313
1815190 314
1815200 315
1815210 316
1815220 317
1815230 318
1815240 319
1815250 320
1815260 321
1815270 322
1815280 323
1815290 324
1815300 325
1815310 326
1815320 327
1815330 328
1815340 328
1815350 329
1815360 330
1815370 330
1815380 331
1815390 332
1815400 332
1815410 333
1815420 333
1815430 333
1815440 333
1815450 332
1815460 332
1815470 331
1815480 331
1815490 330
1815500 330
1815510 329
1815520 328
1815530 328
1815540 327
1815550 326
1815560 326
1815570 326
1815580 325
1815590 325
1815600 325
1815610 324
1815620 323
1815630 322
1815640 321
1815650 320
1815660 319
1815670 318
1815680 316
1815690 315
1815700 314
1815710 313
1815720 312
1815730 311
1815740 311
1815750 310
1815760 310
1815770 309
1815780 308
1815790 308
1815800 307
1815810 307
1815820 306
1815830 306
1815840 305
1815850 305
1815860 304
1815870 303
1815880 302
1815890 301
1815900 300
1815910 299
1815920 298
1815930 297
1815940 297
1815950 297
1815960 297
1815970 297
1815980 297
1815990 297
1816000 297
1816010 297
1816020 297
1816030 297
1816040 296
1816050 296
1816060 296
1816070 296
1816080 296
1816090 297
1816100 297
1816110 297
1816120 297
1816130 297
1816140 298
1816150 298
1816160 298
1816170 299
1816180 299
1816190 300
1816200 301
1816210 301
1816220 302
1816230 302
1816240 302
1816250 303
1816260 303
1816270 303
1816280 304
1816290 304
1816300 305
1816310 306
1816320 306
1816330 307
1816340 307
1816350 308
1816360 309
1816370 309
1816380 310
1816390 311
1816400 311
1816410 311
1816420 311
1816430 312
1816440 312
1816450 312
1816460 313
1816470 313
1816480 313
1816490 312
1816500 312
1816510 312
1816520 313
1816530 313
1816540 313
1816550 313
1816560 313
1816570 313
1816580 313
1816590 313
1816600 313
1816610 313
1816620 312
1816630 312
1816640 312
1816650 312
1816660 311
1816670 311
1816680 311
1816690 311
1816700 310
1816710 310
1816720 310
1816730 309
1816740 309
1816750 308
1816760 308
1816770 307
1816780 307
1816790 307
1816800 306
1816810 306
1816820 306
1816830 306
1816840 305
1816850 305
1816860 305
1816870 304
1816880 304
1816890 304
1816900 303
1816910 303
1816920 302
1816930 302
1816940 302
1816950 301
1816960 301
1816970 300
1816980 300
1816990 300
1817000 299
1817010 299
1817020 298
1817030 298
1817040 297
1817050 297
1817060 296
1817070 296
1817080 295
1817090 295
1817100 294
1817110 294
1817120 293
1817130 293
1817140 292
1817150 291
1817160 291
1817170 290
1817180 290
1817190 289
1817200 288
1817210 288
1817220 287
1817230 287
1817240 286
1817250 285
1817260 284
1817270 283
1817280 283
1817290 282
1817300 282
1817310 282
1817320 282
1817330 282
1817340 282
1817350 282
1817360 282
1817370 283
1817380 283
1817390 284
1817400 285
1817410 286
1817420 287
1817430 287
1817440 288
1817450 288
1817460 288
1817470 288
1817480 288
1817490 288
1817500 289
1817510 289
1817520 289
1817530 289
1817540 288
1817550 288
1817560 288
1817570 288
1817580 288
1817590 288
1817600 288
1817610 288
1817620 288
1817630 288
1817640 288
1817650 288
1817660 287
1817670 287
1817680 287
1817690 287
1817700 286
1817710 286
1817720 285
1817730 284
1817740 283
1817750 283
1817760 282
1817770 282
1817780 282
1817790 281
1817800 281
1817810 280
1817820 279
1817830 279
1817840 278
1817850 278
1817860 277
1817870 276
1817880 276
1817890 275
1817900 275
1817910 274
1817920 273
1817930 273
1817940 272
1817950 271
1817960 271
1817970 270
1817980 270
1817990 269
1818000 269
1818010 268
1818020 268
1818030 267
1818040 267
1818050 267
1818060 266
1818070 266
1818080 266
1818090 266
1818100 267
1818110 267
1818120 267
1818130 267
1818140 268
1818150 268
1818160 269
1818170 270
1818180 271
1818190 273
1818200 274
1818210 276
1818220 277
1818230 278
1818240 279
1818250 279
1818260 280
1818270 280
1818280 280
1818290 280
1818300 280
1818310 280
1818320 280
1818330 279
1818340 279
1818350 279
1818360 279
1818370 278
1818380 278
1818390 277
1818400 277
1818410 276
1818420 276
1818430 275
1818440 275
1818450 274
1818460 273
1818470 273
1818480 273
1818490 272
1818500 272
1818510 272
1818520 272
1818530 272
1818540 271
1818550 271
1818560 271
1818570 270
1818580 270
1818590 269
1818600 269
1818610 268
1818620 267
1818630 267
1818640 266
1818650 266
1818660 265
1818670 264
1818680 264
1818690 264
1818700 263
1818710 263
1818720 263
1818730 263
1818740 262
1818750 263
1818760 263
1818770 263
1818780 264
1818790 264
1818800 264
1818810 264
1818820 264
1818830 265
1818840 265
1818850 265
1818860 265
1818870 265
1818880 265
1818890 265
1818900 265
1818910 265
1818920 265
1818930 265
1818940 265
1818950 265
1818960 265
1818970 265
1818980 265
1818990 265
1819000 265
1819010 265
1819020 265
1819030 266
1819040 266
1819050 266
1819060 266
1819070 266
1819080 266
1819090 266
1819100 266
1819110 267
1819120 267
1819130 267
1819140 267
1819150 267
1819160 267
1819170 267
1819180 267
1819190 267
1819200 267
1819210 267
1819220 267
1819230 267
1819240 267
1819250 267
1819260 267
1819270 267
1819280 267
1819290 267
1819300 267
1819310 267
1819320 267
1819330 267
1819340 267
1819350 267
1819360 267
1819370 267
1819380 267
1819390 267
1819400 267
1819410 268
1819420 268
1819430 268
1819440 268
1819450 268
1819460 268
1819470 268
1819480 269
1819490 269
1819500 269
1819510 269
1819520 269
1819530 270
1819540 270
1819550 271
1819560 271
1819570 271
1819580 271
1819590 271
1819600 271
1819610 271
1819620 272
1819630 272
1819640 272
1819650 273
1819660 273
1819670 273
1819680 274
1819690 274
1819700 275
1819710 276
1819720 277
1819730 278
1819740 279
1819750 279
1819760 280
1819770 280
1819780 281
1819790 281
1819800 281
1819810 282
1819820 282
1819830 283
1819840 283
1819850 283
1819860 284
1819870 284
1819880 284
1819890 284
1819900 284
1819910 284
1819920 283
1819930 283
1819940 283
1819950 283
1819960 283
1819970 283
1819980 283
1819990 283
