1800000 189
1800010 188
1800020 188
1800030 188
1800040 188
1800050 188
1800060 188
1800070 188
1800080 188
1800090 188
1800100 188
1800110 189
1800120 189
1800130 188
1800140 187
1800150 188
1800160 189
1800170 189
1800180 189
1800190 189
1800200 188
1800210 188
1800220 188
1800230 188
1800240 188
1800250 188
1800260 188
1800270 188
1800280 188
1800290 188
1800300 188
1800310 188
1800320 188
1800330 188
1800340 188
1800350 189
1800360 189
1800370 189
1800380 189
1800390 189
1800400 189
1800410 189
1800420 189
1800430 189
1800440 189
1800450 189
1800460 189
1800470 189
1800480 189
1800490 189
1800500 190
1800510 190
1800520 190
1800530 190
1800540 190
1800550 191
1800560 191
1800570 191
1800580 191
1800590 192
1800600 192
1800610 192
1800620 192
1800630 192
1800640 193
1800650 193
1800660 193
1800670 193
1800680 194
1800690 194
1800700 194
1800710 195
1800720 195
1800730 195
1800740 195
1800750 196
1800760 196
1800770 197
1800780 197
1800790 198
1800800 198
1800810 198
1800820 199
1800830 199
1800840 200
1800850 200
1800860 201
1800870 201
1800880 202
1800890 202
1800900 202
1800910 203
1800920 203
1800930 203
1800940 203
1800950 204
1800960 204
1800970 204
1800980 204
1800990 204
1801000 205
1801010 205
1801020 205
1801030 205
1801040 206
1801050 206
1801060 207
1801070 207
1801080 207
1801090 207
1801100 207
1801110 207
1801120 207
1801130 208
1801140 208
1801150 208
1801160 209
1801170 210
1801180 210
1801190 211
1801200 212
1801210 212
1801220 213
1801230 213
1801240 214
1801250 214
1801260 214
1801270 215
1801280 215
1801290 215
1801300 216
1801310 216
1801320 216
1801330 217
1801340 217
1801350 217
1801360 217
1801370 218
1801380 218
1801390 218
1801400 219
1801410 219
1801420 219
1801430 219
1801440 220
1801450 220
1801460 220
1801470 221
1801480 221
1801490 222
1801500 222
1801510 222
1801520 222
1801530 223
1801540 223
1801550 223
1801560 223
1801570 223
1801580 223
1801590 223
1801600 223
1801610 223
1801620 223
1801630 223
1801640 224
1801650 224
1801660 224
1801670 224
1801680 224
1801690 224
1801700 224
1801710 224
1801720 224
1801730 224
1801740 224
1801750 224
1801760 224
1801770 224
1801780 224
1801790 224
1801800 224
1801810 224
1801820 224
1801830 225
1801840 225
1801850 225
1801860 225
1801870 225
1801880 225
1801890 226
1801900 226
1801910 226
1801920 226
1801930 226
1801940 226
1801950 226
1801960 226
1801970 226
1801980 227
1801990 227
1802000 227
1802010 227
1802020 227
1802030 227
1802040 227
1802050 227
1802060 227
1802070 227
1802080 227
1802090 227
1802100 227
1802110 227
1802120 227
1802130 227
1802140 228
1802150 228
1802160 227
1802170 227
1802180 227
1802190 227
1802200 227
1802210 227
1802220 227
1802230 227
1802240 227
1802250 227
1802260 228
1802270 228
1802280 228
1802290 228
1802300 228
1802310 228
1802320 228
1802330 228
1802340 228
1802350 228
1802360 228
1802370 228
1802380 228
1802390 228
1802400 228
1802410 229
1802420 229
1802430 229
1802440 228
1802450 228
1802460 228
1802470 228
1802480 228
1802490 228
1802500 228
1802510 228
1802520 228
1802530 228
1802540 228
1802550 228
1802560 228
1802570 228
1802580 228
1802590 228
1802600 228
1802610 228
1802620 228
1802630 228
1802640 228
1802650 228
1802660 228
1802670 228
1802680 228
1802690 228
1802700 228
1802710 228
1802720 228
1802730 228
1802740 228
1802750 228
1802760 228
1802770 228
1802780 228
1802790 228
1802800 228
1802810 228
1802820 228
1802830 226
1802840 223
1802850 219
1802860 219
1802870 219
1802880 219
1802890 218
1802900 218
1802910 219
1802920 219
1802930 218
1802940 218
1802950 218
1802960 218
1802970 218
1802980 218
1802990 218
1803000 217
1803010 216
1803020 216
1803030 215
1803040 215
1803050 215
1803060 215
1803070 215
1803080 215
1803090 215
1803100 215
1803110 215
1803120 215
1803130 215
1803140 215
1803150 216
1803160 218
1803170 220
1803180 222
1803190 223
1803200 223
1803210 222
1803220 222
1803230 222
1803240 222
1803250 222
1803260 224
1803270 226
1803280 229
1803290 230
1803300 229
1803310 226
1803320 225
1803330 225
1803340 225
1803350 225
1803360 225
1803370 225
1803380 224
1803390 224
1803400 224
1803410 224
1803420 224
1803430 224
1803440 224
1803450 224
1803460 224
1803470 224
1803480 224
1803490 224
1803500 224
1803510 224
1803520 223
1803530 223
1803540 223
1803550 223
1803560 223
1803570 223
1803580 223
1803590 223
1803600 223
1803610 223
1803620 223
1803630 223
1803640 223
1803650 223
1803660 223
1803670 223
1803680 223
1803690 223
1803700 223
1803710 223
1803720 223
1803730 223
1803740 223
1803750 223
1803760 223
1803770 223
1803780 222
1803790 222
1803800 222
1803810 222
1803820 222
1803830 221
1803840 221
1803850 221
1803860 221
1803870 220
1803880 220
1803890 220
1803900 220
1803910 220
1803920 219
1803930 219
1803940 219
1803950 219
1803960 219
1803970 218
1803980 218
1803990 218
1804000 218
1804010 218
1804020 218
1804030 218
1804040 218
1804050 217
1804060 217
1804070 217
1804080 217
1804090 217
1804100 217
1804110 216
1804120 216
1804130 216
1804140 216
1804150 215
1804160 215
1804170 215
1804180 214
1804190 214
1804200 214
1804210 213
1804220 213
1804230 213
1804240 212
1804250 212
1804260 212
1804270 211
1804280 211
1804290 210
1804300 210
1804310 210
1804320 209
1804330 209
1804340 208
1804350 208
1804360 207
1804370 207
1804380 207
1804390 206
1804400 206
1804410 206
1804420 205
1804430 205
1804440 204
1804450 204
1804460 204
1804470 203
1804480 203
1804490 203
1804500 202
1804510 202
1804520 202
1804530 201
1804540 201
1804550 201
1804560 200
1804570 200
1804580 200
1804590 199
1804600 199
1804610 199
1804620 199
1804630 198
1804640 198
1804650 198
1804660 198
1804670 198
1804680 198
1804690 198
1804700 198
1804710 197
1804720 197
1804730 196
1804740 196
1804750 195
1804760 195
1804770 195
1804780 194
1804790 194
1804800 194
1804810 194
1804820 193
1804830 193
1804840 193
1804850 193
1804860 192
1804870 192
1804880 192
1804890 192
1804900 192
1804910 191
1804920 191
1804930 191
1804940 191
1804950 191
1804960 191
1804970 190
1804980 190
1804990 190
1805000 190
1805010 190
1805020 189
1805030 188
1805040 189
1805050 189
1805060 189
1805070 189
1805080 189
1805090 188
1805100 188
1805110 188
1805120 188
1805130 188
1805140 188
1805150 188
1805160 188
1805170 188
1805180 188
1805190 188
1805200 188
1805210 188
1805220 188
1805230 189
1805240 189
1805250 189
1805260 190
1805270 190
1805280 191
1805290 191
1805300 191
1805310 192
1805320 192
1805330 193
1805340 194
1805350 195
1805360 196
1805370 197
1805380 198
1805390 198
1805400 199
1805410 200
1805420 201
1805430 201
1805440 202
1805450 203
1805460 204
1805470 204
1805480 205
1805490 206
1805500 207
1805510 208
1805520 208
1805530 209
1805540 210
1805550 210
1805560 211
1805570 212
1805580 212
1805590 213
1805600 213
1805610 213
1805620 214
1805630 214
1805640 214
1805650 215
1805660 215
1805670 215
1805680 215
1805690 215
1805700 215
1805710 215
1805720 215
1805730 215
1805740 215
1805750 215
1805760 215
1805770 215
1805780 215
1805790 215
1805800 215
1805810 215
1805820 214
1805830 214
1805840 214
1805850 214
1805860 214
1805870 214
1805880 214
1805890 214
1805900 213
1805910 213
1805920 213
1805930 213
1805940 213
1805950 213
1805960 213
1805970 213
1805980 213
1805990 213
1806000 212
1806010 212
1806020 212
1806030 212
1806040 212
1806050 212
1806060 212
1806070 212
1806080 212
1806090 212
1806100 212
1806110 212
1806120 212
1806130 212
1806140 212
1806150 212
1806160 212
1806170 211
1806180 211
1806190 211
1806200 211
1806210 211
1806220 211
1806230 211
1806240 211
1806250 211
1806260 211
1806270 211
1806280 210
1806290 210
1806300 210
1806310 210
1806320 210
1806330 210
1806340 210
1806350 210
1806360 210
1806370 210
1806380 210
1806390 209
1806400 209
1806410 209
1806420 209
1806430 209
1806440 209
1806450 208
1806460 208
1806470 208
1806480 208
1806490 208
1806500 208
1806510 208
1806520 207
1806530 207
1806540 207
1806550 207
1806560 207
1806570 207
1806580 207
1806590 207
1806600 207
1806610 206
1806620 206
1806630 206
1806640 206
1806650 206
1806660 206
1806670 205
1806680 205
1806690 205
1806700 205
1806710 205
1806720 204
1806730 204
1806740 204
1806750 204
1806760 204
1806770 204
1806780 204
1806790 203
1806800 203
1806810 203
1806820 203
1806830 203
1806840 203
1806850 203
1806860 202
1806870 202
1806880 202
1806890 202
1806900 202
1806910 202
1806920 202
1806930 201
1806940 201
1806950 201
1806960 201
1806970 201
1806980 201
1806990 200
1807000 200
1807010 200
1807020 200
1807030 200
1807040 200
1807050 199
1807060 199
1807070 199
1807080 199
1807090 199
1807100 199
1807110 199
1807120 199
1807130 199
1807140 198
1807150 198
1807160 198
1807170 198
1807180 197
1807190 197
1807200 197
1807210 197
1807220 197
1807230 197
1807240 197
1807250 197
1807260 196
1807270 196
1807280 196
1807290 196
1807300 196
1807310 196
1807320 195
1807330 195
1807340 195
1807350 195
1807360 195
1807370 195
1807380 195
1807390 195
1807400 195
1807410 194
1807420 194
1807430 194
1807440 194
1807450 194
1807460 194
1807470 194
1807480 194
1807490 194
1807500 194
1807510 194
1807520 194
1807530 194
1807540 194
1807550 194
1807560 194
1807570 194
1807580 194
1807590 194
1807600 194
1807610 194
1807620 194
1807630 194
1807640 194
1807650 194
1807660 194
1807670 194
1807680 194
1807690 194
1807700 194
1807710 194
1807720 194
1807730 194
1807740 195
1807750 195
1807760 195
1807770 194
1807780 194
1807790 194
1807800 194
1807810 194
1807820 194
1807830 194
1807840 194
1807850 194
1807860 194
1807870 194
1807880 194
1807890 194
1807900 194
1807910 194
1807920 194
1807930 194
1807940 194
1807950 194
1807960 194
1807970 194
1807980 194
1807990 194
1808000 195
1808010 195
1808020 195
1808030 195
1808040 195
1808050 195
1808060 195
1808070 195
1808080 195
1808090 195
1808100 195
1808110 195
1808120 195
1808130 195
1808140 195
1808150 195
1808160 195
1808170 195
1808180 195
1808190 195
1808200 195
1808210 195
1808220 195
1808230 195
1808240 196
1808250 196
1808260 196
1808270 196
1808280 196
1808290 196
1808300 196
1808310 196
1808320 197
1808330 197
1808340 197
1808350 197
1808360 197
1808370 197
1808380 197
1808390 197
1808400 197
1808410 197
1808420 197
1808430 197
1808440 197
1808450 197
1808460 197
1808470 197
1808480 197
1808490 197
1808500 197
1808510 197
1808520 197
1808530 197
1808540 197
1808550 197
1808560 197
1808570 198
1808580 198
1808590 198
1808600 198
1808610 198
1808620 198
1808630 198
1808640 198
1808650 198
1808660 198
1808670 198
1808680 198
1808690 198
1808700 198
1808710 198
1808720 198
1808730 198
1808740 198
1808750 198
1808760 198
1808770 198
1808780 198
1808790 198
1808800 199
1808810 199
1808820 199
1808830 199
1808840 199
1808850 199
1808860 199
1808870 199
1808880 199
1808890 199
1808900 198
1808910 198
1808920 198
1808930 198
1808940 198
1808950 198
1808960 198
1808970 198
1808980 198
1808990 198
1809000 198
1809010 198
1809020 198
1809030 198
1809040 197
1809050 197
1809060 197
1809070 197
1809080 197
1809090 196
1809100 196
1809110 196
1809120 196
1809130 196
1809140 196
1809150 195
1809160 195
1809170 195
1809180 195
1809190 195
1809200 195
1809210 195
1809220 195
1809230 195
1809240 195
1809250 195
1809260 195
1809270 195
1809280 195
1809290 195
1809300 195
1809310 195
1809320 195
1809330 195
1809340 195
1809350 195
1809360 195
1809370 195
1809380 194
1809390 194
1809400 194
1809410 194
1809420 194
1809430 194
1809440 194
1809450 194
1809460 194
1809470 194
1809480 194
1809490 194
1809500 194
1809510 194
1809520 194
1809530 194
1809540 194
1809550 194
1809560 194
1809570 194
1809580 194
1809590 194
1809600 194
1809610 194
1809620 194
1809630 194
1809640 194
1809650 194
1809660 194
1809670 195
1809680 195
1809690 195
1809700 195
1809710 195
1809720 195
1809730 195
1809740 195
1809750 195
1809760 195
1809770 195
1809780 195
1809790 195
1809800 195
1809810 195
1809820 195
1809830 195
1809840 195
1809850 195
1809860 195
1809870 195
1809880 195
1809890 194
1809900 194
1809910 194
1809920 194
1809930 194
1809940 194
1809950 194
1809960 194
1809970 194
1809980 194
1809990 195
1810000 194
1810010 194
1810020 194
1810030 194
1810040 194
1810050 194
1810060 194
1810070 195
1810080 195
1810090 195
1810100 195
1810110 195
1810120 195
1810130 195
1810140 195
1810150 195
1810160 195
1810170 195
1810180 195
1810190 195
1810200 195
1810210 195
1810220 195
1810230 195
1810240 195
1810250 195
1810260 195
1810270 196
1810280 196
1810290 196
1810300 196
1810310 196
1810320 196
1810330 196
1810340 196
1810350 196
1810360 196
1810370 196
1810380 196
1810390 196
1810400 196
1810410 197
1810420 197
1810430 197
1810440 197
1810450 197
1810460 198
1810470 198
1810480 198
1810490 198
1810500 198
1810510 198
1810520 198
1810530 198
1810540 198
1810550 198
1810560 198
1810570 198
1810580 198
1810590 198
1810600 198
1810610 198
1810620 198
1810630 199
1810640 199
1810650 199
1810660 199
1810670 199
1810680 199
1810690 199
1810700 199
1810710 199
1810720 199
1810730 199
1810740 199
1810750 200
1810760 200
1810770 200
1810780 200
1810790 200
1810800 200
1810810 200
1810820 200
1810830 200
1810840 200
1810850 200
1810860 200
1810870 200
1810880 200
1810890 200
1810900 200
1810910 200
1810920 200
1810930 200
1810940 201
1810950 201
1810960 201
1810970 201
1810980 201
1810990 201
1811000 201
1811010 201
1811020 201
1811030 201
1811040 201
1811050 201
1811060 201
1811070 201
1811080 201
1811090 201
1811100 201
1811110 201
1811120 201
1811130 201
1811140 201
1811150 201
1811160 201
1811170 201
1811180 201
1811190 201
1811200 201
1811210 201
1811220 201
1811230 202
1811240 202
1811250 202
1811260 201
1811270 201
1811280 201
1811290 201
1811300 202
1811310 202
1811320 202
1811330 202
1811340 202
1811350 201
1811360 201
1811370 201
1811380 201
1811390 201
1811400 201
1811410 201
1811420 201
1811430 201
1811440 201
1811450 201
1811460 201
1811470 201
1811480 201
1811490 201
1811500 201
1811510 201
1811520 201
1811530 201
1811540 201
1811550 201
1811560 201
1811570 201
1811580 201
1811590 201
1811600 201
1811610 201
1811620 201
1811630 201
1811640 202
1811650 202
1811660 202
1811670 201
1811680 201
1811690 201
1811700 201
1811710 201
1811720 201
1811730 201
1811740 201
1811750 201
1811760 202
1811770 202
1811780 202
1811790 201
1811800 201
1811810 201
1811820 202
1811830 202
1811840 202
1811850 202
1811860 202
1811870 202
1811880 202
1811890 202
1811900 202
1811910 202
1811920 202
1811930 202
1811940 203
1811950 203
1811960 203
1811970 203
1811980 203
1811990 203
1812000 203
1812010 203
1812020 203
1812030 203
1812040 203
1812050 203
1812060 203
1812070 204
1812080 204
1812090 204
1812100 204
1812110 204
1812120 204
1812130 204
1812140 204
1812150 204
1812160 204
1812170 204
1812180 204
1812190 205
1812200 205
1812210 205
1812220 205
1812230 205
1812240 205
1812250 205
1812260 205
1812270 205
1812280 205
1812290 205
1812300 205
1812310 205
1812320 205
1812330 206
1812340 206
1812350 206
1812360 206
1812370 206
1812380 206
1812390 206
1812400 206
1812410 206
1812420 206
1812430 206
1812440 206
1812450 206
1812460 207
1812470 207
1812480 207
1812490 207
1812500 207
1812510 207
1812520 207
1812530 207
1812540 207
1812550 207
1812560 208
1812570 208
1812580 208
1812590 208
1812600 208
1812610 208
1812620 208
1812630 209
1812640 209
1812650 209
1812660 209
1812670 209
1812680 209
1812690 209
1812700 209
1812710 210
1812720 210
1812730 210
1812740 210
1812750 210
1812760 210
1812770 211
1812780 211
1812790 211
1812800 211
1812810 211
1812820 212
1812830 212
1812840 212
1812850 212
1812860 212
1812870 213
1812880 213
1812890 213
1812900 214
1812910 214
1812920 214
1812930 214
1812940 215
1812950 215
1812960 215
1812970 215
1812980 216
1812990 216
1813000 216
1813010 217
1813020 217
1813030 217
1813040 218
1813050 218
1813060 218
1813070 218
1813080 219
1813090 219
1813100 219
1813110 219
1813120 219
1813130 220
1813140 220
1813150 220
1813160 220
1813170 220
1813180 220
1813190 220
1813200 221
1813210 221
1813220 221
1813230 221
1813240 221
1813250 221
1813260 222
1813270 222
1813280 222
1813290 222
1813300 222
1813310 222
1813320 222
1813330 222
1813340 223
1813350 223
1813360 223
1813370 223
1813380 223
1813390 223
1813400 223
1813410 223
1813420 223
1813430 223
1813440 223
1813450 223
1813460 223
1813470 224
1813480 224
1813490 224
1813500 224
1813510 224
1813520 225
1813530 225
1813540 225
1813550 225
1813560 226
1813570 226
1813580 226
1813590 227
1813600 227
1813610 227
1813620 227
1813630 228
1813640 228
1813650 228
1813660 229
1813670 229
1813680 229
1813690 229
1813700 229
1813710 230
1813720 230
1813730 230
1813740 230
1813750 230
1813760 230
1813770 230
1813780 231
1813790 231
1813800 231
1813810 231
1813820 231
1813830 232
1813840 232
1813850 232
1813860 232
1813870 232
1813880 233
1813890 233
1813900 233
1813910 233
1813920 234
1813930 234
1813940 234
1813950 234
1813960 235
1813970 235
1813980 235
1813990 235
1814000 236
1814010 236
1814020 236
1814030 236
1814040 237
1814050 237
1814060 237
1814070 237
1814080 238
1814090 238
1814100 238
1814110 239
1814120 239
1814130 239
1814140 239
1814150 239
1814160 239
1814170 239
1814180 240
1814190 240
1814200 240
1814210 240
1814220 240
1814230 240
1814240 240
1814250 240
1814260 240
1814270 240
1814280 240
1814290 240
1814300 240
1814310 240
1814320 240
1814330 240
1814340 240
1814350 240
1814360 240
1814370 238
1814380 238
1814390 238
1814400 238
1814410 238
1814420 238
1814430 238
1814440 238
1814450 238
1814460 239
1814470 240
1814480 241
1814490 242
1814500 242
1814510 243
1814520 244
1814530 244
1814540 245
1814550 246
1814560 247
1814570 248
1814580 248
1814590 249
1814600 250
1814610 250
1814620 251
1814630 252
1814640 252
1814650 253
1814660 253
1814670 254
1814680 254
1814690 255
1814700 255
1814710 256
1814720 256
1814730 257
1814740 257
1814750 258
1814760 258
1814770 258
1814780 258
1814790 259
1814800 259
1814810 259
1814820 259
1814830 259
1814840 259
1814850 258
1814860 258
1814870 258
1814880 258
1814890 258
1814900 258
1814910 258
1814920 258
1814930 258
1814940 258
1814950 258
1814960 258
1814970 258
1814980 258
1814990 257
1815000 257
1815010 257
1815020 257
1815030 257
1815040 256
1815050 256
1815060 256
1815070 256
1815080 256
1815090 256
1815100 256
1815110 256
1815120 256
1815130 256
1815140 255
1815150 255
1815160 255
1815170 255
1815180 254
1815190 254
1815200 254
1815210 253
1815220 253
1815230 253
1815240 252
1815250 252
1815260 252
1815270 251
1815280 251
1815290 251
1815300 251
1815310 251
1815320 250
1815330 250
1815340 249
1815350 249
1815360 249
1815370 248
1815380 248
1815390 248
1815400 248
1815410 247
1815420 247
1815430 247
1815440 246
1815450 246
1815460 246
1815470 246
1815480 246
1815490 246
1815500 245
1815510 245
1815520 245
1815530 245
1815540 245
1815550 245
1815560 245
1815570 245
1815580 245
1815590 245
1815600 245
1815610 245
1815620 245
1815630 245
1815640 245
1815650 245
1815660 245
1815670 246
1815680 246
1815690 246
1815700 246
1815710 247
1815720 247
1815730 247
1815740 248
1815750 248
1815760 248
1815770 249
1815780 249
1815790 250
1815800 251
1815810 251
1815820 252
1815830 252
1815840 252
1815850 253
1815860 253
1815870 254
1815880 254
1815890 254
1815900 254
1815910 254
1815920 255
1815930 255
1815940 255
1815950 255
1815960 255
1815970 255
1815980 256
1815990 256
1816000 256
1816010 256
1816020 256
1816030 257
1816040 257
1816050 257
1816060 257
1816070 257
1816080 258
1816090 258
1816100 258
1816110 258
1816120 259
1816130 259
1816140 260
1816150 260
1816160 260
1816170 260
1816180 260
1816190 260
1816200 260
1816210 260
1816220 259
1816230 259
1816240 258
1816250 257
1816260 257
1816270 256
1816280 256
1816290 256
1816300 256
1816310 256
1816320 256
1816330 256
1816340 256
1816350 256
1816360 257
1816370 256
1816380 256
1816390 256
1816400 255
1816410 255
1816420 256
1816430 256
1816440 257
1816450 257
1816460 258
1816470 259
1816480 260
1816490 261
1816500 262
1816510 263
1816520 264
1816530 265
1816540 266
1816550 267
1816560 268
1816570 269
1816580 269
1816590 270
1816600 270
1816610 271
1816620 272
1816630 273
1816640 273
1816650 274
1816660 274
1816670 275
1816680 275
1816690 275
1816700 275
1816710 275
1816720 275
1816730 275
1816740 275
1816750 275
1816760 275
1816770 275
1816780 275
1816790 275
1816800 275
1816810 275
1816820 275
1816830 275
1816840 275
1816850 275
1816860 276
1816870 276
1816880 276
1816890 276
1816900 276
1816910 276
1816920 276
1816930 276
1816940 276
1816950 277
1816960 277
1816970 277
1816980 277
1816990 278
1817000 278
1817010 278
1817020 278
1817030 279
1817040 279
1817050 279
1817060 280
1817070 280
1817080 280
1817090 280
1817100 281
1817110 281
1817120 282
1817130 282
1817140 283
1817150 284
1817160 284
1817170 285
1817180 285
1817190 285
1817200 285
1817210 286
1817220 286
1817230 287
1817240 288
1817250 288
1817260 289
1817270 289
1817280 290
1817290 291
1817300 291
1817310 292
1817320 292
1817330 293
1817340 293
1817350 293
1817360 294
1817370 294
1817380 295
1817390 295
1817400 295
1817410 296
1817420 296
1817430 297
1817440 297
1817450 298
1817460 298
1817470 299
1817480 300
1817490 300
1817500 301
1817510 301
1817520 302
1817530 302
1817540 303
1817550 303
1817560 304
1817570 304
1817580 305
1817590 305
1817600 306
1817610 307
1817620 307
1817630 307
1817640 308
1817650 308
1817660 309
1817670 309
1817680 310
1817690 310
1817700 310
1817710 311
1817720 311
1817730 311
1817740 312
1817750 312
1817760 312
1817770 313
1817780 313
1817790 314
1817800 314
1817810 315
1817820 315
1817830 315
1817840 316
1817850 316
1817860 316
1817870 317
1817880 317
1817890 317
1817900 317
1817910 317
1817920 318
1817930 318
1817940 318
1817950 318
1817960 318
1817970 319
1817980 319
1817990 319
1818000 319
1818010 319
1818020 320
1818030 320
1818040 320
1818050 320
1818060 320
1818070 321
1818080 321
1818090 321
1818100 321
1818110 322
1818120 322
1818130 322
1818140 322
1818150 323
1818160 323
1818170 323
1818180 323
1818190 323
1818200 323
1818210 323
1818220 323
1818230 323
1818240 323
1818250 323
1818260 323
1818270 323
1818280 322
1818290 322
1818300 322
1818310 322
1818320 321
1818330 321
1818340 321
1818350 321
1818360 321
1818370 320
1818380 320
1818390 320
1818400 320
1818410 320
1818420 320
1818430 320
1818440 320
1818450 320
1818460 319
1818470 319
1818480 319
1818490 319
1818500 319
1818510 319
1818520 319
1818530 319
1818540 319
1818550 319
1818560 319
1818570 319
1818580 319
1818590 319
1818600 319
1818610 319
1818620 319
1818630 319
1818640 319
1818650 319
1818660 320
1818670 320
1818680 320
1818690 320
1818700 320
1818710 320
1818720 320
1818730 320
1818740 320
1818750 319
1818760 319
1818770 319
1818780 319
1818790 319
1818800 318
1818810 318
1818820 318
1818830 318
1818840 317
1818850 317
1818860 317
1818870 316
1818880 316
1818890 316
1818900 316
1818910 315
1818920 315
1818930 315
1818940 314
1818950 314
1818960 314
1818970 313
1818980 313
1818990 312
1819000 311
1819010 311
1819020 310
1819030 310
1819040 309
1819050 309
1819060 308
1819070 307
1819080 307
1819090 306
1819100 305
1819110 305
1819120 304
1819130 304
1819140 303
1819150 303
1819160 302
1819170 301
1819180 301
1819190 300
1819200 299
1819210 299
1819220 298
1819230 297
1819240 297
1819250 296
1819260 296
1819270 295
1819280 294
1819290 294
1819300 293
1819310 292
1819320 292
1819330 291
1819340 290
1819350 290
1819360 290
1819370 289
1819380 289
1819390 289
1819400 289
1819410 289
1819420 289
1819430 289
1819440 289
1819450 289
1819460 289
1819470 289
1819480 289
1819490 289
1819500 290
1819510 290
1819520 291
1819530 291
1819540 292
1819550 293
1819560 293
1819570 294
1819580 295
1819590 295
1819600 296
1819610 297
1819620 298
1819630 299
1819640 300
1819650 301
1819660 302
1819670 303
1819680 304
1819690 305
1819700 307
1819710 307
1819720 308
1819730 308
1819740 308
1819750 307
1819760 307
1819770 307
1819780 307
1819790 308
1819800 308
1819810 308
1819820 308
1819830 308
1819840 309
1819850 309
1819860 309
1819870 308
1819880 309
1819890 309
1819900 309
1819910 310
1819920 310
1819930 310
1819940 310
1819950 310
1819960 309
1819970 309
1819980 309
1819990 308
