1800000 190
1800010 190
1800020 190
1800030 190
1800040 190
1800050 190
1800060 190
1800070 190
1800080 190
1800090 190
1800100 190
1800110 190
1800120 191
1800130 191
1800140 191
1800150 191
1800160 191
1800170 192
1800180 192
1800190 192
1800200 192
1800210 192
1800220 191
1800230 191
1800240 191
1800250 191
1800260 191
1800270 191
1800280 191
1800290 191
1800300 191
1800310 191
1800320 191
1800330 191
1800340 191
1800350 191
1800360 192
1800370 192
1800380 192
1800390 192
1800400 192
1800410 192
1800420 192
1800430 192
1800440 193
1800450 193
1800460 194
1800470 194
1800480 194
1800490 194
1800500 194
1800510 194
1800520 194
1800530 194
1800540 194
1800550 195
1800560 195
1800570 195
1800580 195
1800590 196
1800600 196
1800610 196
1800620 196
1800630 195
1800640 195
1800650 195
1800660 196
1800670 196
1800680 197
1800690 198
1800700 199
1800710 199
1800720 200
1800730 200
1800740 200
1800750 201
1800760 201
1800770 201
1800780 202
1800790 202
1800800 203
1800810 203
1800820 203
1800830 204
1800840 204
1800850 205
1800860 205
1800870 205
1800880 206
1800890 206
1800900 206
1800910 207
1800920 207
1800930 207
1800940 208
1800950 208
1800960 208
1800970 208
1800980 209
1800990 209
1801000 209
1801010 209
1801020 210
1801030 210
1801040 210
1801050 210
1801060 210
1801070 210
1801080 210
1801090 210
1801100 211
1801110 211
1801120 211
1801130 211
1801140 211
1801150 211
1801160 211
1801170 211
1801180 211
1801190 212
1801200 212
1801210 212
1801220 212
1801230 213
1801240 213
1801250 213
1801260 214
1801270 214
1801280 214
1801290 215
1801300 215
1801310 215
1801320 216
1801330 216
1801340 216
1801350 217
1801360 217
1801370 217
1801380 218
1801390 218
1801400 219
1801410 219
1801420 220
1801430 220
1801440 221
1801450 221
1801460 221
1801470 222
1801480 222
1801490 222
1801500 222
1801510 223
1801520 223
1801530 223
1801540 223
1801550 223
1801560 223
1801570 223
1801580 224
1801590 224
1801600 224
1801610 224
1801620 224
1801630 224
1801640 225
1801650 225
1801660 225
1801670 225
1801680 225
1801690 225
1801700 225
1801710 226
1801720 226
1801730 226
1801740 226
1801750 226
1801760 226
1801770 226
1801780 226
1801790 226
1801800 227
1801810 227
1801820 227
1801830 227
1801840 227
1801850 227
1801860 227
1801870 227
1801880 227
1801890 227
1801900 227
1801910 227
1801920 227
1801930 227
1801940 227
1801950 227
1801960 227
1801970 228
1801980 228
1801990 228
1802000 228
1802010 228
1802020 228
1802030 228
1802040 228
1802050 228
1802060 228
1802070 228
1802080 228
1802090 227
1802100 227
1802110 227
1802120 228
1802130 228
1802140 228
1802150 228
1802160 228
1802170 228
1802180 228
1802190 228
1802200 227
1802210 228
1802220 228
1802230 228
1802240 228
1802250 228
1802260 228
1802270 228
1802280 228
1802290 228
1802300 228
1802310 228
1802320 228
1802330 228
1802340 228
1802350 228
1802360 229
1802370 229
1802380 229
1802390 229
1802400 229
1802410 229
1802420 229
1802430 229
1802440 229
1802450 229
1802460 229
1802470 230
1802480 230
1802490 230
1802500 230
1802510 230
1802520 230
1802530 230
1802540 230
1802550 230
1802560 230
1802570 230
1802580 230
1802590 230
1802600 230
1802610 230
1802620 230
1802630 230
1802640 229
1802650 229
1802660 229
1802670 229
1802680 229
1802690 229
1802700 229
1802710 229
1802720 229
1802730 229
1802740 229
1802750 229
1802760 229
1802770 229
1802780 229
1802790 229
1802800 229
1802810 229
1802820 229
1802830 229
1802840 229
1802850 229
1802860 229
1802870 229
1802880 229
1802890 229
1802900 229
1802910 229
1802920 229
1802930 229
1802940 229
1802950 229
1802960 229
1802970 229
1802980 229
1802990 229
1803000 229
1803010 229
1803020 229
1803030 228
1803040 228
1803050 228
1803060 228
1803070 228
1803080 228
1803090 228
1803100 228
1803110 228
1803120 228
1803130 228
1803140 228
1803150 228
1803160 228
1803170 228
1803180 228
1803190 228
1803200 228
1803210 228
1803220 228
1803230 228
1803240 228
1803250 227
1803260 227
1803270 227
1803280 227
1803290 227
1803300 227
1803310 227
1803320 227
1803330 227
1803340 226
1803350 226
1803360 226
1803370 226
1803380 226
1803390 225
1803400 225
1803410 225
1803420 225
1803430 224
1803440 224
1803450 224
1803460 223
1803470 223
1803480 223
1803490 222
1803500 222
1803510 222
1803520 222
1803530 222
1803540 222
1803550 222
1803560 221
1803570 221
1803580 221
1803590 221
1803600 220
1803610 220
1803620 220
1803630 219
1803640 219
1803650 219
1803660 218
1803670 218
1803680 218
1803690 218
1803700 217
1803710 217
1803720 217
1803730 216
1803740 216
1803750 216
1803760 216
1803770 215
1803780 215
1803790 215
1803800 215
1803810 214
1803820 214
1803830 214
1803840 214
1803850 213
1803860 213
1803870 213
1803880 212
1803890 212
1803900 212
1803910 211
1803920 211
1803930 210
1803940 210
1803950 210
1803960 209
1803970 209
1803980 209
1803990 208
1804000 208
1804010 208
1804020 207
1804030 207
1804040 207
1804050 206
1804060 206
1804070 206
1804080 206
1804090 205
1804100 205
1804110 205
1804120 205
1804130 205
1804140 205
1804150 205
1804160 205
1804170 205
1804180 204
1804190 204
1804200 204
1804210 203
1804220 202
1804230 202
1804240 202
1804250 202
1804260 201
1804270 201
1804280 201
1804290 201
1804300 201
1804310 200
1804320 200
1804330 200
1804340 200
1804350 200
1804360 199
1804370 199
1804380 199
1804390 199
1804400 199
1804410 198
1804420 198
1804430 198
1804440 198
1804450 198
1804460 198
1804470 198
1804480 197
1804490 197
1804500 197
1804510 197
1804520 197
1804530 197
1804540 197
1804550 197
1804560 197
1804570 196
1804580 196
1804590 196
1804600 196
1804610 195
1804620 195
1804630 195
1804640 195
1804650 195
1804660 195
1804670 194
1804680 194
1804690 194
1804700 194
1804710 194
1804720 194
1804730 194
1804740 193
1804750 193
1804760 193
1804770 193
1804780 193
1804790 193
1804800 193
1804810 193
1804820 193
1804830 193
1804840 193
1804850 193
1804860 193
1804870 193
1804880 193
1804890 193
1804900 193
1804910 193
1804920 194
1804930 194
1804940 194
1804950 194
1804960 194
1804970 195
1804980 195
1804990 195
1805000 195
1805010 195
1805020 195
1805030 195
1805040 195
1805050 195
1805060 196
1805070 196
1805080 196
1805090 196
1805100 196
1805110 196
1805120 196
1805130 196
1805140 196
1805150 196
1805160 197
1805170 197
1805180 198
1805190 198
1805200 198
1805210 198
1805220 198
1805230 199
1805240 200
1805250 200
1805260 200
1805270 199
1805280 199
1805290 200
1805300 200
1805310 201
1805320 201
1805330 201
1805340 201
1805350 201
1805360 201
1805370 200
1805380 200
1805390 200
1805400 200
1805410 200
1805420 200
1805430 200
1805440 200
1805450 200
1805460 200
1805470 200
1805480 200
1805490 200
1805500 199
1805510 199
1805520 199
1805530 199
1805540 200
1805550 200
1805560 200
1805570 200
1805580 200
1805590 200
1805600 200
1805610 200
1805620 200
1805630 200
1805640 200
1805650 200
1805660 200
1805670 200
1805680 199
1805690 199
1805700 199
1805710 199
1805720 199
1805730 199
1805740 199
1805750 199
1805760 199
1805770 199
1805780 199
1805790 199
1805800 198
1805810 198
1805820 198
1805830 198
1805840 198
1805850 198
1805860 198
1805870 198
1805880 198
1805890 198
1805900 198
1805910 198
1805920 198
1805930 198
1805940 198
1805950 198
1805960 198
1805970 198
1805980 198
1805990 198
1806000 198
1806010 198
1806020 198
1806030 198
1806040 198
1806050 198
1806060 198
1806070 198
1806080 198
1806090 198
1806100 198
1806110 198
1806120 198
1806130 198
1806140 198
1806150 198
1806160 198
1806170 198
1806180 198
1806190 198
1806200 199
1806210 199
1806220 199
1806230 199
1806240 199
1806250 199
1806260 199
1806270 199
1806280 199
1806290 199
1806300 199
1806310 199
1806320 199
1806330 199
1806340 199
1806350 199
1806360 199
1806370 199
1806380 199
1806390 199
1806400 198
1806410 198
1806420 198
1806430 197
1806440 197
1806450 197
1806460 196
1806470 196
1806480 195
1806490 195
1806500 194
1806510 193
1806520 193
1806530 192
1806540 193
1806550 193
1806560 193
1806570 193
1806580 193
1806590 193
1806600 193
1806610 193
1806620 193
1806630 193
1806640 193
1806650 193
1806660 193
1806670 193
1806680 193
1806690 193
1806700 193
1806710 193
1806720 193
1806730 193
1806740 193
1806750 193
1806760 193
1806770 193
1806780 193
1806790 193
1806800 193
1806810 193
1806820 194
1806830 194
1806840 194
1806850 194
1806860 195
1806870 196
1806880 196
1806890 196
1806900 196
1806910 196
1806920 196
1806930 196
1806940 196
1806950 196
1806960 196
1806970 196
1806980 196
1806990 196
1807000 196
1807010 196
1807020 196
1807030 196
1807040 196
1807050 196
1807060 196
1807070 196
1807080 196
1807090 197
1807100 197
1807110 197
1807120 197
1807130 197
1807140 197
1807150 197
1807160 197
1807170 197
1807180 198
1807190 198
1807200 198
1807210 198
1807220 199
1807230 199
1807240 199
1807250 200
1807260 200
1807270 201
1807280 201
1807290 201
1807300 202
1807310 202
1807320 202
1807330 202
1807340 202
1807350 203
1807360 203
1807370 203
1807380 203
1807390 203
1807400 203
1807410 203
1807420 203
1807430 204
1807440 204
1807450 204
1807460 204
1807470 204
1807480 203
1807490 203
1807500 203
1807510 203
1807520 203
1807530 204
1807540 204
1807550 204
1807560 205
1807570 205
1807580 206
1807590 207
1807600 207
1807610 208
1807620 208
1807630 209
1807640 209
1807650 209
1807660 210
1807670 210
1807680 210
1807690 210
1807700 210
1807710 211
1807720 211
1807730 211
1807740 211
1807750 211
1807760 211
1807770 212
1807780 212
1807790 212
1807800 212
1807810 212
1807820 212
1807830 212
1807840 213
1807850 213
1807860 213
1807870 212
1807880 212
1807890 212
1807900 212
1807910 213
1807920 213
1807930 213
1807940 213
1807950 213
1807960 213
1807970 213
1807980 213
1807990 213
1808000 213
1808010 213
1808020 213
1808030 213
1808040 212
1808050 212
1808060 212
1808070 212
1808080 212
1808090 212
1808100 212
1808110 212
1808120 212
1808130 212
1808140 212
1808150 212
1808160 212
1808170 212
1808180 212
1808190 212
1808200 212
1808210 212
1808220 212
1808230 212
1808240 212
1808250 212
1808260 212
1808270 212
1808280 212
1808290 211
1808300 211
1808310 211
1808320 211
1808330 211
1808340 211
1808350 211
1808360 211
1808370 211
1808380 211
1808390 211
1808400 211
1808410 210
1808420 210
1808430 210
1808440 210
1808450 210
1808460 210
1808470 210
1808480 210
1808490 210
1808500 210
1808510 210
1808520 209
1808530 209
1808540 209
1808550 209
1808560 209
1808570 209
1808580 209
1808590 209
1808600 209
1808610 209
1808620 209
1808630 209
1808640 209
1808650 209
1808660 209
1808670 209
1808680 209
1808690 209
1808700 209
1808710 209
1808720 209
1808730 209
1808740 209
1808750 209
1808760 209
1808770 209
1808780 209
1808790 209
1808800 209
1808810 209
1808820 209
1808830 209
1808840 209
1808850 209
1808860 209
1808870 209
1808880 209
1808890 208
1808900 208
1808910 208
1808920 208
1808930 208
1808940 208
1808950 208
1808960 208
1808970 208
1808980 208
1808990 208
1809000 208
1809010 208
1809020 208
1809030 208
1809040 208
1809050 208
1809060 208
1809070 208
1809080 208
1809090 208
1809100 207
1809110 207
1809120 207
1809130 207
1809140 207
1809150 206
1809160 206
1809170 206
1809180 206
1809190 205
1809200 205
1809210 205
1809220 205
1809230 205
1809240 204
1809250 204
1809260 204
1809270 204
1809280 204
1809290 204
1809300 203
1809310 203
1809320 203
1809330 203
1809340 203
1809350 203
1809360 203
1809370 203
1809380 203
1809390 203
1809400 203
1809410 203
1809420 203
1809430 203
1809440 203
1809450 203
1809460 203
1809470 203
1809480 202
1809490 202
1809500 202
1809510 202
1809520 202
1809530 202
1809540 202
1809550 202
1809560 203
1809570 203
1809580 203
1809590 203
1809600 203
1809610 203
1809620 203
1809630 203
1809640 203
1809650 203
1809660 203
1809670 203
1809680 203
1809690 203
1809700 204
1809710 204
1809720 204
1809730 204
1809740 204
1809750 204
1809760 204
1809770 204
1809780 204
1809790 204
1809800 204
1809810 204
1809820 204
1809830 204
1809840 204
1809850 204
1809860 204
1809870 204
1809880 204
1809890 204
1809900 204
1809910 204
1809920 204
1809930 204
1809940 204
1809950 204
1809960 204
1809970 204
1809980 204
1809990 204
1810000 204
1810010 204
1810020 204
1810030 204
1810040 204
1810050 204
1810060 204
1810070 203
1810080 203
1810090 203
1810100 203
1810110 203
1810120 203
1810130 203
1810140 203
1810150 203
1810160 203
1810170 203
1810180 203
1810190 203
1810200 203
1810210 203
1810220 203
1810230 202
1810240 202
1810250 202
1810260 202
1810270 202
1810280 202
1810290 202
1810300 202
1810310 202
1810320 202
1810330 202
1810340 202
1810350 202
1810360 202
1810370 202
1810380 202
1810390 202
1810400 202
1810410 202
1810420 202
1810430 202
1810440 202
1810450 202
1810460 201
1810470 201
1810480 201
1810490 201
1810500 201
1810510 201
1810520 201
1810530 201
1810540 202
1810550 202
1810560 202
1810570 201
1810580 201
1810590 201
1810600 201
1810610 201
1810620 201
1810630 201
1810640 201
1810650 201
1810660 201
1810670 201
1810680 201
1810690 201
1810700 201
1810710 201
1810720 201
1810730 201
1810740 201
1810750 201
1810760 201
1810770 201
1810780 201
1810790 201
1810800 201
1810810 201
1810820 201
1810830 201
1810840 201
1810850 201
1810860 201
1810870 201
1810880 201
1810890 201
1810900 201
1810910 201
1810920 201
1810930 201
1810940 201
1810950 201
1810960 201
1810970 201
1810980 201
1810990 201
1811000 201
1811010 202
1811020 202
1811030 202
1811040 202
1811050 202
1811060 202
1811070 202
1811080 202
1811090 202
1811100 202
1811110 202
1811120 202
1811130 202
1811140 202
1811150 202
1811160 203
1811170 203
1811180 203
1811190 203
1811200 203
1811210 203
1811220 203
1811230 203
1811240 203
1811250 203
1811260 203
1811270 203
1811280 203
1811290 203
1811300 203
1811310 203
1811320 203
1811330 203
1811340 203
1811350 203
1811360 203
1811370 204
1811380 204
1811390 204
1811400 204
1811410 204
1811420 204
1811430 204
1811440 204
1811450 204
1811460 204
1811470 204
1811480 204
1811490 204
1811500 204
1811510 204
1811520 204
1811530 204
1811540 204
1811550 204
1811560 204
1811570 204
1811580 204
1811590 204
1811600 204
1811610 204
1811620 204
1811630 204
1811640 204
1811650 204
1811660 204
1811670 204
1811680 204
1811690 204
1811700 204
1811710 204
1811720 204
1811730 204
1811740 204
1811750 204
1811760 204
1811770 204
1811780 204
1811790 204
1811800 204
1811810 205
1811820 205
1811830 205
1811840 205
1811850 205
1811860 205
1811870 205
1811880 205
1811890 205
1811900 206
1811910 206
1811920 206
1811930 206
1811940 206
1811950 206
1811960 207
1811970 207
1811980 207
1811990 207
1812000 207
1812010 207
1812020 207
1812030 208
1812040 208
1812050 208
1812060 208
1812070 208
1812080 208
1812090 208
1812100 208
1812110 208
1812120 209
1812130 209
1812140 209
1812150 209
1812160 209
1812170 209
1812180 209
1812190 209
1812200 209
1812210 209
1812220 209
1812230 209
1812240 209
1812250 209
1812260 209
1812270 209
1812280 209
1812290 209
1812300 209
1812310 209
1812320 209
1812330 209
1812340 209
1812350 209
1812360 209
1812370 209
1812380 209
1812390 208
1812400 208
1812410 208
1812420 208
1812430 208
1812440 208
1812450 208
1812460 208
1812470 208
1812480 208
1812490 208
1812500 208
1812510 208
1812520 208
1812530 208
1812540 208
1812550 208
1812560 208
1812570 208
1812580 208
1812590 208
1812600 208
1812610 208
1812620 208
1812630 208
1812640 208
1812650 209
1812660 209
1812670 209
1812680 209
1812690 209
1812700 209
1812710 209
1812720 209
1812730 209
1812740 209
1812750 209
1812760 209
1812770 209
1812780 209
1812790 209
1812800 209
1812810 209
1812820 209
1812830 209
1812840 209
1812850 209
1812860 210
1812870 210
1812880 210
1812890 210
1812900 210
1812910 210
1812920 210
1812930 211
1812940 211
1812950 211
1812960 211
1812970 211
1812980 211
1812990 211
1813000 211
1813010 211
1813020 211
1813030 211
1813040 211
1813050 212
1813060 212
1813070 212
1813080 212
1813090 212
1813100 212
1813110 212
1813120 212
1813130 212
1813140 212
1813150 212
1813160 212
1813170 212
1813180 213
1813190 213
1813200 213
1813210 212
1813220 212
1813230 212
1813240 212
1813250 212
1813260 212
1813270 212
1813280 212
1813290 212
1813300 212
1813310 213
1813320 213
1813330 213
1813340 213
1813350 213
1813360 214
1813370 214
1813380 214
1813390 215
1813400 215
1813410 216
1813420 216
1813430 217
1813440 218
1813450 218
1813460 219
1813470 220
1813480 220
1813490 221
1813500 222
1813510 223
1813520 223
1813530 224
1813540 224
1813550 225
1813560 225
1813570 226
1813580 226
1813590 227
1813600 227
1813610 227
1813620 226
1813630 226
1813640 225
1813650 225
1813660 225
1813670 225
1813680 225
1813690 224
1813700 224
1813710 224
1813720 223
1813730 223
1813740 223
1813750 222
1813760 222
1813770 221
1813780 221
1813790 220
1813800 220
1813810 220
1813820 219
1813830 219
1813840 218
1813850 218
1813860 218
1813870 217
1813880 217
1813890 217
1813900 216
1813910 216
1813920 216
1813930 216
1813940 215
1813950 215
1813960 215
1813970 215
1813980 215
1813990 215
1814000 215
1814010 215
1814020 215
1814030 215
1814040 215
1814050 215
1814060 215
1814070 215
1814080 215
1814090 215
1814100 215
1814110 215
1814120 215
1814130 215
1814140 215
1814150 215
1814160 215
1814170 216
1814180 216
1814190 216
1814200 216
1814210 216
1814220 216
1814230 216
1814240 216
1814250 216
1814260 216
1814270 216
1814280 216
1814290 216
1814300 216
1814310 216
1814320 216
1814330 216
1814340 217
1814350 217
1814360 217
1814370 217
1814380 217
1814390 217
1814400 218
1814410 218
1814420 218
1814430 218
1814440 218
1814450 218
1814460 218
1814470 218
1814480 218
1814490 218
1814500 218
1814510 218
1814520 218
1814530 218
1814540 219
1814550 219
1814560 219
1814570 219
1814580 219
1814590 219
1814600 219
1814610 220
1814620 220
1814630 220
1814640 220
1814650 221
1814660 221
1814670 222
1814680 222
1814690 222
1814700 223
1814710 223
1814720 224
1814730 224
1814740 225
1814750 226
1814760 226
1814770 227
1814780 227
1814790 228
1814800 229
1814810 229
1814820 230
1814830 231
1814840 231
1814850 232
1814860 232
1814870 233
1814880 233
1814890 234
1814900 235
1814910 235
1814920 236
1814930 236
1814940 237
1814950 238
1814960 238
1814970 239
1814980 240
1814990 240
1815000 241
1815010 241
1815020 242
1815030 243
1815040 243
1815050 244
1815060 244
1815070 245
1815080 245
1815090 246
1815100 246
1815110 247
1815120 247
1815130 248
1815140 248
1815150 249
1815160 249
1815170 250
1815180 250
1815190 251
1815200 251
1815210 252
1815220 252
1815230 253
1815240 253
1815250 253
1815260 254
1815270 254
1815280 254
1815290 255
1815300 255
1815310 256
1815320 256
1815330 256
1815340 257
1815350 257
1815360 257
1815370 258
1815380 258
1815390 258
1815400 259
1815410 259
1815420 260
1815430 260
1815440 260
1815450 261
1815460 261
1815470 261
1815480 262
1815490 262
1815500 262
1815510 262
1815520 263
1815530 263
1815540 264
1815550 265
1815560 265
1815570 266
1815580 266
1815590 267
1815600 268
1815610 268
1815620 269
1815630 270
1815640 270
1815650 271
1815660 272
1815670 272
1815680 273
1815690 274
1815700 275
1815710 275
1815720 276
1815730 277
1815740 277
1815750 278
1815760 279
1815770 279
1815780 280
1815790 280
1815800 281
1815810 282
1815820 282
1815830 283
1815840 283
1815850 284
1815860 284
1815870 284
1815880 285
1815890 285
1815900 285
1815910 285
1815920 285
1815930 286
1815940 286
1815950 287
1815960 287
1815970 287
1815980 287
1815990 288
1816000 288
1816010 288
1816020 289
1816030 289
1816040 290
1816050 290
1816060 290
1816070 291
1816080 291
1816090 291
1816100 292
1816110 292
1816120 292
1816130 293
1816140 293
1816150 293
1816160 294
1816170 294
1816180 295
1816190 295
1816200 296
1816210 296
1816220 297
1816230 297
1816240 298
1816250 298
1816260 298
1816270 298
1816280 299
1816290 299
1816300 300
1816310 300
1816320 300
1816330 301
1816340 301
1816350 301
1816360 301
1816370 300
1816380 300
1816390 300
1816400 300
1816410 301
1816420 301
1816430 301
1816440 301
1816450 301
1816460 301
1816470 301
1816480 301
1816490 301
1816500 301
1816510 301
1816520 300
1816530 300
1816540 300
1816550 300
1816560 300
1816570 300
1816580 300
1816590 300
1816600 300
1816610 300
1816620 300
1816630 300
1816640 300
1816650 301
1816660 301
1816670 301
1816680 302
1816690 302
1816700 302
1816710 301
1816720 301
1816730 300
1816740 299
1816750 298
1816760 297
1816770 296
1816780 295
1816790 294
1816800 293
1816810 295
1816820 296
1816830 297
1816840 298
1816850 299
1816860 301
1816870 302
1816880 303
1816890 304
1816900 304
1816910 305
1816920 307
1816930 308
1816940 310
1816950 311
1816960 312
1816970 314
1816980 315
1816990 315
1817000 316
1817010 316
1817020 317
1817030 318
1817040 318
1817050 318
1817060 318
1817070 318
1817080 318
1817090 318
1817100 318
1817110 318
1817120 318
1817130 319
1817140 319
1817150 319
1817160 319
1817170 319
1817180 319
1817190 319
1817200 320
1817210 320
1817220 320
1817230 319
1817240 319
1817250 318
1817260 318
1817270 318
1817280 318
1817290 319
1817300 320
1817310 321
1817320 321
1817330 322
1817340 323
1817350 324
1817360 325
1817370 326
1817380 328
1817390 329
1817400 331
1817410 333
1817420 335
1817430 336
1817440 337
1817450 338
1817460 339
1817470 341
1817480 342
1817490 344
1817500 345
1817510 345
1817520 346
1817530 346
1817540 346
1817550 347
1817560 348
1817570 348
1817580 349
1817590 349
1817600 349
1817610 350
1817620 350
1817630 350
1817640 350
1817650 350
1817660 350
1817670 350
1817680 349
1817690 349
1817700 349
1817710 348
1817720 348
1817730 348
1817740 347
1817750 347
1817760 346
1817770 346
1817780 345
1817790 345
1817800 344
1817810 344
1817820 344
1817830 343
1817840 343
1817850 342
1817860 342
1817870 342
1817880 341
1817890 341
1817900 340
1817910 340
1817920 339
1817930 339
1817940 338
1817950 337
1817960 337
1817970 336
1817980 336
1817990 335
1818000 334
1818010 333
1818020 332
1818030 332
1818040 331
1818050 330
1818060 329
1818070 328
1818080 327
1818090 326
1818100 325
1818110 324
1818120 323
1818130 322
1818140 322
1818150 321
1818160 320
1818170 319
1818180 319
1818190 318
1818200 317
1818210 317
1818220 316
1818230 316
1818240 316
1818250 315
1818260 315
1818270 315
1818280 315
1818290 315
1818300 315
1818310 314
1818320 314
1818330 314
1818340 314
1818350 313
1818360 313
1818370 313
1818380 312
1818390 312
1818400 311
1818410 311
1818420 311
1818430 311
1818440 311
1818450 310
1818460 310
1818470 311
1818480 311
1818490 312
1818500 312
1818510 313
1818520 313
1818530 313
1818540 312
1818550 312
1818560 312
1818570 311
1818580 311
1818590 311
1818600 311
1818610 311
1818620 311
1818630 311
1818640 312
1818650 312
1818660 312
1818670 312
1818680 312
1818690 312
1818700 312
1818710 312
1818720 313
1818730 313
1818740 313
1818750 313
1818760 313
1818770 313
1818780 314
1818790 314
1818800 314
1818810 314
1818820 315
1818830 315
1818840 315
1818850 315
1818860 315
1818870 315
1818880 315
1818890 316
1818900 316
1818910 316
1818920 316
1818930 316
1818940 317
1818950 317
1818960 317
1818970 317
1818980 318
1818990 318
1819000 318
1819010 318
1819020 318
1819030 319
1819040 319
1819050 319
1819060 320
1819070 320
1819080 320
1819090 321
1819100 321
1819110 321
1819120 322
1819130 322
1819140 322
1819150 322
1819160 323
1819170 323
1819180 323
1819190 323
1819200 323
1819210 323
1819220 324
1819230 324
1819240 324
1819250 324
1819260 325
1819270 325
1819280 325
1819290 326
1819300 326
1819310 327
1819320 328
1819330 328
1819340 329
1819350 330
1819360 331
1819370 331
1819380 332
1819390 333
1819400 333
1819410 334
1819420 335
1819430 335
1819440 336
1819450 337
1819460 337
1819470 338
1819480 339
1819490 340
1819500 340
1819510 341
1819520 342
1819530 342
1819540 343
1819550 343
1819560 344
1819570 344
1819580 344
1819590 345
1819600 345
1819610 345
1819620 346
1819630 346
1819640 346
1819650 347
1819660 347
1819670 347
1819680 348
1819690 348
1819700 349
1819710 349
1819720 349
1819730 349
1819740 349
1819750 349
1819760 349
1819770 349
1819780 349
1819790 349
1819800 349
1819810 349
1819820 349
1819830 350
1819840 350
1819850 350
1819860 350
1819870 350
1819880 351
1819890 351
1819900 352
1819910 352
1819920 352
1819930 352
1819940 352
1819950 353
1819960 353
1819970 352
1819980 352
1819990 352
