1800000 220
1800010 221
1800020 223
1800030 224
1800040 225
1800050 226
1800060 226
1800070 226
1800080 227
1800090 227
1800100 228
1800110 228
1800120 229
1800130 229
1800140 229
1800150 229
1800160 229
1800170 230
1800180 230
1800190 230
1800200 230
1800210 230
1800220 230
1800230 230
1800240 230
1800250 230
1800260 230
1800270 230
1800280 230
1800290 230
1800300 230
1800310 230
1800320 230
1800330 230
1800340 230
1800350 230
1800360 230
1800370 230
1800380 230
1800390 230
1800400 230
1800410 230
1800420 230
1800430 230
1800440 230
1800450 230
1800460 230
1800470 230
1800480 230
1800490 230
1800500 230
1800510 230
1800520 230
1800530 231
1800540 231
1800550 231
1800560 231
1800570 231
1800580 231
1800590 231
1800600 231
1800610 231
1800620 231
1800630 231
1800640 231
1800650 231
1800660 231
1800670 231
1800680 231
1800690 231
1800700 231
1800710 232
1800720 232
1800730 232
1800740 232
1800750 232
1800760 232
1800770 232
1800780 232
1800790 232
1800800 233
1800810 233
1800820 233
1800830 233
1800840 233
1800850 233
1800860 233
1800870 233
1800880 233
1800890 233
1800900 233
1800910 233
1800920 234
1800930 234
1800940 234
1800950 234
1800960 234
1800970 234
1800980 234
1800990 234
1801000 234
1801010 234
1801020 234
1801030 235
1801040 235
1801050 235
1801060 235
1801070 235
1801080 235
1801090 235
1801100 235
1801110 235
1801120 235
1801130 235
1801140 235
1801150 235
1801160 236
1801170 236
1801180 236
1801190 236
1801200 236
1801210 236
1801220 236
1801230 236
1801240 236
1801250 236
1801260 236
1801270 237
1801280 237
1801290 237
1801300 237
1801310 237
1801320 237
1801330 237
1801340 237
1801350 237
1801360 237
1801370 237
1801380 236
1801390 236
1801400 236
1801410 236
1801420 236
1801430 235
1801440 235
1801450 235
1801460 235
1801470 235
1801480 234
1801490 234
1801500 234
1801510 233
1801520 233
1801530 233
1801540 233
1801550 233
1801560 233
1801570 233
1801580 233
1801590 233
1801600 233
1801610 232
1801620 232
1801630 232
1801640 232
1801650 232
1801660 232
1801670 233
1801680 233
1801690 234
1801700 235
1801710 236
1801720 236
1801730 236
1801740 237
1801750 237
1801760 238
1801770 238
1801780 239
1801790 240
1801800 241
1801810 241
1801820 242
1801830 243
1801840 243
1801850 244
1801860 244
1801870 245
1801880 245
1801890 246
1801900 246
1801910 246
1801920 247
1801930 247
1801940 247
1801950 248
1801960 248
1801970 248
1801980 248
1801990 248
1802000 249
1802010 249
1802020 249
1802030 249
1802040 249
1802050 250
1802060 250
1802070 250
1802080 250
1802090 250
1802100 251
1802110 251
1802120 251
1802130 251
1802140 251
1802150 252
1802160 252
1802170 252
1802180 252
1802190 252
1802200 252
1802210 253
1802220 253
1802230 253
1802240 253
1802250 253
1802260 254
1802270 254
1802280 254
1802290 254
1802300 254
1802310 254
1802320 254
1802330 254
1802340 254
1802350 255
1802360 255
1802370 255
1802380 255
1802390 255
1802400 255
1802410 255
1802420 255
1802430 255
1802440 255
1802450 255
1802460 255
1802470 255
1802480 255
1802490 255
1802500 256
1802510 256
1802520 256
1802530 256
1802540 256
1802550 256
1802560 256
1802570 256
1802580 256
1802590 256
1802600 256
1802610 256
1802620 256
1802630 256
1802640 256
1802650 256
1802660 256
1802670 256
1802680 256
1802690 256
1802700 256
1802710 256
1802720 256
1802730 256
1802740 255
1802750 255
1802760 255
1802770 255
1802780 255
1802790 254
1802800 254
1802810 253
1802820 253
1802830 252
1802840 252
1802850 251
1802860 251
1802870 250
1802880 249
1802890 249
1802900 248
1802910 248
1802920 247
1802930 247
1802940 246
1802950 246
1802960 245
1802970 246
1802980 246
1802990 247
1803000 247
1803010 248
1803020 248
1803030 248
1803040 248
1803050 248
1803060 248
1803070 248
1803080 248
1803090 248
1803100 248
1803110 248
1803120 247
1803130 247
1803140 247
1803150 246
1803160 246
1803170 246
1803180 246
1803190 247
1803200 247
1803210 248
1803220 249
1803230 250
1803240 250
1803250 251
1803260 252
1803270 253
1803280 254
1803290 254
1803300 255
1803310 255
1803320 255
1803330 255
1803340 256
1803350 256
1803360 256
1803370 256
1803380 255
1803390 255
1803400 255
1803410 255
1803420 255
1803430 255
1803440 254
1803450 254
1803460 254
1803470 254
1803480 254
1803490 254
1803500 254
1803510 253
1803520 252
1803530 252
1803540 251
1803550 251
1803560 250
1803570 250
1803580 249
1803590 249
1803600 249
1803610 248
1803620 248
1803630 248
1803640 247
1803650 247
1803660 247
1803670 247
1803680 247
1803690 247
1803700 247
1803710 247
1803720 247
1803730 247
1803740 247
1803750 247
1803760 247
1803770 248
1803780 248
1803790 248
1803800 248
1803810 248
1803820 248
1803830 249
1803840 249
1803850 249
1803860 249
1803870 248
1803880 248
1803890 247
1803900 247
1803910 246
1803920 246
1803930 245
1803940 244
1803950 244
1803960 243
1803970 243
1803980 242
1803990 241
1804000 241
1804010 240
1804020 240
1804030 239
1804040 239
1804050 238
1804060 238
1804070 238
1804080 237
1804090 237
1804100 236
1804110 236
1804120 236
1804130 236
1804140 235
1804150 235
1804160 235
1804170 235
1804180 235
1804190 235
1804200 235
1804210 235
1804220 235
1804230 235
1804240 235
1804250 235
1804260 235
1804270 235
1804280 235
1804290 235
1804300 235
1804310 236
1804320 236
1804330 236
1804340 236
1804350 237
1804360 237
1804370 237
1804380 237
1804390 237
1804400 237
1804410 238
1804420 238
1804430 238
1804440 238
1804450 239
1804460 239
1804470 239
1804480 240
1804490 240
1804500 240
1804510 240
1804520 241
1804530 241
1804540 241
1804550 242
1804560 242
1804570 242
1804580 243
1804590 243
1804600 244
1804610 244
1804620 245
1804630 245
1804640 245
1804650 246
1804660 246
1804670 247
1804680 247
1804690 247
1804700 248
1804710 248
1804720 248
1804730 249
1804740 249
1804750 249
1804760 250
1804770 250
1804780 251
1804790 251
1804800 252
1804810 252
1804820 252
1804830 252
1804840 253
1804850 253
1804860 252
1804870 252
1804880 252
1804890 252
1804900 252
1804910 252
1804920 252
1804930 252
1804940 252
1804950 252
1804960 252
1804970 252
1804980 252
1804990 253
1805000 253
1805010 253
1805020 253
1805030 253
1805040 253
1805050 253
1805060 253
1805070 253
1805080 253
1805090 253
1805100 253
1805110 253
1805120 253
1805130 253
1805140 252
1805150 252
1805160 252
1805170 252
1805180 252
1805190 252
1805200 252
1805210 252
1805220 252
1805230 252
1805240 252
1805250 252
1805260 252
1805270 251
1805280 251
1805290 251
1805300 251
1805310 251
1805320 251
1805330 251
1805340 251
1805350 251
1805360 251
1805370 250
1805380 250
1805390 250
1805400 250
1805410 250
1805420 249
1805430 249
1805440 248
1805450 248
1805460 248
1805470 248
1805480 247
1805490 247
1805500 246
1805510 246
1805520 245
1805530 245
1805540 245
1805550 244
1805560 244
1805570 244
1805580 244
1805590 245
1805600 245
1805610 245
1805620 246
1805630 246
1805640 246
1805650 247
1805660 247
1805670 247
1805680 247
1805690 247
1805700 247
1805710 247
1805720 247
1805730 247
1805740 247
1805750 247
1805760 247
1805770 247
1805780 247
1805790 246
1805800 246
1805810 246
1805820 246
1805830 245
1805840 245
1805850 245
1805860 244
1805870 244
1805880 243
1805890 242
1805900 242
1805910 242
1805920 241
1805930 241
1805940 240
1805950 240
1805960 240
1805970 239
1805980 239
1805990 239
1806000 239
1806010 239
1806020 238
1806030 238
1806040 238
1806050 238
1806060 237
1806070 237
1806080 237
1806090 237
1806100 236
1806110 236
1806120 236
1806130 236
1806140 236
1806150 236
1806160 235
1806170 235
1806180 235
1806190 235
1806200 235
1806210 234
1806220 234
1806230 234
1806240 234
1806250 233
1806260 233
1806270 233
1806280 233
1806290 233
1806300 233
1806310 232
1806320 232
1806330 232
1806340 232
1806350 232
1806360 232
1806370 232
1806380 232
1806390 232
1806400 232
1806410 232
1806420 232
1806430 232
1806440 232
1806450 231
1806460 231
1806470 231
1806480 231
1806490 230
1806500 230
1806510 230
1806520 229
1806530 229
1806540 229
1806550 229
1806560 228
1806570 228
1806580 228
1806590 228
1806600 228
1806610 228
1806620 228
1806630 228
1806640 228
1806650 228
1806660 227
1806670 227
1806680 228
1806690 228
1806700 228
1806710 228
1806720 228
1806730 228
1806740 229
1806750 229
1806760 229
1806770 229
1806780 229
1806790 230
1806800 230
1806810 230
1806820 230
1806830 230
1806840 230
1806850 229
1806860 229
1806870 228
1806880 228
1806890 227
1806900 227
1806910 226
1806920 226
1806930 225
1806940 225
1806950 224
1806960 224
1806970 224
1806980 224
1806990 224
1807000 224
1807010 225
1807020 226
1807030 226
1807040 227
1807050 228
1807060 228
1807070 229
1807080 230
1807090 231
1807100 231
1807110 231
1807120 232
1807130 232
1807140 232
1807150 233
1807160 233
1807170 233
1807180 234
1807190 234
1807200 234
1807210 234
1807220 235
1807230 235
1807240 235
1807250 235
1807260 236
1807270 236
1807280 236
1807290 236
1807300 236
1807310 236
1807320 236
1807330 236
1807340 236
1807350 237
1807360 237
1807370 237
1807380 237
1807390 237
1807400 237
1807410 237
1807420 237
1807430 237
1807440 237
1807450 237
1807460 237
1807470 237
1807480 237
1807490 237
1807500 237
1807510 237
1807520 237
1807530 237
1807540 236
1807550 236
1807560 236
1807570 236
1807580 236
1807590 236
1807600 236
1807610 235
1807620 235
1807630 235
1807640 234
1807650 234
1807660 234
1807670 233
1807680 233
1807690 233
1807700 232
1807710 232
1807720 231
1807730 231
1807740 230
1807750 230
1807760 229
1807770 229
1807780 228
1807790 228
1807800 227
1807810 227
1807820 226
1807830 226
1807840 225
1807850 225
1807860 224
1807870 224
1807880 223
1807890 222
1807900 222
1807910 221
1807920 220
1807930 220
1807940 219
1807950 218
1807960 218
1807970 217
1807980 216
1807990 216
1808000 216
1808010 216
1808020 215
1808030 214
1808040 214
1808050 213
1808060 212
1808070 211
1808080 211
1808090 210
1808100 209
1808110 208
1808120 208
1808130 207
1808140 207
1808150 207
1808160 207
1808170 207
1808180 206
1808190 206
1808200 205
1808210 205
1808220 205
1808230 205
1808240 205
1808250 205
1808260 205
1808270 205
1808280 205
1808290 205
1808300 205
1808310 205
1808320 205
1808330 205
1808340 205
1808350 205
1808360 205
1808370 205
1808380 205
1808390 205
1808400 205
1808410 206
1808420 207
1808430 208
1808440 209
1808450 211
1808460 212
1808470 214
1808480 215
1808490 217
1808500 218
1808510 219
1808520 220
1808530 221
1808540 222
1808550 223
1808560 224
1808570 225
1808580 226
1808590 227
1808600 228
1808610 228
1808620 229
1808630 230
1808640 230
1808650 231
1808660 232
1808670 232
1808680 233
1808690 233
1808700 234
1808710 234
1808720 235
1808730 235
1808740 236
1808750 236
1808760 237
1808770 237
1808780 237
1808790 238
1808800 238
1808810 238
1808820 239
1808830 239
1808840 240
1808850 240
1808860 240
1808870 241
1808880 241
1808890 242
1808900 242
1808910 243
1808920 244
1808930 244
1808940 244
1808950 245
1808960 245
1808970 246
1808980 246
1808990 247
1809000 247
1809010 247
1809020 248
1809030 248
1809040 248
1809050 248
1809060 249
1809070 249
1809080 249
1809090 249
1809100 250
1809110 250
1809120 250
1809130 250
1809140 250
1809150 250
1809160 251
1809170 251
1809180 251
1809190 251
1809200 251
1809210 252
1809220 252
1809230 252
1809240 252
1809250 252
1809260 252
1809270 253
1809280 253
1809290 253
1809300 253
1809310 253
1809320 253
1809330 254
1809340 254
1809350 254
1809360 254
1809370 254
1809380 254
1809390 254
1809400 254
1809410 254
1809420 255
1809430 255
1809440 255
1809450 255
1809460 255
1809470 255
1809480 255
1809490 255
1809500 256
1809510 256
1809520 256
1809530 256
1809540 256
1809550 257
1809560 257
1809570 257
1809580 257
1809590 257
1809600 258
1809610 258
1809620 258
1809630 258
1809640 258
1809650 258
1809660 259
1809670 259
1809680 259
1809690 259
1809700 259
1809710 259
1809720 259
1809730 259
1809740 259
1809750 260
1809760 260
1809770 260
1809780 260
1809790 260
1809800 260
1809810 261
1809820 261
1809830 261
1809840 261
1809850 261
1809860 261
1809870 261
1809880 261
1809890 261
1809900 261
1809910 262
1809920 262
1809930 262
1809940 262
1809950 262
1809960 262
1809970 263
1809980 263
1809990 263
1810000 264
1810010 264
1810020 264
1810030 265
1810040 265
1810050 265
1810060 266
1810070 266
1810080 266
1810090 266
1810100 266
1810110 266
1810120 267
1810130 267
1810140 267
1810150 267
1810160 267
1810170 267
1810180 267
1810190 267
1810200 268
1810210 268
1810220 268
1810230 268
1810240 268
1810250 269
1810260 269
1810270 269
1810280 269
1810290 269
1810300 269
1810310 269
1810320 269
1810330 269
1810340 269
1810350 269
1810360 269
1810370 269
1810380 269
1810390 269
1810400 269
1810410 269
1810420 269
1810430 269
1810440 269
1810450 269
1810460 269
1810470 269
1810480 269
1810490 269
1810500 269
1810510 268
1810520 268
1810530 268
1810540 268
1810550 268
1810560 268
1810570 267
1810580 267
1810590 267
1810600 267
1810610 267
1810620 266
1810630 266
1810640 265
1810650 265
1810660 265
1810670 264
1810680 263
1810690 263
1810700 262
1810710 261
1810720 261
1810730 260
1810740 259
1810750 258
1810760 257
1810770 256
1810780 255
1810790 254
1810800 254
1810810 253
1810820 252
1810830 252
1810840 251
1810850 251
1810860 250
1810870 249
1810880 249
1810890 248
1810900 248
1810910 247
1810920 247
1810930 246
1810940 246
1810950 245
1810960 244
1810970 243
1810980 243
1810990 242
1811000 241
1811010 240
1811020 239
1811030 238
1811040 238
1811050 237
1811060 236
1811070 236
1811080 236
1811090 236
1811100 236
1811110 236
1811120 237
1811130 237
1811140 239
1811150 240
1811160 241
1811170 243
1811180 244
1811190 246
1811200 248
1811210 249
1811220 251
1811230 253
1811240 255
1811250 256
1811260 257
1811270 258
1811280 259
1811290 259
1811300 260
1811310 261
1811320 261
1811330 262
1811340 262
1811350 263
1811360 263
1811370 264
1811380 264
1811390 264
1811400 265
1811410 265
1811420 266
1811430 266
1811440 266
1811450 267
1811460 267
1811470 268
1811480 268
1811490 268
1811500 269
1811510 269
1811520 270
1811530 270
1811540 271
1811550 271
1811560 271
1811570 272
1811580 272
1811590 273
1811600 273
1811610 274
1811620 274
1811630 274
1811640 275
1811650 275
1811660 275
1811670 276
1811680 276
1811690 276
1811700 277
1811710 277
1811720 277
1811730 277
1811740 277
1811750 278
1811760 278
1811770 278
1811780 278
1811790 279
1811800 279
1811810 279
1811820 279
1811830 280
1811840 280
1811850 280
1811860 280
1811870 280
1811880 280
1811890 280
1811900 281
1811910 281
1811920 281
1811930 281
1811940 281
1811950 281
1811960 281
1811970 280
1811980 280
1811990 280
1812000 280
1812010 280
1812020 280
1812030 280
1812040 280
1812050 280
1812060 280
1812070 280
1812080 280
1812090 279
1812100 279
1812110 279
1812120 279
1812130 279
1812140 278
1812150 278
1812160 278
1812170 278
1812180 277
1812190 277
1812200 277
1812210 276
1812220 276
1812230 275
1812240 275
1812250 274
1812260 274
1812270 273
1812280 273
1812290 272
1812300 272
1812310 271
1812320 270
1812330 269
1812340 269
1812350 268
1812360 267
1812370 266
1812380 265
1812390 264
1812400 263
1812410 263
1812420 262
1812430 261
1812440 260
1812450 259
1812460 257
1812470 256
1812480 255
1812490 254
1812500 253
1812510 252
1812520 252
1812530 251
1812540 250
1812550 249
1812560 248
1812570 247
1812580 247
1812590 246
1812600 245
1812610 244
1812620 244
1812630 243
1812640 242
1812650 242
1812660 241
1812670 240
1812680 240
1812690 239
1812700 238
1812710 237
1812720 237
1812730 236
1812740 235
1812750 235
1812760 234
1812770 234
1812780 233
1812790 232
1812800 232
1812810 231
1812820 230
1812830 229
1812840 229
1812850 228
1812860 227
1812870 226
1812880 225
1812890 225
1812900 224
1812910 223
1812920 223
1812930 222
1812940 221
1812950 221
1812960 220
1812970 220
1812980 219
1812990 219
1813000 219
1813010 219
1813020 218
1813030 218
1813040 217
1813050 216
1813060 215
1813070 215
1813080 214
1813090 214
1813100 214
1813110 214
1813120 214
1813130 213
1813140 213
1813150 213
1813160 213
1813170 213
1813180 213
1813190 213
1813200 212
1813210 212
1813220 212
1813230 212
1813240 212
1813250 212
1813260 212
1813270 211
1813280 211
1813290 211
1813300 211
1813310 210
1813320 211
1813330 211
1813340 212
1813350 213
1813360 214
1813370 214
1813380 215
1813390 216
1813400 216
1813410 217
1813420 216
1813430 216
1813440 216
1813450 216
1813460 217
1813470 217
1813480 218
1813490 219
1813500 220
1813510 221
1813520 221
1813530 222
1813540 223
1813550 224
1813560 225
1813570 226
1813580 228
1813590 229
1813600 231
1813610 232
1813620 233
1813630 235
1813640 237
1813650 238
1813660 238
1813670 239
1813680 239
1813690 240
1813700 240
1813710 241
1813720 241
1813730 241
1813740 242
1813750 242
1813760 242
1813770 243
1813780 243
1813790 243
1813800 244
1813810 244
1813820 244
1813830 245
1813840 245
1813850 245
1813860 245
1813870 245
1813880 245
1813890 245
1813900 246
1813910 246
1813920 246
1813930 246
1813940 246
1813950 246
1813960 246
1813970 246
1813980 246
1813990 246
1814000 246
1814010 246
1814020 246
1814030 246
1814040 246
1814050 246
1814060 246
1814070 246
1814080 246
1814090 246
1814100 246
1814110 246
1814120 246
1814130 246
1814140 246
1814150 246
1814160 246
1814170 246
1814180 246
1814190 246
1814200 246
1814210 246
1814220 246
1814230 246
1814240 246
1814250 246
1814260 246
1814270 246
1814280 246
1814290 246
1814300 246
1814310 245
1814320 245
1814330 245
1814340 245
1814350 245
1814360 245
1814370 245
1814380 245
1814390 244
1814400 244
1814410 244
1814420 244
1814430 244
1814440 244
1814450 244
1814460 243
1814470 243
1814480 243
1814490 243
1814500 243
1814510 242
1814520 242
1814530 242
1814540 241
1814550 241
1814560 241
1814570 241
1814580 240
1814590 240
1814600 240
1814610 240
1814620 239
1814630 239
1814640 239
1814650 239
1814660 239
1814670 239
1814680 239
1814690 240
1814700 240
1814710 240
1814720 241
1814730 241
1814740 242
1814750 242
1814760 243
1814770 244
1814780 244
1814790 245
1814800 246
1814810 247
1814820 248
1814830 248
1814840 249
1814850 250
1814860 251
1814870 252
1814880 252
1814890 253
1814900 254
1814910 255
1814920 256
1814930 257
1814940 258
1814950 258
1814960 259
1814970 260
1814980 261
1814990 262
1815000 262
1815010 263
1815020 264
1815030 265
1815040 266
1815050 267
1815060 268
1815070 269
1815080 269
1815090 270
1815100 271
1815110 271
1815120 272
1815130 272
1815140 272
1815150 272
1815160 272
1815170 272
1815180 272
1815190 272
1815200 272
1815210 273
1815220 273
1815230 273
1815240 273
1815250 274
1815260 274
1815270 274
1815280 274
1815290 274
1815300 275
1815310 276
1815320 276
1815330 277
1815340 278
1815350 279
1815360 280
1815370 281
1815380 282
1815390 283
1815400 285
1815410 287
1815420 288
1815430 288
1815440 289
1815450 290
1815460 292
1815470 293
1815480 294
1815490 295
1815500 296
1815510 297
1815520 297
1815530 298
1815540 299
1815550 300
1815560 300
1815570 301
1815580 301
1815590 301
1815600 302
1815610 302
1815620 302
1815630 302
1815640 302
1815650 302
1815660 302
1815670 302
1815680 303
1815690 303
1815700 303
1815710 303
1815720 303
1815730 302
1815740 302
1815750 302
1815760 302
1815770 302
1815780 302
1815790 302
1815800 301
1815810 301
1815820 301
1815830 301
1815840 301
1815850 300
1815860 300
1815870 300
1815880 300
1815890 299
1815900 299
1815910 299
1815920 298
1815930 298
1815940 298
1815950 297
1815960 297
1815970 297
1815980 297
1815990 297
1816000 297
1816010 297
1816020 296
1816030 296
1816040 296
1816050 296
1816060 296
1816070 296
1816080 296
1816090 297
1816100 297
1816110 297
1816120 298
1816130 298
1816140 298
1816150 298
1816160 298
1816170 298
1816180 298
1816190 298
1816200 298
1816210 298
1816220 298
1816230 298
1816240 298
1816250 298
1816260 298
1816270 298
1816280 298
1816290 297
1816300 297
1816310 297
1816320 296
1816330 296
1816340 295
1816350 295
1816360 294
1816370 293
1816380 292
1816390 291
1816400 290
1816410 289
1816420 288
1816430 287
1816440 286
1816450 286
1816460 285
1816470 284
1816480 283
1816490 283
1816500 282
1816510 281
1816520 281
1816530 281
1816540 281
1816550 281
1816560 281
1816570 281
1816580 281
1816590 281
1816600 282
1816610 282
1816620 282
1816630 282
1816640 283
1816650 283
1816660 283
1816670 283
1816680 283
1816690 283
1816700 282
1816710 281
1816720 280
1816730 279
1816740 278
1816750 277
1816760 276
1816770 275
1816780 273
1816790 272
1816800 272
1816810 274
1816820 274
1816830 274
1816840 275
1816850 275
1816860 276
1816870 278
1816880 279
1816890 281
1816900 282
1816910 283
1816920 284
1816930 284
1816940 284
1816950 284
1816960 284
1816970 283
1816980 283
1816990 282
1817000 281
1817010 280
1817020 279
1817030 278
1817040 278
1817050 277
1817060 277
1817070 277
1817080 278
1817090 279
1817100 279
1817110 280
1817120 281
1817130 282
1817140 283
1817150 283
1817160 284
1817170 285
1817180 286
1817190 286
1817200 287
1817210 288
1817220 288
1817230 289
1817240 289
1817250 290
1817260 290
1817270 291
1817280 291
1817290 292
1817300 292
1817310 293
1817320 293
1817330 293
1817340 293
1817350 293
1817360 292
1817370 292
1817380 292
1817390 292
1817400 292
1817410 292
1817420 292
1817430 292
1817440 292
1817450 292
1817460 292
1817470 293
1817480 294
1817490 294
1817500 295
1817510 296
1817520 297
1817530 297
1817540 298
1817550 299
1817560 299
1817570 300
1817580 301
1817590 302
1817600 303
1817610 304
1817620 306
1817630 307
1817640 308
1817650 309
1817660 310
1817670 312
1817680 313
1817690 314
1817700 315
1817710 315
1817720 316
1817730 317
1817740 318
1817750 319
1817760 319
1817770 320
1817780 321
1817790 322
1817800 322
1817810 323
1817820 323
1817830 324
1817840 324
1817850 325
1817860 325
1817870 326
1817880 326
1817890 327
1817900 327
1817910 327
1817920 328
1817930 328
1817940 328
1817950 328
1817960 328
1817970 329
1817980 329
1817990 329
1818000 329
1818010 329
1818020 329
1818030 329
1818040 328
1818050 328
1818060 328
1818070 328
1818080 328
1818090 327
1818100 327
1818110 327
1818120 326
1818130 326
1818140 326
1818150 325
1818160 325
1818170 325
1818180 324
1818190 324
1818200 323
1818210 323
1818220 323
1818230 322
1818240 322
1818250 321
1818260 321
1818270 320
1818280 320
1818290 319
1818300 318
1818310 317
1818320 317
1818330 317
1818340 316
1818350 316
1818360 315
1818370 315
1818380 315
1818390 314
1818400 314
1818410 314
1818420 314
1818430 313
1818440 313
1818450 313
1818460 312
1818470 311
1818480 310
1818490 310
1818500 309
1818510 309
1818520 309
1818530 308
1818540 307
1818550 307
1818560 306
1818570 305
1818580 305
1818590 304
1818600 303
1818610 303
1818620 302
1818630 301
1818640 300
1818650 300
1818660 300
1818670 300
1818680 299
1818690 299
1818700 299
1818710 298
1818720 298
1818730 298
1818740 298
1818750 298
1818760 298
1818770 297
1818780 297
1818790 297
1818800 297
1818810 296
1818820 296
1818830 296
1818840 296
1818850 296
1818860 296
1818870 296
1818880 296
1818890 295
1818900 295
1818910 295
1818920 294
1818930 294
1818940 294
1818950 294
1818960 294
1818970 293
1818980 293
1818990 293
1819000 293
1819010 293
1819020 292
1819030 292
1819040 292
1819050 292
1819060 292
1819070 291
1819080 291
1819090 291
1819100 291
1819110 291
1819120 290
1819130 290
1819140 290
1819150 289
1819160 289
1819170 289
1819180 289
1819190 288
1819200 288
1819210 288
1819220 288
1819230 288
1819240 287
1819250 287
1819260 287
1819270 287
1819280 287
1819290 287
1819300 286
1819310 286
1819320 286
1819330 286
1819340 286
1819350 286
1819360 286
1819370 286
1819380 285
1819390 285
1819400 285
1819410 285
1819420 285
1819430 285
1819440 285
1819450 284
1819460 284
1819470 284
1819480 284
1819490 284
1819500 284
1819510 284
1819520 284
1819530 284
1819540 284
1819550 283
1819560 283
1819570 283
1819580 283
1819590 283
1819600 283
1819610 283
1819620 282
1819630 282
1819640 282
1819650 282
1819660 282
1819670 282
1819680 281
1819690 281
1819700 281
1819710 281
1819720 281
1819730 281
1819740 280
1819750 280
1819760 280
1819770 280
1819780 280
1819790 280
1819800 280
1819810 280
1819820 280
1819830 280
1819840 279
1819850 279
1819860 279
1819870 279
1819880 279
1819890 279
1819900 278
1819910 278
1819920 277
1819930 277
1819940 276
1819950 276
1819960 276
1819970 275
1819980 275
1819990 275
