1800000 235
1800010 235
1800020 235
1800030 235
1800040 235
1800050 235
1800060 235
1800070 235
1800080 235
1800090 235
1800100 235
1800110 235
1800120 235
1800130 235
1800140 234
1800150 234
1800160 234
1800170 234
1800180 233
1800190 233
1800200 232
1800210 232
1800220 231
1800230 231
1800240 231
1800250 231
1800260 230
1800270 230
1800280 230
1800290 230
1800300 229
1800310 229
1800320 229
1800330 229
1800340 228
1800350 227
1800360 227
1800370 227
1800380 226
1800390 226
1800400 226
1800410 226
1800420 227
1800430 226
1800440 226
1800450 226
1800460 226
1800470 225
1800480 225
1800490 225
1800500 226
1800510 226
1800520 226
1800530 227
1800540 229
1800550 231
1800560 232
1800570 232
1800580 233
1800590 233
1800600 234
1800610 235
1800620 235
1800630 235
1800640 235
1800650 236
1800660 236
1800670 237
1800680 238
1800690 238
1800700 238
1800710 239
1800720 239
1800730 239
1800740 239
1800750 240
1800760 240
1800770 240
1800780 241
1800790 241
1800800 241
1800810 242
1800820 242
1800830 242
1800840 243
1800850 243
1800860 243
1800870 244
1800880 244
1800890 244
1800900 244
1800910 244
1800920 244
1800930 244
1800940 245
1800950 245
1800960 245
1800970 245
1800980 245
1800990 245
1801000 245
1801010 245
1801020 246
1801030 246
1801040 246
1801050 246
1801060 246
1801070 246
1801080 246
1801090 246
1801100 246
1801110 246
1801120 246
1801130 246
1801140 247
1801150 247
1801160 247
1801170 247
1801180 247
1801190 247
1801200 247
1801210 247
1801220 248
1801230 248
1801240 248
1801250 248
1801260 247
1801270 247
1801280 247
1801290 247
1801300 247
1801310 247
1801320 247
1801330 247
1801340 247
1801350 247
1801360 247
1801370 247
1801380 247
1801390 247
1801400 247
1801410 248
1801420 248
1801430 248
1801440 248
1801450 248
1801460 249
1801470 249
1801480 249
1801490 250
1801500 250
1801510 250
1801520 251
1801530 251
1801540 251
1801550 251
1801560 251
1801570 251
1801580 252
1801590 252
1801600 252
1801610 252
1801620 252
1801630 252
1801640 252
1801650 253
1801660 253
1801670 253
1801680 253
1801690 253
1801700 253
1801710 253
1801720 253
1801730 253
1801740 253
1801750 253
1801760 253
1801770 253
1801780 254
1801790 253
1801800 253
1801810 253
1801820 253
1801830 252
1801840 252
1801850 252
1801860 252
1801870 252
1801880 251
1801890 251
1801900 251
1801910 252
1801920 252
1801930 252
1801940 253
1801950 253
1801960 253
1801970 254
1801980 254
1801990 254
1802000 255
1802010 255
1802020 256
1802030 256
1802040 256
1802050 257
1802060 257
1802070 257
1802080 258
1802090 258
1802100 259
1802110 259
1802120 260
1802130 260
1802140 261
1802150 261
1802160 261
1802170 262
1802180 262
1802190 263
1802200 263
1802210 264
1802220 264
1802230 264
1802240 265
1802250 265
1802260 265
1802270 266
1802280 266
1802290 266
1802300 266
1802310 267
1802320 267
1802330 267
1802340 268
1802350 268
1802360 268
1802370 268
1802380 268
1802390 269
1802400 269
1802410 269
1802420 269
1802430 270
1802440 270
1802450 270
1802460 270
1802470 270
1802480 271
1802490 271
1802500 271
1802510 271
1802520 271
1802530 271
1802540 271
1802550 271
1802560 271
1802570 272
1802580 272
1802590 272
1802600 272
1802610 272
1802620 272
1802630 272
1802640 273
1802650 273
1802660 273
1802670 273
1802680 273
1802690 273
1802700 274
1802710 274
1802720 274
1802730 274
1802740 274
1802750 274
1802760 275
1802770 275
1802780 275
1802790 275
1802800 275
1802810 275
1802820 275
1802830 275
1802840 275
1802850 275
1802860 276
1802870 276
1802880 276
1802890 276
1802900 276
1802910 276
1802920 276
1802930 276
1802940 276
1802950 276
1802960 276
1802970 276
1802980 276
1802990 276
1803000 276
1803010 276
1803020 276
1803030 276
1803040 276
1803050 276
1803060 276
1803070 276
1803080 276
1803090 276
1803100 276
1803110 276
1803120 275
1803130 275
1803140 275
1803150 275
1803160 275
1803170 275
1803180 274
1803190 274
1803200 274
1803210 273
1803220 273
1803230 272
1803240 272
1803250 272
1803260 271
1803270 271
1803280 270
1803290 270
1803300 269
1803310 269
1803320 268
1803330 268
1803340 268
1803350 267
1803360 267
1803370 266
1803380 266
1803390 266
1803400 265
1803410 265
1803420 264
1803430 264
1803440 263
1803450 262
1803460 262
1803470 261
1803480 261
1803490 260
1803500 260
1803510 259
1803520 258
1803530 258
1803540 257
1803550 257
1803560 256
1803570 256
1803580 256
1803590 255
1803600 255
1803610 255
1803620 255
1803630 255
1803640 254
1803650 254
1803660 253
1803670 253
1803680 253
1803690 253
1803700 253
1803710 253
1803720 252
1803730 252
1803740 252
1803750 252
1803760 252
1803770 252
1803780 252
1803790 252
1803800 252
1803810 252
1803820 252
1803830 252
1803840 252
1803850 252
1803860 252
1803870 252
1803880 252
1803890 252
1803900 252
1803910 252
1803920 252
1803930 252
1803940 252
1803950 253
1803960 253
1803970 253
1803980 254
1803990 255
1804000 255
1804010 256
1804020 257
1804030 258
1804040 259
1804050 260
1804060 261
1804070 261
1804080 262
1804090 263
1804100 264
1804110 264
1804120 265
1804130 266
1804140 266
1804150 267
1804160 267
1804170 268
1804180 268
1804190 269
1804200 269
1804210 269
1804220 270
1804230 270
1804240 270
1804250 271
1804260 271
1804270 271
1804280 271
1804290 271
1804300 272
1804310 272
1804320 272
1804330 272
1804340 272
1804350 272
1804360 272
1804370 272
1804380 272
1804390 272
1804400 272
1804410 272
1804420 272
1804430 272
1804440 272
1804450 272
1804460 272
1804470 271
1804480 271
1804490 271
1804500 271
1804510 271
1804520 271
1804530 272
1804540 272
1804550 272
1804560 272
1804570 272
1804580 271
1804590 271
1804600 271
1804610 271
1804620 271
1804630 271
1804640 271
1804650 271
1804660 271
1804670 271
1804680 271
1804690 270
1804700 270
1804710 270
1804720 270
1804730 270
1804740 270
1804750 270
1804760 270
1804770 269
1804780 269
1804790 269
1804800 269
1804810 269
1804820 269
1804830 268
1804840 268
1804850 268
1804860 268
1804870 268
1804880 268
1804890 268
1804900 267
1804910 267
1804920 267
1804930 267
1804940 267
1804950 267
1804960 266
1804970 266
1804980 266
1804990 266
1805000 265
1805010 265
1805020 265
1805030 264
1805040 264
1805050 264
1805060 263
1805070 263
1805080 263
1805090 262
1805100 262
1805110 262
1805120 261
1805130 261
1805140 261
1805150 260
1805160 260
1805170 260
1805180 260
1805190 260
1805200 260
1805210 259
1805220 259
1805230 259
1805240 259
1805250 258
1805260 258
1805270 258
1805280 257
1805290 257
1805300 256
1805310 256
1805320 255
1805330 255
1805340 254
1805350 254
1805360 254
1805370 253
1805380 253
1805390 253
1805400 252
1805410 252
1805420 252
1805430 251
1805440 251
1805450 251
1805460 251
1805470 251
1805480 251
1805490 250
1805500 250
1805510 250
1805520 250
1805530 250
1805540 250
1805550 250
1805560 250
1805570 250
1805580 250
1805590 250
1805600 250
1805610 250
1805620 250
1805630 251
1805640 251
1805650 251
1805660 251
1805670 251
1805680 251
1805690 251
1805700 251
1805710 250
1805720 250
1805730 250
1805740 249
1805750 249
1805760 249
1805770 248
1805780 248
1805790 247
1805800 247
1805810 247
1805820 246
1805830 246
1805840 246
1805850 246
1805860 246
1805870 246
1805880 247
1805890 247
1805900 247
1805910 247
1805920 247
1805930 248
1805940 248
1805950 248
1805960 248
1805970 248
1805980 248
1805990 248
1806000 248
1806010 249
1806020 249
1806030 248
1806040 248
1806050 248
1806060 248
1806070 248
1806080 248
1806090 247
1806100 245
1806110 244
1806120 243
1806130 243
1806140 243
1806150 243
1806160 243
1806170 243
1806180 243
1806190 243
1806200 244
1806210 244
1806220 245
1806230 245
1806240 245
1806250 245
1806260 245
1806270 245
1806280 245
1806290 245
1806300 245
1806310 245
1806320 245
1806330 245
1806340 245
1806350 244
1806360 244
1806370 244
1806380 244
1806390 243
1806400 244
1806410 243
1806420 243
1806430 242
1806440 242
1806450 242
1806460 242
1806470 242
1806480 242
1806490 242
1806500 242
1806510 242
1806520 242
1806530 242
1806540 242
1806550 242
1806560 242
1806570 242
1806580 241
1806590 241
1806600 241
1806610 241
1806620 241
1806630 241
1806640 241
1806650 241
1806660 241
1806670 241
1806680 241
1806690 240
1806700 240
1806710 240
1806720 240
1806730 240
1806740 240
1806750 239
1806760 239
1806770 239
1806780 239
1806790 239
1806800 239
1806810 239
1806820 239
1806830 238
1806840 238
1806850 238
1806860 238
1806870 238
1806880 238
1806890 238
1806900 238
1806910 238
1806920 237
1806930 237
1806940 237
1806950 237
1806960 237
1806970 237
1806980 236
1806990 236
1807000 236
1807010 236
1807020 236
1807030 236
1807040 235
1807050 235
1807060 235
1807070 235
1807080 235
1807090 235
1807100 234
1807110 234
1807120 234
1807130 234
1807140 234
1807150 233
1807160 233
1807170 233
1807180 233
1807190 233
1807200 232
1807210 232
1807220 232
1807230 232
1807240 232
1807250 231
1807260 231
1807270 231
1807280 231
1807290 231
1807300 231
1807310 230
1807320 230
1807330 229
1807340 229
1807350 229
1807360 229
1807370 229
1807380 229
1807390 229
1807400 228
1807410 228
1807420 228
1807430 228
1807440 227
1807450 227
1807460 227
1807470 227
1807480 226
1807490 226
1807500 226
1807510 226
1807520 226
1807530 225
1807540 225
1807550 225
1807560 225
1807570 225
1807580 224
1807590 224
1807600 224
1807610 224
1807620 224
1807630 223
1807640 223
1807650 223
1807660 223
1807670 222
1807680 222
1807690 222
1807700 222
1807710 221
1807720 221
1807730 221
1807740 221
1807750 221
1807760 221
1807770 221
1807780 220
1807790 220
1807800 220
1807810 220
1807820 220
1807830 220
1807840 220
1807850 220
1807860 219
1807870 219
1807880 219
1807890 219
1807900 219
1807910 219
1807920 219
1807930 218
1807940 218
1807950 218
1807960 218
1807970 218
1807980 217
1807990 217
1808000 217
1808010 217
1808020 216
1808030 216
1808040 216
1808050 216
1808060 215
1808070 215
1808080 214
1808090 214
1808100 214
1808110 213
1808120 213
1808130 212
1808140 212
1808150 212
1808160 211
1808170 211
1808180 210
1808190 210
1808200 210
1808210 209
1808220 209
1808230 209
1808240 209
1808250 209
1808260 208
1808270 208
1808280 208
1808290 208
1808300 208
1808310 208
1808320 208
1808330 208
1808340 208
1808350 208
1808360 208
1808370 208
1808380 208
1808390 208
1808400 208
1808410 208
1808420 208
1808430 208
1808440 208
1808450 208
1808460 208
1808470 208
1808480 208
1808490 208
1808500 208
1808510 208
1808520 208
1808530 208
1808540 208
1808550 209
1808560 209
1808570 209
1808580 210
1808590 212
1808600 212
1808610 213
1808620 214
1808630 215
1808640 216
1808650 218
1808660 219
1808670 221
1808680 222
1808690 224
1808700 225
1808710 227
1808720 228
1808730 230
1808740 231
1808750 233
1808760 235
1808770 236
1808780 237
1808790 239
1808800 240
1808810 241
1808820 242
1808830 244
1808840 245
1808850 246
1808860 247
1808870 248
1808880 248
1808890 249
1808900 250
1808910 250
1808920 251
1808930 252
1808940 252
1808950 253
1808960 254
1808970 255
1808980 255
1808990 256
1809000 257
1809010 258
1809020 259
1809030 259
1809040 260
1809050 261
1809060 261
1809070 262
1809080 263
1809090 263
1809100 264
1809110 264
1809120 265
1809130 265
1809140 266
1809150 266
1809160 267
1809170 267
1809180 268
1809190 268
1809200 269
1809210 269
1809220 269
1809230 270
1809240 270
1809250 270
1809260 270
1809270 271
1809280 271
1809290 271
1809300 271
1809310 271
1809320 272
1809330 272
1809340 272
1809350 272
1809360 272
1809370 272
1809380 272
1809390 272
1809400 272
1809410 272
1809420 272
1809430 272
1809440 272
1809450 271
1809460 271
1809470 271
1809480 270
1809490 270
1809500 270
1809510 269
1809520 269
1809530 268
1809540 268
1809550 267
1809560 267
1809570 266
1809580 265
1809590 263
1809600 262
1809610 260
1809620 259
1809630 258
1809640 257
1809650 255
1809660 254
1809670 253
1809680 252
1809690 251
1809700 250
1809710 249
1809720 248
1809730 247
1809740 247
1809750 246
1809760 246
1809770 246
1809780 245
1809790 245
1809800 245
1809810 245
1809820 245
1809830 245
1809840 246
1809850 246
1809860 247
1809870 247
1809880 248
1809890 249
1809900 249
1809910 250
1809920 251
1809930 251
1809940 252
1809950 253
1809960 254
1809970 255
1809980 256
1809990 256
1810000 257
1810010 258
1810020 258
1810030 259
1810040 260
1810050 261
1810060 261
1810070 262
1810080 263
1810090 264
1810100 264
1810110 265
1810120 266
1810130 266
1810140 267
1810150 267
1810160 268
1810170 268
1810180 268
1810190 268
1810200 269
1810210 269
1810220 269
1810230 269
1810240 270
1810250 270
1810260 270
1810270 270
1810280 270
1810290 270
1810300 270
1810310 270
1810320 270
1810330 270
1810340 270
1810350 269
1810360 269
1810370 269
1810380 269
1810390 269
1810400 269
1810410 269
1810420 269
1810430 269
1810440 269
1810450 269
1810460 269
1810470 269
1810480 268
1810490 268
1810500 268
1810510 268
1810520 268
1810530 268
1810540 268
1810550 268
1810560 268
1810570 268
1810580 269
1810590 269
1810600 269
1810610 269
1810620 269
1810630 269
1810640 269
1810650 269
1810660 270
1810670 270
1810680 270
1810690 270
1810700 270
1810710 270
1810720 270
1810730 270
1810740 270
1810750 270
1810760 270
1810770 271
1810780 271
1810790 271
1810800 271
1810810 271
1810820 271
1810830 271
1810840 271
1810850 271
1810860 271
1810870 271
1810880 271
1810890 271
1810900 271
1810910 271
1810920 270
1810930 270
1810940 270
1810950 270
1810960 271
1810970 270
1810980 271
1810990 271
1811000 271
1811010 270
1811020 270
1811030 270
1811040 270
1811050 270
1811060 270
1811070 270
1811080 270
1811090 270
1811100 270
1811110 270
1811120 269
1811130 269
1811140 269
1811150 269
1811160 269
1811170 269
1811180 269
1811190 268
1811200 268
1811210 268
1811220 268
1811230 267
1811240 267
1811250 267
1811260 266
1811270 266
1811280 266
1811290 266
1811300 265
1811310 265
1811320 265
1811330 265
1811340 264
1811350 264
1811360 264
1811370 264
1811380 263
1811390 263
1811400 263
1811410 263
1811420 263
1811430 262
1811440 262
1811450 262
1811460 261
1811470 261
1811480 260
1811490 260
1811500 259
1811510 259
1811520 259
1811530 258
1811540 257
1811550 257
1811560 256
1811570 255
1811580 254
1811590 253
1811600 253
1811610 252
1811620 251
1811630 250
1811640 249
1811650 249
1811660 248
1811670 247
1811680 247
1811690 246
1811700 246
1811710 245
1811720 245
1811730 245
1811740 245
1811750 245
1811760 245
1811770 245
1811780 246
1811790 247
1811800 248
1811810 250
1811820 252
1811830 253
1811840 255
1811850 256
1811860 258
1811870 258
1811880 259
1811890 260
1811900 260
1811910 261
1811920 262
1811930 262
1811940 263
1811950 263
1811960 264
1811970 264
1811980 264
1811990 265
1812000 265
1812010 265
1812020 265
1812030 266
1812040 266
1812050 266
1812060 266
1812070 267
1812080 267
1812090 267
1812100 267
1812110 267
1812120 267
1812130 268
1812140 268
1812150 268
1812160 268
1812170 268
1812180 268
1812190 268
1812200 268
1812210 268
1812220 268
1812230 268
1812240 268
1812250 268
1812260 267
1812270 267
1812280 267
1812290 267
1812300 267
1812310 266
1812320 266
1812330 266
1812340 266
1812350 265
1812360 265
1812370 265
1812380 264
1812390 264
1812400 264
1812410 263
1812420 263
1812430 262
1812440 262
1812450 261
1812460 260
1812470 260
1812480 260
1812490 259
1812500 259
1812510 259
1812520 258
1812530 257
1812540 257
1812550 256
1812560 255
1812570 254
1812580 253
1812590 252
1812600 251
1812610 250
1812620 249
1812630 248
1812640 247
1812650 245
1812660 244
1812670 243
1812680 243
1812690 242
1812700 242
1812710 242
1812720 242
1812730 242
1812740 241
1812750 241
1812760 241
1812770 241
1812780 241
1812790 241
1812800 241
1812810 241
1812820 241
1812830 241
1812840 241
1812850 242
1812860 242
1812870 243
1812880 243
1812890 244
1812900 244
1812910 245
1812920 245
1812930 245
1812940 245
1812950 246
1812960 246
1812970 245
1812980 245
1812990 245
1813000 245
1813010 245
1813020 244
1813030 244
1813040 244
1813050 243
1813060 243
1813070 243
1813080 243
1813090 243
1813100 244
1813110 244
1813120 244
1813130 244
1813140 244
1813150 244
1813160 244
1813170 244
1813180 244
1813190 244
1813200 244
1813210 244
1813220 244
1813230 244
1813240 244
1813250 244
1813260 244
1813270 244
1813280 243
1813290 243
1813300 243
1813310 242
1813320 242
1813330 242
1813340 241
1813350 241
1813360 240
1813370 240
1813380 239
1813390 239
1813400 239
1813410 238
1813420 238
1813430 238
1813440 238
1813450 238
1813460 237
1813470 237
1813480 237
1813490 237
1813500 237
1813510 237
1813520 237
1813530 236
1813540 236
1813550 236
1813560 236
1813570 235
1813580 235
1813590 235
1813600 234
1813610 234
1813620 233
1813630 233
1813640 232
1813650 232
1813660 231
1813670 231
1813680 231
1813690 230
1813700 230
1813710 230
1813720 229
1813730 229
1813740 228
1813750 228
1813760 227
1813770 227
1813780 226
1813790 225
1813800 225
1813810 224
1813820 223
1813830 222
1813840 221
1813850 220
1813860 219
1813870 218
1813880 218
1813890 217
1813900 217
1813910 217
1813920 216
1813930 216
1813940 216
1813950 215
1813960 215
1813970 214
1813980 214
1813990 213
1814000 213
1814010 213
1814020 213
1814030 213
1814040 213
1814050 213
1814060 213
1814070 213
1814080 213
1814090 213
1814100 213
1814110 213
1814120 213
1814130 213
1814140 213
1814150 213
1814160 214
1814170 214
1814180 214
1814190 214
1814200 215
1814210 215
1814220 216
1814230 217
1814240 218
1814250 219
1814260 220
1814270 221
1814280 222
1814290 223
1814300 224
1814310 224
1814320 225
1814330 226
1814340 226
1814350 227
1814360 227
1814370 228
1814380 229
1814390 229
1814400 230
1814410 230
1814420 231
1814430 233
1814440 234
1814450 235
1814460 236
1814470 237
1814480 238
1814490 239
1814500 241
1814510 242
1814520 243
1814530 244
1814540 245
1814550 247
1814560 248
1814570 249
1814580 251
1814590 252
1814600 254
1814610 255
1814620 257
1814630 258
1814640 259
1814650 260
1814660 261
1814670 263
1814680 265
1814690 267
1814700 269
1814710 271
1814720 273
1814730 275
1814740 276
1814750 277
1814760 278
1814770 279
1814780 279
1814790 278
1814800 276
1814810 274
1814820 273
1814830 273
1814840 276
1814850 279
1814860 282
1814870 282
1814880 281
1814890 281
1814900 280
1814910 279
1814920 278
1814930 277
1814940 276
1814950 275
1814960 275
1814970 274
1814980 273
1814990 272
1815000 271
1815010 270
1815020 269
1815030 269
1815040 268
1815050 267
1815060 266
1815070 266
1815080 265
1815090 265
1815100 264
1815110 264
1815120 264
1815130 263
1815140 262
1815150 262
1815160 262
1815170 261
1815180 261
1815190 261
1815200 262
1815210 262
1815220 262
1815230 262
1815240 262
1815250 262
1815260 262
1815270 262
1815280 262
1815290 261
1815300 261
1815310 261
1815320 261
1815330 261
1815340 261
1815350 260
1815360 260
1815370 260
1815380 260
1815390 261
1815400 261
1815410 261
1815420 261
1815430 261
1815440 260
1815450 260
1815460 260
1815470 260
1815480 260
1815490 260
1815500 260
1815510 259
1815520 259
1815530 258
1815540 258
1815550 257
1815560 257
1815570 256
1815580 255
1815590 255
1815600 255
1815610 255
1815620 255
1815630 255
1815640 255
1815650 255
1815660 256
1815670 257
1815680 258
1815690 259
1815700 260
1815710 261
1815720 262
1815730 263
1815740 264
1815750 266
1815760 267
1815770 268
1815780 269
1815790 269
1815800 270
1815810 271
1815820 271
1815830 272
1815840 272
1815850 273
1815860 273
1815870 274
1815880 274
1815890 275
1815900 276
1815910 276
1815920 276
1815930 277
1815940 277
1815950 277
1815960 278
1815970 279
1815980 279
1815990 280
1816000 280
1816010 281
1816020 282
1816030 282
1816040 283
1816050 283
1816060 284
1816070 284
1816080 285
1816090 285
1816100 285
1816110 286
1816120 286
1816130 286
1816140 286
1816150 286
1816160 286
1816170 285
1816180 285
1816190 285
1816200 285
1816210 285
1816220 284
1816230 284
1816240 283
1816250 282
1816260 282
1816270 281
1816280 280
1816290 279
1816300 278
1816310 277
1816320 276
1816330 276
1816340 275
1816350 274
1816360 274
1816370 273
1816380 273
1816390 273
1816400 273
1816410 273
1816420 273
1816430 273
1816440 273
1816450 273
1816460 273
1816470 273
1816480 273
1816490 273
1816500 274
1816510 274
1816520 275
1816530 276
1816540 277
1816550 279
1816560 280
1816570 282
1816580 283
1816590 285
1816600 286
1816610 287
1816620 289
1816630 290
1816640 292
1816650 294
1816660 296
1816670 298
1816680 299
1816690 299
1816700 299
1816710 298
1816720 298
1816730 297
1816740 297
1816750 296
1816760 296
1816770 296
1816780 296
1816790 297
1816800 298
1816810 298
1816820 299
1816830 300
1816840 301
1816850 301
1816860 302
1816870 303
1816880 303
1816890 303
1816900 304
1816910 304
1816920 304
1816930 304
1816940 303
1816950 303
1816960 303
1816970 302
1816980 302
1816990 301
1817000 300
1817010 299
1817020 299
1817030 298
1817040 297
1817050 296
1817060 295
1817070 294
1817080 293
1817090 292
1817100 291
1817110 290
1817120 289
1817130 289
1817140 288
1817150 287
1817160 286
1817170 285
1817180 284
1817190 284
1817200 283
1817210 282
1817220 282
1817230 282
1817240 282
1817250 282
1817260 281
1817270 281
1817280 280
1817290 279
1817300 279
1817310 278
1817320 278
1817330 277
1817340 277
1817350 276
1817360 276
1817370 276
1817380 275
1817390 275
1817400 275
1817410 275
1817420 276
1817430 276
1817440 276
1817450 276
1817460 277
1817470 277
1817480 277
1817490 277
1817500 278
1817510 278
1817520 278
1817530 279
1817540 280
1817550 281
1817560 282
1817570 283
1817580 284
1817590 286
1817600 287
1817610 288
1817620 290
1817630 291
1817640 292
1817650 292
1817660 293
1817670 293
1817680 293
1817690 293
1817700 292
1817710 292
1817720 291
1817730 291
1817740 291
1817750 290
1817760 290
1817770 290
1817780 290
1817790 289
1817800 289
1817810 289
1817820 289
1817830 289
1817840 289
1817850 289
1817860 289
1817870 289
1817880 289
1817890 289
1817900 289
1817910 289
1817920 290
1817930 290
1817940 290
1817950 290
1817960 291
1817970 291
1817980 291
1817990 291
1818000 292
1818010 292
1818020 292
1818030 292
1818040 292
1818050 293
1818060 293
1818070 293
1818080 293
1818090 293
1818100 293
1818110 293
1818120 293
1818130 293
1818140 293
1818150 293
1818160 293
1818170 293
1818180 293
1818190 293
1818200 293
1818210 292
1818220 292
1818230 292
1818240 293
1818250 293
1818260 293
1818270 293
1818280 293
1818290 293
1818300 293
1818310 292
1818320 292
1818330 291
1818340 291
1818350 291
1818360 290
1818370 290
1818380 289
1818390 289
1818400 288
1818410 288
1818420 287
1818430 287
1818440 287
1818450 286
1818460 286
1818470 286
1818480 285
1818490 285
1818500 285
1818510 285
1818520 284
1818530 284
1818540 284
1818550 284
1818560 284
1818570 284
1818580 283
1818590 283
1818600 283
1818610 283
1818620 283
1818630 283
1818640 282
1818650 282
1818660 282
1818670 282
1818680 282
1818690 282
1818700 282
1818710 282
1818720 282
1818730 282
1818740 281
1818750 281
1818760 281
1818770 281
1818780 281
1818790 281
1818800 281
1818810 281
1818820 281
1818830 281
1818840 281
1818850 280
1818860 280
1818870 280
1818880 280
1818890 279
1818900 279
1818910 279
1818920 279
1818930 279
1818940 279
1818950 278
1818960 278
1818970 278
1818980 278
1818990 278
1819000 278
1819010 278
1819020 278
1819030 278
1819040 278
1819050 278
1819060 278
1819070 278
1819080 278
1819090 278
1819100 278
1819110 278
1819120 278
1819130 278
1819140 278
1819150 278
1819160 278
1819170 278
1819180 279
1819190 279
1819200 279
1819210 279
1819220 279
1819230 279
1819240 279
1819250 280
1819260 280
1819270 280
1819280 280
1819290 280
1819300 280
1819310 280
1819320 280
1819330 280
1819340 280
1819350 280
1819360 281
1819370 281
1819380 281
1819390 281
1819400 281
1819410 281
1819420 281
1819430 281
1819440 281
1819450 281
1819460 282
1819470 282
1819480 282
1819490 282
1819500 282
1819510 282
1819520 282
1819530 282
1819540 282
1819550 282
1819560 282
1819570 282
1819580 282
1819590 282
1819600 282
1819610 282
1819620 282
1819630 282
1819640 282
1819650 282
1819660 282
1819670 282
1819680 281
1819690 281
1819700 281
1819710 281
1819720 281
1819730 281
1819740 281
1819750 281
1819760 281
1819770 281
1819780 281
1819790 281
1819800 280
1819810 280
1819820 280
1819830 280
1819840 280
1819850 281
1819860 281
1819870 281
1819880 281
1819890 282
1819900 282
1819910 282
1819920 282
1819930 283
1819940 283
1819950 283
1819960 283
1819970 283
1819980 284
1819990 284
