1800000 253
1800010 253
1800020 253
1800030 253
1800040 253
1800050 253
1800060 253
1800070 252
1800080 252
1800090 252
1800100 252
1800110 251
1800120 251
1800130 250
1800140 250
1800150 249
1800160 249
1800170 248
1800180 247
1800190 247
1800200 246
1800210 246
1800220 245
1800230 244
1800240 244
1800250 243
1800260 243
1800270 242
1800280 242
1800290 241
1800300 241
1800310 241
1800320 240
1800330 240
1800340 240
1800350 240
1800360 240
1800370 239
1800380 239
1800390 239
1800400 239
1800410 238
1800420 238
1800430 238
1800440 238
1800450 237
1800460 237
1800470 237
1800480 237
1800490 237
1800500 237
1800510 236
1800520 235
1800530 233
1800540 234
1800550 236
1800560 238
1800570 240
1800580 241
1800590 242
1800600 242
1800610 243
1800620 244
1800630 245
1800640 246
1800650 247
1800660 248
1800670 249
1800680 250
1800690 250
1800700 251
1800710 251
1800720 252
1800730 252
1800740 253
1800750 253
1800760 254
1800770 254
1800780 254
1800790 255
1800800 255
1800810 255
1800820 255
1800830 255
1800840 256
1800850 256
1800860 256
1800870 256
1800880 257
1800890 257
1800900 257
1800910 258
1800920 258
1800930 258
1800940 259
1800950 260
1800960 260
1800970 260
1800980 260
1800990 261
1801000 261
1801010 261
1801020 262
1801030 262
1801040 262
1801050 263
1801060 263
1801070 264
1801080 264
1801090 265
1801100 265
1801110 265
1801120 266
1801130 266
1801140 266
1801150 267
1801160 267
1801170 267
1801180 267
1801190 268
1801200 268
1801210 268
1801220 269
1801230 269
1801240 269
1801250 269
1801260 269
1801270 269
1801280 270
1801290 270
1801300 270
1801310 271
1801320 271
1801330 271
1801340 271
1801350 271
1801360 271
1801370 271
1801380 272
1801390 272
1801400 272
1801410 273
1801420 273
1801430 274
1801440 274
1801450 274
1801460 275
1801470 275
1801480 275
1801490 274
1801500 275
1801510 276
1801520 277
1801530 278
1801540 278
1801550 278
1801560 279
1801570 279
1801580 279
1801590 280
1801600 280
1801610 280
1801620 281
1801630 281
1801640 281
1801650 281
1801660 282
1801670 282
1801680 282
1801690 282
1801700 283
1801710 283
1801720 283
1801730 283
1801740 283
1801750 283
1801760 282
1801770 282
1801780 282
1801790 282
1801800 282
1801810 282
1801820 282
1801830 282
1801840 283
1801850 283
1801860 283
1801870 284
1801880 284
1801890 284
1801900 284
1801910 285
1801920 285
1801930 285
1801940 284
1801950 284
1801960 284
1801970 283
1801980 283
1801990 282
1802000 282
1802010 282
1802020 282
1802030 282
1802040 282
1802050 282
1802060 282
1802070 283
1802080 283
1802090 285
1802100 286
1802110 286
1802120 286
1802130 285
1802140 284
1802150 284
1802160 284
1802170 284
1802180 284
1802190 285
1802200 285
1802210 286
1802220 287
1802230 287
1802240 288
1802250 289
1802260 289
1802270 290
1802280 291
1802290 291
1802300 292
1802310 292
1802320 292
1802330 293
1802340 293
1802350 293
1802360 293
1802370 294
1802380 294
1802390 294
1802400 295
1802410 295
1802420 296
1802430 296
1802440 296
1802450 297
1802460 297
1802470 297
1802480 297
1802490 297
1802500 298
1802510 298
1802520 298
1802530 298
1802540 298
1802550 298
1802560 299
1802570 299
1802580 299
1802590 299
1802600 299
1802610 299
1802620 299
1802630 299
1802640 299
1802650 299
1802660 299
1802670 299
1802680 299
1802690 299
1802700 299
1802710 298
1802720 298
1802730 298
1802740 297
1802750 297
1802760 297
1802770 296
1802780 296
1802790 295
1802800 295
1802810 294
1802820 293
1802830 293
1802840 292
1802850 292
1802860 291
1802870 291
1802880 290
1802890 289
1802900 289
1802910 288
1802920 288
1802930 287
1802940 286
1802950 286
1802960 285
1802970 284
1802980 283
1802990 282
1803000 282
1803010 281
1803020 280
1803030 279
1803040 279
1803050 278
1803060 277
1803070 276
1803080 276
1803090 275
1803100 274
1803110 273
1803120 272
1803130 271
1803140 270
1803150 270
1803160 269
1803170 268
1803180 268
1803190 267
1803200 267
1803210 267
1803220 267
1803230 267
1803240 266
1803250 266
1803260 266
1803270 266
1803280 266
1803290 265
1803300 264
1803310 264
1803320 264
1803330 264
1803340 264
1803350 265
1803360 265
1803370 266
1803380 267
1803390 268
1803400 269
1803410 269
1803420 270
1803430 271
1803440 273
1803450 274
1803460 276
1803470 278
1803480 280
1803490 282
1803500 283
1803510 284
1803520 285
1803530 286
1803540 287
1803550 287
1803560 288
1803570 289
1803580 290
1803590 290
1803600 291
1803610 292
1803620 293
1803630 293
1803640 294
1803650 294
1803660 294
1803670 295
1803680 295
1803690 296
1803700 297
1803710 297
1803720 297
1803730 298
1803740 298
1803750 298
1803760 298
1803770 299
1803780 299
1803790 299
1803800 299
1803810 299
1803820 299
1803830 299
1803840 299
1803850 300
1803860 300
1803870 300
1803880 300
1803890 300
1803900 300
1803910 300
1803920 300
1803930 300
1803940 300
1803950 300
1803960 300
1803970 300
1803980 300
1803990 300
1804000 300
1804010 299
1804020 299
1804030 299
1804040 298
1804050 298
1804060 298
1804070 298
1804080 297
1804090 297
1804100 296
1804110 296
1804120 296
1804130 296
1804140 295
1804150 295
1804160 294
1804170 294
1804180 294
1804190 293
1804200 293
1804210 292
1804220 292
1804230 292
1804240 291
1804250 291
1804260 290
1804270 290
1804280 290
1804290 289
1804300 289
1804310 288
1804320 288
1804330 287
1804340 286
1804350 286
1804360 285
1804370 285
1804380 284
1804390 283
1804400 282
1804410 281
1804420 280
1804430 279
1804440 278
1804450 277
1804460 276
1804470 275
1804480 275
1804490 274
1804500 273
1804510 272
1804520 272
1804530 271
1804540 271
1804550 271
1804560 271
1804570 272
1804580 272
1804590 272
1804600 273
1804610 273
1804620 274
1804630 274
1804640 274
1804650 275
1804660 275
1804670 275
1804680 275
1804690 275
1804700 275
1804710 275
1804720 274
1804730 274
1804740 274
1804750 274
1804760 273
1804770 273
1804780 273
1804790 272
1804800 272
1804810 272
1804820 272
1804830 271
1804840 271
1804850 271
1804860 271
1804870 271
1804880 270
1804890 270
1804900 270
1804910 270
1804920 270
1804930 270
1804940 269
1804950 269
1804960 269
1804970 269
1804980 268
1804990 268
1805000 268
1805010 267
1805020 267
1805030 266
1805040 266
1805050 266
1805060 265
1805070 265
1805080 264
1805090 263
1805100 263
1805110 262
1805120 262
1805130 261
1805140 261
1805150 260
1805160 259
1805170 258
1805180 258
1805190 257
1805200 256
1805210 255
1805220 254
1805230 254
1805240 253
1805250 252
1805260 252
1805270 251
1805280 250
1805290 249
1805300 249
1805310 248
1805320 248
1805330 248
1805340 248
1805350 248
1805360 248
1805370 247
1805380 247
1805390 247
1805400 247
1805410 246
1805420 246
1805430 245
1805440 245
1805450 245
1805460 244
1805470 244
1805480 244
1805490 243
1805500 243
1805510 243
1805520 243
1805530 243
1805540 243
1805550 243
1805560 243
1805570 243
1805580 242
1805590 242
1805600 242
1805610 242
1805620 242
1805630 242
1805640 242
1805650 242
1805660 242
1805670 242
1805680 242
1805690 242
1805700 242
1805710 242
1805720 242
1805730 242
1805740 241
1805750 241
1805760 241
1805770 241
1805780 240
1805790 240
1805800 240
1805810 239
1805820 239
1805830 239
1805840 239
1805850 238
1805860 238
1805870 238
1805880 238
1805890 237
1805900 237
1805910 237
1805920 237
1805930 236
1805940 236
1805950 236
1805960 236
1805970 236
1805980 235
1805990 235
1806000 235
1806010 235
1806020 235
1806030 234
1806040 234
1806050 234
1806060 234
1806070 234
1806080 234
1806090 234
1806100 233
1806110 233
1806120 233
1806130 233
1806140 232
1806150 232
1806160 232
1806170 232
1806180 232
1806190 231
1806200 231
1806210 231
1806220 231
1806230 231
1806240 231
1806250 230
1806260 230
1806270 230
1806280 229
1806290 229
1806300 229
1806310 229
1806320 228
1806330 228
1806340 228
1806350 228
1806360 227
1806370 227
1806380 227
1806390 227
1806400 226
1806410 226
1806420 226
1806430 226
1806440 225
1806450 225
1806460 225
1806470 225
1806480 224
1806490 224
1806500 224
1806510 223
1806520 223
1806530 223
1806540 223
1806550 222
1806560 222
1806570 222
1806580 222
1806590 221
1806600 221
1806610 221
1806620 221
1806630 221
1806640 220
1806650 220
1806660 220
1806670 219
1806680 219
1806690 219
1806700 218
1806710 218
1806720 218
1806730 217
1806740 217
1806750 217
1806760 217
1806770 217
1806780 217
1806790 217
1806800 217
1806810 217
1806820 216
1806830 216
1806840 216
1806850 215
1806860 215
1806870 215
1806880 215
1806890 215
1806900 215
1806910 215
1806920 215
1806930 215
1806940 215
1806950 215
1806960 214
1806970 214
1806980 215
1806990 215
1807000 215
1807010 215
1807020 215
1807030 215
1807040 215
1807050 215
1807060 214
1807070 214
1807080 214
1807090 214
1807100 214
1807110 214
1807120 214
1807130 214
1807140 214
1807150 214
1807160 214
1807170 214
1807180 214
1807190 213
1807200 213
1807210 213
1807220 213
1807230 213
1807240 213
1807250 212
1807260 212
1807270 212
1807280 213
1807290 213
1807300 213
1807310 213
1807320 213
1807330 213
1807340 213
1807350 213
1807360 213
1807370 213
1807380 214
1807390 214
1807400 214
1807410 214
1807420 214
1807430 214
1807440 215
1807450 215
1807460 215
1807470 215
1807480 215
1807490 215
1807500 215
1807510 215
1807520 216
1807530 217
1807540 217
1807550 217
1807560 217
1807570 217
1807580 217
1807590 217
1807600 217
1807610 217
1807620 216
1807630 216
1807640 216
1807650 216
1807660 215
1807670 215
1807680 214
1807690 214
1807700 214
1807710 213
1807720 213
1807730 212
1807740 212
1807750 211
1807760 211
1807770 211
1807780 210
1807790 210
1807800 210
1807810 210
1807820 210
1807830 210
1807840 209
1807850 209
1807860 209
1807870 209
1807880 209
1807890 209
1807900 209
1807910 209
1807920 209
1807930 209
1807940 209
1807950 209
1807960 209
1807970 209
1807980 209
1807990 209
1808000 209
1808010 209
1808020 209
1808030 209
1808040 209
1808050 209
1808060 209
1808070 209
1808080 209
1808090 209
1808100 209
1808110 209
1808120 209
1808130 209
1808140 209
1808150 209
1808160 209
1808170 209
1808180 209
1808190 209
1808200 209
1808210 209
1808220 210
1808230 210
1808240 210
1808250 209
1808260 209
1808270 209
1808280 209
1808290 209
1808300 209
1808310 209
1808320 209
1808330 209
1808340 209
1808350 209
1808360 209
1808370 209
1808380 209
1808390 209
1808400 209
1808410 209
1808420 209
1808430 209
1808440 209
1808450 210
1808460 210
1808470 210
1808480 210
1808490 210
1808500 210
1808510 210
1808520 210
1808530 210
1808540 210
1808550 210
1808560 210
1808570 210
1808580 210
1808590 211
1808600 211
1808610 211
1808620 211
1808630 211
1808640 212
1808650 212
1808660 212
1808670 212
1808680 212
1808690 213
1808700 213
1808710 213
1808720 214
1808730 214
1808740 214
1808750 215
1808760 215
1808770 215
1808780 216
1808790 216
1808800 217
1808810 217
1808820 217
1808830 217
1808840 218
1808850 218
1808860 219
1808870 219
1808880 220
1808890 221
1808900 222
1808910 222
1808920 223
1808930 223
1808940 224
1808950 225
1808960 225
1808970 226
1808980 226
1808990 227
1809000 228
1809010 228
1809020 229
1809030 229
1809040 230
1809050 230
1809060 231
1809070 231
1809080 232
1809090 232
1809100 233
1809110 234
1809120 234
1809130 235
1809140 236
1809150 237
1809160 237
1809170 238
1809180 238
1809190 239
1809200 240
1809210 240
1809220 241
1809230 241
1809240 242
1809250 242
1809260 243
1809270 243
1809280 244
1809290 244
1809300 245
1809310 245
1809320 246
1809330 246
1809340 247
1809350 247
1809360 248
1809370 248
1809380 248
1809390 249
1809400 249
1809410 249
1809420 249
1809430 249
1809440 249
1809450 249
1809460 249
1809470 249
1809480 249
1809490 249
1809500 249
1809510 248
1809520 248
1809530 248
1809540 247
1809550 247
1809560 246
1809570 245
1809580 245
1809590 244
1809600 243
1809610 242
1809620 241
1809630 240
1809640 239
1809650 238
1809660 237
1809670 236
1809680 235
1809690 233
1809700 232
1809710 231
1809720 230
1809730 229
1809740 228
1809750 228
1809760 227
1809770 226
1809780 226
1809790 225
1809800 225
1809810 224
1809820 224
1809830 223
1809840 223
1809850 222
1809860 222
1809870 222
1809880 222
1809890 222
1809900 221
1809910 221
1809920 221
1809930 221
1809940 221
1809950 221
1809960 221
1809970 221
1809980 221
1809990 221
1810000 221
1810010 222
1810020 222
1810030 222
1810040 222
1810050 222
1810060 222
1810070 222
1810080 222
1810090 222
1810100 223
1810110 223
1810120 223
1810130 223
1810140 223
1810150 223
1810160 223
1810170 222
1810180 222
1810190 222
1810200 222
1810210 222
1810220 222
1810230 222
1810240 222
1810250 222
1810260 222
1810270 222
1810280 222
1810290 222
1810300 222
1810310 222
1810320 222
1810330 222
1810340 222
1810350 222
1810360 222
1810370 223
1810380 223
1810390 223
1810400 223
1810410 223
1810420 223
1810430 223
1810440 224
1810450 224
1810460 224
1810470 224
1810480 224
1810490 224
1810500 225
1810510 225
1810520 225
1810530 226
1810540 226
1810550 226
1810560 225
1810570 225
1810580 225
1810590 226
1810600 227
1810610 227
1810620 227
1810630 227
1810640 227
1810650 226
1810660 226
1810670 226
1810680 226
1810690 227
1810700 227
1810710 227
1810720 227
1810730 227
1810740 228
1810750 228
1810760 228
1810770 228
1810780 228
1810790 228
1810800 228
1810810 228
1810820 228
1810830 228
1810840 228
1810850 228
1810860 228
1810870 228
1810880 228
1810890 228
1810900 228
1810910 228
1810920 228
1810930 228
1810940 228
1810950 228
1810960 228
1810970 227
1810980 227
1810990 227
1811000 227
1811010 227
1811020 227
1811030 227
1811040 227
1811050 227
1811060 226
1811070 226
1811080 226
1811090 226
1811100 226
1811110 227
1811120 227
1811130 227
1811140 227
1811150 227
1811160 227
1811170 227
1811180 227
1811190 227
1811200 227
1811210 227
1811220 227
1811230 227
1811240 227
1811250 228
1811260 228
1811270 228
1811280 228
1811290 228
1811300 228
1811310 228
1811320 228
1811330 228
1811340 228
1811350 228
1811360 228
1811370 228
1811380 228
1811390 229
1811400 229
1811410 229
1811420 229
1811430 230
1811440 230
1811450 231
1811460 231
1811470 232
1811480 233
1811490 233
1811500 234
1811510 235
1811520 235
1811530 236
1811540 237
1811550 237
1811560 238
1811570 239
1811580 239
1811590 240
1811600 240
1811610 241
1811620 241
1811630 242
1811640 242
1811650 243
1811660 243
1811670 244
1811680 245
1811690 245
1811700 246
1811710 246
1811720 247
1811730 247
1811740 248
1811750 248
1811760 248
1811770 249
1811780 249
1811790 249
1811800 250
1811810 250
1811820 250
1811830 251
1811840 251
1811850 251
1811860 252
1811870 252
1811880 253
1811890 253
1811900 253
1811910 254
1811920 254
1811930 255
1811940 255
1811950 256
1811960 256
1811970 256
1811980 257
1811990 257
1812000 257
1812010 258
1812020 258
1812030 258
1812040 259
1812050 259
1812060 259
1812070 260
1812080 260
1812090 261
1812100 261
1812110 261
1812120 262
1812130 262
1812140 262
1812150 262
1812160 263
1812170 263
1812180 263
1812190 264
1812200 264
1812210 264
1812220 265
1812230 265
1812240 266
1812250 266
1812260 266
1812270 267
1812280 267
1812290 267
1812300 268
1812310 268
1812320 268
1812330 268
1812340 269
1812350 269
1812360 269
1812370 269
1812380 269
1812390 270
1812400 270
1812410 269
1812420 269
1812430 269
1812440 269
1812450 268
1812460 268
1812470 267
1812480 267
1812490 266
1812500 266
1812510 265
1812520 265
1812530 265
1812540 264
1812550 264
1812560 264
1812570 264
1812580 264
1812590 264
1812600 264
1812610 264
1812620 263
1812630 263
1812640 263
1812650 263
1812660 262
1812670 262
1812680 261
1812690 261
1812700 260
1812710 259
1812720 259
1812730 258
1812740 257
1812750 256
1812760 256
1812770 255
1812780 255
1812790 254
1812800 254
1812810 253
1812820 253
1812830 253
1812840 253
1812850 253
1812860 253
1812870 254
1812880 255
1812890 256
1812900 258
1812910 260
1812920 262
1812930 263
1812940 264
1812950 265
1812960 265
1812970 266
1812980 266
1812990 266
1813000 266
1813010 266
1813020 265
1813030 265
1813040 265
1813050 265
1813060 265
1813070 265
1813080 265
1813090 264
1813100 264
1813110 264
1813120 264
1813130 263
1813140 263
1813150 263
1813160 262
1813170 262
1813180 261
1813190 260
1813200 260
1813210 259
1813220 258
1813230 257
1813240 257
1813250 256
1813260 255
1813270 255
1813280 255
1813290 254
1813300 254
1813310 254
1813320 253
1813330 253
1813340 253
1813350 252
1813360 252
1813370 252
1813380 252
1813390 253
1813400 253
1813410 253
1813420 253
1813430 253
1813440 253
1813450 253
1813460 254
1813470 254
1813480 254
1813490 254
1813500 254
1813510 255
1813520 255
1813530 255
1813540 255
1813550 255
1813560 255
1813570 255
1813580 254
1813590 254
1813600 254
1813610 254
1813620 253
1813630 253
1813640 253
1813650 253
1813660 253
1813670 253
1813680 253
1813690 252
1813700 252
1813710 252
1813720 252
1813730 251
1813740 251
1813750 251
1813760 251
1813770 250
1813780 250
1813790 249
1813800 249
1813810 248
1813820 248
1813830 247
1813840 246
1813850 246
1813860 245
1813870 244
1813880 244
1813890 243
1813900 242
1813910 242
1813920 241
1813930 240
1813940 239
1813950 238
1813960 237
1813970 236
1813980 235
1813990 234
1814000 233
1814010 232
1814020 231
1814030 230
1814040 229
1814050 228
1814060 227
1814070 226
1814080 225
1814090 224
1814100 224
1814110 224
1814120 224
1814130 223
1814140 222
1814150 221
1814160 220
1814170 218
1814180 218
1814190 217
1814200 217
1814210 217
1814220 216
1814230 216
1814240 216
1814250 216
1814260 216
1814270 216
1814280 216
1814290 216
1814300 216
1814310 216
1814320 216
1814330 215
1814340 215
1814350 215
1814360 215
1814370 215
1814380 215
1814390 215
1814400 215
1814410 215
1814420 216
1814430 216
1814440 216
1814450 216
1814460 217
1814470 217
1814480 218
1814490 218
1814500 219
1814510 219
1814520 220
1814530 221
1814540 222
1814550 223
1814560 224
1814570 225
1814580 227
1814590 228
1814600 230
1814610 231
1814620 233
1814630 234
1814640 235
1814650 236
1814660 237
1814670 238
1814680 239
1814690 240
1814700 241
1814710 242
1814720 243
1814730 243
1814740 244
1814750 245
1814760 246
1814770 247
1814780 248
1814790 248
1814800 249
1814810 250
1814820 251
1814830 251
1814840 252
1814850 253
1814860 253
1814870 254
1814880 255
1814890 255
1814900 256
1814910 257
1814920 257
1814930 258
1814940 259
1814950 260
1814960 260
1814970 261
1814980 261
1814990 262
1815000 263
1815010 263
1815020 264
1815030 264
1815040 265
1815050 265
1815060 266
1815070 266
1815080 267
1815090 267
1815100 267
1815110 268
1815120 268
1815130 268
1815140 269
1815150 269
1815160 269
1815170 269
1815180 269
1815190 270
1815200 270
1815210 270
1815220 270
1815230 270
1815240 270
1815250 270
1815260 269
1815270 269
1815280 269
1815290 269
1815300 269
1815310 268
1815320 268
1815330 268
1815340 268
1815350 267
1815360 267
1815370 267
1815380 266
1815390 266
1815400 266
1815410 265
1815420 265
1815430 265
1815440 264
1815450 264
1815460 264
1815470 263
1815480 263
1815490 263
1815500 263
1815510 263
1815520 262
1815530 262
1815540 262
1815550 262
1815560 262
1815570 262
1815580 262
1815590 262
1815600 262
1815610 262
1815620 262
1815630 262
1815640 262
1815650 263
1815660 263
1815670 264
1815680 265
1815690 266
1815700 267
1815710 268
1815720 269
1815730 270
1815740 271
1815750 272
1815760 273
1815770 273
1815780 274
1815790 274
1815800 275
1815810 275
1815820 276
1815830 276
1815840 277
1815850 277
1815860 278
1815870 278
1815880 278
1815890 279
1815900 279
1815910 279
1815920 280
1815930 280
1815940 280
1815950 280
1815960 280
1815970 280
1815980 280
1815990 280
1816000 281
1816010 281
1816020 281
1816030 281
1816040 282
1816050 282
1816060 282
1816070 282
1816080 282
1816090 281
1816100 281
1816110 281
1816120 281
1816130 280
1816140 280
1816150 279
1816160 279
1816170 278
1816180 278
1816190 278
1816200 277
1816210 277
1816220 276
1816230 276
1816240 275
1816250 275
1816260 274
1816270 274
1816280 273
1816290 273
1816300 273
1816310 272
1816320 272
1816330 271
1816340 271
1816350 271
1816360 270
1816370 270
1816380 270
1816390 269
1816400 268
1816410 268
1816420 267
1816430 266
1816440 265
1816450 264
1816460 263
1816470 262
1816480 261
1816490 260
1816500 259
1816510 258
1816520 257
1816530 256
1816540 255
1816550 254
1816560 253
1816570 252
1816580 251
1816590 251
1816600 251
1816610 250
1816620 251
1816630 251
1816640 252
1816650 253
1816660 254
1816670 255
1816680 256
1816690 257
1816700 258
1816710 259
1816720 260
1816730 261
1816740 262
1816750 263
1816760 264
1816770 265
1816780 266
1816790 267
1816800 268
1816810 269
1816820 270
1816830 271
1816840 272
1816850 273
1816860 274
1816870 274
1816880 275
1816890 276
1816900 277
1816910 278
1816920 279
1816930 280
1816940 281
1816950 282
1816960 282
1816970 282
1816980 282
1816990 282
1817000 282
1817010 282
1817020 282
1817030 281
1817040 281
1817050 282
1817060 282
1817070 282
1817080 282
1817090 282
1817100 282
1817110 282
1817120 282
1817130 282
1817140 282
1817150 282
1817160 282
1817170 282
1817180 282
1817190 282
1817200 282
1817210 283
1817220 283
1817230 284
1817240 285
1817250 286
1817260 287
1817270 288
1817280 290
1817290 290
1817300 291
1817310 292
1817320 292
1817330 292
1817340 293
1817350 293
1817360 293
1817370 293
1817380 293
1817390 294
1817400 294
1817410 294
1817420 294
1817430 295
1817440 295
1817450 295
1817460 296
1817470 296
1817480 297
1817490 297
1817500 297
1817510 298
1817520 298
1817530 299
1817540 299
1817550 300
1817560 300
1817570 301
1817580 301
1817590 301
1817600 301
1817610 302
1817620 302
1817630 302
1817640 302
1817650 303
1817660 303
1817670 303
1817680 303
1817690 303
1817700 303
1817710 303
1817720 304
1817730 304
1817740 304
1817750 304
1817760 304
1817770 304
1817780 304
1817790 303
1817800 303
1817810 303
1817820 303
1817830 303
1817840 303
1817850 303
1817860 303
1817870 303
1817880 303
1817890 303
1817900 302
1817910 302
1817920 302
1817930 302
1817940 302
1817950 302
1817960 301
1817970 301
1817980 301
1817990 301
1818000 301
1818010 301
1818020 301
1818030 301
1818040 300
1818050 300
1818060 300
1818070 300
1818080 300
1818090 299
1818100 299
1818110 299
1818120 299
1818130 298
1818140 298
1818150 298
1818160 297
1818170 297
1818180 297
1818190 296
1818200 296
1818210 296
1818220 295
1818230 295
1818240 294
1818250 294
1818260 293
1818270 293
1818280 292
1818290 292
1818300 292
1818310 291
1818320 291
1818330 291
1818340 291
1818350 290
1818360 290
1818370 290
1818380 290
1818390 291
1818400 291
1818410 291
1818420 291
1818430 291
1818440 292
1818450 292
1818460 292
1818470 292
1818480 292
1818490 292
1818500 292
1818510 292
1818520 292
1818530 292
1818540 292
1818550 292
1818560 292
1818570 292
1818580 292
1818590 292
1818600 292
1818610 292
1818620 293
1818630 293
1818640 293
1818650 293
1818660 294
1818670 294
1818680 295
1818690 295
1818700 295
1818710 296
1818720 296
1818730 297
1818740 297
1818750 298
1818760 298
1818770 299
1818780 299
1818790 300
1818800 300
1818810 301
1818820 301
1818830 301
1818840 302
1818850 302
1818860 302
1818870 303
1818880 303
1818890 303
1818900 303
1818910 303
1818920 303
1818930 303
1818940 304
1818950 304
1818960 303
1818970 303
1818980 303
1818990 303
1819000 302
1819010 302
1819020 302
1819030 301
1819040 300
1819050 300
1819060 299
1819070 299
1819080 298
1819090 297
1819100 296
1819110 295
1819120 294
1819130 293
1819140 292
1819150 291
1819160 289
1819170 288
1819180 287
1819190 286
1819200 284
1819210 283
1819220 283
1819230 283
1819240 283
1819250 284
1819260 284
1819270 285
1819280 286
1819290 287
1819300 288
1819310 289
1819320 290
1819330 291
1819340 292
1819350 292
1819360 292
1819370 292
1819380 293
1819390 293
1819400 293
1819410 293
1819420 294
1819430 294
1819440 295
1819450 296
1819460 297
1819470 297
1819480 298
1819490 298
1819500 299
1819510 299
1819520 299
1819530 299
1819540 299
1819550 299
1819560 299
1819570 299
1819580 299
1819590 299
1819600 299
1819610 300
1819620 300
1819630 300
1819640 301
1819650 301
1819660 301
1819670 301
1819680 301
1819690 301
1819700 301
1819710 300
1819720 300
1819730 300
1819740 300
1819750 300
1819760 300
1819770 300
1819780 301
1819790 301
1819800 302
1819810 303
1819820 303
1819830 304
1819840 305
1819850 305
1819860 306
1819870 306
1819880 307
1819890 307
1819900 307
1819910 307
1819920 307
1819930 307
1819940 306
1819950 306
1819960 306
1819970 306
1819980 306
1819990 306
