1800000 292
1800010 293
1800020 294
1800030 295
1800040 295
1800050 296
1800060 297
1800070 297
1800080 298
1800090 299
1800100 299
1800110 300
1800120 301
1800130 302
1800140 303
1800150 303
1800160 304
1800170 304
1800180 304
1800190 304
1800200 305
1800210 305
1800220 306
1800230 306
1800240 307
1800250 308
1800260 309
1800270 310
1800280 311
1800290 312
1800300 314
1800310 315
1800320 316
1800330 318
1800340 319
1800350 320
1800360 321
1800370 322
1800380 322
1800390 323
1800400 324
1800410 325
1800420 325
1800430 326
1800440 326
1800450 327
1800460 327
1800470 328
1800480 328
1800490 329
1800500 329
1800510 329
1800520 329
1800530 329
1800540 329
1800550 329
1800560 329
1800570 329
1800580 329
1800590 329
1800600 328
1800610 327
1800620 326
1800630 324
1800640 323
1800650 322
1800660 321
1800670 320
1800680 320
1800690 319
1800700 319
1800710 318
1800720 318
1800730 318
1800740 318
1800750 318
1800760 319
1800770 319
1800780 320
1800790 321
1800800 321
1800810 322
1800820 323
1800830 324
1800840 325
1800850 325
1800860 326
1800870 326
1800880 327
1800890 327
1800900 327
1800910 327
1800920 326
1800930 326
1800940 325
1800950 325
1800960 324
1800970 323
1800980 323
1800990 323
1801000 322
1801010 321
1801020 319
1801030 319
1801040 318
1801050 318
1801060 319
1801070 321
1801080 323
1801090 325
1801100 327
1801110 328
1801120 329
1801130 331
1801140 332
1801150 333
1801160 334
1801170 335
1801180 336
1801190 337
1801200 338
1801210 339
1801220 339
1801230 340
1801240 340
1801250 341
1801260 341
1801270 341
1801280 341
1801290 340
1801300 339
1801310 340
1801320 341
1801330 342
1801340 342
1801350 342
1801360 342
1801370 341
1801380 341
1801390 340
1801400 338
1801410 337
1801420 336
1801430 335
1801440 333
1801450 332
1801460 331
1801470 329
1801480 328
1801490 327
1801500 325
1801510 324
1801520 323
1801530 321
1801540 320
1801550 319
1801560 318
1801570 318
1801580 318
1801590 318
1801600 319
1801610 320
1801620 320
1801630 320
1801640 320
1801650 320
1801660 321
1801670 323
1801680 323
1801690 324
1801700 324
1801710 323
1801720 323
1801730 322
1801740 322
1801750 322
1801760 322
1801770 322
1801780 322
1801790 322
1801800 322
1801810 322
1801820 322
1801830 322
1801840 322
1801850 322
1801860 322
1801870 323
1801880 323
1801890 322
1801900 322
1801910 321
1801920 320
1801930 320
1801940 320
1801950 319
1801960 319
1801970 320
1801980 320
1801990 320
1802000 321
1802010 321
1802020 321
1802030 321
1802040 321
1802050 321
1802060 320
1802070 320
1802080 320
1802090 320
1802100 320
1802110 320
1802120 320
1802130 320
1802140 319
1802150 319
1802160 319
1802170 319
1802180 319
1802190 319
1802200 319
1802210 318
1802220 318
1802230 318
1802240 317
1802250 317
1802260 316
1802270 315
1802280 315
1802290 314
1802300 313
1802310 313
1802320 312
1802330 312
1802340 311
1802350 310
1802360 310
1802370 309
1802380 309
1802390 308
1802400 307
1802410 307
1802420 306
1802430 306
1802440 305
1802450 304
1802460 304
1802470 302
1802480 301
1802490 301
1802500 300
1802510 299
1802520 299
1802530 298
1802540 297
1802550 297
1802560 296
1802570 295
1802580 294
1802590 294
1802600 293
1802610 292
1802620 291
1802630 291
1802640 290
1802650 290
1802660 289
1802670 289
1802680 289
1802690 288
1802700 288
1802710 287
1802720 286
1802730 286
1802740 285
1802750 284
1802760 283
1802770 282
1802780 281
1802790 280
1802800 279
1802810 278
1802820 277
1802830 276
1802840 275
1802850 274
1802860 273
1802870 272
1802880 271
1802890 270
1802900 270
1802910 269
1802920 268
1802930 267
1802940 267
1802950 266
1802960 266
1802970 265
1802980 264
1802990 264
1803000 264
1803010 263
1803020 263
1803030 263
1803040 262
1803050 262
1803060 261
1803070 261
1803080 261
1803090 260
1803100 260
1803110 260
1803120 260
1803130 259
1803140 259
1803150 259
1803160 259
1803170 259
1803180 258
1803190 258
1803200 258
1803210 258
1803220 258
1803230 258
1803240 257
1803250 257
1803260 257
1803270 257
1803280 257
1803290 257
1803300 257
1803310 257
1803320 257
1803330 257
1803340 257
1803350 256
1803360 256
1803370 256
1803380 256
1803390 256
1803400 255
1803410 254
1803420 254
1803430 254
1803440 253
1803450 253
1803460 253
1803470 253
1803480 253
1803490 252
1803500 252
1803510 252
1803520 252
1803530 251
1803540 251
1803550 251
1803560 251
1803570 251
1803580 250
1803590 250
1803600 250
1803610 250
1803620 250
1803630 250
1803640 249
1803650 249
1803660 249
1803670 249
1803680 249
1803690 249
1803700 249
1803710 249
1803720 249
1803730 249
1803740 248
1803750 248
1803760 248
1803770 248
1803780 248
1803790 248
1803800 248
1803810 248
1803820 248
1803830 248
1803840 249
1803850 250
1803860 251
1803870 252
1803880 253
1803890 254
1803900 256
1803910 257
1803920 259
1803930 260
1803940 261
1803950 262
1803960 263
1803970 264
1803980 264
1803990 264
1804000 264
1804010 264
1804020 263
1804030 263
1804040 262
1804050 262
1804060 261
1804070 261
1804080 260
1804090 259
1804100 259
1804110 258
1804120 258
1804130 258
1804140 257
1804150 257
1804160 257
1804170 257
1804180 257
1804190 257
1804200 257
1804210 256
1804220 256
1804230 256
1804240 257
1804250 257
1804260 257
1804270 257
1804280 257
1804290 257
1804300 257
1804310 257
1804320 257
1804330 257
1804340 258
1804350 258
1804360 258
1804370 258
1804380 259
1804390 259
1804400 259
1804410 260
1804420 260
1804430 260
1804440 261
1804450 261
1804460 262
1804470 262
1804480 263
1804490 264
1804500 264
1804510 265
1804520 266
1804530 267
1804540 268
1804550 268
1804560 269
1804570 270
1804580 271
1804590 271
1804600 272
1804610 273
1804620 273
1804630 274
1804640 274
1804650 275
1804660 275
1804670 276
1804680 276
1804690 277
1804700 277
1804710 278
1804720 278
1804730 279
1804740 280
1804750 280
1804760 281
1804770 282
1804780 284
1804790 286
1804800 287
1804810 288
1804820 289
1804830 289
1804840 290
1804850 291
1804860 292
1804870 293
1804880 294
1804890 295
1804900 295
1804910 296
1804920 297
1804930 298
1804940 299
1804950 300
1804960 301
1804970 302
1804980 303
1804990 305
1805000 307
1805010 309
1805020 309
1805030 310
1805040 310
1805050 310
1805060 311
1805070 311
1805080 312
1805090 312
1805100 312
1805110 312
1805120 313
1805130 313
1805140 313
1805150 314
1805160 314
1805170 314
1805180 314
1805190 315
1805200 315
1805210 315
1805220 316
1805230 316
1805240 316
1805250 316
1805260 316
1805270 316
1805280 316
1805290 317
1805300 317
1805310 317
1805320 317
1805330 317
1805340 317
1805350 318
1805360 318
1805370 318
1805380 319
1805390 319
1805400 319
1805410 320
1805420 320
1805430 321
1805440 321
1805450 322
1805460 322
1805470 323
1805480 323
1805490 324
1805500 324
1805510 324
1805520 325
1805530 325
1805540 325
1805550 325
1805560 325
1805570 325
1805580 325
1805590 326
1805600 326
1805610 327
1805620 327
1805630 328
1805640 328
1805650 328
1805660 329
1805670 329
1805680 329
1805690 330
1805700 330
1805710 330
1805720 331
1805730 331
1805740 331
1805750 331
1805760 331
1805770 331
1805780 331
1805790 330
1805800 330
1805810 329
1805820 328
1805830 327
1805840 326
1805850 324
1805860 323
1805870 322
1805880 320
1805890 319
1805900 318
1805910 317
1805920 316
1805930 315
1805940 314
1805950 313
1805960 312
1805970 311
1805980 310
1805990 308
1806000 307
1806010 306
1806020 305
1806030 303
1806040 301
1806050 299
1806060 298
1806070 297
1806080 296
1806090 296
1806100 295
1806110 295
1806120 295
1806130 297
1806140 299
1806150 299
1806160 298
1806170 298
1806180 298
1806190 297
1806200 295
1806210 292
1806220 293
1806230 295
1806240 298
1806250 298
1806260 298
1806270 298
1806280 298
1806290 298
1806300 298
1806310 297
1806320 297
1806330 297
1806340 297
1806350 297
1806360 297
1806370 296
1806380 296
1806390 296
1806400 296
1806410 296
1806420 295
1806430 294
1806440 294
1806450 294
1806460 294
1806470 293
1806480 293
1806490 293
1806500 293
1806510 292
1806520 292
1806530 291
1806540 291
1806550 291
1806560 290
1806570 290
1806580 289
1806590 289
1806600 288
1806610 288
1806620 287
1806630 287
1806640 287
1806650 287
1806660 286
1806670 286
1806680 286
1806690 285
1806700 285
1806710 284
1806720 283
1806730 283
1806740 282
1806750 281
1806760 281
1806770 280
1806780 279
1806790 278
1806800 278
1806810 277
1806820 276
1806830 275
1806840 274
1806850 274
1806860 273
1806870 272
1806880 271
1806890 271
1806900 270
1806910 269
1806920 268
1806930 267
1806940 266
1806950 265
1806960 264
1806970 264
1806980 263
1806990 262
1807000 262
1807010 261
1807020 260
1807030 259
1807040 259
1807050 258
1807060 257
1807070 257
1807080 256
1807090 255
1807100 255
1807110 254
1807120 254
1807130 253
1807140 253
1807150 253
1807160 253
1807170 254
1807180 254
1807190 255
1807200 255
1807210 256
1807220 257
1807230 258
1807240 259
1807250 260
1807260 261
1807270 262
1807280 263
1807290 263
1807300 263
1807310 263
1807320 263
1807330 262
1807340 262
1807350 262
1807360 261
1807370 261
1807380 261
1807390 260
1807400 260
1807410 260
1807420 259
1807430 259
1807440 259
1807450 258
1807460 258
1807470 258
1807480 257
1807490 257
1807500 257
1807510 257
1807520 257
1807530 256
1807540 256
1807550 256
1807560 256
1807570 256
1807580 255
1807590 255
1807600 255
1807610 254
1807620 254
1807630 253
1807640 253
1807650 252
1807660 252
1807670 252
1807680 252
1807690 252
1807700 251
1807710 251
1807720 250
1807730 250
1807740 250
1807750 249
1807760 249
1807770 248
1807780 247
1807790 247
1807800 246
1807810 246
1807820 245
1807830 245
1807840 244
1807850 244
1807860 243
1807870 243
1807880 243
1807890 242
1807900 242
1807910 242
1807920 242
1807930 241
1807940 241
1807950 241
1807960 240
1807970 240
1807980 240
1807990 240
1808000 240
1808010 240
1808020 240
1808030 240
1808040 240
1808050 240
1808060 239
1808070 239
1808080 239
1808090 239
1808100 239
1808110 239
1808120 239
1808130 239
1808140 240
1808150 240
1808160 240
1808170 240
1808180 240
1808190 240
1808200 240
1808210 241
1808220 241
1808230 242
1808240 242
1808250 243
1808260 244
1808270 244
1808280 245
1808290 246
1808300 247
1808310 248
1808320 249
1808330 249
1808340 250
1808350 251
1808360 251
1808370 252
1808380 252
1808390 253
1808400 253
1808410 253
1808420 253
1808430 253
1808440 253
1808450 253
1808460 253
1808470 253
1808480 253
1808490 253
1808500 253
1808510 252
1808520 252
1808530 252
1808540 252
1808550 251
1808560 251
1808570 251
1808580 251
1808590 250
1808600 250
1808610 250
1808620 249
1808630 249
1808640 248
1808650 247
1808660 247
1808670 247
1808680 247
1808690 247
1808700 247
1808710 247
1808720 247
1808730 247
1808740 246
1808750 246
1808760 246
1808770 245
1808780 245
1808790 245
1808800 244
1808810 244
1808820 244
1808830 243
1808840 243
1808850 243
1808860 242
1808870 242
1808880 242
1808890 241
1808900 241
1808910 241
1808920 241
1808930 240
1808940 239
1808950 237
1808960 235
1808970 235
1808980 236
1808990 237
1809000 237
1809010 237
1809020 236
1809030 236
1809040 236
1809050 235
1809060 235
1809070 234
1809080 234
1809090 233
1809100 233
1809110 233
1809120 232
1809130 232
1809140 232
1809150 231
1809160 231
1809170 231
1809180 230
1809190 230
1809200 230
1809210 230
1809220 230
1809230 230
1809240 230
1809250 230
1809260 229
1809270 229
1809280 229
1809290 229
1809300 229
1809310 229
1809320 229
1809330 229
1809340 229
1809350 230
1809360 229
1809370 229
1809380 230
1809390 230
1809400 230
1809410 230
1809420 230
1809430 230
1809440 230
1809450 230
1809460 230
1809470 231
1809480 231
1809490 231
1809500 231
1809510 231
1809520 231
1809530 231
1809540 232
1809550 232
1809560 232
1809570 232
1809580 232
1809590 232
1809600 232
1809610 232
1809620 232
1809630 232
1809640 232
1809650 232
1809660 232
1809670 232
1809680 232
1809690 232
1809700 232
1809710 232
1809720 232
1809730 232
1809740 232
1809750 232
1809760 232
1809770 232
1809780 232
1809790 233
1809800 233
1809810 233
1809820 233
1809830 233
1809840 233
1809850 233
1809860 233
1809870 233
1809880 233
1809890 233
1809900 233
1809910 233
1809920 233
1809930 233
1809940 233
1809950 233
1809960 233
1809970 234
1809980 234
1809990 234
1810000 234
1810010 234
1810020 234
1810030 234
1810040 234
1810050 234
1810060 234
1810070 235
1810080 235
1810090 235
1810100 236
1810110 236
1810120 236
1810130 237
1810140 237
1810150 238
1810160 238
1810170 239
1810180 239
1810190 239
1810200 240
1810210 240
1810220 241
1810230 241
1810240 241
1810250 242
1810260 242
1810270 242
1810280 242
1810290 243
1810300 244
1810310 244
1810320 245
1810330 245
1810340 245
1810350 245
1810360 245
1810370 245
1810380 245
1810390 245
1810400 246
1810410 246
1810420 246
1810430 246
1810440 246
1810450 246
1810460 247
1810470 247
1810480 247
1810490 247
1810500 247
1810510 248
1810520 248
1810530 248
1810540 248
1810550 248
1810560 248
1810570 248
1810580 248
1810590 248
1810600 247
1810610 247
1810620 247
1810630 246
1810640 246
1810650 246
1810660 245
1810670 245
1810680 245
1810690 244
1810700 244
1810710 244
1810720 243
1810730 243
1810740 243
1810750 243
1810760 242
1810770 242
1810780 242
1810790 242
1810800 242
1810810 242
1810820 242
1810830 242
1810840 242
1810850 243
1810860 243
1810870 243
1810880 243
1810890 243
1810900 243
1810910 243
1810920 243
1810930 244
1810940 244
1810950 245
1810960 245
1810970 246
1810980 247
1810990 248
1811000 249
1811010 250
1811020 250
1811030 251
1811040 252
1811050 253
1811060 253
1811070 254
1811080 254
1811090 255
1811100 255
1811110 256
1811120 256
1811130 257
1811140 257
1811150 257
1811160 257
1811170 257
1811180 258
1811190 258
1811200 258
1811210 258
1811220 258
1811230 258
1811240 258
1811250 258
1811260 259
1811270 259
1811280 259
1811290 260
1811300 260
1811310 260
1811320 260
1811330 261
1811340 261
1811350 261
1811360 261
1811370 261
1811380 261
1811390 261
1811400 261
1811410 261
1811420 261
1811430 261
1811440 261
1811450 261
1811460 261
1811470 261
1811480 261
1811490 261
1811500 261
1811510 262
1811520 262
1811530 262
1811540 262
1811550 262
1811560 263
1811570 263
1811580 263
1811590 264
1811600 264
1811610 265
1811620 265
1811630 265
1811640 266
1811650 266
1811660 266
1811670 267
1811680 267
1811690 267
1811700 267
1811710 267
1811720 267
1811730 267
1811740 267
1811750 268
1811760 268
1811770 268
1811780 268
1811790 268
1811800 268
1811810 268
1811820 268
1811830 269
1811840 269
1811850 269
1811860 269
1811870 269
1811880 270
1811890 270
1811900 270
1811910 271
1811920 271
1811930 272
1811940 272
1811950 273
1811960 274
1811970 274
1811980 275
1811990 276
1812000 276
1812010 277
1812020 278
1812030 279
1812040 279
1812050 280
1812060 281
1812070 281
1812080 282
1812090 283
1812100 283
1812110 284
1812120 285
1812130 286
1812140 287
1812150 287
1812160 288
1812170 289
1812180 290
1812190 291
1812200 292
1812210 293
1812220 294
1812230 294
1812240 295
1812250 296
1812260 297
1812270 298
1812280 299
1812290 299
1812300 300
1812310 301
1812320 302
1812330 303
1812340 303
1812350 304
1812360 305
1812370 306
1812380 306
1812390 307
1812400 308
1812410 308
1812420 309
1812430 309
1812440 310
1812450 310
1812460 311
1812470 311
1812480 311
1812490 311
1812500 312
1812510 312
1812520 312
1812530 312
1812540 312
1812550 312
1812560 312
1812570 312
1812580 312
1812590 312
1812600 312
1812610 311
1812620 311
1812630 311
1812640 311
1812650 311
1812660 310
1812670 310
1812680 309
1812690 309
1812700 308
1812710 308
1812720 307
1812730 307
1812740 306
1812750 305
1812760 305
1812770 304
1812780 303
1812790 302
1812800 302
1812810 301
1812820 300
1812830 299
1812840 298
1812850 297
1812860 296
1812870 295
1812880 293
1812890 292
1812900 291
1812910 290
1812920 289
1812930 287
1812940 286
1812950 285
1812960 284
1812970 282
1812980 281
1812990 280
1813000 278
1813010 276
1813020 275
1813030 273
1813040 274
1813050 274
1813060 275
1813070 275
1813080 275
1813090 275
1813100 275
1813110 275
1813120 274
1813130 274
1813140 273
1813150 273
1813160 272
1813170 271
1813180 270
1813190 269
1813200 269
1813210 268
1813220 267
1813230 266
1813240 266
1813250 265
1813260 265
1813270 265
1813280 264
1813290 264
1813300 264
1813310 264
1813320 264
1813330 264
1813340 263
1813350 263
1813360 262
1813370 261
1813380 261
1813390 260
1813400 260
1813410 259
1813420 259
1813430 258
1813440 258
1813450 258
1813460 257
1813470 257
1813480 257
1813490 256
1813500 256
1813510 256
1813520 256
1813530 255
1813540 255
1813550 255
1813560 255
1813570 254
1813580 254
1813590 254
1813600 253
1813610 253
1813620 253
1813630 253
1813640 252
1813650 252
1813660 252
1813670 252
1813680 252
1813690 252
1813700 252
1813710 252
1813720 253
1813730 253
1813740 254
1813750 255
1813760 256
1813770 257
1813780 258
1813790 259
1813800 260
1813810 260
1813820 261
1813830 261
1813840 261
1813850 261
1813860 261
1813870 260
1813880 260
1813890 260
1813900 260
1813910 259
1813920 259
1813930 259
1813940 259
1813950 258
1813960 258
1813970 258
1813980 258
1813990 257
1814000 257
1814010 257
1814020 257
1814030 256
1814040 256
1814050 256
1814060 256
1814070 255
1814080 255
1814090 255
1814100 254
1814110 254
1814120 254
1814130 254
1814140 253
1814150 253
1814160 252
1814170 252
1814180 252
1814190 251
1814200 251
1814210 251
1814220 250
1814230 250
1814240 249
1814250 249
1814260 248
1814270 247
1814280 247
1814290 246
1814300 245
1814310 245
1814320 244
1814330 244
1814340 243
1814350 243
1814360 242
1814370 242
1814380 241
1814390 241
1814400 241
1814410 240
1814420 240
1814430 240
1814440 240
1814450 239
1814460 239
1814470 239
1814480 239
1814490 239
1814500 238
1814510 238
1814520 238
1814530 238
1814540 238
1814550 238
1814560 238
1814570 238
1814580 238
1814590 237
1814600 237
1814610 237
1814620 237
1814630 238
1814640 238
1814650 238
1814660 238
1814670 238
1814680 238
1814690 238
1814700 238
1814710 238
1814720 238
1814730 238
1814740 238
1814750 239
1814760 239
1814770 239
1814780 239
1814790 239
1814800 240
1814810 240
1814820 240
1814830 240
1814840 240
1814850 240
1814860 240
1814870 240
1814880 241
1814890 241
1814900 241
1814910 242
1814920 243
1814930 244
1814940 245
1814950 246
1814960 247
1814970 248
1814980 248
1814990 249
1815000 250
1815010 251
1815020 251
1815030 252
1815040 253
1815050 254
1815060 255
1815070 256
1815080 258
1815090 259
1815100 260
1815110 260
1815120 260
1815130 260
1815140 259
1815150 259
1815160 258
1815170 258
1815180 257
1815190 257
1815200 256
1815210 256
1815220 255
1815230 255
1815240 254
1815250 254
1815260 253
1815270 253
1815280 253
1815290 252
1815300 252
1815310 252
1815320 251
1815330 251
1815340 250
1815350 250
1815360 249
1815370 249
1815380 248
1815390 248
1815400 247
1815410 247
1815420 246
1815430 246
1815440 245
1815450 245
1815460 244
1815470 244
1815480 243
1815490 243
1815500 242
1815510 242
1815520 241
1815530 241
1815540 240
1815550 240
1815560 240
1815570 239
1815580 239
1815590 238
1815600 238
1815610 238
1815620 237
1815630 237
1815640 237
1815650 237
1815660 237
1815670 237
1815680 237
1815690 237
1815700 237
1815710 237
1815720 237
1815730 237
1815740 237
1815750 237
1815760 237
1815770 237
1815780 237
1815790 237
1815800 237
1815810 237
1815820 237
1815830 237
1815840 237
1815850 237
1815860 238
1815870 238
1815880 238
1815890 238
1815900 238
1815910 238
1815920 238
1815930 239
1815940 239
1815950 239
1815960 239
1815970 239
1815980 240
1815990 240
1816000 240
1816010 240
1816020 240
1816030 240
1816040 240
1816050 240
1816060 240
1816070 241
1816080 241
1816090 241
1816100 241
1816110 241
1816120 241
1816130 242
1816140 242
1816150 242
1816160 243
1816170 243
1816180 243
1816190 243
1816200 244
1816210 244
1816220 244
1816230 244
1816240 244
1816250 244
1816260 244
1816270 244
1816280 244
1816290 244
1816300 244
1816310 244
1816320 244
1816330 244
1816340 244
1816350 244
1816360 244
1816370 244
1816380 244
1816390 244
1816400 245
1816410 245
1816420 246
1816430 247
1816440 248
1816450 250
1816460 251
1816470 254
1816480 256
1816490 259
1816500 261
1816510 263
1816520 266
1816530 268
1816540 270
1816550 271
1816560 273
1816570 274
1816580 275
1816590 277
1816600 277
1816610 278
1816620 279
1816630 280
1816640 281
1816650 282
1816660 282
1816670 283
1816680 284
1816690 285
1816700 285
1816710 286
1816720 286
1816730 287
1816740 287
1816750 288
1816760 289
1816770 290
1816780 291
1816790 292
1816800 293
1816810 294
1816820 295
1816830 296
1816840 297
1816850 297
1816860 298
1816870 299
1816880 299
1816890 299
1816900 300
1816910 300
1816920 300
1816930 300
1816940 300
1816950 300
1816960 300
1816970 300
1816980 300
1816990 300
1817000 300
1817010 300
1817020 300
1817030 300
1817040 300
1817050 300
1817060 300
1817070 300
1817080 300
1817090 300
1817100 299
1817110 299
1817120 299
1817130 298
1817140 298
1817150 298
1817160 298
1817170 297
1817180 297
1817190 297
1817200 296
1817210 296
1817220 296
1817230 296
1817240 295
1817250 295
1817260 295
1817270 294
1817280 294
1817290 294
1817300 294
1817310 294
1817320 294
1817330 295
1817340 295
1817350 295
1817360 295
1817370 295
1817380 295
1817390 295
1817400 295
1817410 295
1817420 295
1817430 295
1817440 295
1817450 294
1817460 294
1817470 294
1817480 294
1817490 293
1817500 293
1817510 293
1817520 293
1817530 292
1817540 292
1817550 292
1817560 292
1817570 291
1817580 291
1817590 291
1817600 290
1817610 290
1817620 290
1817630 289
1817640 289
1817650 288
1817660 288
1817670 288
1817680 287
1817690 287
1817700 287
1817710 287
1817720 287
1817730 287
1817740 287
1817750 287
1817760 287
1817770 287
1817780 287
1817790 288
1817800 288
1817810 288
1817820 288
1817830 288
1817840 288
1817850 289
1817860 289
1817870 289
1817880 290
1817890 290
1817900 291
1817910 291
1817920 292
1817930 293
1817940 294
1817950 294
1817960 295
1817970 295
1817980 296
1817990 296
1818000 297
1818010 297
1818020 298
1818030 299
1818040 299
1818050 300
1818060 301
1818070 301
1818080 302
1818090 302
1818100 303
1818110 303
1818120 303
1818130 303
1818140 304
1818150 304
1818160 304
1818170 304
1818180 304
1818190 303
1818200 303
1818210 303
1818220 303
1818230 303
1818240 304
1818250 304
1818260 304
1818270 305
1818280 305
1818290 305
1818300 305
1818310 306
1818320 306
1818330 306
1818340 306
1818350 306
1818360 306
1818370 306
1818380 306
1818390 306
1818400 306
1818410 306
1818420 306
1818430 306
1818440 307
1818450 307
1818460 307
1818470 308
1818480 308
1818490 309
1818500 309
1818510 309
1818520 310
1818530 310
1818540 310
1818550 310
1818560 311
1818570 311
1818580 311
1818590 311
1818600 311
1818610 311
1818620 311
1818630 311
1818640 311
1818650 310
1818660 310
1818670 310
1818680 310
1818690 310
1818700 310
1818710 310
1818720 309
1818730 309
1818740 309
1818750 309
1818760 308
1818770 308
1818780 308
1818790 308
1818800 307
1818810 307
1818820 306
1818830 306
1818840 306
1818850 305
1818860 305
1818870 304
1818880 303
1818890 303
1818900 302
1818910 301
1818920 301
1818930 300
1818940 300
1818950 299
1818960 298
1818970 298
1818980 297
1818990 297
1819000 296
1819010 296
1819020 295
1819030 294
1819040 294
1819050 293
1819060 293
1819070 293
1819080 292
1819090 292
1819100 293
1819110 293
1819120 293
1819130 294
1819140 294
1819150 295
1819160 295
1819170 296
1819180 297
1819190 299
1819200 300
1819210 302
1819220 304
1819230 305
1819240 306
1819250 308
1819260 309
1819270 310
1819280 312
1819290 313
1819300 314
1819310 315
1819320 316
1819330 318
1819340 319
1819350 320
1819360 320
1819370 321
1819380 322
1819390 323
1819400 323
1819410 324
1819420 325
1819430 325
1819440 326
1819450 327
1819460 327
1819470 327
1819480 328
1819490 328
1819500 328
1819510 328
1819520 328
1819530 328
1819540 328
1819550 328
1819560 328
1819570 328
1819580 328
1819590 328
1819600 328
1819610 328
1819620 328
1819630 328
1819640 328
1819650 328
1819660 328
1819670 328
1819680 329
1819690 329
1819700 329
1819710 329
1819720 329
1819730 329
1819740 329
1819750 329
1819760 329
1819770 329
1819780 329
1819790 329
1819800 329
1819810 330
1819820 330
1819830 330
1819840 330
1819850 330
1819860 330
1819870 330
1819880 329
1819890 329
1819900 329
1819910 328
1819920 328
1819930 327
1819940 327
1819950 327
1819960 326
1819970 325
1819980 324
1819990 323
