1800000 325
1800010 324
1800020 324
1800030 323
1800040 321
1800050 319
1800060 317
1800070 315
1800080 313
1800090 311
1800100 310
1800110 309
1800120 309
1800130 308
1800140 308
1800150 308
1800160 308
1800170 307
1800180 307
1800190 306
1800200 306
1800210 305
1800220 304
1800230 303
1800240 302
1800250 301
1800260 300
1800270 299
1800280 298
1800290 297
1800300 296
1800310 295
1800320 293
1800330 292
1800340 290
1800350 289
1800360 288
1800370 287
1800380 286
1800390 284
1800400 283
1800410 283
1800420 282
1800430 282
1800440 282
1800450 281
1800460 281
1800470 281
1800480 281
1800490 281
1800500 280
1800510 280
1800520 280
1800530 279
1800540 279
1800550 278
1800560 278
1800570 277
1800580 277
1800590 277
1800600 276
1800610 276
1800620 275
1800630 275
1800640 275
1800650 275
1800660 275
1800670 274
1800680 274
1800690 275
1800700 275
1800710 275
1800720 275
1800730 275
1800740 276
1800750 276
1800760 276
1800770 275
1800780 275
1800790 274
1800800 273
1800810 272
1800820 271
1800830 270
1800840 270
1800850 269
1800860 268
1800870 268
1800880 268
1800890 268
1800900 268
1800910 268
1800920 268
1800930 267
1800940 267
1800950 267
1800960 266
1800970 266
1800980 265
1800990 265
1801000 265
1801010 265
1801020 265
1801030 265
1801040 265
1801050 265
1801060 265
1801070 266
1801080 266
1801090 266
1801100 267
1801110 267
1801120 268
1801130 269
1801140 270
1801150 270
1801160 271
1801170 272
1801180 272
1801190 273
1801200 273
1801210 274
1801220 274
1801230 275
1801240 275
1801250 276
1801260 276
1801270 277
1801280 277
1801290 278
1801300 279
1801310 279
1801320 280
1801330 281
1801340 281
1801350 282
1801360 283
1801370 283
1801380 284
1801390 285
1801400 285
1801410 286
1801420 287
1801430 287
1801440 288
1801450 288
1801460 289
1801470 289
1801480 290
1801490 290
1801500 291
1801510 291
1801520 292
1801530 292
1801540 292
1801550 293
1801560 293
1801570 294
1801580 294
1801590 294
1801600 294
1801610 294
1801620 294
1801630 294
1801640 294
1801650 294
1801660 294
1801670 294
1801680 294
1801690 294
1801700 294
1801710 295
1801720 295
1801730 296
1801740 296
1801750 297
1801760 297
1801770 298
1801780 299
1801790 299
1801800 300
1801810 301
1801820 301
1801830 302
1801840 302
1801850 302
1801860 303
1801870 303
1801880 304
1801890 304
1801900 304
1801910 305
1801920 305
1801930 306
1801940 306
1801950 306
1801960 306
1801970 306
1801980 307
1801990 307
1802000 307
1802010 307
1802020 308
1802030 308
1802040 308
1802050 308
1802060 308
1802070 308
1802080 309
1802090 309
1802100 309
1802110 309
1802120 309
1802130 309
1802140 309
1802150 310
1802160 310
1802170 310
1802180 310
1802190 310
1802200 310
1802210 310
1802220 309
1802230 309
1802240 309
1802250 309
1802260 309
1802270 309
1802280 309
1802290 309
1802300 309
1802310 309
1802320 309
1802330 310
1802340 310
1802350 310
1802360 311
1802370 311
1802380 311
1802390 311
1802400 311
1802410 311
1802420 311
1802430 311
1802440 311
1802450 311
1802460 311
1802470 310
1802480 310
1802490 310
1802500 309
1802510 309
1802520 308
1802530 308
1802540 307
1802550 306
1802560 306
1802570 305
1802580 304
1802590 304
1802600 304
1802610 304
1802620 304
1802630 304
1802640 304
1802650 305
1802660 305
1802670 305
1802680 306
1802690 306
1802700 306
1802710 307
1802720 307
1802730 307
1802740 308
1802750 308
1802760 309
1802770 309
1802780 309
1802790 309
1802800 309
1802810 309
1802820 309
1802830 308
1802840 308
1802850 308
1802860 307
1802870 307
1802880 307
1802890 307
1802900 307
1802910 307
1802920 308
1802930 308
1802940 309
1802950 309
1802960 310
1802970 310
1802980 311
1802990 311
1803000 312
1803010 312
1803020 313
1803030 313
1803040 313
1803050 313
1803060 313
1803070 313
1803080 313
1803090 313
1803100 313
1803110 313
1803120 313
1803130 313
1803140 312
1803150 312
1803160 312
1803170 312
1803180 312
1803190 311
1803200 311
1803210 311
1803220 311
1803230 311
1803240 310
1803250 310
1803260 310
1803270 310
1803280 309
1803290 309
1803300 309
1803310 309
1803320 309
1803330 308
1803340 308
1803350 308
1803360 307
1803370 307
1803380 307
1803390 307
1803400 307
1803410 307
1803420 306
1803430 306
1803440 306
1803450 306
1803460 305
1803470 305
1803480 305
1803490 304
1803500 304
1803510 304
1803520 303
1803530 303
1803540 303
1803550 303
1803560 302
1803570 302
1803580 302
1803590 302
1803600 302
1803610 302
1803620 301
1803630 301
1803640 301
1803650 301
1803660 301
1803670 300
1803680 300
1803690 300
1803700 300
1803710 299
1803720 299
1803730 299
1803740 299
1803750 299
1803760 298
1803770 298
1803780 298
1803790 298
1803800 298
1803810 297
1803820 296
1803830 296
1803840 295
1803850 295
1803860 295
1803870 294
1803880 294
1803890 293
1803900 293
1803910 293
1803920 292
1803930 292
1803940 292
1803950 291
1803960 291
1803970 290
1803980 290
1803990 290
1804000 289
1804010 289
1804020 289
1804030 288
1804040 288
1804050 288
1804060 287
1804070 287
1804080 287
1804090 287
1804100 287
1804110 286
1804120 286
1804130 286
1804140 286
1804150 285
1804160 285
1804170 285
1804180 285
1804190 284
1804200 284
1804210 284
1804220 283
1804230 283
1804240 283
1804250 282
1804260 282
1804270 282
1804280 281
1804290 281
1804300 281
1804310 281
1804320 280
1804330 280
1804340 280
1804350 279
1804360 279
1804370 279
1804380 278
1804390 278
1804400 277
1804410 277
1804420 277
1804430 276
1804440 276
1804450 276
1804460 276
1804470 276
1804480 276
1804490 276
1804500 276
1804510 276
1804520 277
1804530 277
1804540 277
1804550 278
1804560 278
1804570 278
1804580 279
1804590 279
1804600 280
1804610 281
1804620 282
1804630 283
1804640 284
1804650 285
1804660 286
1804670 287
1804680 289
1804690 290
1804700 291
1804710 292
1804720 293
1804730 294
1804740 295
1804750 296
1804760 297
1804770 298
1804780 299
1804790 300
1804800 301
1804810 302
1804820 303
1804830 304
1804840 305
1804850 306
1804860 306
1804870 307
1804880 308
1804890 308
1804900 309
1804910 309
1804920 309
1804930 310
1804940 310
1804950 310
1804960 310
1804970 311
1804980 311
1804990 311
1805000 312
1805010 312
1805020 312
1805030 313
1805040 313
1805050 313
1805060 313
1805070 313
1805080 313
1805090 313
1805100 313
1805110 313
1805120 313
1805130 314
1805140 314
1805150 314
1805160 315
1805170 316
1805180 316
1805190 317
1805200 318
1805210 318
1805220 319
1805230 319
1805240 319
1805250 319
1805260 319
1805270 319
1805280 319
1805290 319
1805300 319
1805310 319
1805320 319
1805330 319
1805340 320
1805350 320
1805360 320
1805370 320
1805380 321
1805390 321
1805400 321
1805410 321
1805420 322
1805430 322
1805440 322
1805450 322
1805460 323
1805470 323
1805480 323
1805490 323
1805500 323
1805510 324
1805520 324
1805530 324
1805540 325
1805550 325
1805560 325
1805570 326
1805580 326
1805590 326
1805600 325
1805610 325
1805620 325
1805630 325
1805640 324
1805650 324
1805660 324
1805670 323
1805680 323
1805690 323
1805700 322
1805710 322
1805720 321
1805730 321
1805740 320
1805750 319
1805760 319
1805770 319
1805780 318
1805790 317
1805800 317
1805810 317
1805820 316
1805830 316
1805840 316
1805850 315
1805860 314
1805870 314
1805880 314
1805890 313
1805900 313
1805910 312
1805920 312
1805930 311
1805940 311
1805950 310
1805960 309
1805970 309
1805980 308
1805990 308
1806000 307
1806010 307
1806020 306
1806030 305
1806040 305
1806050 304
1806060 303
1806070 303
1806080 302
1806090 301
1806100 301
1806110 300
1806120 299
1806130 298
1806140 298
1806150 297
1806160 296
1806170 295
1806180 295
1806190 294
1806200 293
1806210 292
1806220 292
1806230 291
1806240 291
1806250 291
1806260 291
1806270 292
1806280 293
1806290 294
1806300 295
1806310 296
1806320 296
1806330 297
1806340 297
1806350 297
1806360 297
1806370 297
1806380 297
1806390 297
1806400 297
1806410 297
1806420 297
1806430 297
1806440 296
1806450 296
1806460 296
1806470 296
1806480 295
1806490 295
1806500 295
1806510 294
1806520 294
1806530 294
1806540 293
1806550 293
1806560 293
1806570 293
1806580 293
1806590 292
1806600 292
1806610 292
1806620 291
1806630 291
1806640 291
1806650 290
1806660 290
1806670 289
1806680 289
1806690 288
1806700 288
1806710 287
1806720 287
1806730 286
1806740 286
1806750 284
1806760 283
1806770 282
1806780 282
1806790 282
1806800 282
1806810 283
1806820 283
1806830 284
1806840 285
1806850 286
1806860 288
1806870 290
1806880 291
1806890 292
1806900 293
1806910 294
1806920 295
1806930 296
1806940 297
1806950 298
1806960 299
1806970 300
1806980 301
1806990 302
1807000 302
1807010 303
1807020 304
1807030 304
1807040 305
1807050 306
1807060 307
1807070 307
1807080 308
1807090 309
1807100 310
1807110 311
1807120 311
1807130 312
1807140 313
1807150 314
1807160 315
1807170 316
1807180 317
1807190 318
1807200 318
1807210 319
1807220 319
1807230 320
1807240 320
1807250 321
1807260 322
1807270 323
1807280 324
1807290 326
1807300 327
1807310 328
1807320 329
1807330 330
1807340 330
1807350 331
1807360 331
1807370 332
1807380 332
1807390 332
1807400 332
1807410 331
1807420 331
1807430 330
1807440 330
1807450 329
1807460 329
1807470 328
1807480 328
1807490 327
1807500 326
1807510 326
1807520 325
1807530 324
1807540 324
1807550 323
1807560 323
1807570 323
1807580 322
1807590 322
1807600 322
1807610 321
1807620 321
1807630 320
1807640 320
1807650 320
1807660 320
1807670 319
1807680 319
1807690 319
1807700 318
1807710 318
1807720 318
1807730 317
1807740 317
1807750 316
1807760 316
1807770 315
1807780 315
1807790 315
1807800 314
1807810 313
1807820 313
1807830 312
1807840 312
1807850 311
1807860 311
1807870 310
1807880 310
1807890 309
1807900 309
1807910 308
1807920 308
1807930 308
1807940 308
1807950 307
1807960 307
1807970 307
1807980 306
1807990 306
1808000 306
1808010 306
1808020 305
1808030 305
1808040 305
1808050 305
1808060 305
1808070 304
1808080 304
1808090 304
1808100 304
1808110 304
1808120 304
1808130 304
1808140 304
1808150 304
1808160 304
1808170 304
1808180 304
1808190 303
1808200 303
1808210 303
1808220 303
1808230 303
1808240 303
1808250 303
1808260 303
1808270 303
1808280 303
1808290 302
1808300 302
1808310 302
1808320 302
1808330 302
1808340 302
1808350 302
1808360 302
1808370 302
1808380 302
1808390 302
1808400 302
1808410 302
1808420 301
1808430 301
1808440 301
1808450 300
1808460 300
1808470 300
1808480 300
1808490 299
1808500 299
1808510 299
1808520 299
1808530 298
1808540 298
1808550 298
1808560 298
1808570 297
1808580 297
1808590 297
1808600 297
1808610 297
1808620 296
1808630 296
1808640 296
1808650 296
1808660 296
1808670 295
1808680 295
1808690 295
1808700 295
1808710 295
1808720 295
1808730 294
1808740 294
1808750 294
1808760 294
1808770 294
1808780 293
1808790 293
1808800 293
1808810 292
1808820 292
1808830 292
1808840 291
1808850 291
1808860 290
1808870 290
1808880 290
1808890 289
1808900 289
1808910 288
1808920 288
1808930 287
1808940 287
1808950 286
1808960 286
1808970 286
1808980 285
1808990 285
1809000 284
1809010 283
1809020 282
1809030 282
1809040 281
1809050 280
1809060 280
1809070 279
1809080 278
1809090 278
1809100 278
1809110 277
1809120 277
1809130 277
1809140 277
1809150 276
1809160 276
1809170 276
1809180 276
1809190 276
1809200 276
1809210 276
1809220 276
1809230 276
1809240 276
1809250 276
1809260 276
1809270 276
1809280 276
1809290 276
1809300 275
1809310 275
1809320 275
1809330 275
1809340 275
1809350 275
1809360 275
1809370 275
1809380 275
1809390 275
1809400 275
1809410 275
1809420 275
1809430 275
1809440 275
1809450 275
1809460 275
1809470 275
1809480 275
1809490 276
1809500 276
1809510 277
1809520 277
1809530 278
1809540 279
1809550 280
1809560 280
1809570 280
1809580 281
1809590 281
1809600 282
1809610 282
1809620 282
1809630 283
1809640 283
1809650 283
1809660 283
1809670 283
1809680 284
1809690 284
1809700 284
1809710 284
1809720 285
1809730 285
1809740 285
1809750 285
1809760 285
1809770 286
1809780 286
1809790 286
1809800 286
1809810 287
1809820 287
1809830 287
1809840 287
1809850 287
1809860 287
1809870 287
1809880 287
1809890 287
1809900 287
1809910 287
1809920 287
1809930 287
1809940 287
1809950 287
1809960 287
1809970 286
1809980 286
1809990 285
1810000 285
1810010 284
1810020 283
1810030 283
1810040 282
1810050 282
1810060 282
1810070 281
1810080 281
1810090 281
1810100 281
1810110 281
1810120 281
1810130 281
1810140 281
1810150 281
1810160 282
1810170 283
1810180 284
1810190 285
1810200 286
1810210 287
1810220 289
1810230 290
1810240 290
1810250 291
1810260 292
1810270 294
1810280 296
1810290 296
1810300 297
1810310 297
1810320 299
1810330 300
1810340 302
1810350 303
1810360 303
1810370 304
1810380 305
1810390 305
1810400 306
1810410 306
1810420 307
1810430 307
1810440 307
1810450 308
1810460 308
1810470 308
1810480 309
1810490 309
1810500 309
1810510 309
1810520 309
1810530 310
1810540 310
1810550 310
1810560 309
1810570 309
1810580 309
1810590 309
1810600 309
1810610 309
1810620 308
1810630 308
1810640 308
1810650 308
1810660 307
1810670 307
1810680 306
1810690 306
1810700 305
1810710 305
1810720 304
1810730 303
1810740 303
1810750 302
1810760 302
1810770 301
1810780 301
1810790 301
1810800 301
1810810 302
1810820 303
1810830 303
1810840 304
1810850 305
1810860 306
1810870 306
1810880 307
1810890 308
1810900 309
1810910 309
1810920 310
1810930 311
1810940 311
1810950 312
1810960 313
1810970 313
1810980 314
1810990 314
1811000 315
1811010 315
1811020 316
1811030 317
1811040 317
1811050 318
1811060 318
1811070 319
1811080 319
1811090 320
1811100 320
1811110 321
1811120 321
1811130 322
1811140 322
1811150 323
1811160 323
1811170 323
1811180 323
1811190 323
1811200 324
1811210 324
1811220 324
1811230 324
1811240 324
1811250 324
1811260 324
1811270 324
1811280 323
1811290 323
1811300 323
1811310 322
1811320 322
1811330 322
1811340 321
1811350 321
1811360 320
1811370 320
1811380 320
1811390 319
1811400 319
1811410 319
1811420 318
1811430 318
1811440 318
1811450 318
1811460 318
1811470 319
1811480 319
1811490 319
1811500 320
1811510 321
1811520 321
1811530 321
1811540 322
1811550 322
1811560 322
1811570 323
1811580 323
1811590 323
1811600 323
1811610 323
1811620 323
1811630 323
1811640 323
1811650 323
1811660 322
1811670 322
1811680 322
1811690 321
1811700 321
1811710 321
1811720 320
1811730 320
1811740 320
1811750 319
1811760 318
1811770 318
1811780 317
1811790 316
1811800 316
1811810 315
1811820 314
1811830 313
1811840 312
1811850 311
1811860 310
1811870 309
1811880 308
1811890 306
1811900 305
1811910 304
1811920 304
1811930 303
1811940 302
1811950 304
1811960 305
1811970 307
1811980 308
1811990 310
1812000 311
1812010 312
1812020 313
1812030 314
1812040 315
1812050 317
1812060 318
1812070 319
1812080 320
1812090 320
1812100 321
1812110 322
1812120 323
1812130 323
1812140 324
1812150 324
1812160 325
1812170 325
1812180 325
1812190 325
1812200 325
1812210 325
1812220 325
1812230 325
1812240 325
1812250 324
1812260 324
1812270 323
1812280 323
1812290 322
1812300 322
1812310 322
1812320 321
1812330 321
1812340 320
1812350 320
1812360 320
1812370 319
1812380 319
1812390 319
1812400 318
1812410 318
1812420 317
1812430 317
1812440 317
1812450 316
1812460 316
1812470 315
1812480 315
1812490 314
1812500 314
1812510 314
1812520 313
1812530 313
1812540 313
1812550 312
1812560 312
1812570 311
1812580 311
1812590 310
1812600 310
1812610 309
1812620 309
1812630 308
1812640 307
1812650 307
1812660 306
1812670 305
1812680 305
1812690 304
1812700 304
1812710 304
1812720 303
1812730 303
1812740 303
1812750 303
1812760 303
1812770 302
1812780 302
1812790 302
1812800 302
1812810 301
1812820 301
1812830 301
1812840 301
1812850 301
1812860 301
1812870 301
1812880 301
1812890 301
1812900 301
1812910 301
1812920 301
1812930 301
1812940 302
1812950 302
1812960 302
1812970 302
1812980 302
1812990 303
1813000 304
1813010 305
1813020 306
1813030 307
1813040 308
1813050 309
1813060 310
1813070 311
1813080 312
1813090 313
1813100 314
1813110 315
1813120 316
1813130 317
1813140 319
1813150 320
1813160 321
1813170 322
1813180 323
1813190 324
1813200 325
1813210 326
1813220 327
1813230 328
1813240 329
1813250 331
1813260 332
1813270 333
1813280 334
1813290 335
1813300 336
1813310 337
1813320 338
1813330 340
1813340 341
1813350 343
1813360 345
1813370 346
1813380 348
1813390 349
1813400 350
1813410 351
1813420 351
1813430 352
1813440 352
1813450 352
1813460 352
1813470 351
1813480 349
1813490 347
1813500 345
1813510 342
1813520 340
1813530 338
1813540 337
1813550 335
1813560 334
1813570 333
1813580 332
1813590 331
1813600 330
1813610 330
1813620 329
1813630 329
1813640 328
1813650 328
1813660 328
1813670 327
1813680 327
1813690 327
1813700 327
1813710 326
1813720 326
1813730 326
1813740 325
1813750 325
1813760 325
1813770 326
1813780 326
1813790 327
1813800 329
1813810 330
1813820 330
1813830 331
1813840 331
1813850 331
1813860 331
1813870 331
1813880 330
1813890 330
1813900 330
1813910 330
1813920 330
1813930 331
1813940 331
1813950 331
1813960 332
1813970 333
1813980 334
1813990 335
1814000 336
1814010 337
1814020 339
1814030 341
1814040 342
1814050 344
1814060 346
1814070 347
1814080 349
1814090 350
1814100 352
1814110 353
1814120 353
1814130 354
1814140 353
1814150 353
1814160 351
1814170 349
1814180 347
1814190 345
1814200 342
1814210 340
1814220 338
1814230 336
1814240 334
1814250 332
1814260 331
1814270 330
1814280 329
1814290 329
1814300 329
1814310 330
1814320 331
1814330 332
1814340 333
1814350 334
1814360 335
1814370 336
1814380 336
1814390 336
1814400 336
1814410 336
1814420 336
1814430 335
1814440 334
1814450 332
1814460 331
1814470 329
1814480 328
1814490 326
1814500 324
1814510 323
1814520 321
1814530 320
1814540 319
1814550 319
1814560 319
1814570 319
1814580 320
1814590 321
1814600 321
1814610 321
1814620 320
1814630 319
1814640 319
1814650 318
1814660 318
1814670 318
1814680 318
1814690 319
1814700 319
1814710 320
1814720 321
1814730 321
1814740 322
1814750 323
1814760 323
1814770 324
1814780 324
1814790 325
1814800 325
1814810 325
1814820 326
1814830 326
1814840 326
1814850 326
1814860 326
1814870 325
1814880 324
1814890 324
1814900 323
1814910 322
1814920 322
1814930 321
1814940 321
1814950 320
1814960 320
1814970 319
1814980 319
1814990 318
1815000 318
1815010 317
1815020 317
1815030 317
1815040 316
1815050 316
1815060 316
1815070 315
1815080 315
1815090 315
1815100 315
1815110 316
1815120 316
1815130 317
1815140 317
1815150 318
1815160 318
1815170 318
1815180 317
1815190 317
1815200 316
1815210 316
1815220 315
1815230 314
1815240 313
1815250 312
1815260 311
1815270 311
1815280 310
1815290 309
1815300 308
1815310 307
1815320 306
1815330 305
1815340 304
1815350 303
1815360 302
1815370 302
1815380 301
1815390 300
1815400 299
1815410 299
1815420 298
1815430 297
1815440 296
1815450 296
1815460 295
1815470 295
1815480 294
1815490 294
1815500 293
1815510 292
1815520 291
1815530 291
1815540 290
1815550 289
1815560 288
1815570 288
1815580 288
1815590 287
1815600 287
1815610 286
1815620 286
1815630 287
1815640 287
1815650 287
1815660 287
1815670 287
1815680 288
1815690 289
1815700 290
1815710 291
1815720 292
1815730 293
1815740 294
1815750 295
1815760 296
1815770 297
1815780 298
1815790 299
1815800 300
1815810 300
1815820 301
1815830 302
1815840 302
1815850 303
1815860 303
1815870 304
1815880 305
1815890 305
1815900 305
1815910 306
1815920 306
1815930 306
1815940 305
1815950 305
1815960 305
1815970 305
1815980 304
1815990 304
1816000 304
1816010 303
1816020 303
1816030 302
1816040 302
1816050 301
1816060 301
1816070 300
1816080 300
1816090 299
1816100 299
1816110 298
1816120 298
1816130 297
1816140 297
1816150 296
1816160 296
1816170 295
1816180 295
1816190 294
1816200 294
1816210 294
1816220 293
1816230 293
1816240 293
1816250 293
1816260 292
1816270 292
1816280 292
1816290 291
1816300 291
1816310 291
1816320 291
1816330 291
1816340 291
1816350 291
1816360 291
1816370 291
1816380 291
1816390 291
1816400 290
1816410 290
1816420 291
1816430 291
1816440 291
1816450 291
1816460 291
1816470 291
1816480 291
1816490 292
1816500 292
1816510 292
1816520 292
1816530 292
1816540 293
1816550 293
1816560 293
1816570 294
1816580 294
1816590 294
1816600 294
1816610 294
1816620 294
1816630 294
1816640 294
1816650 294
1816660 295
1816670 295
1816680 295
1816690 295
1816700 295
1816710 295
1816720 295
1816730 296
1816740 296
1816750 297
1816760 297
1816770 298
1816780 299
1816790 299
1816800 300
1816810 301
1816820 302
1816830 303
1816840 303
1816850 304
1816860 305
1816870 306
1816880 307
1816890 307
1816900 308
1816910 309
1816920 309
1816930 310
1816940 310
1816950 311
1816960 311
1816970 312
1816980 312
1816990 313
1817000 313
1817010 314
1817020 314
1817030 315
1817040 315
1817050 316
1817060 316
1817070 317
1817080 317
1817090 317
1817100 317
1817110 318
1817120 318
1817130 318
1817140 318
1817150 318
1817160 319
1817170 319
1817180 319
1817190 319
1817200 319
1817210 319
1817220 320
1817230 320
1817240 321
1817250 322
1817260 322
1817270 322
1817280 322
1817290 321
1817300 321
1817310 321
1817320 321
1817330 321
1817340 321
1817350 321
1817360 322
1817370 322
1817380 322
1817390 323
1817400 323
1817410 324
1817420 325
1817430 325
1817440 326
1817450 327
1817460 328
1817470 328
1817480 329
1817490 330
1817500 331
1817510 332
1817520 332
1817530 333
1817540 334
1817550 335
1817560 336
1817570 337
1817580 338
1817590 340
1817600 341
1817610 342
1817620 343
1817630 344
1817640 345
1817650 346
1817660 347
1817670 347
1817680 347
1817690 346
1817700 344
1817710 342
1817720 340
1817730 339
1817740 337
1817750 335
1817760 334
1817770 333
1817780 332
1817790 331
1817800 331
1817810 331
1817820 331
1817830 331
1817840 332
1817850 332
1817860 333
1817870 334
1817880 334
1817890 335
1817900 335
1817910 336
1817920 336
1817930 336
1817940 335
1817950 335
1817960 334
1817970 333
1817980 332
1817990 332
1818000 331
1818010 331
1818020 331
1818030 331
1818040 331
1818050 330
1818060 330
1818070 329
1818080 328
1818090 327
1818100 327
1818110 326
1818120 326
1818130 326
1818140 326
1818150 326
1818160 325
1818170 325
1818180 324
1818190 324
1818200 324
1818210 324
1818220 324
1818230 324
1818240 325
1818250 325
1818260 325
1818270 324
1818280 324
1818290 324
1818300 323
1818310 323
1818320 323
1818330 323
1818340 322
1818350 322
1818360 322
1818370 323
1818380 323
1818390 323
1818400 324
1818410 324
1818420 325
1818430 325
1818440 326
1818450 326
1818460 327
1818470 327
1818480 328
1818490 328
1818500 329
1818510 330
1818520 330
1818530 331
1818540 332
1818550 333
1818560 334
1818570 335
1818580 336
1818590 337
1818600 338
1818610 338
1818620 339
1818630 340
1818640 341
1818650 341
1818660 342
1818670 343
1818680 344
1818690 345
1818700 346
1818710 347
1818720 348
1818730 348
1818740 349
1818750 350
1818760 350
1818770 351
1818780 351
1818790 352
1818800 352
1818810 353
1818820 354
1818830 355
1818840 355
1818850 356
1818860 356
1818870 357
1818880 358
1818890 358
1818900 359
1818910 359
1818920 360
1818930 360
1818940 361
1818950 361
1818960 362
1818970 362
1818980 363
1818990 363
1819000 364
1819010 364
1819020 365
1819030 365
1819040 366
1819050 366
1819060 367
1819070 367
1819080 368
1819090 368
1819100 368
1819110 369
1819120 369
1819130 370
1819140 370
1819150 371
1819160 371
1819170 372
1819180 372
1819190 372
1819200 373
1819210 373
1819220 373
1819230 374
1819240 374
1819250 374
1819260 374
1819270 374
1819280 374
1819290 374
1819300 374
1819310 374
1819320 374
1819330 374
1819340 374
1819350 373
1819360 373
1819370 373
1819380 373
1819390 373
1819400 373
1819410 373
1819420 374
1819430 374
1819440 374
1819450 374
1819460 375
1819470 375
1819480 376
1819490 376
1819500 377
1819510 377
1819520 378
1819530 379
1819540 379
1819550 380
1819560 380
1819570 380
1819580 380
1819590 381
1819600 381
1819610 381
1819620 381
1819630 381
1819640 381
1819650 381
1819660 381
1819670 381
1819680 382
1819690 382
1819700 383
1819710 384
1819720 384
1819730 385
1819740 385
1819750 386
1819760 387
1819770 387
1819780 388
1819790 389
1819800 390
1819810 390
1819820 391
1819830 391
1819840 391
1819850 391
1819860 391
1819870 392
1819880 392
1819890 393
1819900 394
1819910 395
1819920 396
1819930 397
1819940 399
1819950 401
1819960 403
1819970 404
1819980 404
1819990 404
