1800000 286
1800010 286
1800020 286
1800030 287
1800040 287
1800050 287
1800060 287
1800070 287
1800080 287
1800090 287
1800100 287
1800110 287
1800120 287
1800130 288
1800140 288
1800150 288
1800160 288
1800170 288
1800180 288
1800190 288
1800200 288
1800210 288
1800220 288
1800230 288
1800240 288
1800250 288
1800260 288
1800270 288
1800280 287
1800290 287
1800300 287
1800310 287
1800320 286
1800330 286
1800340 286
1800350 286
1800360 286
1800370 286
1800380 285
1800390 285
1800400 285
1800410 285
1800420 285
1800430 284
1800440 284
1800450 284
1800460 284
1800470 283
1800480 283
1800490 283
1800500 283
1800510 283
1800520 283
1800530 282
1800540 282
1800550 282
1800560 282
1800570 281
1800580 281
1800590 281
1800600 281
1800610 281
1800620 281
1800630 281
1800640 280
1800650 280
1800660 280
1800670 280
1800680 280
1800690 280
1800700 280
1800710 280
1800720 280
1800730 280
1800740 280
1800750 280
1800760 280
1800770 280
1800780 280
1800790 280
1800800 280
1800810 279
1800820 279
1800830 279
1800840 279
1800850 278
1800860 278
1800870 278
1800880 278
1800890 277
1800900 277
1800910 277
1800920 277
1800930 276
1800940 276
1800950 276
1800960 276
1800970 276
1800980 275
1800990 275
1801000 275
1801010 275
1801020 274
1801030 274
1801040 274
1801050 273
1801060 273
1801070 273
1801080 273
1801090 272
1801100 272
1801110 272
1801120 272
1801130 271
1801140 271
1801150 271
1801160 271
1801170 270
1801180 270
1801190 270
1801200 270
1801210 270
1801220 269
1801230 269
1801240 269
1801250 269
1801260 269
1801270 269
1801280 268
1801290 268
1801300 268
1801310 268
1801320 267
1801330 267
1801340 267
1801350 267
1801360 266
1801370 266
1801380 266
1801390 265
1801400 265
1801410 264
1801420 264
1801430 263
1801440 263
1801450 262
1801460 262
1801470 261
1801480 261
1801490 260
1801500 260
1801510 260
1801520 260
1801530 260
1801540 260
1801550 260
1801560 260
1801570 260
1801580 260
1801590 260
1801600 260
1801610 260
1801620 260
1801630 260
1801640 260
1801650 260
1801660 260
1801670 260
1801680 260
1801690 260
1801700 260
1801710 261
1801720 261
1801730 261
1801740 261
1801750 262
1801760 262
1801770 262
1801780 262
1801790 263
1801800 263
1801810 263
1801820 265
1801830 267
1801840 268
1801850 270
1801860 271
1801870 272
1801880 272
1801890 273
1801900 274
1801910 274
1801920 275
1801930 275
1801940 275
1801950 275
1801960 276
1801970 276
1801980 276
1801990 276
1802000 276
1802010 276
1802020 276
1802030 277
1802040 277
1802050 277
1802060 277
1802070 277
1802080 277
1802090 277
1802100 278
1802110 278
1802120 277
1802130 276
1802140 273
1802150 270
1802160 269
1802170 269
1802180 269
1802190 269
1802200 269
1802210 269
1802220 268
1802230 269
1802240 269
1802250 269
1802260 269
1802270 268
1802280 268
1802290 268
1802300 268
1802310 268
1802320 269
1802330 269
1802340 269
1802350 269
1802360 269
1802370 269
1802380 269
1802390 269
1802400 269
1802410 269
1802420 269
1802430 269
1802440 269
1802450 269
1802460 270
1802470 270
1802480 270
1802490 270
1802500 270
1802510 270
1802520 270
1802530 270
1802540 270
1802550 270
1802560 270
1802570 271
1802580 271
1802590 272
1802600 272
1802610 272
1802620 272
1802630 273
1802640 273
1802650 274
1802660 275
1802670 275
1802680 275
1802690 275
1802700 275
1802710 275
1802720 276
1802730 276
1802740 276
1802750 276
1802760 277
1802770 277
1802780 277
1802790 277
1802800 277
1802810 277
1802820 277
1802830 277
1802840 277
1802850 277
1802860 277
1802870 277
1802880 277
1802890 277
1802900 277
1802910 277
1802920 277
1802930 277
1802940 277
1802950 277
1802960 277
1802970 276
1802980 276
1802990 276
1803000 276
1803010 276
1803020 276
1803030 276
1803040 276
1803050 275
1803060 275
1803070 275
1803080 275
1803090 275
1803100 275
1803110 275
1803120 275
1803130 275
1803140 274
1803150 273
1803160 272
1803170 271
1803180 271
1803190 270
1803200 270
1803210 270
1803220 270
1803230 270
1803240 271
1803250 272
1803260 274
1803270 274
1803280 274
1803290 273
1803300 273
1803310 273
1803320 273
1803330 273
1803340 273
1803350 274
1803360 276
1803370 277
1803380 277
1803390 276
1803400 276
1803410 276
1803420 276
1803430 276
1803440 276
1803450 276
1803460 276
1803470 276
1803480 276
1803490 276
1803500 276
1803510 275
1803520 275
1803530 275
1803540 275
1803550 275
1803560 275
1803570 274
1803580 274
1803590 274
1803600 274
1803610 273
1803620 273
1803630 273
1803640 273
1803650 272
1803660 272
1803670 271
1803680 271
1803690 271
1803700 270
1803710 270
1803720 270
1803730 269
1803740 269
1803750 268
1803760 268
1803770 268
1803780 267
1803790 267
1803800 267
1803810 267
1803820 266
1803830 266
1803840 266
1803850 265
1803860 265
1803870 265
1803880 265
1803890 265
1803900 265
1803910 265
1803920 265
1803930 264
1803940 264
1803950 264
1803960 264
1803970 264
1803980 264
1803990 264
1804000 264
1804010 264
1804020 264
1804030 264
1804040 264
1804050 264
1804060 264
1804070 264
1804080 264
1804090 264
1804100 264
1804110 264
1804120 264
1804130 264
1804140 264
1804150 264
1804160 264
1804170 264
1804180 264
1804190 264
1804200 264
1804210 265
1804220 265
1804230 266
1804240 267
1804250 268
1804260 269
1804270 270
1804280 271
1804290 272
1804300 273
1804310 273
1804320 273
1804330 273
1804340 274
1804350 274
1804360 274
1804370 274
1804380 275
1804390 275
1804400 276
1804410 276
1804420 276
1804430 277
1804440 277
1804450 277
1804460 277
1804470 277
1804480 277
1804490 277
1804500 277
1804510 277
1804520 277
1804530 277
1804540 277
1804550 277
1804560 277
1804570 277
1804580 277
1804590 277
1804600 277
1804610 277
1804620 277
1804630 277
1804640 278
1804650 278
1804660 278
1804670 278
1804680 278
1804690 279
1804700 279
1804710 279
1804720 279
1804730 280
1804740 280
1804750 280
1804760 280
1804770 280
1804780 281
1804790 281
1804800 281
1804810 281
1804820 281
1804830 281
1804840 281
1804850 281
1804860 282
1804870 282
1804880 282
1804890 282
1804900 282
1804910 282
1804920 282
1804930 282
1804940 282
1804950 282
1804960 282
1804970 283
1804980 283
1804990 283
1805000 283
1805010 283
1805020 283
1805030 283
1805040 284
1805050 284
1805060 284
1805070 284
1805080 285
1805090 285
1805100 285
1805110 285
1805120 286
1805130 286
1805140 286
1805150 286
1805160 286
1805170 286
1805180 286
1805190 286
1805200 286
1805210 286
1805220 286
1805230 286
1805240 286
1805250 286
1805260 286
1805270 286
1805280 286
1805290 286
1805300 285
1805310 285
1805320 285
1805330 285
1805340 285
1805350 285
1805360 285
1805370 285
1805380 285
1805390 285
1805400 285
1805410 285
1805420 285
1805430 285
1805440 285
1805450 285
1805460 285
1805470 286
1805480 286
1805490 286
1805500 286
1805510 286
1805520 286
1805530 286
1805540 286
1805550 286
1805560 286
1805570 286
1805580 286
1805590 286
1805600 285
1805610 285
1805620 285
1805630 285
1805640 285
1805650 285
1805660 285
1805670 285
1805680 285
1805690 285
1805700 285
1805710 285
1805720 284
1805730 284
1805740 284
1805750 284
1805760 284
1805770 284
1805780 284
1805790 283
1805800 283
1805810 283
1805820 282
1805830 282
1805840 282
1805850 282
1805860 282
1805870 282
1805880 282
1805890 281
1805900 281
1805910 281
1805920 281
1805930 280
1805940 280
1805950 280
1805960 280
1805970 280
1805980 280
1805990 281
1806000 281
1806010 281
1806020 281
1806030 281
1806040 281
1806050 281
1806060 280
1806070 280
1806080 280
1806090 280
1806100 280
1806110 280
1806120 280
1806130 280
1806140 280
1806150 279
1806160 279
1806170 279
1806180 279
1806190 278
1806200 278
1806210 278
1806220 277
1806230 277
1806240 276
1806250 276
1806260 276
1806270 275
1806280 275
1806290 275
1806300 274
1806310 274
1806320 274
1806330 273
1806340 273
1806350 273
1806360 273
1806370 272
1806380 272
1806390 272
1806400 272
1806410 271
1806420 271
1806430 271
1806440 271
1806450 271
1806460 271
1806470 271
1806480 271
1806490 271
1806500 271
1806510 271
1806520 271
1806530 271
1806540 272
1806550 272
1806560 272
1806570 273
1806580 273
1806590 274
1806600 275
1806610 276
1806620 277
1806630 278
1806640 278
1806650 279
1806660 279
1806670 280
1806680 280
1806690 281
1806700 281
1806710 281
1806720 282
1806730 282
1806740 283
1806750 283
1806760 284
1806770 284
1806780 285
1806790 285
1806800 286
1806810 286
1806820 287
1806830 287
1806840 287
1806850 287
1806860 287
1806870 288
1806880 289
1806890 289
1806900 289
1806910 289
1806920 289
1806930 290
1806940 290
1806950 290
1806960 290
1806970 290
1806980 290
1806990 290
1807000 290
1807010 290
1807020 291
1807030 291
1807040 291
1807050 291
1807060 291
1807070 291
1807080 291
1807090 291
1807100 291
1807110 291
1807120 291
1807130 291
1807140 291
1807150 291
1807160 291
1807170 291
1807180 291
1807190 291
1807200 291
1807210 291
1807220 291
1807230 291
1807240 291
1807250 291
1807260 291
1807270 291
1807280 291
1807290 291
1807300 291
1807310 291
1807320 291
1807330 291
1807340 291
1807350 291
1807360 290
1807370 290
1807380 290
1807390 290
1807400 290
1807410 290
1807420 290
1807430 290
1807440 290
1807450 290
1807460 290
1807470 290
1807480 289
1807490 289
1807500 289
1807510 289
1807520 289
1807530 289
1807540 289
1807550 288
1807560 288
1807570 288
1807580 288
1807590 288
1807600 287
1807610 287
1807620 287
1807630 287
1807640 287
1807650 286
1807660 286
1807670 286
1807680 285
1807690 285
1807700 285
1807710 284
1807720 284
1807730 284
1807740 283
1807750 283
1807760 284
1807770 285
1807780 286
1807790 286
1807800 287
1807810 287
1807820 287
1807830 287
1807840 287
1807850 287
1807860 287
1807870 287
1807880 287
1807890 286
1807900 286
1807910 286
1807920 285
1807930 285
1807940 285
1807950 284
1807960 284
1807970 283
1807980 283
1807990 283
1808000 282
1808010 282
1808020 282
1808030 282
1808040 281
1808050 281
1808060 281
1808070 280
1808080 280
1808090 280
1808100 279
1808110 279
1808120 278
1808130 278
1808140 277
1808150 277
1808160 276
1808170 275
1808180 275
1808190 274
1808200 274
1808210 273
1808220 273
1808230 272
1808240 272
1808250 272
1808260 272
1808270 271
1808280 271
1808290 271
1808300 270
1808310 270
1808320 270
1808330 270
1808340 270
1808350 269
1808360 269
1808370 269
1808380 269
1808390 269
1808400 269
1808410 269
1808420 269
1808430 269
1808440 269
1808450 269
1808460 269
1808470 269
1808480 269
1808490 269
1808500 269
1808510 269
1808520 270
1808530 270
1808540 271
1808550 272
1808560 273
1808570 273
1808580 273
1808590 272
1808600 272
1808610 272
1808620 272
1808630 272
1808640 273
1808650 273
1808660 274
1808670 275
1808680 277
1808690 278
1808700 280
1808710 280
1808720 281
1808730 281
1808740 282
1808750 282
1808760 283
1808770 283
1808780 283
1808790 284
1808800 284
1808810 285
1808820 285
1808830 286
1808840 286
1808850 287
1808860 288
1808870 288
1808880 289
1808890 289
1808900 290
1808910 290
1808920 291
1808930 292
1808940 292
1808950 293
1808960 294
1808970 294
1808980 295
1808990 295
1809000 296
1809010 296
1809020 296
1809030 296
1809040 295
1809050 295
1809060 294
1809070 293
1809080 293
1809090 293
1809100 293
1809110 293
1809120 293
1809130 294
1809140 294
1809150 295
1809160 296
1809170 297
1809180 297
1809190 298
1809200 299
1809210 299
1809220 300
1809230 300
1809240 301
1809250 301
1809260 301
1809270 302
1809280 302
1809290 303
1809300 303
1809310 303
1809320 304
1809330 304
1809340 304
1809350 305
1809360 305
1809370 306
1809380 306
1809390 306
1809400 306
1809410 306
1809420 306
1809430 305
1809440 305
1809450 305
1809460 305
1809470 305
1809480 305
1809490 305
1809500 305
1809510 305
1809520 305
1809530 305
1809540 306
1809550 306
1809560 306
1809570 306
1809580 307
1809590 307
1809600 307
1809610 307
1809620 307
1809630 308
1809640 308
1809650 308
1809660 308
1809670 308
1809680 308
1809690 309
1809700 309
1809710 309
1809720 309
1809730 309
1809740 309
1809750 309
1809760 309
1809770 309
1809780 309
1809790 309
1809800 310
1809810 310
1809820 310
1809830 310
1809840 310
1809850 310
1809860 310
1809870 310
1809880 310
1809890 310
1809900 310
1809910 310
1809920 310
1809930 310
1809940 310
1809950 310
1809960 310
1809970 310
1809980 310
1809990 310
1810000 310
1810010 311
1810020 311
1810030 311
1810040 311
1810050 311
1810060 311
1810070 311
1810080 311
1810090 311
1810100 311
1810110 311
1810120 311
1810130 311
1810140 311
1810150 311
1810160 311
1810170 311
1810180 311
1810190 311
1810200 311
1810210 311
1810220 312
1810230 312
1810240 312
1810250 312
1810260 312
1810270 313
1810280 313
1810290 314
1810300 314
1810310 314
1810320 314
1810330 314
1810340 314
1810350 313
1810360 313
1810370 312
1810380 312
1810390 311
1810400 311
1810410 310
1810420 309
1810430 308
1810440 307
1810450 306
1810460 306
1810470 306
1810480 306
1810490 307
1810500 308
1810510 309
1810520 311
1810530 312
1810540 314
1810550 316
1810560 318
1810570 321
1810580 323
1810590 325
1810600 326
1810610 327
1810620 328
1810630 328
1810640 328
1810650 328
1810660 328
1810670 327
1810680 327
1810690 326
1810700 325
1810710 325
1810720 324
1810730 323
1810740 323
1810750 322
1810760 322
1810770 321
1810780 320
1810790 320
1810800 319
1810810 318
1810820 317
1810830 316
1810840 315
1810850 315
1810860 314
1810870 314
1810880 313
1810890 312
1810900 311
1810910 311
1810920 311
1810930 311
1810940 312
1810950 312
1810960 313
1810970 314
1810980 315
1810990 316
1811000 317
1811010 318
1811020 318
1811030 319
1811040 319
1811050 320
1811060 320
1811070 319
1811080 319
1811090 318
1811100 317
1811110 315
1811120 314
1811130 312
1811140 311
1811150 309
1811160 308
1811170 306
1811180 305
1811190 304
1811200 302
1811210 301
1811220 302
1811230 303
1811240 304
1811250 305
1811260 305
1811270 306
1811280 306
1811290 307
1811300 308
1811310 309
1811320 310
1811330 311
1811340 313
1811350 315
1811360 317
1811370 319
1811380 321
1811390 323
1811400 325
1811410 328
1811420 330
1811430 332
1811440 333
1811450 333
1811460 333
1811470 332
1811480 331
1811490 330
1811500 330
1811510 329
1811520 329
1811530 328
1811540 327
1811550 326
1811560 325
1811570 324
1811580 323
1811590 322
1811600 324
1811610 325
1811620 327
1811630 328
1811640 329
1811650 330
1811660 332
1811670 333
1811680 334
1811690 335
1811700 336
1811710 337
1811720 339
1811730 340
1811740 341
1811750 342
1811760 343
1811770 344
1811780 343
1811790 343
1811800 343
1811810 343
1811820 342
1811830 341
1811840 339
1811850 337
1811860 335
1811870 333
1811880 332
1811890 330
1811900 328
1811910 326
1811920 325
1811930 324
1811940 323
1811950 322
1811960 321
1811970 320
1811980 319
1811990 319
1812000 318
1812010 318
1812020 318
1812030 317
1812040 317
1812050 317
1812060 316
1812070 316
1812080 315
1812090 315
1812100 315
1812110 316
1812120 317
1812130 318
1812140 319
1812150 320
1812160 321
1812170 322
1812180 324
1812190 325
1812200 327
1812210 330
1812220 333
1812230 335
1812240 336
1812250 337
1812260 338
1812270 340
1812280 342
1812290 344
1812300 344
1812310 345
1812320 345
1812330 346
1812340 346
1812350 345
1812360 345
1812370 345
1812380 345
1812390 344
1812400 344
1812410 343
1812420 343
1812430 342
1812440 341
1812450 340
1812460 339
1812470 338
1812480 337
1812490 336
1812500 335
1812510 334
1812520 333
1812530 333
1812540 332
1812550 331
1812560 330
1812570 329
1812580 329
1812590 328
1812600 327
1812610 327
1812620 326
1812630 326
1812640 325
1812650 325
1812660 324
1812670 324
1812680 323
1812690 323
1812700 322
1812710 321
1812720 321
1812730 320
1812740 320
1812750 319
1812760 319
1812770 319
1812780 318
1812790 318
1812800 317
1812810 317
1812820 317
1812830 317
1812840 317
1812850 317
1812860 316
1812870 316
1812880 316
1812890 316
1812900 316
1812910 316
1812920 316
1812930 316
1812940 316
1812950 316
1812960 316
1812970 315
1812980 315
1812990 315
1813000 314
1813010 314
1813020 314
1813030 314
1813040 313
1813050 312
1813060 311
1813070 311
1813080 310
1813090 309
1813100 308
1813110 306
1813120 305
1813130 304
1813140 303
1813150 301
1813160 300
1813170 300
1813180 300
1813190 301
1813200 301
1813210 302
1813220 302
1813230 303
1813240 304
1813250 305
1813260 306
1813270 307
1813280 308
1813290 309
1813300 310
1813310 311
1813320 313
1813330 314
1813340 315
1813350 316
1813360 316
1813370 317
1813380 318
1813390 319
1813400 319
1813410 320
1813420 320
1813430 321
1813440 321
1813450 321
1813460 322
1813470 322
1813480 322
1813490 322
1813500 322
1813510 322
1813520 321
1813530 321
1813540 321
1813550 321
1813560 321
1813570 321
1813580 321
1813590 321
1813600 321
1813610 321
1813620 320
1813630 320
1813640 320
1813650 319
1813660 319
1813670 318
1813680 318
1813690 317
1813700 317
1813710 316
1813720 316
1813730 315
1813740 315
1813750 314
1813760 314
1813770 313
1813780 313
1813790 312
1813800 312
1813810 312
1813820 311
1813830 311
1813840 310
1813850 310
1813860 310
1813870 309
1813880 309
1813890 308
1813900 308
1813910 307
1813920 307
1813930 306
1813940 306
1813950 305
1813960 305
1813970 304
1813980 304
1813990 303
1814000 303
1814010 302
1814020 302
1814030 301
1814040 300
1814050 299
1814060 299
1814070 298
1814080 297
1814090 296
1814100 296
1814110 295
1814120 294
1814130 293
1814140 293
1814150 292
1814160 292
1814170 291
1814180 291
1814190 290
1814200 290
1814210 290
1814220 290
1814230 291
1814240 291
1814250 292
1814260 292
1814270 293
1814280 293
1814290 293
1814300 293
1814310 294
1814320 294
1814330 295
1814340 295
1814350 296
1814360 296
1814370 297
1814380 298
1814390 298
1814400 299
1814410 300
1814420 300
1814430 301
1814440 302
1814450 302
1814460 302
1814470 303
1814480 303
1814490 304
1814500 304
1814510 304
1814520 305
1814530 305
1814540 305
1814550 306
1814560 306
1814570 307
1814580 308
1814590 309
1814600 310
1814610 311
1814620 312
1814630 313
1814640 314
1814650 316
1814660 317
1814670 318
1814680 320
1814690 321
1814700 322
1814710 323
1814720 324
1814730 324
1814740 325
1814750 325
1814760 326
1814770 326
1814780 327
1814790 327
1814800 327
1814810 327
1814820 326
1814830 326
1814840 325
1814850 325
1814860 325
1814870 324
1814880 323
1814890 323
1814900 322
1814910 321
1814920 320
1814930 319
1814940 318
1814950 318
1814960 317
1814970 316
1814980 314
1814990 313
1815000 312
1815010 310
1815020 309
1815030 308
1815040 307
1815050 306
1815060 305
1815070 305
1815080 304
1815090 303
1815100 301
1815110 300
1815120 299
1815130 298
1815140 299
1815150 300
1815160 301
1815170 302
1815180 302
1815190 302
1815200 302
1815210 302
1815220 302
1815230 301
1815240 301
1815250 301
1815260 301
1815270 302
1815280 302
1815290 302
1815300 302
1815310 303
1815320 303
1815330 303
1815340 303
1815350 302
1815360 302
1815370 302
1815380 301
1815390 301
1815400 300
1815410 299
1815420 299
1815430 298
1815440 297
1815450 296
1815460 295
1815470 294
1815480 294
1815490 293
1815500 293
1815510 292
1815520 292
1815530 290
1815540 289
1815550 288
1815560 286
1815570 285
1815580 285
1815590 284
1815600 283
1815610 283
1815620 283
1815630 283
1815640 283
1815650 283
1815660 283
1815670 283
1815680 284
1815690 284
1815700 284
1815710 285
1815720 286
1815730 287
1815740 288
1815750 289
1815760 290
1815770 290
1815780 291
1815790 292
1815800 293
1815810 293
1815820 294
1815830 295
1815840 295
1815850 296
1815860 296
1815870 297
1815880 297
1815890 297
1815900 297
1815910 297
1815920 297
1815930 296
1815940 296
1815950 296
1815960 295
1815970 295
1815980 295
1815990 295
1816000 294
1816010 294
1816020 294
1816030 294
1816040 293
1816050 293
1816060 292
1816070 291
1816080 291
1816090 292
1816100 293
1816110 294
1816120 295
1816130 296
1816140 297
1816150 298
1816160 299
1816170 299
1816180 300
1816190 301
1816200 302
1816210 302
1816220 303
1816230 304
1816240 305
1816250 306
1816260 307
1816270 308
1816280 309
1816290 310
1816300 311
1816310 312
1816320 313
1816330 313
1816340 313
1816350 314
1816360 314
1816370 315
1816380 315
1816390 315
1816400 316
1816410 316
1816420 316
1816430 316
1816440 316
1816450 317
1816460 317
1816470 317
1816480 317
1816490 317
1816500 317
1816510 317
1816520 316
1816530 316
1816540 316
1816550 316
1816560 316
1816570 315
1816580 315
1816590 314
1816600 314
1816610 313
1816620 312
1816630 311
1816640 311
1816650 310
1816660 310
1816670 309
1816680 308
1816690 307
1816700 306
1816710 303
1816720 301
1816730 301
1816740 303
1816750 304
1816760 304
1816770 304
1816780 304
1816790 303
1816800 303
1816810 302
1816820 302
1816830 301
1816840 301
1816850 300
1816860 300
1816870 299
1816880 299
1816890 298
1816900 298
1816910 297
1816920 297
1816930 296
1816940 296
1816950 296
1816960 296
1816970 296
1816980 295
1816990 295
1817000 295
1817010 295
1817020 295
1817030 295
1817040 295
1817050 295
1817060 295
1817070 295
1817080 295
1817090 295
1817100 296
1817110 296
1817120 296
1817130 296
1817140 297
1817150 297
1817160 298
1817170 298
1817180 299
1817190 299
1817200 299
1817210 300
1817220 301
1817230 301
1817240 302
1817250 303
1817260 304
1817270 305
1817280 306
1817290 307
1817300 308
1817310 309
1817320 310
1817330 311
1817340 311
1817350 312
1817360 313
1817370 314
1817380 314
1817390 315
1817400 315
1817410 316
1817420 317
1817430 318
1817440 318
1817450 319
1817460 319
1817470 320
1817480 320
1817490 321
1817500 322
1817510 322
1817520 323
1817530 324
1817540 324
1817550 325
1817560 325
1817570 326
1817580 326
1817590 327
1817600 327
1817610 328
1817620 328
1817630 329
1817640 329
1817650 329
1817660 330
1817670 330
1817680 330
1817690 330
1817700 330
1817710 330
1817720 329
1817730 328
1817740 328
1817750 327
1817760 326
1817770 326
1817780 325
1817790 325
1817800 325
1817810 325
1817820 326
1817830 326
1817840 327
1817850 328
1817860 329
1817870 330
1817880 331
1817890 332
1817900 334
1817910 335
1817920 336
1817930 337
1817940 338
1817950 338
1817960 338
1817970 338
1817980 338
1817990 337
1818000 336
1818010 335
1818020 335
1818030 334
1818040 333
1818050 333
1818060 332
1818070 331
1818080 330
1818090 330
1818100 329
1818110 328
1818120 327
1818130 326
1818140 326
1818150 325
1818160 324
1818170 324
1818180 323
1818190 323
1818200 323
1818210 322
1818220 321
1818230 320
1818240 319
1818250 318
1818260 316
1818270 315
1818280 313
1818290 312
1818300 312
1818310 314
1818320 315
1818330 315
1818340 316
1818350 317
1818360 318
1818370 319
1818380 320
1818390 321
1818400 321
1818410 322
1818420 323
1818430 324
1818440 324
1818450 324
1818460 325
1818470 325
1818480 326
1818490 327
1818500 327
1818510 328
1818520 329
1818530 329
1818540 330
1818550 331
1818560 331
1818570 332
1818580 332
1818590 333
1818600 333
1818610 334
1818620 334
1818630 335
1818640 335
1818650 335
1818660 336
1818670 336
1818680 337
1818690 337
1818700 337
1818710 338
1818720 338
1818730 339
1818740 339
1818750 340
1818760 340
1818770 340
1818780 340
1818790 340
1818800 341
1818810 341
1818820 341
1818830 341
1818840 342
1818850 342
1818860 342
1818870 342
1818880 342
1818890 342
1818900 342
1818910 343
1818920 343
1818930 343
1818940 344
1818950 344
1818960 345
1818970 345
1818980 345
1818990 346
1819000 346
1819010 346
1819020 347
1819030 347
1819040 347
1819050 347
1819060 347
1819070 347
1819080 346
1819090 346
1819100 346
1819110 345
1819120 345
1819130 344
1819140 343
1819150 342
1819160 341
1819170 340
1819180 338
1819190 336
1819200 334
1819210 334
1819220 336
1819230 338
1819240 340
1819250 340
1819260 341
1819270 341
1819280 342
1819290 342
1819300 343
1819310 343
1819320 344
1819330 345
1819340 345
1819350 346
1819360 347
1819370 348
1819380 348
1819390 349
1819400 349
1819410 350
1819420 350
1819430 351
1819440 352
1819450 352
1819460 352
1819470 353
1819480 353
1819490 354
1819500 355
1819510 355
1819520 356
1819530 356
1819540 356
1819550 357
1819560 357
1819570 358
1819580 358
1819590 359
1819600 359
1819610 360
1819620 360
1819630 361
1819640 362
1819650 362
1819660 362
1819670 363
1819680 363
1819690 364
1819700 364
1819710 365
1819720 365
1819730 366
1819740 366
1819750 366
1819760 367
1819770 367
1819780 368
1819790 368
1819800 368
1819810 369
1819820 370
1819830 370
1819840 371
1819850 371
1819860 372
1819870 372
1819880 373
1819890 373
1819900 373
1819910 374
1819920 374
1819930 375
1819940 376
1819950 376
1819960 377
1819970 378
1819980 378
1819990 379
