1800000 261
1800010 260
1800020 260
1800030 260
1800040 261
1800050 261
1800060 261
1800070 262
1800080 262
1800090 263
1800100 264
1800110 265
1800120 266
1800130 266
1800140 267
1800150 268
1800160 268
1800170 269
1800180 269
1800190 270
1800200 270
1800210 270
1800220 271
1800230 271
1800240 271
1800250 272
1800260 272
1800270 272
1800280 272
1800290 272
1800300 272
1800310 272
1800320 272
1800330 272
1800340 272
1800350 273
1800360 273
1800370 272
1800380 272
1800390 272
1800400 272
1800410 272
1800420 271
1800430 271
1800440 271
1800450 270
1800460 270
1800470 270
1800480 270
1800490 270
1800500 270
1800510 270
1800520 270
1800530 269
1800540 269
1800550 269
1800560 269
1800570 269
1800580 269
1800590 269
1800600 269
1800610 269
1800620 269
1800630 269
1800640 269
1800650 269
1800660 268
1800670 268
1800680 267
1800690 267
1800700 266
1800710 266
1800720 266
1800730 265
1800740 265
1800750 265
1800760 264
1800770 264
1800780 263
1800790 263
1800800 263
1800810 263
1800820 262
1800830 262
1800840 262
1800850 261
1800860 261
1800870 261
1800880 260
1800890 260
1800900 260
1800910 259
1800920 259
1800930 259
1800940 258
1800950 258
1800960 258
1800970 259
1800980 259
1800990 259
1801000 259
1801010 259
1801020 259
1801030 259
1801040 259
1801050 259
1801060 259
1801070 260
1801080 260
1801090 260
1801100 260
1801110 261
1801120 261
1801130 261
1801140 262
1801150 262
1801160 263
1801170 263
1801180 263
1801190 264
1801200 264
1801210 265
1801220 265
1801230 266
1801240 267
1801250 267
1801260 268
1801270 268
1801280 269
1801290 270
1801300 271
1801310 271
1801320 272
1801330 272
1801340 273
1801350 274
1801360 274
1801370 275
1801380 275
1801390 275
1801400 276
1801410 276
1801420 276
1801430 277
1801440 277
1801450 278
1801460 278
1801470 279
1801480 279
1801490 280
1801500 280
1801510 281
1801520 281
1801530 281
1801540 282
1801550 282
1801560 282
1801570 283
1801580 283
1801590 283
1801600 282
1801610 282
1801620 282
1801630 281
1801640 281
1801650 281
1801660 280
1801670 280
1801680 279
1801690 279
1801700 279
1801710 279
1801720 278
1801730 278
1801740 278
1801750 278
1801760 279
1801770 280
1801780 280
1801790 281
1801800 282
1801810 283
1801820 284
1801830 285
1801840 287
1801850 288
1801860 289
1801870 290
1801880 290
1801890 291
1801900 291
1801910 292
1801920 292
1801930 293
1801940 293
1801950 294
1801960 294
1801970 294
1801980 295
1801990 295
1802000 295
1802010 296
1802020 296
1802030 296
1802040 296
1802050 296
1802060 296
1802070 296
1802080 296
1802090 296
1802100 296
1802110 295
1802120 295
1802130 295
1802140 295
1802150 295
1802160 294
1802170 294
1802180 294
1802190 294
1802200 294
1802210 294
1802220 293
1802230 293
1802240 293
1802250 293
1802260 293
1802270 292
1802280 292
1802290 292
1802300 291
1802310 291
1802320 291
1802330 290
1802340 290
1802350 290
1802360 289
1802370 289
1802380 288
1802390 288
1802400 287
1802410 287
1802420 286
1802430 286
1802440 286
1802450 285
1802460 285
1802470 285
1802480 284
1802490 284
1802500 283
1802510 283
1802520 282
1802530 282
1802540 281
1802550 281
1802560 280
1802570 280
1802580 279
1802590 278
1802600 278
1802610 277
1802620 276
1802630 276
1802640 275
1802650 274
1802660 274
1802670 273
1802680 271
1802690 270
1802700 269
1802710 269
1802720 269
1802730 269
1802740 271
1802750 272
1802760 271
1802770 270
1802780 269
1802790 269
1802800 268
1802810 268
1802820 268
1802830 268
1802840 269
1802850 269
1802860 270
1802870 271
1802880 271
1802890 272
1802900 273
1802910 274
1802920 275
1802930 276
1802940 277
1802950 278
1802960 279
1802970 279
1802980 280
1802990 280
1803000 280
1803010 281
1803020 281
1803030 281
1803040 281
1803050 282
1803060 282
1803070 282
1803080 282
1803090 282
1803100 283
1803110 283
1803120 283
1803130 283
1803140 283
1803150 283
1803160 283
1803170 283
1803180 283
1803190 283
1803200 284
1803210 284
1803220 284
1803230 284
1803240 284
1803250 284
1803260 284
1803270 284
1803280 283
1803290 283
1803300 283
1803310 283
1803320 283
1803330 283
1803340 283
1803350 282
1803360 282
1803370 282
1803380 282
1803390 281
1803400 281
1803410 281
1803420 281
1803430 281
1803440 280
1803450 280
1803460 280
1803470 280
1803480 280
1803490 280
1803500 279
1803510 279
1803520 279
1803530 279
1803540 279
1803550 278
1803560 278
1803570 278
1803580 278
1803590 278
1803600 278
1803610 278
1803620 278
1803630 278
1803640 278
1803650 278
1803660 278
1803670 278
1803680 278
1803690 278
1803700 277
1803710 277
1803720 277
1803730 276
1803740 276
1803750 275
1803760 275
1803770 274
1803780 274
1803790 274
1803800 274
1803810 273
1803820 273
1803830 273
1803840 273
1803850 272
1803860 272
1803870 272
1803880 271
1803890 271
1803900 270
1803910 270
1803920 270
1803930 270
1803940 269
1803950 269
1803960 269
1803970 269
1803980 268
1803990 268
1804000 268
1804010 267
1804020 267
1804030 266
1804040 266
1804050 265
1804060 265
1804070 265
1804080 264
1804090 264
1804100 264
1804110 263
1804120 263
1804130 263
1804140 263
1804150 263
1804160 263
1804170 263
1804180 262
1804190 262
1804200 262
1804210 262
1804220 262
1804230 261
1804240 261
1804250 261
1804260 261
1804270 261
1804280 261
1804290 261
1804300 261
1804310 260
1804320 260
1804330 261
1804340 261
1804350 261
1804360 261
1804370 261
1804380 261
1804390 261
1804400 261
1804410 261
1804420 261
1804430 261
1804440 261
1804450 261
1804460 261
1804470 261
1804480 261
1804490 261
1804500 261
1804510 261
1804520 261
1804530 261
1804540 261
1804550 262
1804560 262
1804570 262
1804580 263
1804590 263
1804600 263
1804610 263
1804620 263
1804630 263
1804640 263
1804650 263
1804660 264
1804670 264
1804680 264
1804690 264
1804700 264
1804710 264
1804720 263
1804730 263
1804740 263
1804750 263
1804760 263
1804770 263
1804780 263
1804790 262
1804800 262
1804810 262
1804820 262
1804830 262
1804840 262
1804850 261
1804860 261
1804870 261
1804880 261
1804890 261
1804900 261
1804910 261
1804920 261
1804930 261
1804940 261
1804950 261
1804960 261
1804970 261
1804980 261
1804990 261
1805000 261
1805010 261
1805020 261
1805030 261
1805040 261
1805050 261
1805060 262
1805070 262
1805080 262
1805090 262
1805100 262
1805110 262
1805120 262
1805130 261
1805140 261
1805150 261
1805160 261
1805170 261
1805180 261
1805190 261
1805200 261
1805210 261
1805220 261
1805230 261
1805240 261
1805250 261
1805260 261
1805270 261
1805280 261
1805290 261
1805300 260
1805310 260
1805320 260
1805330 260
1805340 260
1805350 260
1805360 259
1805370 259
1805380 259
1805390 258
1805400 258
1805410 258
1805420 258
1805430 257
1805440 257
1805450 257
1805460 257
1805470 257
1805480 257
1805490 256
1805500 256
1805510 256
1805520 256
1805530 256
1805540 256
1805550 256
1805560 256
1805570 256
1805580 256
1805590 256
1805600 256
1805610 256
1805620 256
1805630 256
1805640 256
1805650 256
1805660 256
1805670 256
1805680 256
1805690 256
1805700 256
1805710 256
1805720 256
1805730 256
1805740 256
1805750 256
1805760 256
1805770 256
1805780 256
1805790 256
1805800 256
1805810 256
1805820 256
1805830 256
1805840 256
1805850 256
1805860 256
1805870 256
1805880 256
1805890 256
1805900 256
1805910 256
1805920 256
1805930 256
1805940 256
1805950 256
1805960 256
1805970 256
1805980 257
1805990 257
1806000 257
1806010 257
1806020 257
1806030 257
1806040 257
1806050 257
1806060 257
1806070 257
1806080 257
1806090 257
1806100 257
1806110 257
1806120 257
1806130 257
1806140 257
1806150 257
1806160 257
1806170 257
1806180 257
1806190 257
1806200 257
1806210 256
1806220 256
1806230 256
1806240 256
1806250 256
1806260 256
1806270 256
1806280 256
1806290 256
1806300 256
1806310 256
1806320 256
1806330 256
1806340 256
1806350 256
1806360 256
1806370 256
1806380 256
1806390 256
1806400 256
1806410 256
1806420 256
1806430 256
1806440 256
1806450 256
1806460 256
1806470 256
1806480 256
1806490 256
1806500 256
1806510 256
1806520 257
1806530 257
1806540 257
1806550 256
1806560 257
1806570 257
1806580 257
1806590 257
1806600 257
1806610 257
1806620 257
1806630 257
1806640 257
1806650 257
1806660 257
1806670 257
1806680 257
1806690 257
1806700 257
1806710 257
1806720 257
1806730 257
1806740 257
1806750 257
1806760 257
1806770 257
1806780 257
1806790 257
1806800 257
1806810 257
1806820 257
1806830 257
1806840 257
1806850 257
1806860 257
1806870 257
1806880 257
1806890 257
1806900 257
1806910 257
1806920 257
1806930 257
1806940 257
1806950 257
1806960 257
1806970 257
1806980 257
1806990 257
1807000 257
1807010 257
1807020 257
1807030 257
1807040 257
1807050 257
1807060 257
1807070 257
1807080 257
1807090 258
1807100 258
1807110 258
1807120 258
1807130 258
1807140 258
1807150 258
1807160 258
1807170 258
1807180 258
1807190 259
1807200 259
1807210 259
1807220 258
1807230 258
1807240 259
1807250 259
1807260 259
1807270 259
1807280 259
1807290 258
1807300 259
1807310 259
1807320 259
1807330 259
1807340 259
1807350 259
1807360 259
1807370 259
1807380 259
1807390 259
1807400 259
1807410 259
1807420 259
1807430 259
1807440 259
1807450 259
1807460 259
1807470 259
1807480 259
1807490 259
1807500 260
1807510 260
1807520 260
1807530 260
1807540 260
1807550 260
1807560 260
1807570 260
1807580 260
1807590 260
1807600 260
1807610 260
1807620 260
1807630 260
1807640 260
1807650 260
1807660 260
1807670 260
1807680 260
1807690 260
1807700 260
1807710 260
1807720 260
1807730 260
1807740 260
1807750 260
1807760 261
1807770 261
1807780 261
1807790 261
1807800 261
1807810 261
1807820 262
1807830 262
1807840 262
1807850 262
1807860 262
1807870 262
1807880 262
1807890 262
1807900 262
1807910 262
1807920 262
1807930 263
1807940 263
1807950 263
1807960 263
1807970 263
1807980 263
1807990 263
1808000 263
1808010 263
1808020 263
1808030 263
1808040 263
1808050 263
1808060 263
1808070 263
1808080 263
1808090 263
1808100 264
1808110 264
1808120 264
1808130 264
1808140 264
1808150 264
1808160 264
1808170 264
1808180 265
1808190 265
1808200 265
1808210 266
1808220 266
1808230 267
1808240 267
1808250 268
1808260 268
1808270 269
1808280 269
1808290 270
1808300 270
1808310 271
1808320 271
1808330 272
1808340 272
1808350 272
1808360 273
1808370 273
1808380 274
1808390 274
1808400 274
1808410 275
1808420 275
1808430 275
1808440 275
1808450 276
1808460 276
1808470 276
1808480 276
1808490 276
1808500 276
1808510 276
1808520 276
1808530 276
1808540 276
1808550 276
1808560 276
1808570 276
1808580 276
1808590 276
1808600 277
1808610 277
1808620 277
1808630 277
1808640 277
1808650 277
1808660 277
1808670 277
1808680 278
1808690 278
1808700 279
1808710 279
1808720 280
1808730 281
1808740 281
1808750 282
1808760 282
1808770 283
1808780 283
1808790 284
1808800 284
1808810 285
1808820 285
1808830 286
1808840 286
1808850 287
1808860 287
1808870 288
1808880 288
1808890 288
1808900 288
1808910 289
1808920 289
1808930 289
1808940 289
1808950 289
1808960 289
1808970 288
1808980 288
1808990 288
1809000 287
1809010 287
1809020 286
1809030 286
1809040 286
1809050 286
1809060 285
1809070 285
1809080 285
1809090 285
1809100 285
1809110 285
1809120 285
1809130 284
1809140 284
1809150 284
1809160 284
1809170 283
1809180 283
1809190 283
1809200 283
1809210 283
1809220 282
1809230 282
1809240 281
1809250 281
1809260 280
1809270 278
1809280 280
1809290 282
1809300 284
1809310 285
1809320 286
1809330 287
1809340 288
1809350 289
1809360 290
1809370 291
1809380 291
1809390 292
1809400 292
1809410 293
1809420 294
1809430 294
1809440 295
1809450 295
1809460 295
1809470 296
1809480 296
1809490 297
1809500 297
1809510 298
1809520 298
1809530 299
1809540 299
1809550 299
1809560 299
1809570 299
1809580 299
1809590 299
1809600 299
1809610 298
1809620 298
1809630 298
1809640 297
1809650 296
1809660 296
1809670 295
1809680 295
1809690 295
1809700 294
1809710 294
1809720 294
1809730 294
1809740 293
1809750 293
1809760 293
1809770 293
1809780 292
1809790 292
1809800 291
1809810 291
1809820 290
1809830 290
1809840 289
1809850 289
1809860 288
1809870 288
1809880 287
1809890 287
1809900 286
1809910 285
1809920 285
1809930 284
1809940 283
1809950 283
1809960 282
1809970 281
1809980 281
1809990 280
1810000 279
1810010 279
1810020 278
1810030 278
1810040 277
1810050 277
1810060 277
1810070 276
1810080 276
1810090 276
1810100 276
1810110 275
1810120 275
1810130 275
1810140 275
1810150 275
1810160 275
1810170 276
1810180 276
1810190 276
1810200 277
1810210 277
1810220 277
1810230 277
1810240 277
1810250 277
1810260 278
1810270 278
1810280 278
1810290 279
1810300 279
1810310 279
1810320 280
1810330 280
1810340 281
1810350 281
1810360 281
1810370 281
1810380 282
1810390 282
1810400 282
1810410 282
1810420 282
1810430 282
1810440 283
1810450 283
1810460 283
1810470 283
1810480 284
1810490 284
1810500 284
1810510 285
1810520 285
1810530 286
1810540 286
1810550 286
1810560 287
1810570 287
1810580 287
1810590 287
1810600 287
1810610 288
1810620 288
1810630 288
1810640 288
1810650 288
1810660 288
1810670 288
1810680 288
1810690 288
1810700 288
1810710 288
1810720 287
1810730 288
1810740 288
1810750 289
1810760 290
1810770 291
1810780 292
1810790 292
1810800 293
1810810 294
1810820 295
1810830 296
1810840 297
1810850 297
1810860 298
1810870 299
1810880 299
1810890 300
1810900 301
1810910 301
1810920 302
1810930 302
1810940 303
1810950 303
1810960 303
1810970 303
1810980 304
1810990 304
1811000 304
1811010 304
1811020 305
1811030 305
1811040 305
1811050 305
1811060 305
1811070 306
1811080 306
1811090 306
1811100 307
1811110 307
1811120 307
1811130 308
1811140 308
1811150 308
1811160 309
1811170 309
1811180 309
1811190 309
1811200 309
1811210 310
1811220 310
1811230 310
1811240 310
1811250 310
1811260 310
1811270 311
1811280 311
1811290 311
1811300 311
1811310 311
1811320 312
1811330 312
1811340 312
1811350 312
1811360 313
1811370 314
1811380 314
1811390 315
1811400 315
1811410 316
1811420 316
1811430 316
1811440 317
1811450 317
1811460 317
1811470 317
1811480 318
1811490 318
1811500 318
1811510 319
1811520 319
1811530 320
1811540 320
1811550 320
1811560 321
1811570 321
1811580 321
1811590 321
1811600 322
1811610 322
1811620 322
1811630 322
1811640 322
1811650 321
1811660 321
1811670 320
1811680 320
1811690 319
1811700 318
1811710 316
1811720 315
1811730 314
1811740 312
1811750 311
1811760 310
1811770 309
1811780 308
1811790 307
1811800 306
1811810 306
1811820 305
1811830 304
1811840 303
1811850 301
1811860 300
1811870 299
1811880 298
1811890 297
1811900 296
1811910 294
1811920 293
1811930 291
1811940 292
1811950 292
1811960 293
1811970 294
1811980 295
1811990 295
1812000 296
1812010 296
1812020 297
1812030 297
1812040 298
1812050 298
1812060 296
1812070 296
1812080 297
1812090 297
1812100 298
1812110 297
1812120 298
1812130 299
1812140 300
1812150 299
1812160 299
1812170 298
1812180 298
1812190 297
1812200 297
1812210 296
1812220 296
1812230 295
1812240 295
1812250 294
1812260 293
1812270 293
1812280 292
1812290 291
1812300 291
1812310 290
1812320 289
1812330 288
1812340 288
1812350 287
1812360 288
1812370 289
1812380 290
1812390 291
1812400 292
1812410 293
1812420 295
1812430 297
1812440 298
1812450 300
1812460 301
1812470 302
1812480 303
1812490 304
1812500 305
1812510 306
1812520 307
1812530 308
1812540 309
1812550 310
1812560 311
1812570 311
1812580 312
1812590 313
1812600 314
1812610 315
1812620 315
1812630 316
1812640 316
1812650 316
1812660 317
1812670 317
1812680 317
1812690 317
1812700 316
1812710 316
1812720 316
1812730 316
1812740 315
1812750 315
1812760 314
1812770 314
1812780 314
1812790 314
1812800 313
1812810 312
1812820 311
1812830 309
1812840 307
1812850 306
1812860 304
1812870 303
1812880 301
1812890 299
1812900 298
1812910 296
1812920 294
1812930 293
1812940 294
1812950 295
1812960 295
1812970 296
1812980 297
1812990 298
1813000 299
1813010 300
1813020 301
1813030 302
1813040 303
1813050 303
1813060 304
1813070 304
1813080 305
1813090 306
1813100 307
1813110 309
1813120 310
1813130 311
1813140 312
1813150 313
1813160 314
1813170 315
1813180 316
1813190 317
1813200 318
1813210 319
1813220 320
1813230 321
1813240 322
1813250 323
1813260 324
1813270 324
1813280 325
1813290 326
1813300 326
1813310 326
1813320 326
1813330 326
1813340 326
1813350 326
1813360 326
1813370 325
1813380 325
1813390 325
1813400 325
1813410 324
1813420 323
1813430 321
1813440 319
1813450 317
1813460 318
1813470 320
1813480 321
1813490 320
1813500 319
1813510 318
1813520 316
1813530 315
1813540 316
1813550 316
1813560 316
1813570 316
1813580 315
1813590 315
1813600 315
1813610 315
1813620 315
1813630 315
1813640 315
1813650 314
1813660 314
1813670 313
1813680 313
1813690 312
1813700 311
1813710 311
1813720 310
1813730 309
1813740 308
1813750 307
1813760 306
1813770 306
1813780 305
1813790 303
1813800 302
1813810 301
1813820 300
1813830 298
1813840 297
1813850 296
1813860 295
1813870 294
1813880 293
1813890 291
1813900 291
1813910 290
1813920 289
1813930 288
1813940 287
1813950 286
1813960 286
1813970 285
1813980 284
1813990 283
1814000 283
1814010 282
1814020 281
1814030 281
1814040 280
1814050 280
1814060 280
1814070 280
1814080 280
1814090 280
1814100 280
1814110 281
1814120 281
1814130 282
1814140 282
1814150 283
1814160 284
1814170 285
1814180 285
1814190 286
1814200 287
1814210 287
1814220 288
1814230 289
1814240 289
1814250 290
1814260 290
1814270 290
1814280 291
1814290 291
1814300 291
1814310 291
1814320 291
1814330 291
1814340 290
1814350 290
1814360 289
1814370 289
1814380 288
1814390 288
1814400 288
1814410 287
1814420 286
1814430 286
1814440 286
1814450 285
1814460 285
1814470 285
1814480 285
1814490 284
1814500 284
1814510 284
1814520 284
1814530 284
1814540 284
1814550 283
1814560 283
1814570 283
1814580 283
1814590 283
1814600 283
1814610 283
1814620 283
1814630 283
1814640 283
1814650 284
1814660 284
1814670 284
1814680 284
1814690 285
1814700 285
1814710 285
1814720 285
1814730 285
1814740 285
1814750 286
1814760 286
1814770 286
1814780 286
1814790 286
1814800 286
1814810 287
1814820 287
1814830 287
1814840 287
1814850 287
1814860 287
1814870 287
1814880 287
1814890 287
1814900 287
1814910 287
1814920 287
1814930 287
1814940 287
1814950 287
1814960 287
1814970 287
1814980 287
1814990 287
1815000 287
1815010 287
1815020 288
1815030 288
1815040 288
1815050 289
1815060 289
1815070 290
1815080 290
1815090 290
1815100 291
1815110 291
1815120 292
1815130 292
1815140 293
1815150 294
1815160 294
1815170 295
1815180 296
1815190 296
1815200 297
1815210 298
1815220 298
1815230 299
1815240 299
1815250 300
1815260 300
1815270 300
1815280 301
1815290 301
1815300 301
1815310 302
1815320 302
1815330 302
1815340 302
1815350 302
1815360 303
1815370 303
1815380 303
1815390 303
1815400 303
1815410 303
1815420 303
1815430 303
1815440 303
1815450 303
1815460 303
1815470 302
1815480 302
1815490 302
1815500 301
1815510 301
1815520 300
1815530 300
1815540 299
1815550 299
1815560 299
1815570 298
1815580 298
1815590 298
1815600 298
1815610 298
1815620 298
1815630 298
1815640 299
1815650 300
1815660 301
1815670 302
1815680 303
1815690 304
1815700 305
1815710 306
1815720 306
1815730 307
1815740 308
1815750 309
1815760 309
1815770 310
1815780 310
1815790 311
1815800 312
1815810 312
1815820 313
1815830 313
1815840 314
1815850 315
1815860 315
1815870 316
1815880 317
1815890 318
1815900 318
1815910 319
1815920 319
1815930 320
1815940 320
1815950 319
1815960 318
1815970 316
1815980 315
1815990 314
1816000 314
1816010 313
1816020 313
1816030 313
1816040 313
1816050 313
1816060 313
1816070 313
1816080 313
1816090 313
1816100 313
1816110 314
1816120 316
1816130 317
1816140 319
1816150 321
1816160 322
1816170 324
1816180 325
1816190 326
1816200 327
1816210 328
1816220 329
1816230 329
1816240 330
1816250 331
1816260 331
1816270 332
1816280 332
1816290 333
1816300 334
1816310 334
1816320 335
1816330 336
1816340 337
1816350 337
1816360 338
1816370 339
1816380 340
1816390 340
1816400 341
1816410 341
1816420 342
1816430 342
1816440 343
1816450 344
1816460 345
1816470 346
1816480 347
1816490 348
1816500 350
1816510 351
1816520 353
1816530 354
1816540 355
1816550 355
1816560 356
1816570 356
1816580 357
1816590 357
1816600 357
1816610 358
1816620 358
1816630 358
1816640 359
1816650 359
1816660 359
1816670 359
1816680 359
1816690 359
1816700 359
1816710 359
1816720 359
1816730 359
1816740 359
1816750 359
1816760 359
1816770 359
1816780 358
1816790 358
1816800 357
1816810 357
1816820 357
1816830 356
1816840 355
1816850 355
1816860 354
1816870 353
1816880 352
1816890 351
1816900 349
1816910 348
1816920 347
1816930 346
1816940 346
1816950 346
1816960 346
1816970 346
1816980 346
1816990 346
1817000 347
1817010 347
1817020 348
1817030 349
1817040 350
1817050 351
1817060 352
1817070 353
1817080 354
1817090 354
1817100 355
1817110 355
1817120 355
1817130 356
1817140 356
1817150 356
1817160 356
1817170 356
1817180 356
1817190 356
1817200 356
1817210 356
1817220 356
1817230 356
1817240 356
1817250 356
1817260 356
1817270 356
1817280 356
1817290 356
1817300 356
1817310 356
1817320 356
1817330 356
1817340 356
1817350 356
1817360 356
1817370 356
1817380 356
1817390 356
1817400 356
1817410 356
1817420 356
1817430 356
1817440 356
1817450 356
1817460 356
1817470 356
1817480 355
1817490 355
1817500 355
1817510 355
1817520 354
1817530 354
1817540 354
1817550 354
1817560 354
1817570 353
1817580 353
1817590 353
1817600 353
1817610 352
1817620 352
1817630 352
1817640 351
1817650 351
1817660 351
1817670 350
1817680 350
1817690 349
1817700 349
1817710 348
1817720 348
1817730 347
1817740 347
1817750 346
1817760 346
1817770 345
1817780 345
1817790 344
1817800 344
1817810 343
1817820 343
1817830 343
1817840 343
1817850 344
1817860 344
1817870 344
1817880 344
1817890 345
1817900 345
1817910 346
1817920 346
1817930 346
1817940 346
1817950 346
1817960 346
1817970 346
1817980 346
1817990 346
1818000 346
1818010 346
1818020 346
1818030 346
1818040 345
1818050 344
1818060 343
1818070 343
1818080 342
1818090 341
1818100 341
1818110 340
1818120 340
1818130 339
1818140 339
1818150 339
1818160 339
1818170 340
1818180 341
1818190 342
1818200 344
1818210 345
1818220 346
1818230 345
1818240 344
1818250 342
1818260 341
1818270 340
1818280 340
1818290 340
1818300 341
1818310 342
1818320 343
1818330 343
1818340 342
1818350 341
1818360 338
1818370 336
1818380 333
1818390 330
1818400 327
1818410 324
1818420 322
1818430 320
1818440 318
1818450 317
1818460 316
1818470 315
1818480 314
1818490 313
1818500 313
1818510 311
1818520 310
1818530 309
1818540 307
1818550 305
1818560 304
1818570 303
1818580 302
1818590 301
1818600 301
1818610 300
1818620 300
1818630 301
1818640 301
1818650 302
1818660 303
1818670 305
1818680 306
1818690 307
1818700 307
1818710 308
1818720 309
1818730 309
1818740 310
1818750 310
1818760 311
1818770 311
1818780 312
1818790 313
1818800 314
1818810 314
1818820 314
1818830 313
1818840 311
1818850 309
1818860 307
1818870 306
1818880 305
1818890 304
1818900 303
1818910 304
1818920 304
1818930 305
1818940 306
1818950 307
1818960 308
1818970 310
1818980 311
1818990 312
1819000 313
1819010 315
1819020 316
1819030 317
1819040 318
1819050 319
1819060 319
1819070 320
1819080 320
1819090 320
1819100 321
1819110 321
1819120 321
1819130 320
1819140 320
1819150 320
1819160 319
1819170 318
1819180 317
1819190 315
1819200 312
1819210 310
1819220 308
1819230 307
1819240 305
1819250 305
1819260 304
1819270 303
1819280 301
1819290 299
1819300 297
1819310 295
1819320 294
1819330 293
1819340 293
1819350 293
1819360 293
1819370 293
1819380 294
1819390 296
1819400 298
1819410 300
1819420 302
1819430 303
1819440 304
1819450 305
1819460 306
1819470 307
1819480 307
1819490 308
1819500 309
1819510 310
1819520 311
1819530 312
1819540 314
1819550 315
1819560 316
1819570 317
1819580 318
1819590 318
1819600 319
1819610 320
1819620 322
1819630 323
1819640 324
1819650 326
1819660 327
1819670 327
1819680 328
1819690 328
1819700 328
1819710 328
1819720 328
1819730 328
1819740 327
1819750 326
1819760 325
1819770 324
1819780 323
1819790 322
1819800 321
1819810 320
1819820 319
1819830 318
1819840 316
1819850 315
1819860 314
1819870 314
1819880 314
1819890 313
1819900 313
1819910 313
1819920 313
1819930 314
1819940 314
1819950 315
1819960 316
1819970 317
1819980 318
1819990 319
