1800000 285
1800010 285
1800020 284
1800030 284
1800040 284
1800050 284
1800060 284
1800070 283
1800080 283
1800090 283
1800100 282
1800110 282
1800120 282
1800130 282
1800140 282
1800150 282
1800160 282
1800170 282
1800180 282
1800190 281
1800200 281
1800210 281
1800220 281
1800230 280
1800240 280
1800250 280
1800260 280
1800270 280
1800280 280
1800290 280
1800300 280
1800310 280
1800320 279
1800330 279
1800340 279
1800350 279
1800360 279
1800370 278
1800380 278
1800390 278
1800400 277
1800410 277
1800420 277
1800430 277
1800440 277
1800450 277
1800460 277
1800470 278
1800480 278
1800490 277
1800500 277
1800510 277
1800520 277
1800530 277
1800540 277
1800550 277
1800560 277
1800570 277
1800580 277
1800590 277
1800600 277
1800610 277
1800620 277
1800630 277
1800640 277
1800650 277
1800660 277
1800670 277
1800680 277
1800690 277
1800700 277
1800710 277
1800720 278
1800730 278
1800740 278
1800750 278
1800760 278
1800770 278
1800780 278
1800790 278
1800800 278
1800810 278
1800820 277
1800830 277
1800840 277
1800850 277
1800860 277
1800870 277
1800880 277
1800890 278
1800900 278
1800910 278
1800920 278
1800930 278
1800940 278
1800950 278
1800960 278
1800970 278
1800980 278
1800990 278
1801000 278
1801010 279
1801020 279
1801030 279
1801040 279
1801050 279
1801060 279
1801070 279
1801080 280
1801090 280
1801100 280
1801110 281
1801120 281
1801130 282
1801140 282
1801150 282
1801160 283
1801170 283
1801180 283
1801190 284
1801200 285
1801210 285
1801220 286
1801230 287
1801240 287
1801250 288
1801260 289
1801270 289
1801280 290
1801290 291
1801300 291
1801310 292
1801320 292
1801330 293
1801340 293
1801350 294
1801360 295
1801370 295
1801380 295
1801390 295
1801400 295
1801410 295
1801420 294
1801430 294
1801440 293
1801450 293
1801460 292
1801470 291
1801480 290
1801490 289
1801500 288
1801510 287
1801520 286
1801530 285
1801540 284
1801550 283
1801560 283
1801570 282
1801580 281
1801590 281
1801600 280
1801610 279
1801620 279
1801630 278
1801640 277
1801650 276
1801660 276
1801670 275
1801680 275
1801690 274
1801700 273
1801710 273
1801720 273
1801730 273
1801740 273
1801750 274
1801760 274
1801770 275
1801780 276
1801790 278
1801800 280
1801810 281
1801820 282
1801830 283
1801840 284
1801850 285
1801860 286
1801870 287
1801880 288
1801890 289
1801900 290
1801910 291
1801920 292
1801930 293
1801940 295
1801950 296
1801960 297
1801970 299
1801980 300
1801990 301
1802000 303
1802010 304
1802020 306
1802030 308
1802040 309
1802050 310
1802060 310
1802070 310
1802080 311
1802090 311
1802100 312
1802110 311
1802120 311
1802130 310
1802140 309
1802150 308
1802160 307
1802170 306
1802180 305
1802190 303
1802200 302
1802210 301
1802220 300
1802230 299
1802240 299
1802250 298
1802260 298
1802270 298
1802280 298
1802290 298
1802300 299
1802310 299
1802320 300
1802330 300
1802340 301
1802350 301
1802360 301
1802370 302
1802380 302
1802390 302
1802400 302
1802410 302
1802420 302
1802430 302
1802440 303
1802450 303
1802460 304
1802470 304
1802480 304
1802490 304
1802500 303
1802510 301
1802520 300
1802530 300
1802540 300
1802550 299
1802560 299
1802570 299
1802580 299
1802590 299
1802600 300
1802610 301
1802620 301
1802630 302
1802640 302
1802650 302
1802660 303
1802670 303
1802680 303
1802690 303
1802700 303
1802710 303
1802720 304
1802730 304
1802740 305
1802750 305
1802760 305
1802770 305
1802780 305
1802790 305
1802800 305
1802810 305
1802820 305
1802830 306
1802840 306
1802850 307
1802860 307
1802870 307
1802880 307
1802890 307
1802900 308
1802910 308
1802920 309
1802930 309
1802940 309
1802950 310
1802960 310
1802970 310
1802980 311
1802990 311
1803000 311
1803010 311
1803020 312
1803030 312
1803040 312
1803050 313
1803060 313
1803070 313
1803080 313
1803090 313
1803100 314
1803110 314
1803120 315
1803130 315
1803140 316
1803150 316
1803160 317
1803170 317
1803180 318
1803190 318
1803200 319
1803210 319
1803220 320
1803230 321
1803240 321
1803250 322
1803260 323
1803270 324
1803280 325
1803290 326
1803300 327
1803310 328
1803320 329
1803330 330
1803340 331
1803350 332
1803360 333
1803370 333
1803380 334
1803390 334
1803400 335
1803410 335
1803420 335
1803430 336
1803440 336
1803450 336
1803460 337
1803470 337
1803480 337
1803490 338
1803500 338
1803510 339
1803520 339
1803530 340
1803540 340
1803550 340
1803560 340
1803570 341
1803580 341
1803590 341
1803600 341
1803610 341
1803620 341
1803630 341
1803640 341
1803650 341
1803660 341
1803670 341
1803680 341
1803690 341
1803700 341
1803710 341
1803720 341
1803730 341
1803740 341
1803750 342
1803760 342
1803770 342
1803780 342
1803790 342
1803800 342
1803810 343
1803820 343
1803830 343
1803840 343
1803850 344
1803860 343
1803870 341
1803880 338
1803890 336
1803900 334
1803910 333
1803920 332
1803930 330
1803940 329
1803950 328
1803960 328
1803970 327
1803980 326
1803990 326
1804000 325
1804010 324
1804020 323
1804030 323
1804040 322
1804050 322
1804060 323
1804070 322
1804080 321
1804090 320
1804100 318
1804110 316
1804120 314
1804130 313
1804140 311
1804150 309
1804160 307
1804170 305
1804180 304
1804190 304
1804200 303
1804210 302
1804220 301
1804230 301
1804240 300
1804250 299
1804260 299
1804270 298
1804280 298
1804290 297
1804300 297
1804310 296
1804320 296
1804330 295
1804340 295
1804350 295
1804360 295
1804370 293
1804380 291
1804390 293
1804400 294
1804410 293
1804420 292
1804430 291
1804440 291
1804450 291
1804460 290
1804470 290
1804480 290
1804490 290
1804500 290
1804510 289
1804520 289
1804530 288
1804540 288
1804550 289
1804560 289
1804570 288
1804580 288
1804590 288
1804600 287
1804610 287
1804620 286
1804630 285
1804640 284
1804650 283
1804660 283
1804670 282
1804680 282
1804690 282
1804700 281
1804710 281
1804720 281
1804730 281
1804740 280
1804750 280
1804760 280
1804770 279
1804780 279
1804790 279
1804800 278
1804810 278
1804820 278
1804830 278
1804840 277
1804850 277
1804860 277
1804870 277
1804880 278
1804890 278
1804900 278
1804910 278
1804920 279
1804930 279
1804940 279
1804950 279
1804960 279
1804970 279
1804980 279
1804990 279
1805000 279
1805010 279
1805020 279
1805030 279
1805040 279
1805050 279
1805060 279
1805070 280
1805080 280
1805090 281
1805100 282
1805110 283
1805120 284
1805130 285
1805140 287
1805150 289
1805160 290
1805170 292
1805180 293
1805190 294
1805200 295
1805210 296
1805220 296
1805230 297
1805240 297
1805250 297
1805260 297
1805270 297
1805280 297
1805290 297
1805300 297
1805310 297
1805320 297
1805330 297
1805340 297
1805350 297
1805360 297
1805370 297
1805380 297
1805390 297
1805400 297
1805410 297
1805420 298
1805430 298
1805440 298
1805450 299
1805460 299
1805470 300
1805480 300
1805490 300
1805500 301
1805510 301
1805520 301
1805530 302
1805540 302
1805550 303
1805560 303
1805570 304
1805580 305
1805590 305
1805600 306
1805610 307
1805620 308
1805630 308
1805640 309
1805650 310
1805660 311
1805670 312
1805680 313
1805690 314
1805700 315
1805710 316
1805720 317
1805730 318
1805740 319
1805750 320
1805760 321
1805770 322
1805780 323
1805790 323
1805800 324
1805810 324
1805820 324
1805830 324
1805840 324
1805850 323
1805860 321
1805870 320
1805880 318
1805890 316
1805900 314
1805910 313
1805920 311
1805930 310
1805940 308
1805950 307
1805960 307
1805970 306
1805980 305
1805990 305
1806000 304
1806010 304
1806020 304
1806030 304
1806040 304
1806050 305
1806060 305
1806070 305
1806080 306
1806090 306
1806100 308
1806110 309
1806120 311
1806130 313
1806140 314
1806150 315
1806160 315
1806170 314
1806180 313
1806190 312
1806200 310
1806210 309
1806220 308
1806230 307
1806240 307
1806250 306
1806260 306
1806270 307
1806280 307
1806290 308
1806300 309
1806310 311
1806320 312
1806330 313
1806340 314
1806350 315
1806360 316
1806370 318
1806380 318
1806390 319
1806400 320
1806410 321
1806420 322
1806430 323
1806440 324
1806450 325
1806460 325
1806470 326
1806480 326
1806490 326
1806500 326
1806510 326
1806520 325
1806530 325
1806540 325
1806550 325
1806560 325
1806570 325
1806580 324
1806590 324
1806600 324
1806610 323
1806620 323
1806630 323
1806640 323
1806650 322
1806660 322
1806670 322
1806680 322
1806690 322
1806700 322
1806710 321
1806720 321
1806730 321
1806740 321
1806750 321
1806760 321
1806770 320
1806780 320
1806790 320
1806800 320
1806810 319
1806820 319
1806830 319
1806840 318
1806850 318
1806860 317
1806870 317
1806880 317
1806890 316
1806900 316
1806910 316
1806920 315
1806930 315
1806940 314
1806950 314
1806960 313
1806970 313
1806980 312
1806990 312
1807000 311
1807010 311
1807020 311
1807030 310
1807040 310
1807050 310
1807060 310
1807070 310
1807080 310
1807090 310
1807100 310
1807110 310
1807120 310
1807130 310
1807140 310
1807150 310
1807160 310
1807170 309
1807180 309
1807190 309
1807200 309
1807210 309
1807220 309
1807230 308
1807240 308
1807250 308
1807260 308
1807270 308
1807280 308
1807290 308
1807300 307
1807310 307
1807320 307
1807330 307
1807340 306
1807350 306
1807360 306
1807370 306
1807380 306
1807390 305
1807400 305
1807410 305
1807420 305
1807430 305
1807440 305
1807450 304
1807460 304
1807470 304
1807480 304
1807490 304
1807500 304
1807510 304
1807520 303
1807530 303
1807540 303
1807550 303
1807560 303
1807570 303
1807580 303
1807590 303
1807600 303
1807610 303
1807620 303
1807630 302
1807640 302
1807650 302
1807660 302
1807670 302
1807680 302
1807690 302
1807700 302
1807710 302
1807720 302
1807730 301
1807740 301
1807750 301
1807760 301
1807770 301
1807780 300
1807790 300
1807800 300
1807810 300
1807820 299
1807830 299
1807840 299
1807850 298
1807860 298
1807870 297
1807880 297
1807890 296
1807900 296
1807910 295
1807920 295
1807930 294
1807940 293
1807950 293
1807960 292
1807970 292
1807980 291
1807990 291
1808000 290
1808010 290
1808020 289
1808030 289
1808040 288
1808050 288
1808060 287
1808070 287
1808080 286
1808090 286
1808100 286
1808110 286
1808120 286
1808130 286
1808140 286
1808150 286
1808160 287
1808170 287
1808180 288
1808190 289
1808200 289
1808210 289
1808220 289
1808230 289
1808240 290
1808250 290
1808260 290
1808270 290
1808280 290
1808290 290
1808300 290
1808310 290
1808320 290
1808330 289
1808340 289
1808350 289
1808360 289
1808370 289
1808380 289
1808390 289
1808400 290
1808410 290
1808420 290
1808430 290
1808440 290
1808450 290
1808460 290
1808470 291
1808480 291
1808490 291
1808500 291
1808510 292
1808520 292
1808530 292
1808540 292
1808550 292
1808560 293
1808570 293
1808580 293
1808590 293
1808600 294
1808610 294
1808620 294
1808630 295
1808640 295
1808650 295
1808660 296
1808670 297
1808680 298
1808690 298
1808700 299
1808710 300
1808720 300
1808730 301
1808740 301
1808750 302
1808760 303
1808770 304
1808780 304
1808790 305
1808800 306
1808810 306
1808820 307
1808830 308
1808840 308
1808850 309
1808860 309
1808870 309
1808880 309
1808890 310
1808900 311
1808910 312
1808920 313
1808930 314
1808940 314
1808950 315
1808960 316
1808970 316
1808980 317
1808990 317
1809000 317
1809010 318
1809020 318
1809030 319
1809040 319
1809050 320
1809060 321
1809070 321
1809080 322
1809090 323
1809100 323
1809110 324
1809120 325
1809130 325
1809140 326
1809150 326
1809160 327
1809170 327
1809180 328
1809190 328
1809200 329
1809210 330
1809220 330
1809230 331
1809240 331
1809250 332
1809260 332
1809270 332
1809280 333
1809290 333
1809300 334
1809310 334
1809320 334
1809330 335
1809340 335
1809350 335
1809360 336
1809370 336
1809380 336
1809390 337
1809400 337
1809410 337
1809420 337
1809430 337
1809440 337
1809450 337
1809460 338
1809470 338
1809480 338
1809490 338
1809500 338
1809510 338
1809520 339
1809530 339
1809540 339
1809550 339
1809560 339
1809570 340
1809580 340
1809590 340
1809600 340
1809610 339
1809620 339
1809630 337
1809640 336
1809650 335
1809660 334
1809670 334
1809680 333
1809690 332
1809700 331
1809710 331
1809720 331
1809730 332
1809740 332
1809750 332
1809760 332
1809770 332
1809780 333
1809790 333
1809800 334
1809810 336
1809820 338
1809830 340
1809840 341
1809850 343
1809860 344
1809870 345
1809880 346
1809890 346
1809900 348
1809910 349
1809920 351
1809930 352
1809940 352
1809950 353
1809960 353
1809970 353
1809980 354
1809990 354
1810000 354
1810010 354
1810020 354
1810030 355
1810040 355
1810050 355
1810060 356
1810070 356
1810080 357
1810090 357
1810100 357
1810110 358
1810120 358
1810130 358
1810140 358
1810150 359
1810160 359
1810170 359
1810180 360
1810190 360
1810200 360
1810210 360
1810220 361
1810230 361
1810240 361
1810250 361
1810260 362
1810270 362
1810280 362
1810290 362
1810300 362
1810310 362
1810320 362
1810330 362
1810340 362
1810350 362
1810360 362
1810370 362
1810380 362
1810390 362
1810400 361
1810410 361
1810420 361
1810430 360
1810440 360
1810450 359
1810460 359
1810470 358
1810480 357
1810490 357
1810500 356
1810510 355
1810520 354
1810530 353
1810540 352
1810550 350
1810560 349
1810570 347
1810580 346
1810590 345
1810600 345
1810610 345
1810620 344
1810630 344
1810640 344
1810650 343
1810660 342
1810670 341
1810680 341
1810690 342
1810700 343
1810710 343
1810720 343
1810730 343
1810740 344
1810750 344
1810760 344
1810770 344
1810780 344
1810790 344
1810800 345
1810810 345
1810820 345
1810830 345
1810840 345
1810850 345
1810860 345
1810870 345
1810880 345
1810890 345
1810900 345
1810910 345
1810920 344
1810930 344
1810940 343
1810950 343
1810960 343
1810970 342
1810980 342
1810990 341
1811000 341
1811010 340
1811020 339
1811030 338
1811040 337
1811050 335
1811060 333
1811070 333
1811080 333
1811090 333
1811100 334
1811110 335
1811120 335
1811130 335
1811140 335
1811150 336
1811160 335
1811170 335
1811180 334
1811190 334
1811200 334
1811210 334
1811220 334
1811230 334
1811240 334
1811250 334
1811260 334
1811270 334
1811280 334
1811290 334
1811300 334
1811310 334
1811320 333
1811330 333
1811340 333
1811350 333
1811360 333
1811370 333
1811380 333
1811390 332
1811400 332
1811410 332
1811420 332
1811430 331
1811440 331
1811450 330
1811460 330
1811470 330
1811480 329
1811490 328
1811500 327
1811510 327
1811520 327
1811530 327
1811540 328
1811550 328
1811560 328
1811570 328
1811580 329
1811590 329
1811600 329
1811610 329
1811620 329
1811630 329
1811640 329
1811650 330
1811660 330
1811670 330
1811680 330
1811690 330
1811700 330
1811710 330
1811720 330
1811730 330
1811740 330
1811750 330
1811760 330
1811770 330
1811780 330
1811790 330
1811800 330
1811810 330
1811820 330
1811830 330
1811840 331
1811850 331
1811860 331
1811870 331
1811880 331
1811890 331
1811900 332
1811910 332
1811920 333
1811930 334
1811940 334
1811950 335
1811960 335
1811970 335
1811980 335
1811990 335
1812000 334
1812010 334
1812020 334
1812030 335
1812040 335
1812050 335
1812060 336
1812070 336
1812080 336
1812090 337
1812100 338
1812110 338
1812120 339
1812130 340
1812140 341
1812150 342
1812160 343
1812170 344
1812180 344
1812190 345
1812200 346
1812210 346
1812220 347
1812230 347
1812240 347
1812250 348
1812260 348
1812270 348
1812280 349
1812290 349
1812300 350
1812310 350
1812320 350
1812330 350
1812340 350
1812350 350
1812360 350
1812370 349
1812380 349
1812390 348
1812400 348
1812410 347
1812420 346
1812430 345
1812440 344
1812450 344
1812460 343
1812470 342
1812480 341
1812490 341
1812500 340
1812510 339
1812520 338
1812530 338
1812540 338
1812550 337
1812560 337
1812570 336
1812580 336
1812590 335
1812600 335
1812610 335
1812620 335
1812630 334
1812640 334
1812650 333
1812660 333
1812670 332
1812680 332
1812690 331
1812700 330
1812710 330
1812720 329
1812730 328
1812740 327
1812750 327
1812760 326
1812770 325
1812780 323
1812790 321
1812800 320
1812810 320
1812820 322
1812830 323
1812840 323
1812850 323
1812860 323
1812870 323
1812880 322
1812890 321
1812900 320
1812910 321
1812920 323
1812930 324
1812940 326
1812950 327
1812960 328
1812970 330
1812980 331
1812990 333
1813000 335
1813010 336
1813020 338
1813030 339
1813040 340
1813050 341
1813060 343
1813070 344
1813080 345
1813090 345
1813100 346
1813110 346
1813120 347
1813130 347
1813140 347
1813150 348
1813160 349
1813170 349
1813180 349
1813190 350
1813200 350
1813210 350
1813220 351
1813230 351
1813240 351
1813250 351
1813260 351
1813270 351
1813280 350
1813290 350
1813300 349
1813310 348
1813320 348
1813330 347
1813340 347
1813350 347
1813360 347
1813370 347
1813380 348
1813390 348
1813400 349
1813410 349
1813420 350
1813430 350
1813440 351
1813450 351
1813460 352
1813470 352
1813480 353
1813490 353
1813500 353
1813510 354
1813520 354
1813530 355
1813540 355
1813550 355
1813560 356
1813570 356
1813580 356
1813590 356
1813600 356
1813610 356
1813620 356
1813630 356
1813640 356
1813650 356
1813660 356
1813670 355
1813680 354
1813690 354
1813700 353
1813710 352
1813720 351
1813730 350
1813740 348
1813750 347
1813760 346
1813770 346
1813780 345
1813790 345
1813800 345
1813810 345
1813820 345
1813830 345
1813840 346
1813850 346
1813860 346
1813870 346
1813880 345
1813890 345
1813900 344
1813910 343
1813920 342
1813930 342
1813940 341
1813950 340
1813960 339
1813970 338
1813980 338
1813990 337
1814000 336
1814010 336
1814020 335
1814030 334
1814040 334
1814050 333
1814060 333
1814070 332
1814080 331
1814090 331
1814100 330
1814110 330
1814120 329
1814130 328
1814140 328
1814150 327
1814160 326
1814170 325
1814180 324
1814190 324
1814200 323
1814210 322
1814220 321
1814230 320
1814240 319
1814250 319
1814260 318
1814270 317
1814280 317
1814290 316
1814300 315
1814310 314
1814320 313
1814330 312
1814340 311
1814350 311
1814360 310
1814370 309
1814380 308
1814390 307
1814400 306
1814410 305
1814420 305
1814430 304
1814440 303
1814450 302
1814460 302
1814470 303
1814480 304
1814490 305
1814500 306
1814510 307
1814520 309
1814530 310
1814540 312
1814550 313
1814560 314
1814570 315
1814580 315
1814590 316
1814600 317
1814610 318
1814620 319
1814630 320
1814640 321
1814650 322
1814660 323
1814670 324
1814680 324
1814690 325
1814700 326
1814710 327
1814720 328
1814730 329
1814740 331
1814750 332
1814760 334
1814770 335
1814780 337
1814790 339
1814800 341
1814810 343
1814820 344
1814830 345
1814840 345
1814850 345
1814860 344
1814870 344
1814880 343
1814890 342
1814900 342
1814910 341
1814920 341
1814930 341
1814940 342
1814950 343
1814960 344
1814970 346
1814980 348
1814990 351
1815000 354
1815010 356
1815020 359
1815030 361
1815040 362
1815050 364
1815060 365
1815070 365
1815080 366
1815090 366
1815100 366
1815110 366
1815120 366
1815130 366
1815140 365
1815150 365
1815160 365
1815170 365
1815180 364
1815190 364
1815200 363
1815210 363
1815220 362
1815230 362
1815240 361
1815250 361
1815260 360
1815270 360
1815280 359
1815290 359
1815300 359
1815310 359
1815320 359
1815330 358
1815340 358
1815350 357
1815360 357
1815370 357
1815380 356
1815390 356
1815400 355
1815410 355
1815420 354
1815430 353
1815440 352
1815450 351
1815460 350
1815470 349
1815480 349
1815490 348
1815500 348
1815510 347
1815520 346
1815530 345
1815540 344
1815550 343
1815560 342
1815570 341
1815580 340
1815590 339
1815600 339
1815610 339
1815620 339
1815630 339
1815640 339
1815650 340
1815660 339
1815670 337
1815680 335
1815690 333
1815700 331
1815710 329
1815720 326
1815730 324
1815740 322
1815750 320
1815760 319
1815770 317
1815780 316
1815790 315
1815800 313
1815810 313
1815820 312
1815830 311
1815840 310
1815850 309
1815860 308
1815870 309
1815880 310
1815890 310
1815900 311
1815910 311
1815920 312
1815930 312
1815940 312
1815950 313
1815960 313
1815970 313
1815980 313
1815990 313
1816000 313
1816010 313
1816020 313
1816030 312
1816040 312
1816050 312
1816060 312
1816070 313
1816080 313
1816090 313
1816100 313
1816110 313
1816120 314
1816130 314
1816140 314
1816150 315
1816160 315
1816170 316
1816180 317
1816190 317
1816200 318
1816210 318
1816220 318
1816230 318
1816240 318
1816250 318
1816260 318
1816270 319
1816280 319
1816290 320
1816300 320
1816310 321
1816320 322
1816330 322
1816340 323
1816350 323
1816360 323
1816370 322
1816380 322
1816390 321
1816400 320
1816410 319
1816420 317
1816430 317
1816440 316
1816450 316
1816460 316
1816470 316
1816480 316
1816490 315
1816500 313
1816510 312
1816520 310
1816530 309
1816540 308
1816550 307
1816560 306
1816570 305
1816580 303
1816590 302
1816600 300
1816610 299
1816620 298
1816630 298
1816640 297
1816650 296
1816660 297
1816670 298
1816680 299
1816690 300
1816700 302
1816710 303
1816720 304
1816730 304
1816740 304
1816750 304
1816760 304
1816770 305
1816780 305
1816790 306
1816800 306
1816810 307
1816820 308
1816830 308
1816840 309
1816850 310
1816860 311
1816870 312
1816880 313
1816890 315
1816900 316
1816910 317
1816920 318
1816930 318
1816940 319
1816950 320
1816960 320
1816970 321
1816980 321
1816990 321
1817000 322
1817010 322
1817020 323
1817030 323
1817040 323
1817050 323
1817060 323
1817070 323
1817080 323
1817090 323
1817100 322
1817110 322
1817120 322
1817130 321
1817140 321
1817150 320
1817160 320
1817170 319
1817180 318
1817190 317
1817200 317
1817210 316
1817220 316
1817230 315
1817240 315
1817250 314
1817260 314
1817270 313
1817280 313
1817290 312
1817300 311
1817310 311
1817320 310
1817330 309
1817340 308
1817350 308
1817360 307
1817370 306
1817380 305
1817390 305
1817400 304
1817410 303
1817420 301
1817430 300
1817440 299
1817450 297
1817460 296
1817470 294
1817480 292
1817490 291
1817500 291
1817510 290
1817520 290
1817530 290
1817540 290
1817550 291
1817560 291
1817570 292
1817580 293
1817590 295
1817600 297
1817610 299
1817620 300
1817630 301
1817640 302
1817650 303
1817660 303
1817670 304
1817680 305
1817690 306
1817700 306
1817710 307
1817720 308
1817730 308
1817740 309
1817750 310
1817760 311
1817770 311
1817780 312
1817790 313
1817800 314
1817810 315
1817820 315
1817830 316
1817840 317
1817850 318
1817860 318
1817870 319
1817880 319
1817890 320
1817900 321
1817910 321
1817920 322
1817930 322
1817940 322
1817950 322
1817960 322
1817970 322
1817980 322
1817990 323
1818000 323
1818010 323
1818020 323
1818030 323
1818040 323
1818050 323
1818060 323
1818070 322
1818080 322
1818090 322
1818100 322
1818110 321
1818120 321
1818130 321
1818140 320
1818150 320
1818160 319
1818170 319
1818180 318
1818190 318
1818200 317
1818210 317
1818220 317
1818230 317
1818240 316
1818250 316
1818260 316
1818270 316
1818280 316
1818290 316
1818300 316
1818310 316
1818320 316
1818330 316
1818340 317
1818350 317
1818360 318
1818370 318
1818380 319
1818390 319
1818400 319
1818410 320
1818420 319
1818430 319
1818440 318
1818450 318
1818460 317
1818470 316
1818480 315
1818490 314
1818500 314
1818510 313
1818520 313
1818530 312
1818540 312
1818550 311
1818560 311
1818570 310
1818580 309
1818590 308
1818600 306
1818610 305
1818620 303
1818630 301
1818640 300
1818650 299
1818660 297
1818670 296
1818680 294
1818690 293
1818700 292
1818710 291
1818720 290
1818730 288
1818740 288
1818750 288
1818760 287
1818770 286
1818780 285
1818790 284
1818800 283
1818810 282
1818820 281
1818830 280
1818840 279
1818850 279
1818860 278
1818870 278
1818880 277
1818890 277
1818900 278
1818910 278
1818920 279
1818930 280
1818940 281
1818950 282
1818960 283
1818970 284
1818980 285
1818990 286
1819000 287
1819010 288
1819020 289
1819030 289
1819040 290
1819050 291
1819060 292
1819070 293
1819080 294
1819090 296
1819100 297
1819110 298
1819120 299
1819130 299
1819140 300
1819150 300
1819160 301
1819170 302
1819180 302
1819190 303
1819200 303
1819210 303
1819220 304
1819230 304
1819240 305
1819250 306
1819260 306
1819270 307
1819280 307
1819290 307
1819300 308
1819310 308
1819320 309
1819330 310
1819340 311
1819350 312
1819360 313
1819370 313
1819380 314
1819390 314
1819400 313
1819410 313
1819420 312
1819430 312
1819440 311
1819450 311
1819460 311
1819470 310
1819480 310
1819490 309
1819500 309
1819510 308
1819520 308
1819530 307
1819540 307
1819550 306
1819560 306
1819570 305
1819580 305
1819590 304
1819600 304
1819610 304
1819620 304
1819630 303
1819640 303
1819650 303
1819660 302
1819670 301
1819680 300
1819690 298
1819700 297
1819710 295
1819720 294
1819730 293
1819740 291
1819750 290
1819760 288
1819770 287
1819780 286
1819790 285
1819800 284
1819810 283
1819820 283
1819830 283
1819840 283
1819850 283
1819860 283
1819870 283
1819880 283
1819890 283
1819900 282
1819910 282
1819920 282
1819930 281
1819940 281
1819950 280
1819960 280
1819970 280
1819980 280
1819990 280
