1800000 267
1800010 266
1800020 266
1800030 266
1800040 267
1800050 267
1800060 267
1800070 268
1800080 268
1800090 268
1800100 268
1800110 268
1800120 267
1800130 267
1800140 266
1800150 266
1800160 265
1800170 265
1800180 264
1800190 263
1800200 263
1800210 263
1800220 263
1800230 263
1800240 263
1800250 263
1800260 264
1800270 264
1800280 265
1800290 265
1800300 265
1800310 265
1800320 265
1800330 265
1800340 265
1800350 264
1800360 264
1800370 264
1800380 264
1800390 264
1800400 264
1800410 263
1800420 263
1800430 262
1800440 262
1800450 261
1800460 260
1800470 259
1800480 259
1800490 258
1800500 257
1800510 256
1800520 256
1800530 255
1800540 255
1800550 255
1800560 254
1800570 254
1800580 254
1800590 254
1800600 254
1800610 254
1800620 255
1800630 256
1800640 256
1800650 257
1800660 258
1800670 259
1800680 260
1800690 260
1800700 261
1800710 261
1800720 262
1800730 263
1800740 263
1800750 263
1800760 263
1800770 263
1800780 263
1800790 263
1800800 263
1800810 262
1800820 262
1800830 261
1800840 261
1800850 260
1800860 259
1800870 258
1800880 257
1800890 257
1800900 256
1800910 255
1800920 255
1800930 254
1800940 254
1800950 253
1800960 253
1800970 253
1800980 253
1800990 253
1801000 253
1801010 253
1801020 253
1801030 254
1801040 254
1801050 255
1801060 255
1801070 256
1801080 256
1801090 257
1801100 257
1801110 257
1801120 257
1801130 258
1801140 258
1801150 258
1801160 258
1801170 258
1801180 258
1801190 258
1801200 258
1801210 258
1801220 258
1801230 258
1801240 257
1801250 257
1801260 257
1801270 256
1801280 256
1801290 255
1801300 255
1801310 255
1801320 254
1801330 254
1801340 254
1801350 254
1801360 254
1801370 254
1801380 254
1801390 253
1801400 253
1801410 253
1801420 252
1801430 252
1801440 252
1801450 252
1801460 252
1801470 252
1801480 252
1801490 252
1801500 252
1801510 252
1801520 252
1801530 252
1801540 252
1801550 252
1801560 252
1801570 252
1801580 252
1801590 252
1801600 252
1801610 252
1801620 252
1801630 252
1801640 252
1801650 252
1801660 252
1801670 252
1801680 252
1801690 252
1801700 252
1801710 251
1801720 251
1801730 251
1801740 251
1801750 251
1801760 251
1801770 251
1801780 251
1801790 251
1801800 251
1801810 251
1801820 250
1801830 250
1801840 250
1801850 250
1801860 250
1801870 250
1801880 250
1801890 250
1801900 250
1801910 250
1801920 250
1801930 250
1801940 250
1801950 250
1801960 250
1801970 250
1801980 250
1801990 250
1802000 250
1802010 250
1802020 250
1802030 250
1802040 250
1802050 250
1802060 250
1802070 250
1802080 250
1802090 251
1802100 251
1802110 251
1802120 251
1802130 252
1802140 252
1802150 253
1802160 253
1802170 254
1802180 254
1802190 255
1802200 255
1802210 256
1802220 257
1802230 258
1802240 259
1802250 259
1802260 260
1802270 261
1802280 262
1802290 263
1802300 263
1802310 264
1802320 265
1802330 265
1802340 265
1802350 266
1802360 266
1802370 266
1802380 266
1802390 266
1802400 266
1802410 265
1802420 265
1802430 265
1802440 264
1802450 263
1802460 263
1802470 262
1802480 261
1802490 261
1802500 260
1802510 259
1802520 259
1802530 258
1802540 257
1802550 256
1802560 255
1802570 254
1802580 253
1802590 252
1802600 252
1802610 251
1802620 249
1802630 248
1802640 247
1802650 246
1802660 245
1802670 245
1802680 244
1802690 243
1802700 243
1802710 243
1802720 242
1802730 242
1802740 242
1802750 242
1802760 242
1802770 242
1802780 242
1802790 241
1802800 241
1802810 241
1802820 241
1802830 241
1802840 241
1802850 241
1802860 241
1802870 241
1802880 241
1802890 241
1802900 241
1802910 242
1802920 242
1802930 242
1802940 242
1802950 242
1802960 243
1802970 243
1802980 243
1802990 243
1803000 242
1803010 242
1803020 242
1803030 241
1803040 240
1803050 240
1803060 239
1803070 239
1803080 238
1803090 238
1803100 238
1803110 238
1803120 238
1803130 238
1803140 238
1803150 238
1803160 238
1803170 238
1803180 238
1803190 238
1803200 238
1803210 238
1803220 238
1803230 238
1803240 238
1803250 238
1803260 238
1803270 239
1803280 239
1803290 239
1803300 240
1803310 241
1803320 241
1803330 242
1803340 243
1803350 244
1803360 245
1803370 246
1803380 246
1803390 247
1803400 248
1803410 249
1803420 250
1803430 250
1803440 251
1803450 252
1803460 253
1803470 253
1803480 254
1803490 255
1803500 255
1803510 256
1803520 257
1803530 257
1803540 258
1803550 258
1803560 259
1803570 259
1803580 260
1803590 261
1803600 261
1803610 262
1803620 262
1803630 263
1803640 263
1803650 264
1803660 264
1803670 265
1803680 266
1803690 266
1803700 267
1803710 267
1803720 268
1803730 268
1803740 268
1803750 269
1803760 269
1803770 269
1803780 270
1803790 270
1803800 270
1803810 271
1803820 271
1803830 271
1803840 271
1803850 271
1803860 271
1803870 271
1803880 271
1803890 271
1803900 271
1803910 271
1803920 271
1803930 271
1803940 271
1803950 271
1803960 271
1803970 271
1803980 271
1803990 271
1804000 272
1804010 272
1804020 272
1804030 272
1804040 273
1804050 273
1804060 274
1804070 274
1804080 275
1804090 275
1804100 276
1804110 276
1804120 277
1804130 277
1804140 278
1804150 278
1804160 278
1804170 279
1804180 279
1804190 279
1804200 279
1804210 280
1804220 280
1804230 280
1804240 279
1804250 279
1804260 279
1804270 279
1804280 279
1804290 278
1804300 278
1804310 278
1804320 278
1804330 277
1804340 277
1804350 276
1804360 276
1804370 276
1804380 276
1804390 276
1804400 277
1804410 278
1804420 279
1804430 280
1804440 281
1804450 282
1804460 283
1804470 284
1804480 284
1804490 285
1804500 285
1804510 285
1804520 285
1804530 284
1804540 284
1804550 283
1804560 283
1804570 282
1804580 281
1804590 281
1804600 280
1804610 280
1804620 280
1804630 280
1804640 279
1804650 279
1804660 279
1804670 279
1804680 280
1804690 280
1804700 281
1804710 281
1804720 282
1804730 282
1804740 283
1804750 284
1804760 285
1804770 286
1804780 288
1804790 289
1804800 290
1804810 291
1804820 293
1804830 294
1804840 295
1804850 296
1804860 297
1804870 297
1804880 298
1804890 298
1804900 298
1804910 299
1804920 299
1804930 300
1804940 301
1804950 301
1804960 302
1804970 302
1804980 302
1804990 303
1805000 303
1805010 303
1805020 303
1805030 303
1805040 303
1805050 303
1805060 303
1805070 303
1805080 303
1805090 303
1805100 302
1805110 302
1805120 301
1805130 300
1805140 299
1805150 298
1805160 297
1805170 296
1805180 295
1805190 294
1805200 293
1805210 293
1805220 292
1805230 291
1805240 291
1805250 290
1805260 290
1805270 290
1805280 289
1805290 290
1805300 290
1805310 290
1805320 291
1805330 291
1805340 291
1805350 291
1805360 291
1805370 292
1805380 293
1805390 294
1805400 294
1805410 296
1805420 297
1805430 299
1805440 299
1805450 300
1805460 300
1805470 301
1805480 301
1805490 301
1805500 301
1805510 301
1805520 301
1805530 301
1805540 300
1805550 300
1805560 300
1805570 300
1805580 300
1805590 300
1805600 300
1805610 300
1805620 299
1805630 299
1805640 299
1805650 299
1805660 298
1805670 298
1805680 298
1805690 297
1805700 297
1805710 297
1805720 296
1805730 296
1805740 295
1805750 295
1805760 294
1805770 294
1805780 293
1805790 293
1805800 292
1805810 292
1805820 291
1805830 290
1805840 290
1805850 289
1805860 288
1805870 288
1805880 287
1805890 287
1805900 286
1805910 286
1805920 285
1805930 284
1805940 283
1805950 283
1805960 282
1805970 281
1805980 281
1805990 280
1806000 280
1806010 279
1806020 279
1806030 278
1806040 278
1806050 277
1806060 276
1806070 276
1806080 275
1806090 275
1806100 274
1806110 273
1806120 272
1806130 271
1806140 271
1806150 270
1806160 270
1806170 269
1806180 268
1806190 268
1806200 267
1806210 267
1806220 266
1806230 265
1806240 264
1806250 264
1806260 263
1806270 262
1806280 261
1806290 259
1806300 258
1806310 257
1806320 256
1806330 254
1806340 253
1806350 252
1806360 251
1806370 250
1806380 248
1806390 247
1806400 246
1806410 244
1806420 243
1806430 242
1806440 241
1806450 240
1806460 239
1806470 238
1806480 238
1806490 238
1806500 238
1806510 237
1806520 237
1806530 236
1806540 236
1806550 236
1806560 236
1806570 236
1806580 237
1806590 237
1806600 238
1806610 238
1806620 239
1806630 240
1806640 240
1806650 241
1806660 241
1806670 242
1806680 242
1806690 242
1806700 242
1806710 242
1806720 242
1806730 242
1806740 242
1806750 242
1806760 242
1806770 242
1806780 242
1806790 241
1806800 241
1806810 241
1806820 241
1806830 241
1806840 241
1806850 241
1806860 241
1806870 241
1806880 241
1806890 241
1806900 241
1806910 241
1806920 240
1806930 240
1806940 240
1806950 240
1806960 240
1806970 240
1806980 240
1806990 240
1807000 240
1807010 240
1807020 240
1807030 239
1807040 239
1807050 239
1807060 240
1807070 239
1807080 239
1807090 239
1807100 239
1807110 239
1807120 239
1807130 239
1807140 239
1807150 239
1807160 239
1807170 239
1807180 239
1807190 240
1807200 240
1807210 241
1807220 242
1807230 243
1807240 244
1807250 245
1807260 245
1807270 246
1807280 247
1807290 247
1807300 248
1807310 248
1807320 248
1807330 248
1807340 248
1807350 248
1807360 248
1807370 248
1807380 248
1807390 248
1807400 247
1807410 247
1807420 247
1807430 247
1807440 246
1807450 246
1807460 246
1807470 245
1807480 245
1807490 245
1807500 244
1807510 244
1807520 244
1807530 244
1807540 244
1807550 244
1807560 244
1807570 245
1807580 245
1807590 246
1807600 247
1807610 248
1807620 249
1807630 249
1807640 250
1807650 251
1807660 251
1807670 252
1807680 252
1807690 253
1807700 254
1807710 254
1807720 255
1807730 256
1807740 256
1807750 257
1807760 258
1807770 258
1807780 259
1807790 260
1807800 261
1807810 261
1807820 262
1807830 262
1807840 263
1807850 263
1807860 263
1807870 263
1807880 264
1807890 264
1807900 264
1807910 264
1807920 264
1807930 265
1807940 265
1807950 264
1807960 264
1807970 264
1807980 264
1807990 263
1808000 263
1808010 263
1808020 262
1808030 261
1808040 261
1808050 260
1808060 260
1808070 259
1808080 259
1808090 259
1808100 259
1808110 258
1808120 258
1808130 258
1808140 258
1808150 258
1808160 258
1808170 259
1808180 259
1808190 259
1808200 259
1808210 260
1808220 260
1808230 260
1808240 260
1808250 260
1808260 260
1808270 260
1808280 260
1808290 260
1808300 260
1808310 259
1808320 259
1808330 259
1808340 258
1808350 258
1808360 257
1808370 256
1808380 256
1808390 255
1808400 254
1808410 253
1808420 252
1808430 252
1808440 251
1808450 251
1808460 250
1808470 250
1808480 250
1808490 249
1808500 249
1808510 249
1808520 249
1808530 249
1808540 249
1808550 249
1808560 249
1808570 249
1808580 249
1808590 250
1808600 250
1808610 250
1808620 251
1808630 251
1808640 252
1808650 252
1808660 253
1808670 253
1808680 254
1808690 255
1808700 256
1808710 256
1808720 257
1808730 259
1808740 260
1808750 261
1808760 261
1808770 262
1808780 263
1808790 263
1808800 264
1808810 264
1808820 265
1808830 265
1808840 266
1808850 266
1808860 267
1808870 268
1808880 268
1808890 269
1808900 270
1808910 270
1808920 271
1808930 272
1808940 273
1808950 274
1808960 275
1808970 276
1808980 277
1808990 278
1809000 279
1809010 280
1809020 281
1809030 282
1809040 283
1809050 284
1809060 285
1809070 286
1809080 287
1809090 288
1809100 289
1809110 289
1809120 290
1809130 291
1809140 291
1809150 292
1809160 292
1809170 292
1809180 293
1809190 293
1809200 294
1809210 294
1809220 295
1809230 295
1809240 295
1809250 296
1809260 296
1809270 296
1809280 297
1809290 297
1809300 297
1809310 297
1809320 297
1809330 297
1809340 297
1809350 297
1809360 296
1809370 296
1809380 296
1809390 296
1809400 295
1809410 294
1809420 294
1809430 293
1809440 292
1809450 291
1809460 290
1809470 289
1809480 287
1809490 286
1809500 285
1809510 284
1809520 283
1809530 282
1809540 280
1809550 277
1809560 274
1809570 272
1809580 271
1809590 270
1809600 269
1809610 268
1809620 267
1809630 266
1809640 265
1809650 264
1809660 263
1809670 263
1809680 262
1809690 262
1809700 262
1809710 262
1809720 262
1809730 262
1809740 262
1809750 262
1809760 262
1809770 262
1809780 262
1809790 261
1809800 261
1809810 260
1809820 259
1809830 258
1809840 257
1809850 256
1809860 255
1809870 254
1809880 253
1809890 252
1809900 251
1809910 250
1809920 249
1809930 249
1809940 249
1809950 249
1809960 249
1809970 249
1809980 249
1809990 248
1810000 248
1810010 248
1810020 248
1810030 248
1810040 248
1810050 248
1810060 248
1810070 248
1810080 249
1810090 249
1810100 250
1810110 250
1810120 251
1810130 252
1810140 253
1810150 254
1810160 256
1810170 257
1810180 258
1810190 260
1810200 261
1810210 262
1810220 262
1810230 263
1810240 263
1810250 263
1810260 263
1810270 262
1810280 262
1810290 262
1810300 261
1810310 261
1810320 260
1810330 259
1810340 259
1810350 258
1810360 257
1810370 256
1810380 256
1810390 255
1810400 254
1810410 254
1810420 253
1810430 253
1810440 252
1810450 251
1810460 250
1810470 250
1810480 249
1810490 249
1810500 248
1810510 248
1810520 247
1810530 247
1810540 246
1810550 246
1810560 245
1810570 244
1810580 243
1810590 243
1810600 242
1810610 241
1810620 241
1810630 241
1810640 240
1810650 240
1810660 240
1810670 239
1810680 239
1810690 239
1810700 238
1810710 238
1810720 238
1810730 238
1810740 238
1810750 238
1810760 238
1810770 238
1810780 238
1810790 238
1810800 238
1810810 238
1810820 238
1810830 238
1810840 238
1810850 238
1810860 238
1810870 238
1810880 238
1810890 238
1810900 239
1810910 239
1810920 239
1810930 240
1810940 240
1810950 240
1810960 241
1810970 242
1810980 242
1810990 243
1811000 244
1811010 245
1811020 245
1811030 246
1811040 247
1811050 247
1811060 248
1811070 249
1811080 249
1811090 250
1811100 251
1811110 252
1811120 253
1811130 254
1811140 254
1811150 255
1811160 256
1811170 257
1811180 257
1811190 257
1811200 257
1811210 256
1811220 256
1811230 255
1811240 254
1811250 253
1811260 252
1811270 251
1811280 250
1811290 250
1811300 249
1811310 248
1811320 247
1811330 246
1811340 245
1811350 245
1811360 244
1811370 244
1811380 243
1811390 243
1811400 243
1811410 243
1811420 242
1811430 242
1811440 243
1811450 244
1811460 244
1811470 245
1811480 245
1811490 246
1811500 246
1811510 247
1811520 248
1811530 249
1811540 250
1811550 250
1811560 251
1811570 252
1811580 253
1811590 254
1811600 255
1811610 256
1811620 257
1811630 258
1811640 260
1811650 261
1811660 262
1811670 263
1811680 264
1811690 265
1811700 265
1811710 266
1811720 266
1811730 267
1811740 267
1811750 268
1811760 268
1811770 268
1811780 268
1811790 268
1811800 269
1811810 269
1811820 269
1811830 269
1811840 270
1811850 270
1811860 270
1811870 270
1811880 270
1811890 270
1811900 270
1811910 270
1811920 270
1811930 270
1811940 270
1811950 270
1811960 270
1811970 270
1811980 270
1811990 269
1812000 269
1812010 269
1812020 270
1812030 270
1812040 270
1812050 270
1812060 270
1812070 270
1812080 269
1812090 269
1812100 269
1812110 269
1812120 269
1812130 269
1812140 269
1812150 268
1812160 268
1812170 268
1812180 267
1812190 267
1812200 266
1812210 266
1812220 265
1812230 265
1812240 264
1812250 263
1812260 263
1812270 262
1812280 261
1812290 261
1812300 260
1812310 260
1812320 260
1812330 259
1812340 259
1812350 259
1812360 259
1812370 259
1812380 259
1812390 259
1812400 259
1812410 260
1812420 260
1812430 260
1812440 260
1812450 260
1812460 260
1812470 260
1812480 261
1812490 261
1812500 261
1812510 262
1812520 262
1812530 263
1812540 264
1812550 264
1812560 265
1812570 266
1812580 268
1812590 269
1812600 270
1812610 271
1812620 272
1812630 273
1812640 274
1812650 275
1812660 276
1812670 277
1812680 278
1812690 280
1812700 281
1812710 282
1812720 284
1812730 285
1812740 287
1812750 288
1812760 289
1812770 291
1812780 292
1812790 294
1812800 295
1812810 296
1812820 297
1812830 299
1812840 300
1812850 300
1812860 301
1812870 302
1812880 303
1812890 305
1812900 305
1812910 306
1812920 306
1812930 307
1812940 307
1812950 309
1812960 310
1812970 311
1812980 312
1812990 313
1813000 313
1813010 313
1813020 313
1813030 313
1813040 314
1813050 313
1813060 313
1813070 313
1813080 313
1813090 312
1813100 312
1813110 311
1813120 311
1813130 310
1813140 309
1813150 308
1813160 307
1813170 306
1813180 306
1813190 305
1813200 304
1813210 303
1813220 302
1813230 301
1813240 301
1813250 300
1813260 299
1813270 298
1813280 298
1813290 297
1813300 296
1813310 295
1813320 295
1813330 294
1813340 294
1813350 294
1813360 294
1813370 293
1813380 293
1813390 292
1813400 293
1813410 293
1813420 293
1813430 293
1813440 294
1813450 295
1813460 296
1813470 296
1813480 297
1813490 298
1813500 299
1813510 300
1813520 301
1813530 302
1813540 303
1813550 304
1813560 306
1813570 307
1813580 308
1813590 310
1813600 311
1813610 312
1813620 313
1813630 314
1813640 315
1813650 317
1813660 318
1813670 319
1813680 320
1813690 321
1813700 322
1813710 323
1813720 323
1813730 323
1813740 324
1813750 324
1813760 324
1813770 324
1813780 324
1813790 324
1813800 325
1813810 325
1813820 325
1813830 325
1813840 325
1813850 324
1813860 324
1813870 323
1813880 323
1813890 322
1813900 322
1813910 322
1813920 321
1813930 320
1813940 318
1813950 317
1813960 315
1813970 314
1813980 313
1813990 313
1814000 314
1814010 314
1814020 314
1814030 314
1814040 314
1814050 314
1814060 313
1814070 312
1814080 312
1814090 313
1814100 313
1814110 314
1814120 316
1814130 318
1814140 320
1814150 322
1814160 324
1814170 326
1814180 328
1814190 330
1814200 331
1814210 332
1814220 333
1814230 333
1814240 334
1814250 334
1814260 336
1814270 337
1814280 339
1814290 341
1814300 343
1814310 344
1814320 345
1814330 346
1814340 347
1814350 347
1814360 348
1814370 348
1814380 349
1814390 349
1814400 350
1814410 351
1814420 351
1814430 352
1814440 353
1814450 353
1814460 354
1814470 354
1814480 355
1814490 355
1814500 355
1814510 355
1814520 355
1814530 355
1814540 355
1814550 355
1814560 355
1814570 355
1814580 355
1814590 355
1814600 355
1814610 355
1814620 355
1814630 355
1814640 354
1814650 354
1814660 354
1814670 354
1814680 354
1814690 353
1814700 353
1814710 353
1814720 352
1814730 352
1814740 352
1814750 352
1814760 351
1814770 351
1814780 351
1814790 350
1814800 350
1814810 349
1814820 349
1814830 349
1814840 348
1814850 348
1814860 348
1814870 348
1814880 347
1814890 347
1814900 347
1814910 347
1814920 347
1814930 347
1814940 346
1814950 346
1814960 346
1814970 346
1814980 345
1814990 345
1815000 345
1815010 345
1815020 344
1815030 344
1815040 344
1815050 344
1815060 343
1815070 343
1815080 342
1815090 342
1815100 342
1815110 342
1815120 341
1815130 341
1815140 341
1815150 340
1815160 340
1815170 340
1815180 339
1815190 339
1815200 338
1815210 338
1815220 337
1815230 337
1815240 337
1815250 336
1815260 336
1815270 335
1815280 335
1815290 334
1815300 334
1815310 333
1815320 333
1815330 333
1815340 332
1815350 332
1815360 332
1815370 331
1815380 331
1815390 330
1815400 330
1815410 329
1815420 329
1815430 329
1815440 328
1815450 328
1815460 329
1815470 329
1815480 330
1815490 331
1815500 331
1815510 332
1815520 332
1815530 332
1815540 332
1815550 332
1815560 332
1815570 333
1815580 333
1815590 333
1815600 333
1815610 333
1815620 333
1815630 332
1815640 332
1815650 332
1815660 332
1815670 332
1815680 332
1815690 331
1815700 331
1815710 331
1815720 330
1815730 330
1815740 330
1815750 330
1815760 329
1815770 329
1815780 328
1815790 328
1815800 328
1815810 327
1815820 327
1815830 326
1815840 326
1815850 326
1815860 325
1815870 325
1815880 325
1815890 324
1815900 324
1815910 324
1815920 323
1815930 323
1815940 322
1815950 322
1815960 321
1815970 320
1815980 320
1815990 319
1816000 318
1816010 317
1816020 316
1816030 316
1816040 315
1816050 314
1816060 313
1816070 312
1816080 311
1816090 311
1816100 311
1816110 311
1816120 311
1816130 312
1816140 312
1816150 312
1816160 312
1816170 312
1816180 312
1816190 311
1816200 311
1816210 310
1816220 310
1816230 309
1816240 309
1816250 308
1816260 308
1816270 307
1816280 306
1816290 306
1816300 305
1816310 305
1816320 305
1816330 305
1816340 305
1816350 305
1816360 304
1816370 304
1816380 303
1816390 302
1816400 302
1816410 302
1816420 302
1816430 301
1816440 302
1816450 302
1816460 302
1816470 302
1816480 302
1816490 302
1816500 302
1816510 301
1816520 301
1816530 301
1816540 302
1816550 302
1816560 302
1816570 302
1816580 302
1816590 302
1816600 302
1816610 301
1816620 301
1816630 300
1816640 300
1816650 300
1816660 299
1816670 299
1816680 299
1816690 299
1816700 299
1816710 299
1816720 299
1816730 299
1816740 299
1816750 299
1816760 299
1816770 300
1816780 300
1816790 301
1816800 301
1816810 302
1816820 302
1816830 302
1816840 302
1816850 302
1816860 301
1816870 301
1816880 301
1816890 301
1816900 301
1816910 300
1816920 300
1816930 300
1816940 299
1816950 299
1816960 300
1816970 300
1816980 300
1816990 300
1817000 300
1817010 301
1817020 301
1817030 301
1817040 301
1817050 300
1817060 300
1817070 300
1817080 300
1817090 299
1817100 299
1817110 298
1817120 298
1817130 297
1817140 297
1817150 296
1817160 296
1817170 296
1817180 296
1817190 297
1817200 298
1817210 298
1817220 298
1817230 298
1817240 298
1817250 297
1817260 296
1817270 295
1817280 295
1817290 294
1817300 294
1817310 293
1817320 292
1817330 292
1817340 291
1817350 291
1817360 290
1817370 290
1817380 290
1817390 290
1817400 290
1817410 290
1817420 290
1817430 291
1817440 292
1817450 292
1817460 293
1817470 293
1817480 293
1817490 293
1817500 294
1817510 294
1817520 294
1817530 294
1817540 294
1817550 294
1817560 294
1817570 294
1817580 294
1817590 294
1817600 294
1817610 294
1817620 294
1817630 294
1817640 294
1817650 294
1817660 295
1817670 295
1817680 295
1817690 295
1817700 295
1817710 295
1817720 295
1817730 294
1817740 294
1817750 294
1817760 294
1817770 294
1817780 293
1817790 293
1817800 293
1817810 292
1817820 292
1817830 291
1817840 291
1817850 291
1817860 291
1817870 290
1817880 290
1817890 290
1817900 289
1817910 289
1817920 289
1817930 288
1817940 288
1817950 287
1817960 287
1817970 286
1817980 286
1817990 285
1818000 285
1818010 284
1818020 284
1818030 283
1818040 283
1818050 282
1818060 282
1818070 281
1818080 281
1818090 280
1818100 280
1818110 279
1818120 279
1818130 278
1818140 278
1818150 277
1818160 277
1818170 276
1818180 276
1818190 276
1818200 275
1818210 275
1818220 275
1818230 275
1818240 274
1818250 274
1818260 274
1818270 274
1818280 273
1818290 273
1818300 273
1818310 275
1818320 276
1818330 276
1818340 277
1818350 278
1818360 278
1818370 279
1818380 279
1818390 280
1818400 280
1818410 280
1818420 280
1818430 280
1818440 280
1818450 280
1818460 280
1818470 280
1818480 280
1818490 280
1818500 280
1818510 280
1818520 280
1818530 280
1818540 280
1818550 279
1818560 279
1818570 279
1818580 279
1818590 279
1818600 279
1818610 279
1818620 279
1818630 279
1818640 279
1818650 279
1818660 279
1818670 279
1818680 279
1818690 279
1818700 279
1818710 279
1818720 279
1818730 279
1818740 279
1818750 279
1818760 279
1818770 279
1818780 279
1818790 279
1818800 279
1818810 279
1818820 279
1818830 280
1818840 280
1818850 280
1818860 280
1818870 280
1818880 280
1818890 280
1818900 280
1818910 280
1818920 280
1818930 280
1818940 280
1818950 280
1818960 280
1818970 280
1818980 279
1818990 279
1819000 279
1819010 279
1819020 279
1819030 279
1819040 278
1819050 278
1819060 278
1819070 278
1819080 278
1819090 277
1819100 277
1819110 277
1819120 276
1819130 276
1819140 276
1819150 275
1819160 275
1819170 275
1819180 274
1819190 274
1819200 274
1819210 273
1819220 273
1819230 272
1819240 272
1819250 272
1819260 271
1819270 271
1819280 270
1819290 270
1819300 270
1819310 269
1819320 269
1819330 269
1819340 268
1819350 268
1819360 268
1819370 268
1819380 268
1819390 268
1819400 268
1819410 268
1819420 267
1819430 267
1819440 267
1819450 267
1819460 267
1819470 267
1819480 267
1819490 267
1819500 267
1819510 267
1819520 268
1819530 268
1819540 267
1819550 268
1819560 268
1819570 268
1819580 269
1819590 269
1819600 270
1819610 270
1819620 270
1819630 272
1819640 275
1819650 278
1819660 281
1819670 283
1819680 285
1819690 288
1819700 291
1819710 293
1819720 296
1819730 297
1819740 298
1819750 298
1819760 298
1819770 298
1819780 299
1819790 299
1819800 300
1819810 300
1819820 301
1819830 301
1819840 301
1819850 302
1819860 302
1819870 303
1819880 303
1819890 304
1819900 305
1819910 305
1819920 305
1819930 306
1819940 306
1819950 306
1819960 306
1819970 306
1819980 306
1819990 306
