1800000 263
1800010 262
1800020 261
1800030 260
1800040 259
1800050 258
1800060 257
1800070 256
1800080 255
1800090 254
1800100 254
1800110 253
1800120 252
1800130 251
1800140 251
1800150 250
1800160 249
1800170 249
1800180 248
1800190 248
1800200 247
1800210 247
1800220 246
1800230 246
1800240 246
1800250 245
1800260 245
1800270 244
1800280 244
1800290 244
1800300 243
1800310 243
1800320 243
1800330 243
1800340 242
1800350 242
1800360 242
1800370 241
1800380 241
1800390 241
1800400 241
1800410 241
1800420 241
1800430 240
1800440 240
1800450 240
1800460 240
1800470 240
1800480 240
1800490 239
1800500 239
1800510 239
1800520 239
1800530 239
1800540 238
1800550 238
1800560 238
1800570 237
1800580 237
1800590 237
1800600 237
1800610 237
1800620 236
1800630 236
1800640 235
1800650 235
1800660 234
1800670 234
1800680 234
1800690 234
1800700 234
1800710 234
1800720 235
1800730 236
1800740 237
1800750 239
1800760 241
1800770 243
1800780 248
1800790 251
1800800 255
1800810 258
1800820 261
1800830 264
1800840 268
1800850 270
1800860 271
1800870 271
1800880 271
1800890 272
1800900 273
1800910 274
1800920 273
1800930 273
1800940 273
1800950 273
1800960 273
1800970 273
1800980 273
1800990 273
1801000 272
1801010 273
1801020 272
1801030 271
1801040 270
1801050 268
1801060 267
1801070 266
1801080 266
1801090 266
1801100 267
1801110 267
1801120 268
1801130 269
1801140 270
1801150 270
1801160 271
1801170 271
1801180 271
1801190 271
1801200 271
1801210 271
1801220 270
1801230 270
1801240 270
1801250 270
1801260 269
1801270 269
1801280 269
1801290 268
1801300 268
1801310 268
1801320 267
1801330 267
1801340 266
1801350 266
1801360 265
1801370 265
1801380 265
1801390 264
1801400 264
1801410 263
1801420 263
1801430 263
1801440 262
1801450 262
1801460 261
1801470 261
1801480 261
1801490 260
1801500 260
1801510 259
1801520 258
1801530 258
1801540 257
1801550 257
1801560 256
1801570 256
1801580 255
1801590 255
1801600 254
1801610 254
1801620 253
1801630 253
1801640 253
1801650 252
1801660 252
1801670 252
1801680 251
1801690 251
1801700 251
1801710 250
1801720 250
1801730 250
1801740 250
1801750 249
1801760 249
1801770 248
1801780 248
1801790 248
1801800 247
1801810 247
1801820 246
1801830 246
1801840 245
1801850 245
1801860 244
1801870 244
1801880 243
1801890 243
1801900 243
1801910 242
1801920 242
1801930 241
1801940 241
1801950 241
1801960 240
1801970 240
1801980 240
1801990 239
1802000 239
1802010 239
1802020 238
1802030 238
1802040 238
1802050 238
1802060 238
1802070 238
1802080 237
1802090 237
1802100 237
1802110 238
1802120 238
1802130 238
1802140 238
1802150 238
1802160 238
1802170 239
1802180 239
1802190 240
1802200 240
1802210 240
1802220 241
1802230 241
1802240 242
1802250 242
1802260 242
1802270 243
1802280 243
1802290 243
1802300 243
1802310 244
1802320 244
1802330 244
1802340 244
1802350 244
1802360 244
1802370 245
1802380 245
1802390 245
1802400 245
1802410 245
1802420 245
1802430 246
1802440 246
1802450 246
1802460 247
1802470 247
1802480 247
1802490 247
1802500 248
1802510 249
1802520 249
1802530 250
1802540 250
1802550 250
1802560 251
1802570 251
1802580 251
1802590 251
1802600 251
1802610 252
1802620 252
1802630 252
1802640 252
1802650 253
1802660 253
1802670 253
1802680 253
1802690 253
1802700 253
1802710 253
1802720 253
1802730 253
1802740 253
1802750 253
1802760 253
1802770 253
1802780 253
1802790 253
1802800 253
1802810 253
1802820 254
1802830 254
1802840 254
1802850 254
1802860 254
1802870 254
1802880 254
1802890 254
1802900 254
1802910 254
1802920 254
1802930 254
1802940 254
1802950 254
1802960 254
1802970 254
1802980 254
1802990 254
1803000 254
1803010 253
1803020 253
1803030 253
1803040 253
1803050 252
1803060 252
1803070 252
1803080 251
1803090 251
1803100 251
1803110 250
1803120 250
1803130 250
1803140 249
1803150 249
1803160 248
1803170 248
1803180 247
1803190 247
1803200 247
1803210 246
1803220 246
1803230 245
1803240 245
1803250 244
1803260 244
1803270 243
1803280 243
1803290 242
1803300 242
1803310 241
1803320 241
1803330 240
1803340 240
1803350 239
1803360 239
1803370 238
1803380 238
1803390 238
1803400 237
1803410 237
1803420 237
1803430 236
1803440 236
1803450 236
1803460 236
1803470 236
1803480 235
1803490 235
1803500 235
1803510 235
1803520 235
1803530 235
1803540 234
1803550 234
1803560 233
1803570 232
1803580 231
1803590 231
1803600 230
1803610 229
1803620 228
1803630 228
1803640 227
1803650 227
1803660 227
1803670 226
1803680 226
1803690 226
1803700 226
1803710 226
1803720 226
1803730 226
1803740 226
1803750 226
1803760 226
1803770 226
1803780 227
1803790 227
1803800 228
1803810 228
1803820 229
1803830 230
1803840 230
1803850 231
1803860 232
1803870 233
1803880 234
1803890 235
1803900 236
1803910 237
1803920 238
1803930 239
1803940 240
1803950 241
1803960 242
1803970 243
1803980 244
1803990 245
1804000 246
1804010 246
1804020 247
1804030 247
1804040 247
1804050 248
1804060 248
1804070 249
1804080 249
1804090 250
1804100 250
1804110 251
1804120 251
1804130 252
1804140 252
1804150 253
1804160 253
1804170 254
1804180 254
1804190 254
1804200 255
1804210 255
1804220 255
1804230 256
1804240 256
1804250 256
1804260 257
1804270 257
1804280 257
1804290 258
1804300 258
1804310 258
1804320 259
1804330 259
1804340 260
1804350 260
1804360 260
1804370 261
1804380 261
1804390 261
1804400 262
1804410 262
1804420 262
1804430 262
1804440 263
1804450 263
1804460 263
1804470 263
1804480 264
1804490 264
1804500 264
1804510 264
1804520 264
1804530 264
1804540 264
1804550 264
1804560 264
1804570 264
1804580 265
1804590 265
1804600 265
1804610 265
1804620 265
1804630 265
1804640 265
1804650 265
1804660 265
1804670 265
1804680 265
1804690 266
1804700 266
1804710 266
1804720 265
1804730 265
1804740 265
1804750 265
1804760 265
1804770 265
1804780 265
1804790 265
1804800 265
1804810 265
1804820 265
1804830 265
1804840 265
1804850 264
1804860 264
1804870 264
1804880 264
1804890 264
1804900 264
1804910 263
1804920 263
1804930 263
1804940 262
1804950 262
1804960 261
1804970 261
1804980 261
1804990 260
1805000 260
1805010 260
1805020 260
1805030 260
1805040 259
1805050 259
1805060 259
1805070 259
1805080 259
1805090 259
1805100 258
1805110 258
1805120 258
1805130 258
1805140 258
1805150 258
1805160 258
1805170 258
1805180 258
1805190 258
1805200 258
1805210 258
1805220 258
1805230 258
1805240 258
1805250 258
1805260 259
1805270 259
1805280 259
1805290 259
1805300 259
1805310 259
1805320 259
1805330 260
1805340 260
1805350 260
1805360 260
1805370 260
1805380 260
1805390 260
1805400 260
1805410 260
1805420 260
1805430 260
1805440 260
1805450 260
1805460 259
1805470 259
1805480 259
1805490 259
1805500 258
1805510 258
1805520 258
1805530 257
1805540 257
1805550 257
1805560 256
1805570 256
1805580 256
1805590 255
1805600 255
1805610 255
1805620 255
1805630 255
1805640 255
1805650 255
1805660 255
1805670 255
1805680 255
1805690 255
1805700 255
1805710 256
1805720 256
1805730 256
1805740 257
1805750 257
1805760 257
1805770 258
1805780 258
1805790 258
1805800 259
1805810 259
1805820 259
1805830 260
1805840 260
1805850 260
1805860 260
1805870 260
1805880 260
1805890 260
1805900 260
1805910 260
1805920 260
1805930 260
1805940 260
1805950 260
1805960 260
1805970 260
1805980 260
1805990 260
1806000 260
1806010 260
1806020 260
1806030 260
1806040 259
1806050 259
1806060 259
1806070 259
1806080 259
1806090 259
1806100 258
1806110 258
1806120 258
1806130 257
1806140 257
1806150 256
1806160 255
1806170 254
1806180 253
1806190 252
1806200 252
1806210 251
1806220 250
1806230 248
1806240 247
1806250 246
1806260 245
1806270 244
1806280 242
1806290 241
1806300 240
1806310 238
1806320 237
1806330 236
1806340 235
1806350 233
1806360 232
1806370 231
1806380 230
1806390 230
1806400 229
1806410 229
1806420 229
1806430 229
1806440 229
1806450 228
1806460 228
1806470 228
1806480 227
1806490 227
1806500 228
1806510 228
1806520 227
1806530 227
1806540 227
1806550 227
1806560 227
1806570 227
1806580 227
1806590 227
1806600 227
1806610 227
1806620 227
1806630 227
1806640 228
1806650 228
1806660 228
1806670 229
1806680 229
1806690 230
1806700 230
1806710 230
1806720 231
1806730 231
1806740 231
1806750 232
1806760 232
1806770 232
1806780 232
1806790 232
1806800 233
1806810 234
1806820 234
1806830 235
1806840 235
1806850 236
1806860 237
1806870 237
1806880 238
1806890 239
1806900 239
1806910 240
1806920 240
1806930 240
1806940 241
1806950 241
1806960 241
1806970 241
1806980 241
1806990 242
1807000 242
1807010 243
1807020 243
1807030 244
1807040 244
1807050 245
1807060 245
1807070 246
1807080 246
1807090 247
1807100 247
1807110 248
1807120 249
1807130 249
1807140 249
1807150 250
1807160 250
1807170 250
1807180 250
1807190 250
1807200 250
1807210 250
1807220 250
1807230 250
1807240 250
1807250 250
1807260 250
1807270 250
1807280 250
1807290 250
1807300 249
1807310 249
1807320 249
1807330 248
1807340 248
1807350 248
1807360 247
1807370 247
1807380 247
1807390 246
1807400 246
1807410 245
1807420 245
1807430 244
1807440 244
1807450 243
1807460 242
1807470 242
1807480 241
1807490 241
1807500 240
1807510 240
1807520 239
1807530 238
1807540 236
1807550 236
1807560 236
1807570 236
1807580 236
1807590 236
1807600 235
1807610 235
1807620 234
1807630 233
1807640 232
1807650 232
1807660 231
1807670 231
1807680 230
1807690 230
1807700 230
1807710 230
1807720 230
1807730 230
1807740 230
1807750 230
1807760 230
1807770 230
1807780 231
1807790 232
1807800 233
1807810 234
1807820 235
1807830 236
1807840 237
1807850 238
1807860 239
1807870 239
1807880 240
1807890 240
1807900 240
1807910 240
1807920 240
1807930 240
1807940 240
1807950 239
1807960 239
1807970 239
1807980 239
1807990 239
1808000 239
1808010 239
1808020 239
1808030 239
1808040 239
1808050 239
1808060 239
1808070 239
1808080 239
1808090 239
1808100 239
1808110 239
1808120 239
1808130 240
1808140 240
1808150 241
1808160 242
1808170 242
1808180 243
1808190 244
1808200 244
1808210 245
1808220 245
1808230 245
1808240 246
1808250 246
1808260 246
1808270 247
1808280 247
1808290 247
1808300 247
1808310 247
1808320 247
1808330 247
1808340 247
1808350 246
1808360 246
1808370 246
1808380 245
1808390 245
1808400 245
1808410 245
1808420 244
1808430 244
1808440 244
1808450 244
1808460 244
1808470 244
1808480 244
1808490 244
1808500 244
1808510 244
1808520 244
1808530 244
1808540 244
1808550 244
1808560 245
1808570 245
1808580 245
1808590 245
1808600 245
1808610 246
1808620 246
1808630 246
1808640 247
1808650 247
1808660 248
1808670 248
1808680 249
1808690 249
1808700 249
1808710 250
1808720 251
1808730 251
1808740 252
1808750 252
1808760 253
1808770 254
1808780 254
1808790 255
1808800 255
1808810 256
1808820 257
1808830 257
1808840 258
1808850 259
1808860 260
1808870 260
1808880 261
1808890 262
1808900 263
1808910 264
1808920 265
1808930 266
1808940 267
1808950 268
1808960 269
1808970 270
1808980 271
1808990 271
1809000 272
1809010 273
1809020 274
1809030 274
1809040 275
1809050 276
1809060 277
1809070 278
1809080 278
1809090 279
1809100 279
1809110 280
1809120 280
1809130 280
1809140 281
1809150 281
1809160 281
1809170 282
1809180 282
1809190 282
1809200 282
1809210 282
1809220 282
1809230 283
1809240 283
1809250 283
1809260 283
1809270 283
1809280 282
1809290 282
1809300 282
1809310 282
1809320 282
1809330 281
1809340 281
1809350 281
1809360 280
1809370 280
1809380 279
1809390 279
1809400 278
1809410 277
1809420 276
1809430 275
1809440 274
1809450 273
1809460 272
1809470 270
1809480 269
1809490 267
1809500 266
1809510 264
1809520 263
1809530 262
1809540 260
1809550 259
1809560 258
1809570 257
1809580 256
1809590 255
1809600 255
1809610 254
1809620 254
1809630 253
1809640 253
1809650 252
1809660 252
1809670 251
1809680 251
1809690 251
1809700 251
1809710 251
1809720 250
1809730 250
1809740 250
1809750 250
1809760 250
1809770 250
1809780 250
1809790 250
1809800 250
1809810 250
1809820 250
1809830 251
1809840 251
1809850 250
1809860 250
1809870 250
1809880 250
1809890 250
1809900 250
1809910 250
1809920 250
1809930 250
1809940 250
1809950 250
1809960 250
1809970 250
1809980 250
1809990 250
1810000 250
1810010 250
1810020 251
1810030 251
1810040 251
1810050 251
1810060 252
1810070 252
1810080 253
1810090 253
1810100 253
1810110 254
1810120 254
1810130 254
1810140 254
1810150 254
1810160 254
1810170 253
1810180 253
1810190 253
1810200 253
1810210 252
1810220 252
1810230 252
1810240 251
1810250 251
1810260 250
1810270 250
1810280 250
1810290 249
1810300 249
1810310 249
1810320 248
1810330 248
1810340 248
1810350 247
1810360 247
1810370 247
1810380 247
1810390 247
1810400 246
1810410 246
1810420 246
1810430 246
1810440 245
1810450 245
1810460 244
1810470 244
1810480 243
1810490 243
1810500 242
1810510 242
1810520 242
1810530 241
1810540 241
1810550 240
1810560 240
1810570 240
1810580 239
1810590 239
1810600 239
1810610 238
1810620 238
1810630 238
1810640 237
1810650 237
1810660 236
1810670 236
1810680 236
1810690 235
1810700 235
1810710 235
1810720 235
1810730 234
1810740 234
1810750 234
1810760 234
1810770 234
1810780 234
1810790 233
1810800 231
1810810 230
1810820 230
1810830 229
1810840 228
1810850 227
1810860 227
1810870 226
1810880 226
1810890 225
1810900 225
1810910 225
1810920 225
1810930 225
1810940 224
1810950 224
1810960 224
1810970 224
1810980 224
1810990 224
1811000 224
1811010 224
1811020 225
1811030 226
1811040 226
1811050 226
1811060 226
1811070 226
1811080 226
1811090 226
1811100 226
1811110 226
1811120 226
1811130 226
1811140 227
1811150 226
1811160 227
1811170 227
1811180 227
1811190 227
1811200 228
1811210 228
1811220 228
1811230 228
1811240 228
1811250 229
1811260 229
1811270 229
1811280 230
1811290 230
1811300 230
1811310 231
1811320 231
1811330 232
1811340 232
1811350 232
1811360 233
1811370 233
1811380 233
1811390 234
1811400 234
1811410 235
1811420 235
1811430 236
1811440 236
1811450 237
1811460 237
1811470 238
1811480 238
1811490 239
1811500 240
1811510 240
1811520 241
1811530 242
1811540 243
1811550 244
1811560 245
1811570 246
1811580 247
1811590 249
1811600 250
1811610 251
1811620 252
1811630 253
1811640 254
1811650 255
1811660 256
1811670 257
1811680 258
1811690 259
1811700 260
1811710 261
1811720 261
1811730 262
1811740 263
1811750 264
1811760 264
1811770 265
1811780 266
1811790 266
1811800 267
1811810 267
1811820 268
1811830 268
1811840 268
1811850 268
1811860 268
1811870 269
1811880 269
1811890 269
1811900 268
1811910 268
1811920 268
1811930 268
1811940 267
1811950 267
1811960 267
1811970 266
1811980 266
1811990 266
1812000 265
1812010 265
1812020 265
1812030 264
1812040 264
1812050 264
1812060 263
1812070 263
1812080 263
1812090 263
1812100 263
1812110 262
1812120 262
1812130 262
1812140 262
1812150 262
1812160 262
1812170 262
1812180 262
1812190 262
1812200 262
1812210 262
1812220 262
1812230 262
1812240 262
1812250 262
1812260 262
1812270 263
1812280 263
1812290 263
1812300 263
1812310 264
1812320 264
1812330 265
1812340 265
1812350 265
1812360 266
1812370 266
1812380 266
1812390 267
1812400 267
1812410 268
1812420 268
1812430 268
1812440 269
1812450 269
1812460 269
1812470 270
1812480 270
1812490 271
1812500 271
1812510 272
1812520 272
1812530 273
1812540 274
1812550 275
1812560 276
1812570 276
1812580 277
1812590 277
1812600 278
1812610 278
1812620 279
1812630 279
1812640 280
1812650 280
1812660 281
1812670 282
1812680 283
1812690 284
1812700 285
1812710 286
1812720 287
1812730 289
1812740 290
1812750 291
1812760 292
1812770 293
1812780 293
1812790 294
1812800 294
1812810 294
1812820 295
1812830 295
1812840 295
1812850 295
1812860 295
1812870 294
1812880 294
1812890 294
1812900 294
1812910 294
1812920 294
1812930 294
1812940 294
1812950 294
1812960 294
1812970 295
1812980 295
1812990 296
1813000 296
1813010 297
1813020 297
1813030 298
1813040 298
1813050 299
1813060 299
1813070 299
1813080 299
1813090 299
1813100 299
1813110 299
1813120 299
1813130 300
1813140 300
1813150 300
1813160 301
1813170 301
1813180 302
1813190 303
1813200 304
1813210 305
1813220 306
1813230 307
1813240 308
1813250 309
1813260 310
1813270 311
1813280 312
1813290 313
1813300 315
1813310 316
1813320 317
1813330 318
1813340 320
1813350 321
1813360 322
1813370 323
1813380 324
1813390 325
1813400 325
1813410 326
1813420 327
1813430 328
1813440 329
1813450 329
1813460 330
1813470 330
1813480 331
1813490 331
1813500 332
1813510 334
1813520 335
1813530 336
1813540 337
1813550 338
1813560 339
1813570 339
1813580 339
1813590 339
1813600 339
1813610 339
1813620 339
1813630 338
1813640 338
1813650 338
1813660 337
1813670 337
1813680 336
1813690 336
1813700 335
1813710 334
1813720 333
1813730 333
1813740 332
1813750 331
1813760 330
1813770 330
1813780 329
1813790 328
1813800 327
1813810 327
1813820 326
1813830 325
1813840 324
1813850 324
1813860 323
1813870 323
1813880 322
1813890 322
1813900 321
1813910 320
1813920 320
1813930 319
1813940 319
1813950 318
1813960 318
1813970 317
1813980 317
1813990 317
1814000 316
1814010 315
1814020 315
1814030 314
1814040 314
1814050 313
1814060 313
1814070 312
1814080 312
1814090 311
1814100 311
1814110 310
1814120 310
1814130 309
1814140 309
1814150 309
1814160 308
1814170 308
1814180 308
1814190 307
1814200 307
1814210 306
1814220 306
1814230 306
1814240 305
1814250 304
1814260 304
1814270 303
1814280 302
1814290 301
1814300 301
1814310 300
1814320 299
1814330 297
1814340 295
1814350 294
1814360 293
1814370 292
1814380 291
1814390 290
1814400 290
1814410 289
1814420 289
1814430 290
1814440 289
1814450 289
1814460 287
1814470 287
1814480 286
1814490 285
1814500 284
1814510 283
1814520 282
1814530 282
1814540 283
1814550 282
1814560 282
1814570 282
1814580 282
1814590 282
1814600 282
1814610 282
1814620 282
1814630 283
1814640 284
1814650 285
1814660 286
1814670 287
1814680 289
1814690 290
1814700 291
1814710 292
1814720 294
1814730 295
1814740 296
1814750 297
1814760 298
1814770 299
1814780 300
1814790 300
1814800 301
1814810 302
1814820 303
1814830 303
1814840 304
1814850 303
1814860 304
1814870 304
1814880 304
1814890 304
1814900 304
1814910 304
1814920 304
1814930 304
1814940 304
1814950 304
1814960 304
1814970 304
1814980 304
1814990 304
1815000 304
1815010 305
1815020 306
1815030 308
1815040 309
1815050 311
1815060 311
1815070 312
1815080 312
1815090 313
1815100 314
1815110 314
1815120 314
1815130 315
1815140 315
1815150 316
1815160 317
1815170 318
1815180 319
1815190 320
1815200 321
1815210 321
1815220 322
1815230 322
1815240 323
1815250 323
1815260 324
1815270 324
1815280 324
1815290 325
1815300 325
1815310 325
1815320 325
1815330 325
1815340 325
1815350 325
1815360 324
1815370 324
1815380 325
1815390 324
1815400 323
1815410 324
1815420 323
1815430 323
1815440 322
1815450 321
1815460 321
1815470 320
1815480 320
1815490 320
1815500 319
1815510 320
1815520 321
1815530 321
1815540 322
1815550 323
1815560 323
1815570 323
1815580 323
1815590 323
1815600 322
1815610 322
1815620 323
1815630 323
1815640 324
1815650 325
1815660 327
1815670 328
1815680 329
1815690 331
1815700 333
1815710 334
1815720 335
1815730 336
1815740 337
1815750 338
1815760 339
1815770 340
1815780 341
1815790 342
1815800 342
1815810 343
1815820 343
1815830 343
1815840 343
1815850 343
1815860 344
1815870 344
1815880 343
1815890 342
1815900 341
1815910 340
1815920 340
1815930 339
1815940 338
1815950 338
1815960 337
1815970 337
1815980 338
1815990 339
1816000 340
1816010 342
1816020 344
1816030 346
1816040 348
1816050 350
1816060 352
1816070 354
1816080 357
1816090 360
1816100 362
1816110 364
1816120 365
1816130 364
1816140 363
1816150 361
1816160 360
1816170 360
1816180 360
1816190 360
1816200 361
1816210 362
1816220 362
1816230 363
1816240 363
1816250 364
1816260 364
1816270 365
1816280 365
1816290 366
1816300 366
1816310 366
1816320 366
1816330 366
1816340 366
1816350 366
1816360 366
1816370 365
1816380 365
1816390 365
1816400 365
1816410 365
1816420 365
1816430 365
1816440 365
1816450 365
1816460 365
1816470 364
1816480 364
1816490 364
1816500 364
1816510 364
1816520 365
1816530 365
1816540 365
1816550 365
1816560 365
1816570 365
1816580 365
1816590 365
1816600 365
1816610 365
1816620 365
1816630 366
1816640 366
1816650 366
1816660 366
1816670 366
1816680 366
1816690 366
1816700 366
1816710 366
1816720 366
1816730 365
1816740 365
1816750 365
1816760 365
1816770 365
1816780 365
1816790 364
1816800 364
1816810 364
1816820 364
1816830 363
1816840 363
1816850 363
1816860 363
1816870 363
1816880 362
1816890 362
1816900 362
1816910 362
1816920 362
1816930 361
1816940 361
1816950 361
1816960 360
1816970 360
1816980 360
1816990 359
1817000 359
1817010 358
1817020 358
1817030 357
1817040 357
1817050 356
1817060 355
1817070 355
1817080 354
1817090 354
1817100 353
1817110 353
1817120 352
1817130 352
1817140 352
1817150 352
1817160 352
1817170 352
1817180 352
1817190 352
1817200 352
1817210 352
1817220 351
1817230 351
1817240 351
1817250 351
1817260 350
1817270 350
1817280 350
1817290 350
1817300 349
1817310 349
1817320 349
1817330 348
1817340 348
1817350 348
1817360 347
1817370 347
1817380 347
1817390 346
1817400 346
1817410 345
1817420 345
1817430 345
1817440 344
1817450 344
1817460 343
1817470 343
1817480 342
1817490 342
1817500 341
1817510 341
1817520 339
1817530 338
1817540 338
1817550 337
1817560 337
1817570 337
1817580 337
1817590 336
1817600 336
1817610 335
1817620 335
1817630 334
1817640 333
1817650 331
1817660 330
1817670 328
1817680 328
1817690 328
1817700 328
1817710 328
1817720 328
1817730 328
1817740 328
1817750 327
1817760 327
1817770 327
1817780 326
1817790 326
1817800 325
1817810 325
1817820 324
1817830 324
1817840 323
1817850 323
1817860 322
1817870 322
1817880 321
1817890 321
1817900 321
1817910 320
1817920 320
1817930 319
1817940 318
1817950 318
1817960 317
1817970 317
1817980 316
1817990 315
1818000 315
1818010 314
1818020 313
1818030 312
1818040 311
1818050 311
1818060 310
1818070 309
1818080 308
1818090 307
1818100 306
1818110 306
1818120 305
1818130 305
1818140 304
1818150 304
1818160 304
1818170 304
1818180 303
1818190 303
1818200 303
1818210 303
1818220 302
1818230 302
1818240 302
1818250 302
1818260 302
1818270 301
1818280 301
1818290 301
1818300 301
1818310 301
1818320 301
1818330 301
1818340 301
1818350 301
1818360 301
1818370 301
1818380 300
1818390 300
1818400 300
1818410 300
1818420 300
1818430 300
1818440 300
1818450 300
1818460 300
1818470 299
1818480 299
1818490 299
1818500 299
1818510 298
1818520 298
1818530 297
1818540 297
1818550 296
1818560 296
1818570 296
1818580 295
1818590 295
1818600 295
1818610 295
1818620 294
1818630 294
1818640 293
1818650 293
1818660 293
1818670 292
1818680 292
1818690 292
1818700 291
1818710 291
1818720 291
1818730 290
1818740 290
1818750 290
1818760 289
1818770 289
1818780 289
1818790 289
1818800 289
1818810 288
1818820 288
1818830 288
1818840 287
1818850 287
1818860 287
1818870 287
1818880 286
1818890 286
1818900 285
1818910 285
1818920 285
1818930 284
1818940 284
1818950 284
1818960 283
1818970 283
1818980 282
1818990 282
1819000 281
1819010 281
1819020 280
1819030 280
1819040 279
1819050 279
1819060 278
1819070 278
1819080 278
1819090 277
1819100 277
1819110 276
1819120 276
1819130 276
1819140 275
1819150 275
1819160 274
1819170 274
1819180 274
1819190 274
1819200 274
1819210 274
1819220 274
1819230 274
1819240 274
1819250 274
1819260 274
1819270 273
1819280 273
1819290 273
1819300 273
1819310 273
1819320 273
1819330 273
1819340 272
1819350 272
1819360 272
1819370 272
1819380 272
1819390 272
1819400 272
1819410 272
1819420 272
1819430 271
1819440 271
1819450 270
1819460 270
1819470 269
1819480 269
1819490 268
1819500 268
1819510 267
1819520 267
1819530 267
1819540 266
1819550 266
1819560 266
1819570 266
1819580 266
1819590 266
1819600 266
1819610 266
1819620 266
1819630 265
1819640 265
1819650 265
1819660 265
1819670 265
1819680 264
1819690 264
1819700 265
1819710 265
1819720 265
1819730 265
1819740 264
1819750 264
1819760 265
1819770 267
1819780 268
1819790 269
1819800 271
1819810 273
1819820 274
1819830 276
1819840 278
1819850 280
1819860 281
1819870 282
1819880 283
1819890 284
1819900 285
1819910 286
1819920 286
1819930 287
1819940 287
1819950 287
1819960 288
1819970 288
1819980 288
1819990 288
