1800000 225
1800010 225
1800020 225
1800030 226
1800040 226
1800050 226
1800060 226
1800070 226
1800080 226
1800090 226
1800100 226
1800110 227
1800120 227
1800130 227
1800140 227
1800150 227
1800160 227
1800170 227
1800180 227
1800190 227
1800200 228
1800210 228
1800220 228
1800230 228
1800240 228
1800250 228
1800260 228
1800270 228
1800280 228
1800290 228
1800300 228
1800310 228
1800320 228
1800330 228
1800340 228
1800350 228
1800360 228
1800370 228
1800380 228
1800390 228
1800400 228
1800410 228
1800420 228
1800430 228
1800440 228
1800450 228
1800460 228
1800470 228
1800480 228
1800490 227
1800500 227
1800510 227
1800520 227
1800530 227
1800540 227
1800550 227
1800560 227
1800570 227
1800580 227
1800590 227
1800600 226
1800610 226
1800620 226
1800630 226
1800640 226
1800650 226
1800660 226
1800670 226
1800680 226
1800690 226
1800700 226
1800710 225
1800720 225
1800730 225
1800740 225
1800750 225
1800760 225
1800770 225
1800780 225
1800790 225
1800800 225
1800810 225
1800820 225
1800830 224
1800840 224
1800850 224
1800860 224
1800870 223
1800880 223
1800890 222
1800900 222
1800910 221
1800920 221
1800930 221
1800940 221
1800950 220
1800960 220
1800970 220
1800980 220
1800990 220
1801000 221
1801010 221
1801020 221
1801030 221
1801040 221
1801050 220
1801060 220
1801070 220
1801080 219
1801090 219
1801100 219
1801110 219
1801120 219
1801130 219
1801140 220
1801150 220
1801160 220
1801170 220
1801180 220
1801190 220
1801200 220
1801210 220
1801220 220
1801230 220
1801240 220
1801250 220
1801260 220
1801270 220
1801280 220
1801290 219
1801300 219
1801310 219
1801320 219
1801330 219
1801340 219
1801350 219
1801360 219
1801370 220
1801380 220
1801390 220
1801400 220
1801410 220
1801420 220
1801430 220
1801440 220
1801450 220
1801460 220
1801470 220
1801480 220
1801490 220
1801500 220
1801510 220
1801520 220
1801530 220
1801540 220
1801550 220
1801560 220
1801570 220
1801580 220
1801590 220
1801600 220
1801610 220
1801620 220
1801630 219
1801640 219
1801650 219
1801660 219
1801670 219
1801680 218
1801690 218
1801700 218
1801710 218
1801720 218
1801730 217
1801740 217
1801750 217
1801760 217
1801770 217
1801780 217
1801790 217
1801800 216
1801810 216
1801820 216
1801830 215
1801840 215
1801850 215
1801860 215
1801870 215
1801880 215
1801890 215
1801900 215
1801910 214
1801920 214
1801930 214
1801940 215
1801950 215
1801960 215
1801970 215
1801980 215
1801990 215
1802000 215
1802010 215
1802020 215
1802030 215
1802040 215
1802050 215
1802060 215
1802070 215
1802080 215
1802090 215
1802100 215
1802110 214
1802120 214
1802130 214
1802140 215
1802150 215
1802160 215
1802170 214
1802180 214
1802190 214
1802200 214
1802210 214
1802220 214
1802230 214
1802240 214
1802250 214
1802260 214
1802270 214
1802280 214
1802290 214
1802300 214
1802310 214
1802320 214
1802330 214
1802340 214
1802350 214
1802360 214
1802370 214
1802380 214
1802390 215
1802400 215
1802410 215
1802420 215
1802430 216
1802440 216
1802450 216
1802460 216
1802470 216
1802480 216
1802490 216
1802500 216
1802510 216
1802520 217
1802530 217
1802540 218
1802550 218
1802560 219
1802570 219
1802580 219
1802590 220
1802600 220
1802610 221
1802620 222
1802630 222
1802640 223
1802650 223
1802660 224
1802670 224
1802680 225
1802690 226
1802700 226
1802710 227
1802720 227
1802730 227
1802740 228
1802750 228
1802760 228
1802770 228
1802780 228
1802790 228
1802800 228
1802810 228
1802820 229
1802830 229
1802840 229
1802850 229
1802860 229
1802870 229
1802880 228
1802890 228
1802900 228
1802910 228
1802920 228
1802930 228
1802940 228
1802950 228
1802960 228
1802970 228
1802980 228
1802990 228
1803000 228
1803010 228
1803020 228
1803030 228
1803040 227
1803050 227
1803060 227
1803070 227
1803080 227
1803090 227
1803100 227
1803110 226
1803120 226
1803130 225
1803140 225
1803150 224
1803160 224
1803170 223
1803180 222
1803190 222
1803200 221
1803210 221
1803220 220
1803230 220
1803240 219
1803250 219
1803260 218
1803270 218
1803280 218
1803290 217
1803300 216
1803310 216
1803320 215
1803330 214
1803340 213
1803350 213
1803360 212
1803370 212
1803380 212
1803390 212
1803400 213
1803410 214
1803420 216
1803430 219
1803440 220
1803450 221
1803460 221
1803470 222
1803480 223
1803490 224
1803500 225
1803510 225
1803520 226
1803530 226
1803540 226
1803550 226
1803560 227
1803570 227
1803580 227
1803590 227
1803600 227
1803610 227
1803620 227
1803630 227
1803640 227
1803650 227
1803660 227
1803670 227
1803680 227
1803690 227
1803700 227
1803710 227
1803720 227
1803730 227
1803740 227
1803750 227
1803760 227
1803770 227
1803780 227
1803790 227
1803800 227
1803810 227
1803820 227
1803830 227
1803840 227
1803850 227
1803860 227
1803870 227
1803880 227
1803890 226
1803900 226
1803910 226
1803920 226
1803930 226
1803940 226
1803950 226
1803960 226
1803970 226
1803980 226
1803990 226
1804000 226
1804010 226
1804020 226
1804030 226
1804040 226
1804050 226
1804060 226
1804070 226
1804080 226
1804090 226
1804100 226
1804110 226
1804120 226
1804130 226
1804140 226
1804150 226
1804160 226
1804170 226
1804180 226
1804190 226
1804200 225
1804210 225
1804220 225
1804230 225
1804240 225
1804250 225
1804260 225
1804270 225
1804280 225
1804290 225
1804300 225
1804310 225
1804320 224
1804330 224
1804340 224
1804350 224
1804360 224
1804370 224
1804380 224
1804390 224
1804400 224
1804410 224
1804420 224
1804430 224
1804440 223
1804450 223
1804460 223
1804470 223
1804480 223
1804490 223
1804500 223
1804510 223
1804520 223
1804530 223
1804540 223
1804550 223
1804560 223
1804570 223
1804580 223
1804590 223
1804600 223
1804610 223
1804620 222
1804630 222
1804640 222
1804650 222
1804660 221
1804670 221
1804680 220
1804690 220
1804700 220
1804710 219
1804720 219
1804730 219
1804740 219
1804750 219
1804760 218
1804770 218
1804780 218
1804790 218
1804800 218
1804810 218
1804820 218
1804830 218
1804840 218
1804850 218
1804860 218
1804870 218
1804880 217
1804890 217
1804900 217
1804910 217
1804920 217
1804930 216
1804940 216
1804950 216
1804960 216
1804970 216
1804980 216
1804990 216
1805000 216
1805010 215
1805020 215
1805030 215
1805040 215
1805050 215
1805060 215
1805070 215
1805080 215
1805090 215
1805100 215
1805110 215
1805120 215
1805130 215
1805140 215
1805150 215
1805160 215
1805170 216
1805180 215
1805190 215
1805200 215
1805210 215
1805220 214
1805230 214
1805240 214
1805250 214
1805260 214
1805270 214
1805280 214
1805290 214
1805300 214
1805310 214
1805320 214
1805330 214
1805340 214
1805350 214
1805360 214
1805370 214
1805380 213
1805390 213
1805400 213
1805410 213
1805420 213
1805430 213
1805440 213
1805450 213
1805460 213
1805470 212
1805480 212
1805490 212
1805500 212
1805510 212
1805520 212
1805530 212
1805540 212
1805550 212
1805560 212
1805570 212
1805580 212
1805590 212
1805600 212
1805610 212
1805620 211
1805630 211
1805640 211
1805650 212
1805660 212
1805670 212
1805680 211
1805690 211
1805700 211
1805710 210
1805720 210
1805730 210
1805740 210
1805750 210
1805760 210
1805770 210
1805780 210
1805790 210
1805800 210
1805810 210
1805820 210
1805830 210
1805840 210
1805850 210
1805860 210
1805870 210
1805880 210
1805890 210
1805900 210
1805910 211
1805920 211
1805930 211
1805940 211
1805950 211
1805960 211
1805970 211
1805980 211
1805990 211
1806000 211
1806010 211
1806020 211
1806030 211
1806040 211
1806050 211
1806060 212
1806070 212
1806080 213
1806090 213
1806100 213
1806110 213
1806120 213
1806130 213
1806140 214
1806150 214
1806160 214
1806170 214
1806180 214
1806190 215
1806200 215
1806210 215
1806220 215
1806230 215
1806240 215
1806250 215
1806260 216
1806270 216
1806280 216
1806290 217
1806300 217
1806310 217
1806320 218
1806330 218
1806340 218
1806350 219
1806360 219
1806370 220
1806380 220
1806390 221
1806400 221
1806410 221
1806420 222
1806430 222
1806440 223
1806450 224
1806460 224
1806470 225
1806480 226
1806490 227
1806500 227
1806510 228
1806520 229
1806530 230
1806540 231
1806550 232
1806560 232
1806570 234
1806580 235
1806590 236
1806600 236
1806610 236
1806620 236
1806630 236
1806640 236
1806650 236
1806660 236
1806670 235
1806680 235
1806690 235
1806700 235
1806710 235
1806720 235
1806730 235
1806740 235
1806750 235
1806760 234
1806770 234
1806780 234
1806790 234
1806800 234
1806810 234
1806820 233
1806830 233
1806840 233
1806850 233
1806860 233
1806870 232
1806880 232
1806890 232
1806900 232
1806910 232
1806920 231
1806930 231
1806940 231
1806950 231
1806960 231
1806970 230
1806980 230
1806990 230
1807000 230
1807010 229
1807020 229
1807030 229
1807040 228
1807050 228
1807060 228
1807070 228
1807080 227
1807090 227
1807100 227
1807110 226
1807120 226
1807130 226
1807140 225
1807150 225
1807160 225
1807170 224
1807180 224
1807190 224
1807200 223
1807210 223
1807220 223
1807230 222
1807240 222
1807250 221
1807260 221
1807270 221
1807280 220
1807290 220
1807300 219
1807310 219
1807320 219
1807330 218
1807340 218
1807350 218
1807360 217
1807370 217
1807380 216
1807390 216
1807400 216
1807410 216
1807420 215
1807430 215
1807440 215
1807450 215
1807460 215
1807470 215
1807480 215
1807490 214
1807500 214
1807510 213
1807520 213
1807530 213
1807540 213
1807550 213
1807560 213
1807570 213
1807580 213
1807590 213
1807600 212
1807610 212
1807620 212
1807630 212
1807640 212
1807650 212
1807660 212
1807670 212
1807680 212
1807690 213
1807700 212
1807710 212
1807720 212
1807730 212
1807740 213
1807750 213
1807760 213
1807770 213
1807780 213
1807790 214
1807800 214
1807810 215
1807820 216
1807830 216
1807840 218
1807850 219
1807860 221
1807870 225
1807880 227
1807890 229
1807900 230
1807910 231
1807920 231
1807930 231
1807940 231
1807950 230
1807960 229
1807970 228
1807980 228
1807990 228
1808000 228
1808010 228
1808020 228
1808030 228
1808040 228
1808050 229
1808060 229
1808070 230
1808080 229
1808090 229
1808100 229
1808110 228
1808120 228
1808130 227
1808140 227
1808150 227
1808160 227
1808170 227
1808180 227
1808190 227
1808200 227
1808210 227
1808220 227
1808230 227
1808240 227
1808250 226
1808260 226
1808270 226
1808280 226
1808290 225
1808300 225
1808310 225
1808320 225
1808330 224
1808340 224
1808350 224
1808360 224
1808370 224
1808380 224
1808390 224
1808400 224
1808410 224
1808420 224
1808430 224
1808440 224
1808450 224
1808460 224
1808470 224
1808480 224
1808490 224
1808500 224
1808510 224
1808520 224
1808530 224
1808540 224
1808550 225
1808560 225
1808570 226
1808580 226
1808590 226
1808600 227
1808610 227
1808620 227
1808630 228
1808640 229
1808650 229
1808660 230
1808670 230
1808680 231
1808690 231
1808700 232
1808710 232
1808720 233
1808730 233
1808740 234
1808750 234
1808760 234
1808770 235
1808780 235
1808790 236
1808800 236
1808810 237
1808820 238
1808830 238
1808840 239
1808850 239
1808860 240
1808870 240
1808880 241
1808890 241
1808900 241
1808910 241
1808920 241
1808930 240
1808940 240
1808950 240
1808960 239
1808970 238
1808980 238
1808990 237
1809000 237
1809010 236
1809020 236
1809030 235
1809040 235
1809050 234
1809060 234
1809070 234
1809080 233
1809090 233
1809100 233
1809110 233
1809120 233
1809130 232
1809140 232
1809150 232
1809160 232
1809170 232
1809180 232
1809190 232
1809200 232
1809210 232
1809220 232
1809230 233
1809240 233
1809250 233
1809260 233
1809270 233
1809280 233
1809290 233
1809300 233
1809310 233
1809320 233
1809330 233
1809340 233
1809350 233
1809360 233
1809370 233
1809380 233
1809390 233
1809400 233
1809410 233
1809420 233
1809430 233
1809440 233
1809450 233
1809460 233
1809470 234
1809480 234
1809490 234
1809500 234
1809510 234
1809520 234
1809530 234
1809540 235
1809550 235
1809560 235
1809570 235
1809580 236
1809590 236
1809600 236
1809610 237
1809620 237
1809630 238
1809640 238
1809650 239
1809660 239
1809670 239
1809680 239
1809690 240
1809700 240
1809710 240
1809720 241
1809730 241
1809740 241
1809750 241
1809760 242
1809770 242
1809780 242
1809790 242
1809800 242
1809810 242
1809820 242
1809830 242
1809840 242
1809850 242
1809860 241
1809870 241
1809880 241
1809890 241
1809900 241
1809910 241
1809920 240
1809930 240
1809940 240
1809950 240
1809960 239
1809970 239
1809980 239
1809990 238
1810000 237
1810010 237
1810020 236
1810030 236
1810040 235
1810050 234
1810060 234
1810070 233
1810080 232
1810090 231
1810100 230
1810110 230
1810120 229
1810130 228
1810140 227
1810150 227
1810160 226
1810170 225
1810180 224
1810190 224
1810200 223
1810210 222
1810220 222
1810230 221
1810240 221
1810250 220
1810260 220
1810270 219
1810280 219
1810290 218
1810300 218
1810310 218
1810320 218
1810330 217
1810340 217
1810350 217
1810360 217
1810370 217
1810380 217
1810390 217
1810400 217
1810410 217
1810420 217
1810430 217
1810440 217
1810450 217
1810460 217
1810470 217
1810480 217
1810490 216
1810500 216
1810510 216
1810520 216
1810530 216
1810540 216
1810550 216
1810560 216
1810570 216
1810580 217
1810590 217
1810600 217
1810610 217
1810620 218
1810630 218
1810640 218
1810650 218
1810660 218
1810670 219
1810680 219
1810690 219
1810700 220
1810710 220
1810720 221
1810730 222
1810740 223
1810750 223
1810760 224
1810770 225
1810780 226
1810790 227
1810800 228
1810810 230
1810820 231
1810830 232
1810840 234
1810850 235
1810860 236
1810870 238
1810880 239
1810890 239
1810900 240
1810910 241
1810920 241
1810930 241
1810940 241
1810950 241
1810960 242
1810970 242
1810980 242
1810990 242
1811000 241
1811010 241
1811020 241
1811030 241
1811040 240
1811050 240
1811060 240
1811070 240
1811080 239
1811090 239
1811100 239
1811110 238
1811120 238
1811130 239
1811140 240
1811150 241
1811160 242
1811170 242
1811180 243
1811190 244
1811200 244
1811210 245
1811220 245
1811230 245
1811240 245
1811250 245
1811260 246
1811270 246
1811280 245
1811290 245
1811300 245
1811310 245
1811320 245
1811330 245
1811340 245
1811350 245
1811360 245
1811370 245
1811380 245
1811390 245
1811400 245
1811410 246
1811420 246
1811430 246
1811440 246
1811450 247
1811460 247
1811470 247
1811480 248
1811490 248
1811500 248
1811510 249
1811520 249
1811530 249
1811540 250
1811550 250
1811560 250
1811570 250
1811580 251
1811590 251
1811600 251
1811610 251
1811620 251
1811630 251
1811640 251
1811650 251
1811660 251
1811670 251
1811680 251
1811690 251
1811700 251
1811710 251
1811720 251
1811730 251
1811740 250
1811750 250
1811760 250
1811770 249
1811780 248
1811790 247
1811800 246
1811810 245
1811820 244
1811830 243
1811840 242
1811850 241
1811860 240
1811870 240
1811880 239
1811890 238
1811900 238
1811910 237
1811920 237
1811930 237
1811940 237
1811950 237
1811960 237
1811970 236
1811980 236
1811990 236
1812000 235
1812010 235
1812020 234
1812030 234
1812040 234
1812050 234
1812060 234
1812070 234
1812080 234
1812090 234
1812100 234
1812110 234
1812120 234
1812130 234
1812140 234
1812150 234
1812160 234
1812170 234
1812180 233
1812190 233
1812200 233
1812210 234
1812220 234
1812230 234
1812240 234
1812250 233
1812260 233
1812270 233
1812280 233
1812290 233
1812300 233
1812310 233
1812320 232
1812330 232
1812340 232
1812350 232
1812360 232
1812370 232
1812380 231
1812390 231
1812400 231
1812410 231
1812420 231
1812430 231
1812440 231
1812450 231
1812460 231
1812470 231
1812480 231
1812490 231
1812500 230
1812510 230
1812520 230
1812530 230
1812540 230
1812550 231
1812560 231
1812570 230
1812580 230
1812590 230
1812600 230
1812610 230
1812620 230
1812630 230
1812640 230
1812650 230
1812660 230
1812670 230
1812680 230
1812690 230
1812700 230
1812710 230
1812720 230
1812730 230
1812740 230
1812750 231
1812760 231
1812770 231
1812780 231
1812790 232
1812800 232
1812810 232
1812820 233
1812830 233
1812840 233
1812850 233
1812860 234
1812870 234
1812880 234
1812890 235
1812900 235
1812910 236
1812920 236
1812930 236
1812940 237
1812950 237
1812960 238
1812970 238
1812980 238
1812990 239
1813000 239
1813010 239
1813020 240
1813030 240
1813040 240
1813050 241
1813060 241
1813070 241
1813080 242
1813090 242
1813100 242
1813110 242
1813120 243
1813130 243
1813140 243
1813150 243
1813160 243
1813170 243
1813180 243
1813190 243
1813200 243
1813210 243
1813220 243
1813230 243
1813240 244
1813250 244
1813260 244
1813270 245
1813280 245
1813290 245
1813300 246
1813310 246
1813320 246
1813330 245
1813340 245
1813350 246
1813360 247
1813370 247
1813380 247
1813390 247
1813400 247
1813410 247
1813420 246
1813430 246
1813440 246
1813450 246
1813460 246
1813470 246
1813480 246
1813490 246
1813500 246
1813510 246
1813520 246
1813530 245
1813540 245
1813550 245
1813560 245
1813570 245
1813580 244
1813590 244
1813600 244
1813610 244
1813620 243
1813630 243
1813640 243
1813650 243
1813660 242
1813670 242
1813680 242
1813690 242
1813700 241
1813710 241
1813720 241
1813730 241
1813740 241
1813750 241
1813760 241
1813770 241
1813780 241
1813790 241
1813800 241
1813810 241
1813820 241
1813830 240
1813840 241
1813850 241
1813860 241
1813870 241
1813880 241
1813890 241
1813900 241
1813910 241
1813920 241
1813930 241
1813940 241
1813950 241
1813960 241
1813970 241
1813980 241
1813990 241
1814000 241
1814010 240
1814020 240
1814030 240
1814040 240
1814050 240
1814060 240
1814070 241
1814080 241
1814090 241
1814100 241
1814110 241
1814120 241
1814130 241
1814140 241
1814150 241
1814160 242
1814170 242
1814180 242
1814190 243
1814200 243
1814210 243
1814220 244
1814230 244
1814240 244
1814250 245
1814260 245
1814270 245
1814280 246
1814290 246
1814300 246
1814310 246
1814320 247
1814330 247
1814340 247
1814350 247
1814360 247
1814370 248
1814380 248
1814390 248
1814400 248
1814410 249
1814420 249
1814430 249
1814440 249
1814450 250
1814460 250
1814470 250
1814480 251
1814490 251
1814500 252
1814510 252
1814520 253
1814530 254
1814540 254
1814550 254
1814560 255
1814570 255
1814580 256
1814590 257
1814600 257
1814610 258
1814620 258
1814630 259
1814640 259
1814650 260
1814660 260
1814670 261
1814680 262
1814690 263
1814700 264
1814710 264
1814720 265
1814730 266
1814740 267
1814750 268
1814760 269
1814770 269
1814780 270
1814790 271
1814800 271
1814810 271
1814820 272
1814830 272
1814840 272
1814850 273
1814860 273
1814870 273
1814880 273
1814890 273
1814900 274
1814910 274
1814920 274
1814930 274
1814940 274
1814950 275
1814960 275
1814970 275
1814980 275
1814990 275
1815000 275
1815010 276
1815020 276
1815030 276
1815040 277
1815050 277
1815060 278
1815070 278
1815080 279
1815090 280
1815100 281
1815110 282
1815120 283
1815130 284
1815140 285
1815150 286
1815160 287
1815170 288
1815180 289
1815190 290
1815200 291
1815210 292
1815220 293
1815230 294
1815240 295
1815250 297
1815260 298
1815270 299
1815280 300
1815290 301
1815300 302
1815310 303
1815320 304
1815330 305
1815340 306
1815350 307
1815360 309
1815370 310
1815380 311
1815390 312
1815400 312
1815410 313
1815420 314
1815430 315
1815440 316
1815450 316
1815460 317
1815470 318
1815480 318
1815490 319
1815500 319
1815510 319
1815520 320
1815530 320
1815540 321
1815550 321
1815560 322
1815570 322
1815580 323
1815590 323
1815600 323
1815610 324
1815620 324
1815630 324
1815640 324
1815650 324
1815660 324
1815670 323
1815680 322
1815690 320
1815700 319
1815710 317
1815720 316
1815730 314
1815740 313
1815750 311
1815760 310
1815770 309
1815780 307
1815790 306
1815800 304
1815810 303
1815820 301
1815830 300
1815840 299
1815850 297
1815860 296
1815870 295
1815880 293
1815890 292
1815900 291
1815910 289
1815920 288
1815930 287
1815940 286
1815950 285
1815960 284
1815970 283
1815980 282
1815990 282
1816000 282
1816010 282
1816020 282
1816030 282
1816040 282
1816050 283
1816060 284
1816070 285
1816080 286
1816090 288
1816100 289
1816110 291
1816120 292
1816130 294
1816140 295
1816150 295
1816160 296
1816170 295
1816180 294
1816190 293
1816200 292
1816210 292
1816220 291
1816230 291
1816240 291
1816250 292
1816260 292
1816270 292
1816280 292
1816290 292
1816300 293
1816310 293
1816320 293
1816330 294
1816340 294
1816350 294
1816360 295
1816370 295
1816380 296
1816390 296
1816400 297
1816410 298
1816420 299
1816430 301
1816440 302
1816450 304
1816460 305
1816470 306
1816480 306
1816490 306
1816500 305
1816510 305
1816520 304
1816530 304
1816540 304
1816550 304
1816560 304
1816570 305
1816580 306
1816590 307
1816600 308
1816610 310
1816620 311
1816630 313
1816640 315
1816650 317
1816660 318
1816670 319
1816680 321
1816690 322
1816700 324
1816710 325
1816720 326
1816730 328
1816740 329
1816750 330
1816760 331
1816770 332
1816780 332
1816790 332
1816800 332
1816810 332
1816820 332
1816830 331
1816840 330
1816850 329
1816860 328
1816870 327
1816880 326
1816890 325
1816900 324
1816910 322
1816920 321
1816930 320
1816940 319
1816950 318
1816960 317
1816970 316
1816980 315
1816990 314
1817000 313
1817010 311
1817020 310
1817030 309
1817040 308
1817050 307
1817060 306
1817070 306
1817080 305
1817090 304
1817100 304
1817110 303
1817120 303
1817130 302
1817140 302
1817150 301
1817160 301
1817170 300
1817180 300
1817190 299
1817200 299
1817210 300
1817220 300
1817230 301
1817240 302
1817250 303
1817260 304
1817270 305
1817280 305
1817290 305
1817300 305
1817310 305
1817320 305
1817330 305
1817340 305
1817350 305
1817360 304
1817370 303
1817380 303
1817390 302
1817400 300
1817410 299
1817420 297
1817430 296
1817440 296
1817450 295
1817460 295
1817470 294
1817480 294
1817490 293
1817500 293
1817510 293
1817520 293
1817530 292
1817540 292
1817550 292
1817560 292
1817570 292
1817580 292
1817590 292
1817600 292
1817610 292
1817620 291
1817630 291
1817640 291
1817650 291
1817660 291
1817670 291
1817680 291
1817690 290
1817700 290
1817710 290
1817720 290
1817730 290
1817740 290
1817750 290
1817760 290
1817770 290
1817780 290
1817790 290
1817800 289
1817810 289
1817820 289
1817830 289
1817840 289
1817850 289
1817860 289
1817870 289
1817880 289
1817890 288
1817900 288
1817910 288
1817920 288
1817930 288
1817940 288
1817950 288
1817960 288
1817970 288
1817980 287
1817990 287
1818000 287
1818010 287
1818020 287
1818030 287
1818040 287
1818050 287
1818060 287
1818070 287
1818080 287
1818090 287
1818100 287
1818110 287
1818120 287
1818130 287
1818140 287
1818150 287
1818160 287
1818170 287
1818180 286
1818190 286
1818200 286
1818210 286
1818220 286
1818230 286
1818240 286
1818250 285
1818260 285
1818270 285
1818280 285
1818290 285
1818300 285
1818310 285
1818320 284
1818330 284
1818340 284
1818350 284
1818360 284
1818370 284
1818380 284
1818390 284
1818400 284
1818410 284
1818420 284
1818430 284
1818440 284
1818450 284
1818460 284
1818470 284
1818480 284
1818490 284
1818500 285
1818510 285
1818520 286
1818530 287
1818540 288
1818550 289
1818560 290
1818570 290
1818580 291
1818590 292
1818600 293
1818610 294
1818620 294
1818630 295
1818640 296
1818650 297
1818660 298
1818670 299
1818680 300
1818690 301
1818700 302
1818710 304
1818720 305
1818730 308
1818740 310
1818750 312
1818760 313
1818770 314
1818780 314
1818790 315
1818800 315
1818810 315
1818820 316
1818830 316
1818840 316
1818850 316
1818860 315
1818870 315
1818880 315
1818890 315
1818900 315
1818910 315
1818920 314
1818930 314
1818940 314
1818950 313
1818960 313
1818970 313
1818980 312
1818990 312
1819000 311
1819010 311
1819020 311
1819030 311
1819040 311
1819050 311
1819060 311
1819070 311
1819080 312
1819090 312
1819100 312
1819110 313
1819120 314
1819130 314
1819140 315
1819150 316
1819160 317
1819170 318
1819180 318
1819190 319
1819200 319
1819210 320
1819220 320
1819230 321
1819240 322
1819250 322
1819260 323
1819270 324
1819280 325
1819290 325
1819300 326
1819310 327
1819320 327
1819330 328
1819340 329
1819350 329
1819360 330
1819370 330
1819380 331
1819390 331
1819400 332
1819410 332
1819420 333
1819430 333
1819440 333
1819450 334
1819460 334
1819470 334
1819480 334
1819490 334
1819500 334
1819510 334
1819520 334
1819530 333
1819540 333
1819550 332
1819560 331
1819570 329
1819580 328
1819590 327
1819600 326
1819610 325
1819620 323
1819630 323
1819640 322
1819650 321
1819660 319
1819670 317
1819680 316
1819690 313
1819700 311
1819710 309
1819720 306
1819730 303
1819740 301
1819750 299
1819760 297
1819770 295
1819780 294
1819790 293
1819800 292
1819810 291
1819820 291
1819830 290
1819840 289
1819850 289
1819860 290
1819870 291
1819880 291
1819890 291
1819900 292
1819910 292
1819920 293
1819930 293
1819940 293
1819950 294
1819960 295
1819970 296
1819980 297
1819990 297
