1800000 304
1800010 305
1800020 305
1800030 306
1800040 307
1800050 308
1800060 309
1800070 311
1800080 312
1800090 313
1800100 313
1800110 313
1800120 314
1800130 314
1800140 315
1800150 315
1800160 315
1800170 316
1800180 316
1800190 316
1800200 316
1800210 315
1800220 315
1800230 315
1800240 315
1800250 314
1800260 314
1800270 314
1800280 314
1800290 314
1800300 314
1800310 313
1800320 313
1800330 313
1800340 313
1800350 313
1800360 312
1800370 312
1800380 312
1800390 311
1800400 311
1800410 311
1800420 311
1800430 310
1800440 310
1800450 310
1800460 309
1800470 309
1800480 308
1800490 307
1800500 306
1800510 306
1800520 305
1800530 305
1800540 304
1800550 304
1800560 303
1800570 303
1800580 302
1800590 302
1800600 301
1800610 301
1800620 300
1800630 300
1800640 299
1800650 299
1800660 299
1800670 298
1800680 297
1800690 296
1800700 295
1800710 295
1800720 294
1800730 293
1800740 293
1800750 292
1800760 292
1800770 291
1800780 290
1800790 290
1800800 289
1800810 289
1800820 288
1800830 287
1800840 287
1800850 286
1800860 286
1800870 285
1800880 284
1800890 284
1800900 283
1800910 283
1800920 282
1800930 282
1800940 281
1800950 281
1800960 280
1800970 280
1800980 279
1800990 279
1801000 278
1801010 278
1801020 277
1801030 277
1801040 276
1801050 276
1801060 275
1801070 274
1801080 273
1801090 273
1801100 272
1801110 271
1801120 270
1801130 269
1801140 267
1801150 266
1801160 265
1801170 264
1801180 263
1801190 262
1801200 261
1801210 260
1801220 259
1801230 257
1801240 256
1801250 255
1801260 254
1801270 253
1801280 252
1801290 251
1801300 251
1801310 250
1801320 249
1801330 249
1801340 248
1801350 248
1801360 247
1801370 246
1801380 246
1801390 245
1801400 245
1801410 244
1801420 244
1801430 244
1801440 243
1801450 243
1801460 243
1801470 243
1801480 244
1801490 245
1801500 245
1801510 246
1801520 246
1801530 247
1801540 247
1801550 247
1801560 247
1801570 247
1801580 247
1801590 246
1801600 246
1801610 246
1801620 246
1801630 246
1801640 246
1801650 246
1801660 246
1801670 245
1801680 245
1801690 245
1801700 244
1801710 244
1801720 244
1801730 243
1801740 243
1801750 243
1801760 242
1801770 242
1801780 241
1801790 241
1801800 241
1801810 241
1801820 240
1801830 240
1801840 240
1801850 239
1801860 239
1801870 238
1801880 238
1801890 238
1801900 237
1801910 237
1801920 237
1801930 236
1801940 236
1801950 236
1801960 235
1801970 235
1801980 235
1801990 235
1802000 235
1802010 234
1802020 234
1802030 234
1802040 234
1802050 234
1802060 233
1802070 232
1802080 232
1802090 231
1802100 231
1802110 230
1802120 230
1802130 229
1802140 229
1802150 229
1802160 229
1802170 229
1802180 229
1802190 229
1802200 229
1802210 228
1802220 228
1802230 228
1802240 228
1802250 228
1802260 227
1802270 227
1802280 227
1802290 227
1802300 226
1802310 226
1802320 226
1802330 226
1802340 225
1802350 225
1802360 225
1802370 225
1802380 224
1802390 224
1802400 224
1802410 224
1802420 223
1802430 223
1802440 223
1802450 222
1802460 222
1802470 222
1802480 222
1802490 221
1802500 221
1802510 221
1802520 221
1802530 221
1802540 220
1802550 220
1802560 220
1802570 220
1802580 220
1802590 220
1802600 220
1802610 220
1802620 219
1802630 219
1802640 219
1802650 219
1802660 219
1802670 219
1802680 219
1802690 219
1802700 219
1802710 218
1802720 218
1802730 218
1802740 218
1802750 218
1802760 218
1802770 218
1802780 218
1802790 218
1802800 218
1802810 218
1802820 218
1802830 218
1802840 218
1802850 218
1802860 218
1802870 218
1802880 218
1802890 218
1802900 218
1802910 217
1802920 217
1802930 217
1802940 217
1802950 217
1802960 217
1802970 217
1802980 216
1802990 216
1803000 216
1803010 216
1803020 216
1803030 216
1803040 216
1803050 216
1803060 215
1803070 215
1803080 215
1803090 215
1803100 215
1803110 215
1803120 215
1803130 215
1803140 215
1803150 215
1803160 215
1803170 214
1803180 214
1803190 214
1803200 214
1803210 214
1803220 214
1803230 214
1803240 214
1803250 214
1803260 214
1803270 214
1803280 215
1803290 215
1803300 215
1803310 215
1803320 214
1803330 214
1803340 214
1803350 214
1803360 214
1803370 215
1803380 215
1803390 215
1803400 215
1803410 215
1803420 215
1803430 215
1803440 215
1803450 216
1803460 216
1803470 216
1803480 216
1803490 217
1803500 217
1803510 217
1803520 217
1803530 218
1803540 218
1803550 218
1803560 218
1803570 218
1803580 218
1803590 219
1803600 219
1803610 219
1803620 219
1803630 219
1803640 219
1803650 219
1803660 219
1803670 219
1803680 219
1803690 219
1803700 219
1803710 220
1803720 220
1803730 220
1803740 220
1803750 220
1803760 220
1803770 220
1803780 220
1803790 220
1803800 221
1803810 221
1803820 221
1803830 221
1803840 221
1803850 221
1803860 221
1803870 221
1803880 222
1803890 222
1803900 222
1803910 222
1803920 223
1803930 223
1803940 223
1803950 224
1803960 224
1803970 224
1803980 224
1803990 225
1804000 225
1804010 225
1804020 225
1804030 225
1804040 225
1804050 226
1804060 226
1804070 226
1804080 226
1804090 226
1804100 226
1804110 226
1804120 226
1804130 227
1804140 227
1804150 227
1804160 227
1804170 227
1804180 227
1804190 227
1804200 227
1804210 227
1804220 227
1804230 227
1804240 227
1804250 227
1804260 227
1804270 227
1804280 227
1804290 227
1804300 227
1804310 227
1804320 226
1804330 226
1804340 226
1804350 226
1804360 226
1804370 225
1804380 225
1804390 225
1804400 225
1804410 224
1804420 224
1804430 224
1804440 224
1804450 224
1804460 224
1804470 223
1804480 223
1804490 223
1804500 223
1804510 223
1804520 223
1804530 223
1804540 223
1804550 223
1804560 224
1804570 224
1804580 224
1804590 224
1804600 224
1804610 224
1804620 224
1804630 224
1804640 224
1804650 224
1804660 224
1804670 225
1804680 225
1804690 225
1804700 225
1804710 225
1804720 225
1804730 225
1804740 225
1804750 225
1804760 225
1804770 225
1804780 225
1804790 225
1804800 224
1804810 224
1804820 224
1804830 224
1804840 224
1804850 224
1804860 224
1804870 224
1804880 224
1804890 223
1804900 223
1804910 223
1804920 223
1804930 223
1804940 223
1804950 223
1804960 223
1804970 223
1804980 223
1804990 223
1805000 223
1805010 223
1805020 224
1805030 224
1805040 224
1805050 224
1805060 224
1805070 224
1805080 224
1805090 224
1805100 224
1805110 224
1805120 224
1805130 224
1805140 224
1805150 224
1805160 224
1805170 224
1805180 224
1805190 225
1805200 225
1805210 225
1805220 225
1805230 225
1805240 225
1805250 225
1805260 225
1805270 224
1805280 224
1805290 224
1805300 224
1805310 224
1805320 224
1805330 224
1805340 224
1805350 224
1805360 224
1805370 224
1805380 224
1805390 224
1805400 224
1805410 224
1805420 224
1805430 224
1805440 224
1805450 224
1805460 224
1805470 224
1805480 224
1805490 224
1805500 224
1805510 224
1805520 224
1805530 224
1805540 224
1805550 224
1805560 224
1805570 224
1805580 224
1805590 224
1805600 224
1805610 224
1805620 224
1805630 224
1805640 224
1805650 224
1805660 223
1805670 223
1805680 223
1805690 223
1805700 223
1805710 222
1805720 222
1805730 222
1805740 222
1805750 221
1805760 221
1805770 221
1805780 221
1805790 220
1805800 220
1805810 220
1805820 219
1805830 219
1805840 218
1805850 218
1805860 218
1805870 217
1805880 217
1805890 216
1805900 216
1805910 215
1805920 215
1805930 215
1805940 214
1805950 214
1805960 214
1805970 213
1805980 213
1805990 213
1806000 213
1806010 212
1806020 212
1806030 212
1806040 211
1806050 211
1806060 211
1806070 211
1806080 210
1806090 210
1806100 210
1806110 209
1806120 209
1806130 209
1806140 209
1806150 208
1806160 208
1806170 208
1806180 208
1806190 207
1806200 207
1806210 207
1806220 207
1806230 207
1806240 206
1806250 206
1806260 206
1806270 206
1806280 206
1806290 206
1806300 206
1806310 206
1806320 205
1806330 205
1806340 205
1806350 205
1806360 205
1806370 205
1806380 205
1806390 205
1806400 205
1806410 205
1806420 204
1806430 204
1806440 204
1806450 204
1806460 204
1806470 204
1806480 204
1806490 203
1806500 203
1806510 203
1806520 203
1806530 203
1806540 203
1806550 203
1806560 203
1806570 203
1806580 203
1806590 203
1806600 203
1806610 203
1806620 203
1806630 203
1806640 203
1806650 203
1806660 202
1806670 202
1806680 202
1806690 201
1806700 201
1806710 201
1806720 200
1806730 200
1806740 200
1806750 200
1806760 199
1806770 199
1806780 200
1806790 200
1806800 200
1806810 200
1806820 200
1806830 200
1806840 201
1806850 201
1806860 201
1806870 201
1806880 202
1806890 202
1806900 202
1806910 202
1806920 203
1806930 203
1806940 203
1806950 203
1806960 203
1806970 203
1806980 203
1806990 203
1807000 203
1807010 203
1807020 203
1807030 203
1807040 203
1807050 203
1807060 203
1807070 203
1807080 203
1807090 203
1807100 203
1807110 203
1807120 203
1807130 203
1807140 203
1807150 203
1807160 204
1807170 204
1807180 204
1807190 204
1807200 204
1807210 204
1807220 204
1807230 204
1807240 204
1807250 204
1807260 205
1807270 205
1807280 205
1807290 205
1807300 205
1807310 205
1807320 205
1807330 205
1807340 205
1807350 205
1807360 205
1807370 204
1807380 204
1807390 204
1807400 204
1807410 203
1807420 203
1807430 203
1807440 203
1807450 203
1807460 203
1807470 204
1807480 204
1807490 204
1807500 204
1807510 204
1807520 204
1807530 204
1807540 204
1807550 204
1807560 204
1807570 204
1807580 203
1807590 203
1807600 203
1807610 203
1807620 203
1807630 203
1807640 203
1807650 203
1807660 203
1807670 203
1807680 203
1807690 203
1807700 203
1807710 203
1807720 203
1807730 203
1807740 203
1807750 204
1807760 204
1807770 204
1807780 204
1807790 204
1807800 204
1807810 204
1807820 204
1807830 203
1807840 203
1807850 203
1807860 203
1807870 202
1807880 202
1807890 202
1807900 202
1807910 202
1807920 202
1807930 201
1807940 201
1807950 201
1807960 200
1807970 200
1807980 200
1807990 200
1808000 200
1808010 200
1808020 199
1808030 199
1808040 199
1808050 199
1808060 199
1808070 199
1808080 199
1808090 199
1808100 200
1808110 200
1808120 200
1808130 200
1808140 200
1808150 199
1808160 200
1808170 200
1808180 199
1808190 199
1808200 199
1808210 199
1808220 199
1808230 199
1808240 199
1808250 199
1808260 199
1808270 199
1808280 199
1808290 199
1808300 199
1808310 199
1808320 199
1808330 199
1808340 199
1808350 199
1808360 199
1808370 199
1808380 199
1808390 199
1808400 199
1808410 199
1808420 199
1808430 199
1808440 199
1808450 199
1808460 199
1808470 199
1808480 199
1808490 199
1808500 199
1808510 200
1808520 200
1808530 200
1808540 200
1808550 200
1808560 200
1808570 199
1808580 200
1808590 200
1808600 200
1808610 200
1808620 201
1808630 201
1808640 201
1808650 201
1808660 201
1808670 201
1808680 202
1808690 202
1808700 202
1808710 202
1808720 203
1808730 203
1808740 203
1808750 204
1808760 204
1808770 205
1808780 206
1808790 206
1808800 207
1808810 208
1808820 208
1808830 209
1808840 210
1808850 211
1808860 211
1808870 212
1808880 213
1808890 214
1808900 215
1808910 215
1808920 216
1808930 217
1808940 218
1808950 218
1808960 219
1808970 219
1808980 220
1808990 220
1809000 220
1809010 221
1809020 221
1809030 221
1809040 221
1809050 221
1809060 220
1809070 220
1809080 220
1809090 220
1809100 220
1809110 220
1809120 221
1809130 221
1809140 221
1809150 221
1809160 221
1809170 221
1809180 221
1809190 221
1809200 221
1809210 221
1809220 221
1809230 221
1809240 221
1809250 221
1809260 221
1809270 221
1809280 221
1809290 220
1809300 220
1809310 220
1809320 220
1809330 220
1809340 220
1809350 220
1809360 220
1809370 220
1809380 220
1809390 220
1809400 220
1809410 220
1809420 220
1809430 220
1809440 220
1809450 220
1809460 220
1809470 220
1809480 220
1809490 220
1809500 220
1809510 220
1809520 220
1809530 220
1809540 220
1809550 220
1809560 221
1809570 221
1809580 221
1809590 221
1809600 221
1809610 221
1809620 221
1809630 221
1809640 221
1809650 221
1809660 221
1809670 221
1809680 221
1809690 221
1809700 221
1809710 221
1809720 221
1809730 221
1809740 221
1809750 221
1809760 221
1809770 221
1809780 221
1809790 221
1809800 221
1809810 221
1809820 221
1809830 221
1809840 221
1809850 221
1809860 221
1809870 221
1809880 220
1809890 220
1809900 220
1809910 220
1809920 220
1809930 220
1809940 220
1809950 220
1809960 220
1809970 220
1809980 220
1809990 220
1810000 220
1810010 220
1810020 220
1810030 220
1810040 220
1810050 220
1810060 220
1810070 220
1810080 220
1810090 219
1810100 219
1810110 219
1810120 218
1810130 218
1810140 218
1810150 218
1810160 218
1810170 218
1810180 218
1810190 218
1810200 218
1810210 217
1810220 217
1810230 217
1810240 217
1810250 217
1810260 217
1810270 217
1810280 217
1810290 217
1810300 217
1810310 217
1810320 217
1810330 217
1810340 216
1810350 216
1810360 216
1810370 216
1810380 216
1810390 216
1810400 216
1810410 216
1810420 215
1810430 215
1810440 215
1810450 215
1810460 215
1810470 215
1810480 215
1810490 215
1810500 215
1810510 214
1810520 214
1810530 214
1810540 214
1810550 214
1810560 214
1810570 214
1810580 214
1810590 214
1810600 214
1810610 213
1810620 213
1810630 213
1810640 213
1810650 213
1810660 213
1810670 213
1810680 213
1810690 213
1810700 213
1810710 213
1810720 213
1810730 214
1810740 214
1810750 214
1810760 214
1810770 214
1810780 214
1810790 214
1810800 214
1810810 214
1810820 214
1810830 214
1810840 214
1810850 214
1810860 214
1810870 213
1810880 213
1810890 213
1810900 213
1810910 213
1810920 213
1810930 213
1810940 213
1810950 213
1810960 213
1810970 214
1810980 214
1810990 214
1811000 213
1811010 213
1811020 213
1811030 213
1811040 213
1811050 213
1811060 213
1811070 213
1811080 212
1811090 212
1811100 212
1811110 212
1811120 212
1811130 212
1811140 212
1811150 212
1811160 212
1811170 212
1811180 211
1811190 211
1811200 211
1811210 211
1811220 211
1811230 211
1811240 211
1811250 211
1811260 210
1811270 210
1811280 210
1811290 210
1811300 210
1811310 210
1811320 210
1811330 210
1811340 209
1811350 209
1811360 209
1811370 209
1811380 209
1811390 209
1811400 209
1811410 209
1811420 209
1811430 209
1811440 208
1811450 208
1811460 208
1811470 208
1811480 208
1811490 208
1811500 208
1811510 208
1811520 208
1811530 208
1811540 208
1811550 208
1811560 208
1811570 208
1811580 208
1811590 208
1811600 208
1811610 208
1811620 208
1811630 208
1811640 208
1811650 208
1811660 208
1811670 208
1811680 208
1811690 208
1811700 208
1811710 208
1811720 208
1811730 208
1811740 208
1811750 208
1811760 208
1811770 208
1811780 208
1811790 208
1811800 208
1811810 208
1811820 208
1811830 208
1811840 208
1811850 208
1811860 208
1811870 208
1811880 208
1811890 208
1811900 208
1811910 208
1811920 208
1811930 208
1811940 208
1811950 208
1811960 208
1811970 208
1811980 208
1811990 208
1812000 208
1812010 208
1812020 208
1812030 209
1812040 209
1812050 209
1812060 209
1812070 209
1812080 209
1812090 209
1812100 210
1812110 210
1812120 210
1812130 209
1812140 209
1812150 209
1812160 209
1812170 209
1812180 209
1812190 209
1812200 209
1812210 210
1812220 210
1812230 210
1812240 211
1812250 211
1812260 211
1812270 212
1812280 212
1812290 213
1812300 213
1812310 213
1812320 213
1812330 214
1812340 214
1812350 214
1812360 214
1812370 214
1812380 214
1812390 214
1812400 214
1812410 214
1812420 214
1812430 214
1812440 214
1812450 214
1812460 214
1812470 214
1812480 214
1812490 214
1812500 214
1812510 214
1812520 213
1812530 213
1812540 213
1812550 213
1812560 213
1812570 213
1812580 213
1812590 213
1812600 212
1812610 212
1812620 212
1812630 212
1812640 212
1812650 212
1812660 212
1812670 211
1812680 211
1812690 211
1812700 211
1812710 211
1812720 211
1812730 211
1812740 211
1812750 211
1812760 211
1812770 211
1812780 211
1812790 211
1812800 211
1812810 211
1812820 211
1812830 211
1812840 211
1812850 211
1812860 211
1812870 211
1812880 211
1812890 211
1812900 211
1812910 211
1812920 211
1812930 212
1812940 212
1812950 212
1812960 212
1812970 212
1812980 213
1812990 213
1813000 213
1813010 213
1813020 214
1813030 214
1813040 214
1813050 215
1813060 215
1813070 215
1813080 216
1813090 216
1813100 216
1813110 216
1813120 217
1813130 217
1813140 217
1813150 217
1813160 217
1813170 218
1813180 218
1813190 218
1813200 218
1813210 218
1813220 218
1813230 218
1813240 218
1813250 218
1813260 218
1813270 218
1813280 219
1813290 219
1813300 219
1813310 219
1813320 219
1813330 219
1813340 219
1813350 219
1813360 219
1813370 219
1813380 219
1813390 219
1813400 219
1813410 219
1813420 219
1813430 219
1813440 219
1813450 219
1813460 219
1813470 220
1813480 220
1813490 220
1813500 220
1813510 220
1813520 220
1813530 220
1813540 220
1813550 220
1813560 220
1813570 220
1813580 220
1813590 220
1813600 220
1813610 220
1813620 220
1813630 220
1813640 220
1813650 219
1813660 219
1813670 219
1813680 219
1813690 219
1813700 218
1813710 218
1813720 217
1813730 217
1813740 217
1813750 217
1813760 217
1813770 217
1813780 217
1813790 217
1813800 217
1813810 216
1813820 216
1813830 216
1813840 216
1813850 216
1813860 215
1813870 215
1813880 215
1813890 215
1813900 215
1813910 214
1813920 214
1813930 214
1813940 214
1813950 214
1813960 214
1813970 214
1813980 214
1813990 214
1814000 214
1814010 214
1814020 214
1814030 214
1814040 214
1814050 214
1814060 215
1814070 215
1814080 216
1814090 217
1814100 218
1814110 219
1814120 219
1814130 219
1814140 219
1814150 219
1814160 219
1814170 219
1814180 220
1814190 220
1814200 221
1814210 222
1814220 223
1814230 224
1814240 225
1814250 225
1814260 225
1814270 225
1814280 226
1814290 226
1814300 226
1814310 226
1814320 227
1814330 227
1814340 227
1814350 227
1814360 228
1814370 228
1814380 228
1814390 228
1814400 229
1814410 229
1814420 229
1814430 229
1814440 229
1814450 229
1814460 229
1814470 229
1814480 229
1814490 229
1814500 229
1814510 228
1814520 228
1814530 227
1814540 227
1814550 226
1814560 226
1814570 225
1814580 225
1814590 224
1814600 224
1814610 223
1814620 223
1814630 223
1814640 223
1814650 223
1814660 223
1814670 222
1814680 221
1814690 218
1814700 217
1814710 217
1814720 217
1814730 217
1814740 217
1814750 217
1814760 217
1814770 217
1814780 217
1814790 217
1814800 217
1814810 216
1814820 216
1814830 216
1814840 216
1814850 216
1814860 215
1814870 215
1814880 215
1814890 215
1814900 215
1814910 214
1814920 214
1814930 214
1814940 214
1814950 214
1814960 214
1814970 214
1814980 214
1814990 214
1815000 214
1815010 215
1815020 215
1815030 215
1815040 215
1815050 215
1815060 215
1815070 215
1815080 216
1815090 216
1815100 216
1815110 216
1815120 216
1815130 216
1815140 216
1815150 216
1815160 216
1815170 215
1815180 215
1815190 215
1815200 215
1815210 215
1815220 214
1815230 214
1815240 214
1815250 214
1815260 214
1815270 214
1815280 213
1815290 213
1815300 213
1815310 213
1815320 213
1815330 213
1815340 213
1815350 213
1815360 213
1815370 214
1815380 214
1815390 214
1815400 214
1815410 214
1815420 214
1815430 214
1815440 214
1815450 214
1815460 214
1815470 214
1815480 214
1815490 214
1815500 215
1815510 215
1815520 215
1815530 215
1815540 215
1815550 215
1815560 215
1815570 215
1815580 215
1815590 215
1815600 215
1815610 215
1815620 216
1815630 216
1815640 216
1815650 216
1815660 216
1815670 216
1815680 216
1815690 216
1815700 216
1815710 216
1815720 216
1815730 216
1815740 217
1815750 217
1815760 217
1815770 217
1815780 218
1815790 218
1815800 219
1815810 219
1815820 220
1815830 220
1815840 221
1815850 222
1815860 222
1815870 223
1815880 224
1815890 225
1815900 227
1815910 228
1815920 229
1815930 231
1815940 232
1815950 233
1815960 234
1815970 236
1815980 237
1815990 237
1816000 238
1816010 239
1816020 240
1816030 240
1816040 240
1816050 240
1816060 240
1816070 240
1816080 240
1816090 240
1816100 240
1816110 240
1816120 239
1816130 239
1816140 239
1816150 238
1816160 238
1816170 238
1816180 238
1816190 237
1816200 237
1816210 236
1816220 235
1816230 235
1816240 234
1816250 233
1816260 233
1816270 232
1816280 232
1816290 232
1816300 233
1816310 233
1816320 234
1816330 235
1816340 236
1816350 237
1816360 238
1816370 239
1816380 240
1816390 241
1816400 242
1816410 243
1816420 243
1816430 244
1816440 244
1816450 244
1816460 244
1816470 244
1816480 244
1816490 243
1816500 243
1816510 243
1816520 242
1816530 242
1816540 242
1816550 241
1816560 241
1816570 241
1816580 241
1816590 241
1816600 241
1816610 241
1816620 241
1816630 241
1816640 241
1816650 242
1816660 242
1816670 242
1816680 242
1816690 242
1816700 242
1816710 242
1816720 242
1816730 242
1816740 242
1816750 242
1816760 242
1816770 242
1816780 242
1816790 243
1816800 243
1816810 243
1816820 243
1816830 243
1816840 243
1816850 243
1816860 242
1816870 242
1816880 242
1816890 242
1816900 242
1816910 242
1816920 242
1816930 242
1816940 242
1816950 242
1816960 242
1816970 242
1816980 242
1816990 242
1817000 242
1817010 242
1817020 242
1817030 241
1817040 241
1817050 241
1817060 241
1817070 241
1817080 241
1817090 241
1817100 241
1817110 241
1817120 241
1817130 241
1817140 241
1817150 241
1817160 241
1817170 240
1817180 240
1817190 240
1817200 240
1817210 239
1817220 239
1817230 239
1817240 238
1817250 238
1817260 237
1817270 237
1817280 236
1817290 236
1817300 235
1817310 234
1817320 233
1817330 233
1817340 232
1817350 231
1817360 231
1817370 230
1817380 229
1817390 228
1817400 227
1817410 226
1817420 226
1817430 226
1817440 226
1817450 226
1817460 226
1817470 227
1817480 227
1817490 228
1817500 229
1817510 229
1817520 230
1817530 230
1817540 230
1817550 230
1817560 230
1817570 230
1817580 230
1817590 229
1817600 229
1817610 228
1817620 227
1817630 227
1817640 226
1817650 226
1817660 226
1817670 225
1817680 225
1817690 225
1817700 225
1817710 224
1817720 224
1817730 224
1817740 223
1817750 223
1817760 223
1817770 222
1817780 222
1817790 221
1817800 221
1817810 221
1817820 220
1817830 220
1817840 220
1817850 219
1817860 219
1817870 218
1817880 218
1817890 217
1817900 217
1817910 216
1817920 216
1817930 216
1817940 215
1817950 214
1817960 214
1817970 214
1817980 214
1817990 214
1818000 214
1818010 214
1818020 214
1818030 213
1818040 213
1818050 213
1818060 213
1818070 213
1818080 213
1818090 213
1818100 213
1818110 213
1818120 213
1818130 213
1818140 213
1818150 213
1818160 213
1818170 213
1818180 213
1818190 213
1818200 213
1818210 213
1818220 213
1818230 213
1818240 213
1818250 213
1818260 213
1818270 213
1818280 213
1818290 213
1818300 214
1818310 214
1818320 214
1818330 214
1818340 214
1818350 214
1818360 214
1818370 214
1818380 213
1818390 213
1818400 213
1818410 213
1818420 213
1818430 213
1818440 213
1818450 213
1818460 213
1818470 213
1818480 213
1818490 213
1818500 213
1818510 213
1818520 213
1818530 213
1818540 213
1818550 213
1818560 214
1818570 214
1818580 214
1818590 214
1818600 214
1818610 214
1818620 213
1818630 213
1818640 213
1818650 213
1818660 213
1818670 214
1818680 214
1818690 214
1818700 214
1818710 214
1818720 214
1818730 214
1818740 214
1818750 214
1818760 214
1818770 214
1818780 214
1818790 214
1818800 214
1818810 214
1818820 213
1818830 214
1818840 214
1818850 214
1818860 215
1818870 215
1818880 215
1818890 215
1818900 215
1818910 215
1818920 215
1818930 214
1818940 214
1818950 214
1818960 215
1818970 215
1818980 215
1818990 215
1819000 215
1819010 215
1819020 215
1819030 215
1819040 216
1819050 216
1819060 216
1819070 216
1819080 217
1819090 218
1819100 219
1819110 219
1819120 221
1819130 223
1819140 225
1819150 227
1819160 229
1819170 230
1819180 232
1819190 233
1819200 235
1819210 237
1819220 240
1819230 242
1819240 244
1819250 245
1819260 247
1819270 248
1819280 248
1819290 249
1819300 250
1819310 251
1819320 252
1819330 253
1819340 254
1819350 256
1819360 257
1819370 259
1819380 260
1819390 261
1819400 262
1819410 264
1819420 265
1819430 266
1819440 267
1819450 268
1819460 269
1819470 270
1819480 271
1819490 272
1819500 272
1819510 273
1819520 273
1819530 273
1819540 274
1819550 274
1819560 273
1819570 273
1819580 273
1819590 272
1819600 272
1819610 271
1819620 270
1819630 269
1819640 269
1819650 268
1819660 267
1819670 266
1819680 264
1819690 263
1819700 263
1819710 262
1819720 261
1819730 261
1819740 260
1819750 259
1819760 258
1819770 257
1819780 256
1819790 255
1819800 254
1819810 252
1819820 251
1819830 250
1819840 249
1819850 248
1819860 247
1819870 246
1819880 244
1819890 243
1819900 241
1819910 239
1819920 238
1819930 237
1819940 236
1819950 234
1819960 233
1819970 233
1819980 232
1819990 232
