1800000 324
1800010 324
1800020 325
1800030 326
1800040 327
1800050 328
1800060 329
1800070 331
1800080 333
1800090 334
1800100 335
1800110 336
1800120 336
1800130 337
1800140 337
1800150 337
1800160 337
1800170 337
1800180 337
1800190 336
1800200 336
1800210 335
1800220 335
1800230 334
1800240 334
1800250 333
1800260 332
1800270 332
1800280 331
1800290 331
1800300 330
1800310 329
1800320 329
1800330 328
1800340 327
1800350 327
1800360 326
1800370 325
1800380 325
1800390 324
1800400 323
1800410 322
1800420 321
1800430 320
1800440 320
1800450 319
1800460 318
1800470 317
1800480 317
1800490 316
1800500 315
1800510 314
1800520 313
1800530 312
1800540 312
1800550 311
1800560 310
1800570 309
1800580 308
1800590 307
1800600 306
1800610 306
1800620 305
1800630 304
1800640 303
1800650 302
1800660 301
1800670 300
1800680 299
1800690 298
1800700 298
1800710 297
1800720 296
1800730 295
1800740 294
1800750 294
1800760 293
1800770 292
1800780 292
1800790 291
1800800 290
1800810 290
1800820 289
1800830 289
1800840 288
1800850 287
1800860 287
1800870 286
1800880 286
1800890 285
1800900 284
1800910 284
1800920 283
1800930 282
1800940 282
1800950 281
1800960 281
1800970 280
1800980 279
1800990 279
1801000 279
1801010 278
1801020 278
1801030 277
1801040 276
1801050 276
1801060 275
1801070 274
1801080 274
1801090 273
1801100 272
1801110 272
1801120 271
1801130 270
1801140 270
1801150 269
1801160 268
1801170 268
1801180 267
1801190 266
1801200 266
1801210 265
1801220 264
1801230 264
1801240 263
1801250 262
1801260 262
1801270 261
1801280 260
1801290 260
1801300 259
1801310 259
1801320 258
1801330 257
1801340 257
1801350 256
1801360 255
1801370 255
1801380 254
1801390 254
1801400 253
1801410 252
1801420 252
1801430 251
1801440 250
1801450 250
1801460 249
1801470 249
1801480 248
1801490 247
1801500 247
1801510 246
1801520 246
1801530 245
1801540 245
1801550 244
1801560 244
1801570 244
1801580 243
1801590 243
1801600 243
1801610 242
1801620 242
1801630 242
1801640 241
1801650 241
1801660 241
1801670 241
1801680 240
1801690 240
1801700 240
1801710 239
1801720 239
1801730 239
1801740 238
1801750 238
1801760 237
1801770 237
1801780 236
1801790 236
1801800 235
1801810 235
1801820 234
1801830 234
1801840 234
1801850 234
1801860 233
1801870 233
1801880 233
1801890 233
1801900 232
1801910 232
1801920 232
1801930 231
1801940 231
1801950 231
1801960 230
1801970 230
1801980 230
1801990 229
1802000 229
1802010 228
1802020 228
1802030 228
1802040 227
1802050 227
1802060 227
1802070 227
1802080 226
1802090 226
1802100 226
1802110 226
1802120 226
1802130 226
1802140 226
1802150 226
1802160 226
1802170 226
1802180 226
1802190 226
1802200 225
1802210 225
1802220 225
1802230 225
1802240 225
1802250 224
1802260 224
1802270 224
1802280 223
1802290 223
1802300 223
1802310 222
1802320 222
1802330 222
1802340 221
1802350 221
1802360 221
1802370 221
1802380 220
1802390 220
1802400 220
1802410 220
1802420 219
1802430 219
1802440 219
1802450 219
1802460 219
1802470 219
1802480 219
1802490 219
1802500 219
1802510 219
1802520 218
1802530 218
1802540 218
1802550 218
1802560 218
1802570 218
1802580 218
1802590 218
1802600 218
1802610 218
1802620 218
1802630 218
1802640 218
1802650 218
1802660 218
1802670 218
1802680 218
1802690 218
1802700 218
1802710 217
1802720 217
1802730 217
1802740 217
1802750 217
1802760 217
1802770 217
1802780 217
1802790 217
1802800 217
1802810 217
1802820 217
1802830 217
1802840 217
1802850 217
1802860 217
1802870 217
1802880 216
1802890 216
1802900 216
1802910 216
1802920 216
1802930 216
1802940 216
1802950 216
1802960 215
1802970 215
1802980 215
1802990 215
1803000 215
1803010 215
1803020 215
1803030 215
1803040 215
1803050 215
1803060 215
1803070 215
1803080 215
1803090 215
1803100 214
1803110 214
1803120 214
1803130 214
1803140 214
1803150 214
1803160 214
1803170 214
1803180 214
1803190 214
1803200 214
1803210 214
1803220 214
1803230 214
1803240 214
1803250 214
1803260 213
1803270 213
1803280 213
1803290 213
1803300 213
1803310 213
1803320 213
1803330 213
1803340 213
1803350 213
1803360 213
1803370 213
1803380 213
1803390 213
1803400 212
1803410 212
1803420 212
1803430 212
1803440 212
1803450 212
1803460 212
1803470 212
1803480 212
1803490 212
1803500 212
1803510 212
1803520 212
1803530 212
1803540 212
1803550 213
1803560 213
1803570 213
1803580 213
1803590 213
1803600 213
1803610 213
1803620 213
1803630 213
1803640 213
1803650 213
1803660 213
1803670 213
1803680 213
1803690 213
1803700 213
1803710 213
1803720 214
1803730 214
1803740 214
1803750 214
1803760 214
1803770 214
1803780 214
1803790 214
1803800 214
1803810 215
1803820 215
1803830 215
1803840 215
1803850 215
1803860 215
1803870 215
1803880 215
1803890 215
1803900 216
1803910 216
1803920 216
1803930 216
1803940 216
1803950 216
1803960 217
1803970 217
1803980 217
1803990 217
1804000 218
1804010 218
1804020 218
1804030 219
1804040 219
1804050 220
1804060 220
1804070 220
1804080 221
1804090 221
1804100 221
1804110 221
1804120 221
1804130 222
1804140 222
1804150 222
1804160 222
1804170 222
1804180 222
1804190 222
1804200 222
1804210 222
1804220 222
1804230 222
1804240 222
1804250 222
1804260 221
1804270 221
1804280 221
1804290 221
1804300 221
1804310 222
1804320 222
1804330 222
1804340 222
1804350 223
1804360 223
1804370 223
1804380 223
1804390 223
1804400 223
1804410 223
1804420 223
1804430 223
1804440 223
1804450 223
1804460 224
1804470 224
1804480 224
1804490 223
1804500 223
1804510 223
1804520 224
1804530 224
1804540 224
1804550 224
1804560 224
1804570 224
1804580 224
1804590 224
1804600 224
1804610 224
1804620 224
1804630 224
1804640 224
1804650 224
1804660 224
1804670 224
1804680 224
1804690 224
1804700 224
1804710 224
1804720 224
1804730 224
1804740 224
1804750 224
1804760 223
1804770 223
1804780 223
1804790 223
1804800 223
1804810 223
1804820 223
1804830 223
1804840 223
1804850 223
1804860 222
1804870 222
1804880 222
1804890 222
1804900 222
1804910 222
1804920 222
1804930 222
1804940 222
1804950 222
1804960 222
1804970 222
1804980 222
1804990 222
1805000 222
1805010 222
1805020 222
1805030 222
1805040 222
1805050 222
1805060 222
1805070 222
1805080 222
1805090 222
1805100 222
1805110 222
1805120 221
1805130 221
1805140 221
1805150 221
1805160 221
1805170 221
1805180 221
1805190 221
1805200 221
1805210 220
1805220 220
1805230 220
1805240 220
1805250 220
1805260 220
1805270 220
1805280 220
1805290 220
1805300 220
1805310 220
1805320 220
1805330 220
1805340 220
1805350 220
1805360 220
1805370 219
1805380 219
1805390 220
1805400 220
1805410 220
1805420 220
1805430 220
1805440 220
1805450 220
1805460 220
1805470 220
1805480 220
1805490 220
1805500 220
1805510 220
1805520 220
1805530 220
1805540 220
1805550 220
1805560 220
1805570 221
1805580 221
1805590 221
1805600 221
1805610 221
1805620 221
1805630 221
1805640 221
1805650 221
1805660 221
1805670 221
1805680 221
1805690 220
1805700 220
1805710 220
1805720 220
1805730 220
1805740 220
1805750 220
1805760 220
1805770 220
1805780 220
1805790 220
1805800 220
1805810 220
1805820 220
1805830 220
1805840 220
1805850 220
1805860 220
1805870 220
1805880 220
1805890 220
1805900 220
1805910 220
1805920 220
1805930 220
1805940 220
1805950 220
1805960 220
1805970 220
1805980 219
1805990 219
1806000 219
1806010 219
1806020 218
1806030 218
1806040 218
1806050 217
1806060 217
1806070 216
1806080 216
1806090 215
1806100 215
1806110 214
1806120 214
1806130 214
1806140 213
1806150 213
1806160 213
1806170 212
1806180 212
1806190 211
1806200 211
1806210 211
1806220 210
1806230 210
1806240 210
1806250 210
1806260 209
1806270 209
1806280 209
1806290 209
1806300 209
1806310 208
1806320 208
1806330 208
1806340 208
1806350 208
1806360 208
1806370 207
1806380 207
1806390 207
1806400 207
1806410 207
1806420 207
1806430 207
1806440 206
1806450 206
1806460 206
1806470 206
1806480 206
1806490 206
1806500 205
1806510 205
1806520 205
1806530 205
1806540 205
1806550 204
1806560 204
1806570 204
1806580 204
1806590 203
1806600 203
1806610 203
1806620 203
1806630 202
1806640 202
1806650 202
1806660 202
1806670 201
1806680 201
1806690 201
1806700 201
1806710 201
1806720 200
1806730 200
1806740 200
1806750 200
1806760 200
1806770 200
1806780 200
1806790 199
1806800 199
1806810 199
1806820 199
1806830 199
1806840 199
1806850 199
1806860 199
1806870 199
1806880 199
1806890 199
1806900 199
1806910 199
1806920 199
1806930 199
1806940 199
1806950 199
1806960 199
1806970 199
1806980 199
1806990 199
1807000 199
1807010 199
1807020 199
1807030 199
1807040 199
1807050 199
1807060 199
1807070 199
1807080 199
1807090 199
1807100 199
1807110 199
1807120 199
1807130 199
1807140 199
1807150 199
1807160 199
1807170 199
1807180 199
1807190 198
1807200 198
1807210 198
1807220 198
1807230 198
1807240 198
1807250 198
1807260 198
1807270 198
1807280 198
1807290 198
1807300 198
1807310 198
1807320 198
1807330 198
1807340 198
1807350 198
1807360 198
1807370 198
1807380 198
1807390 198
1807400 198
1807410 198
1807420 198
1807430 198
1807440 198
1807450 198
1807460 198
1807470 198
1807480 198
1807490 198
1807500 198
1807510 198
1807520 198
1807530 198
1807540 198
1807550 198
1807560 198
1807570 198
1807580 198
1807590 198
1807600 198
1807610 198
1807620 198
1807630 198
1807640 198
1807650 198
1807660 198
1807670 198
1807680 198
1807690 198
1807700 198
1807710 198
1807720 198
1807730 198
1807740 198
1807750 198
1807760 198
1807770 198
1807780 198
1807790 198
1807800 198
1807810 198
1807820 198
1807830 198
1807840 198
1807850 198
1807860 198
1807870 198
1807880 198
1807890 199
1807900 199
1807910 199
1807920 198
1807930 198
1807940 198
1807950 198
1807960 198
1807970 198
1807980 198
1807990 198
1808000 198
1808010 198
1808020 198
1808030 198
1808040 198
1808050 198
1808060 198
1808070 198
1808080 198
1808090 198
1808100 198
1808110 198
1808120 198
1808130 198
1808140 198
1808150 198
1808160 198
1808170 198
1808180 198
1808190 198
1808200 198
1808210 198
1808220 198
1808230 198
1808240 198
1808250 198
1808260 198
1808270 198
1808280 199
1808290 198
1808300 198
1808310 198
1808320 198
1808330 198
1808340 199
1808350 199
1808360 198
1808370 198
1808380 198
1808390 199
1808400 199
1808410 199
1808420 199
1808430 199
1808440 199
1808450 199
1808460 199
1808470 200
1808480 200
1808490 200
1808500 200
1808510 200
1808520 200
1808530 200
1808540 201
1808550 201
1808560 201
1808570 201
1808580 202
1808590 202
1808600 202
1808610 203
1808620 203
1808630 204
1808640 204
1808650 205
1808660 206
1808670 206
1808680 207
1808690 207
1808700 208
1808710 209
1808720 209
1808730 210
1808740 211
1808750 212
1808760 212
1808770 213
1808780 214
1808790 214
1808800 215
1808810 216
1808820 216
1808830 217
1808840 217
1808850 218
1808860 218
1808870 218
1808880 218
1808890 218
1808900 218
1808910 218
1808920 218
1808930 218
1808940 218
1808950 218
1808960 218
1808970 218
1808980 219
1808990 219
1809000 219
1809010 219
1809020 219
1809030 219
1809040 219
1809050 219
1809060 219
1809070 219
1809080 219
1809090 219
1809100 219
1809110 219
1809120 219
1809130 219
1809140 219
1809150 219
1809160 219
1809170 219
1809180 219
1809190 219
1809200 219
1809210 219
1809220 219
1809230 219
1809240 219
1809250 219
1809260 219
1809270 219
1809280 219
1809290 219
1809300 219
1809310 219
1809320 219
1809330 219
1809340 219
1809350 219
1809360 219
1809370 219
1809380 219
1809390 219
1809400 219
1809410 219
1809420 219
1809430 219
1809440 219
1809450 219
1809460 219
1809470 219
1809480 219
1809490 219
1809500 219
1809510 219
1809520 219
1809530 219
1809540 219
1809550 219
1809560 219
1809570 220
1809580 219
1809590 219
1809600 218
1809610 218
1809620 218
1809630 218
1809640 219
1809650 219
1809660 219
1809670 220
1809680 220
1809690 220
1809700 219
1809710 219
1809720 219
1809730 219
1809740 219
1809750 219
1809760 219
1809770 219
1809780 219
1809790 219
1809800 219
1809810 219
1809820 219
1809830 219
1809840 219
1809850 219
1809860 219
1809870 219
1809880 219
1809890 219
1809900 219
1809910 219
1809920 219
1809930 219
1809940 219
1809950 219
1809960 219
1809970 219
1809980 219
1809990 219
1810000 219
1810010 220
1810020 220
1810030 219
1810040 219
1810050 219
1810060 219
1810070 219
1810080 219
1810090 218
1810100 218
1810110 218
1810120 218
1810130 218
1810140 218
1810150 218
1810160 218
1810170 218
1810180 218
1810190 218
1810200 218
1810210 218
1810220 218
1810230 217
1810240 217
1810250 217
1810260 217
1810270 217
1810280 216
1810290 216
1810300 216
1810310 216
1810320 216
1810330 215
1810340 215
1810350 215
1810360 215
1810370 215
1810380 214
1810390 214
1810400 214
1810410 214
1810420 214
1810430 213
1810440 213
1810450 213
1810460 213
1810470 213
1810480 212
1810490 212
1810500 212
1810510 212
1810520 212
1810530 211
1810540 211
1810550 211
1810560 211
1810570 211
1810580 211
1810590 210
1810600 210
1810610 210
1810620 210
1810630 210
1810640 210
1810650 209
1810660 209
1810670 209
1810680 209
1810690 209
1810700 209
1810710 209
1810720 209
1810730 209
1810740 208
1810750 208
1810760 208
1810770 208
1810780 208
1810790 208
1810800 208
1810810 208
1810820 208
1810830 208
1810840 208
1810850 208
1810860 208
1810870 208
1810880 207
1810890 207
1810900 207
1810910 207
1810920 207
1810930 207
1810940 207
1810950 207
1810960 207
1810970 207
1810980 207
1810990 207
1811000 207
1811010 207
1811020 207
1811030 207
1811040 207
1811050 207
1811060 207
1811070 207
1811080 207
1811090 206
1811100 206
1811110 206
1811120 206
1811130 206
1811140 206
1811150 206
1811160 206
1811170 206
1811180 207
1811190 207
1811200 207
1811210 207
1811220 207
1811230 207
1811240 207
1811250 207
1811260 207
1811270 207
1811280 207
1811290 207
1811300 207
1811310 207
1811320 207
1811330 207
1811340 207
1811350 207
1811360 207
1811370 206
1811380 206
1811390 206
1811400 206
1811410 206
1811420 206
1811430 205
1811440 205
1811450 205
1811460 205
1811470 205
1811480 205
1811490 205
1811500 205
1811510 205
1811520 205
1811530 205
1811540 205
1811550 205
1811560 205
1811570 205
1811580 205
1811590 205
1811600 205
1811610 205
1811620 205
1811630 205
1811640 205
1811650 205
1811660 205
1811670 206
1811680 206
1811690 206
1811700 206
1811710 206
1811720 206
1811730 206
1811740 206
1811750 206
1811760 206
1811770 206
1811780 206
1811790 206
1811800 206
1811810 206
1811820 206
1811830 206
1811840 207
1811850 207
1811860 207
1811870 207
1811880 207
1811890 207
1811900 208
1811910 208
1811920 208
1811930 208
1811940 208
1811950 208
1811960 208
1811970 208
1811980 208
1811990 208
1812000 208
1812010 208
1812020 208
1812030 208
1812040 208
1812050 208
1812060 208
1812070 208
1812080 207
1812090 207
1812100 207
1812110 207
1812120 207
1812130 207
1812140 207
1812150 207
1812160 207
1812170 208
1812180 208
1812190 208
1812200 208
1812210 208
1812220 209
1812230 209
1812240 210
1812250 210
1812260 210
1812270 211
1812280 211
1812290 211
1812300 212
1812310 212
1812320 212
1812330 212
1812340 212
1812350 212
1812360 212
1812370 212
1812380 212
1812390 212
1812400 212
1812410 212
1812420 212
1812430 212
1812440 212
1812450 212
1812460 212
1812470 212
1812480 212
1812490 211
1812500 211
1812510 211
1812520 211
1812530 211
1812540 211
1812550 211
1812560 211
1812570 211
1812580 211
1812590 211
1812600 210
1812610 210
1812620 210
1812630 210
1812640 210
1812650 210
1812660 210
1812670 210
1812680 210
1812690 210
1812700 209
1812710 209
1812720 209
1812730 209
1812740 209
1812750 209
1812760 209
1812770 209
1812780 209
1812790 209
1812800 209
1812810 209
1812820 209
1812830 209
1812840 209
1812850 209
1812860 209
1812870 209
1812880 209
1812890 209
1812900 209
1812910 209
1812920 209
1812930 209
1812940 210
1812950 210
1812960 210
1812970 210
1812980 210
1812990 210
1813000 210
1813010 210
1813020 211
1813030 211
1813040 211
1813050 211
1813060 211
1813070 211
1813080 211
1813090 212
1813100 212
1813110 212
1813120 212
1813130 212
1813140 212
1813150 213
1813160 213
1813170 213
1813180 213
1813190 213
1813200 214
1813210 214
1813220 214
1813230 215
1813240 215
1813250 216
1813260 216
1813270 216
1813280 216
1813290 216
1813300 216
1813310 217
1813320 217
1813330 217
1813340 218
1813350 218
1813360 218
1813370 218
1813380 218
1813390 218
1813400 218
1813410 219
1813420 219
1813430 219
1813440 219
1813450 218
1813460 218
1813470 218
1813480 218
1813490 218
1813500 218
1813510 218
1813520 218
1813530 218
1813540 217
1813550 217
1813560 217
1813570 217
1813580 217
1813590 217
1813600 217
1813610 217
1813620 217
1813630 217
1813640 216
1813650 216
1813660 216
1813670 216
1813680 216
1813690 216
1813700 216
1813710 215
1813720 215
1813730 215
1813740 215
1813750 215
1813760 214
1813770 214
1813780 214
1813790 213
1813800 213
1813810 213
1813820 213
1813830 212
1813840 212
1813850 212
1813860 212
1813870 211
1813880 211
1813890 211
1813900 211
1813910 211
1813920 210
1813930 210
1813940 211
1813950 211
1813960 211
1813970 211
1813980 211
1813990 211
1814000 211
1814010 211
1814020 211
1814030 211
1814040 211
1814050 212
1814060 212
1814070 213
1814080 213
1814090 214
1814100 214
1814110 214
1814120 215
1814130 215
1814140 215
1814150 215
1814160 215
1814170 215
1814180 215
1814190 214
1814200 214
1814210 213
1814220 213
1814230 213
1814240 213
1814250 213
1814260 213
1814270 213
1814280 213
1814290 213
1814300 213
1814310 214
1814320 214
1814330 214
1814340 215
1814350 217
1814360 218
1814370 219
1814380 220
1814390 220
1814400 221
1814410 221
1814420 222
1814430 223
1814440 224
1814450 224
1814460 225
1814470 225
1814480 225
1814490 224
1814500 224
1814510 223
1814520 222
1814530 221
1814540 220
1814550 220
1814560 220
1814570 219
1814580 218
1814590 217
1814600 215
1814610 213
1814620 212
1814630 211
1814640 211
1814650 211
1814660 211
1814670 211
1814680 211
1814690 211
1814700 211
1814710 211
1814720 211
1814730 211
1814740 210
1814750 210
1814760 210
1814770 210
1814780 210
1814790 210
1814800 210
1814810 210
1814820 211
1814830 211
1814840 211
1814850 211
1814860 211
1814870 211
1814880 211
1814890 211
1814900 211
1814910 211
1814920 211
1814930 211
1814940 212
1814950 212
1814960 212
1814970 213
1814980 213
1814990 213
1815000 213
1815010 213
1815020 214
1815030 213
1815040 213
1815050 213
1815060 213
1815070 213
1815080 213
1815090 212
1815100 212
1815110 212
1815120 212
1815130 212
1815140 212
1815150 211
1815160 211
1815170 211
1815180 211
1815190 211
1815200 211
1815210 211
1815220 211
1815230 211
1815240 211
1815250 211
1815260 211
1815270 211
1815280 211
1815290 211
1815300 210
1815310 210
1815320 210
1815330 210
1815340 210
1815350 210
1815360 211
1815370 211
1815380 211
1815390 211
1815400 211
1815410 211
1815420 211
1815430 211
1815440 211
1815450 211
1815460 211
1815470 211
1815480 211
1815490 211
1815500 211
1815510 211
1815520 211
1815530 211
1815540 211
1815550 211
1815560 211
1815570 211
1815580 212
1815590 212
1815600 212
1815610 212
1815620 212
1815630 212
1815640 212
1815650 212
1815660 212
1815670 213
1815680 213
1815690 213
1815700 213
1815710 214
1815720 214
1815730 214
1815740 215
1815750 215
1815760 216
1815770 216
1815780 217
1815790 217
1815800 218
1815810 219
1815820 220
1815830 221
1815840 222
1815850 223
1815860 224
1815870 225
1815880 226
1815890 227
1815900 228
1815910 229
1815920 230
1815930 230
1815940 231
1815950 232
1815960 233
1815970 233
1815980 234
1815990 234
1816000 235
1816010 235
1816020 236
1816030 236
1816040 236
1816050 236
1816060 236
1816070 236
1816080 236
1816090 235
1816100 235
1816110 235
1816120 235
1816130 235
1816140 234
1816150 234
1816160 233
1816170 232
1816180 232
1816190 231
1816200 230
1816210 230
1816220 229
1816230 229
1816240 228
1816250 228
1816260 229
1816270 229
1816280 230
1816290 230
1816300 231
1816310 231
1816320 232
1816330 232
1816340 233
1816350 233
1816360 233
1816370 233
1816380 233
1816390 233
1816400 233
1816410 233
1816420 233
1816430 233
1816440 233
1816450 234
1816460 234
1816470 235
1816480 235
1816490 236
1816500 236
1816510 236
1816520 237
1816530 237
1816540 238
1816550 238
1816560 238
1816570 238
1816580 239
1816590 239
1816600 239
1816610 239
1816620 239
1816630 239
1816640 239
1816650 239
1816660 239
1816670 239
1816680 238
1816690 238
1816700 238
1816710 238
1816720 238
1816730 238
1816740 238
1816750 238
1816760 238
1816770 238
1816780 237
1816790 237
1816800 237
1816810 237
1816820 237
1816830 237
1816840 237
1816850 236
1816860 236
1816870 236
1816880 236
1816890 235
1816900 235
1816910 235
1816920 235
1816930 234
1816940 234
1816950 234
1816960 233
1816970 233
1816980 232
1816990 232
1817000 232
1817010 232
1817020 232
1817030 232
1817040 232
1817050 233
1817060 233
1817070 233
1817080 233
1817090 233
1817100 233
1817110 232
1817120 232
1817130 232
1817140 232
1817150 231
1817160 231
1817170 232
1817180 232
1817190 232
1817200 232
1817210 231
1817220 231
1817230 231
1817240 231
1817250 231
1817260 231
1817270 231
1817280 230
1817290 230
1817300 230
1817310 230
1817320 230
1817330 229
1817340 229
1817350 229
1817360 229
1817370 228
1817380 228
1817390 228
1817400 227
1817410 227
1817420 226
1817430 226
1817440 225
1817450 225
1817460 224
1817470 224
1817480 223
1817490 223
1817500 222
1817510 221
1817520 221
1817530 220
1817540 219
1817550 217
1817560 216
1817570 216
1817580 216
1817590 216
1817600 215
1817610 215
1817620 215
1817630 215
1817640 215
1817650 214
1817660 214
1817670 214
1817680 214
1817690 214
1817700 213
1817710 213
1817720 213
1817730 213
1817740 213
1817750 213
1817760 212
1817770 212
1817780 212
1817790 212
1817800 212
1817810 212
1817820 212
1817830 212
1817840 212
1817850 212
1817860 212
1817870 212
1817880 211
1817890 211
1817900 212
1817910 212
1817920 212
1817930 212
1817940 212
1817950 212
1817960 212
1817970 212
1817980 212
1817990 213
1818000 213
1818010 212
1818020 212
1818030 212
1818040 213
1818050 213
1818060 213
1818070 213
1818080 213
1818090 213
1818100 213
1818110 214
1818120 214
1818130 214
1818140 215
1818150 215
1818160 215
1818170 216
1818180 217
1818190 217
1818200 217
1818210 217
1818220 217
1818230 216
1818240 216
1818250 215
1818260 214
1818270 214
1818280 213
1818290 213
1818300 213
1818310 213
1818320 213
1818330 213
1818340 213
1818350 213
1818360 213
1818370 213
1818380 213
1818390 214
1818400 213
1818410 213
1818420 213
1818430 213
1818440 213
1818450 213
1818460 213
1818470 213
1818480 213
1818490 213
1818500 213
1818510 213
1818520 213
1818530 213
1818540 213
1818550 213
1818560 213
1818570 213
1818580 213
1818590 213
1818600 213
1818610 213
1818620 213
1818630 213
1818640 213
1818650 213
1818660 213
1818670 213
1818680 213
1818690 213
1818700 214
1818710 214
1818720 214
1818730 214
1818740 214
1818750 215
1818760 215
1818770 215
1818780 216
1818790 216
1818800 217
1818810 217
1818820 218
1818830 218
1818840 219
1818850 220
1818860 220
1818870 221
1818880 222
1818890 222
1818900 224
1818910 225
1818920 226
1818930 226
1818940 226
1818950 226
1818960 224
1818970 223
1818980 223
1818990 223
1819000 224
1819010 224
1819020 224
1819030 225
1819040 225
1819050 225
1819060 225
1819070 225
1819080 225
1819090 225
1819100 225
1819110 226
1819120 226
1819130 226
1819140 226
1819150 226
1819160 227
1819170 227
1819180 227
1819190 228
1819200 228
1819210 229
1819220 229
1819230 230
1819240 231
1819250 232
1819260 233
1819270 234
1819280 235
1819290 237
1819300 240
1819310 242
1819320 245
1819330 248
1819340 250
1819350 253
1819360 256
1819370 259
1819380 261
1819390 264
1819400 265
1819410 266
1819420 266
1819430 267
1819440 267
1819450 268
1819460 268
1819470 268
1819480 268
1819490 268
1819500 268
1819510 268
1819520 268
1819530 268
1819540 268
1819550 267
1819560 267
1819570 267
1819580 267
1819590 267
1819600 266
1819610 265
1819620 263
1819630 261
1819640 260
1819650 259
1819660 256
1819670 254
1819680 252
1819690 250
1819700 249
1819710 248
1819720 246
1819730 245
1819740 244
1819750 244
1819760 243
1819770 242
1819780 241
1819790 240
1819800 239
1819810 238
1819820 237
1819830 237
1819840 236
1819850 236
1819860 235
1819870 235
1819880 235
1819890 235
1819900 234
1819910 234
1819920 234
1819930 234
1819940 234
1819950 234
1819960 234
1819970 233
1819980 233
1819990 233
