1800000 251
1800010 251
1800020 252
1800030 252
1800040 252
1800050 252
1800060 251
1800070 251
1800080 251
1800090 251
1800100 251
1800110 251
1800120 250
1800130 250
1800140 249
1800150 249
1800160 248
1800170 248
1800180 247
1800190 247
1800200 246
1800210 246
1800220 245
1800230 245
1800240 245
1800250 244
1800260 244
1800270 244
1800280 244
1800290 243
1800300 243
1800310 243
1800320 243
1800330 243
1800340 242
1800350 242
1800360 242
1800370 241
1800380 241
1800390 240
1800400 240
1800410 239
1800420 239
1800430 238
1800440 238
1800450 237
1800460 236
1800470 236
1800480 235
1800490 234
1800500 234
1800510 233
1800520 232
1800530 231
1800540 231
1800550 230
1800560 229
1800570 228
1800580 227
1800590 227
1800600 226
1800610 226
1800620 225
1800630 225
1800640 224
1800650 223
1800660 222
1800670 221
1800680 221
1800690 221
1800700 220
1800710 220
1800720 220
1800730 219
1800740 219
1800750 219
1800760 219
1800770 219
1800780 218
1800790 218
1800800 218
1800810 218
1800820 218
1800830 217
1800840 217
1800850 217
1800860 217
1800870 217
1800880 217
1800890 217
1800900 217
1800910 217
1800920 217
1800930 217
1800940 218
1800950 218
1800960 218
1800970 218
1800980 218
1800990 218
1801000 218
1801010 218
1801020 218
1801030 217
1801040 217
1801050 217
1801060 217
1801070 217
1801080 217
1801090 218
1801100 218
1801110 218
1801120 218
1801130 218
1801140 218
1801150 219
1801160 219
1801170 219
1801180 220
1801190 220
1801200 220
1801210 220
1801220 221
1801230 221
1801240 221
1801250 222
1801260 222
1801270 222
1801280 223
1801290 223
1801300 223
1801310 224
1801320 224
1801330 225
1801340 225
1801350 226
1801360 228
1801370 229
1801380 230
1801390 230
1801400 230
1801410 231
1801420 231
1801430 231
1801440 231
1801450 231
1801460 231
1801470 231
1801480 231
1801490 231
1801500 231
1801510 231
1801520 230
1801530 230
1801540 230
1801550 229
1801560 229
1801570 229
1801580 228
1801590 228
1801600 228
1801610 228
1801620 228
1801630 228
1801640 228
1801650 228
1801660 229
1801670 229
1801680 229
1801690 229
1801700 229
1801710 229
1801720 229
1801730 229
1801740 229
1801750 229
1801760 229
1801770 230
1801780 230
1801790 230
1801800 230
1801810 229
1801820 229
1801830 229
1801840 229
1801850 229
1801860 232
1801870 234
1801880 236
1801890 238
1801900 240
1801910 241
1801920 242
1801930 244
1801940 245
1801950 247
1801960 249
1801970 250
1801980 251
1801990 251
1802000 251
1802010 251
1802020 250
1802030 250
1802040 250
1802050 249
1802060 249
1802070 248
1802080 247
1802090 246
1802100 245
1802110 244
1802120 242
1802130 240
1802140 238
1802150 236
1802160 235
1802170 233
1802180 232
1802190 231
1802200 231
1802210 230
1802220 229
1802230 229
1802240 229
1802250 229
1802260 229
1802270 229
1802280 230
1802290 231
1802300 231
1802310 232
1802320 233
1802330 233
1802340 234
1802350 235
1802360 236
1802370 238
1802380 240
1802390 241
1802400 241
1802410 241
1802420 241
1802430 240
1802440 239
1802450 238
1802460 238
1802470 237
1802480 237
1802490 237
1802500 237
1802510 238
1802520 239
1802530 240
1802540 240
1802550 241
1802560 242
1802570 243
1802580 244
1802590 245
1802600 245
1802610 246
1802620 247
1802630 247
1802640 248
1802650 248
1802660 248
1802670 249
1802680 249
1802690 249
1802700 249
1802710 250
1802720 250
1802730 250
1802740 250
1802750 250
1802760 250
1802770 250
1802780 250
1802790 250
1802800 250
1802810 249
1802820 249
1802830 249
1802840 249
1802850 248
1802860 248
1802870 248
1802880 248
1802890 247
1802900 247
1802910 247
1802920 247
1802930 246
1802940 246
1802950 246
1802960 246
1802970 246
1802980 245
1802990 245
1803000 245
1803010 245
1803020 245
1803030 244
1803040 244
1803050 244
1803060 243
1803070 243
1803080 242
1803090 242
1803100 242
1803110 241
1803120 241
1803130 241
1803140 240
1803150 240
1803160 240
1803170 240
1803180 239
1803190 239
1803200 239
1803210 239
1803220 238
1803230 238
1803240 238
1803250 238
1803260 237
1803270 237
1803280 237
1803290 236
1803300 236
1803310 236
1803320 235
1803330 234
1803340 235
1803350 235
1803360 235
1803370 235
1803380 235
1803390 235
1803400 235
1803410 235
1803420 235
1803430 235
1803440 235
1803450 234
1803460 234
1803470 234
1803480 234
1803490 233
1803500 233
1803510 233
1803520 232
1803530 232
1803540 232
1803550 231
1803560 231
1803570 231
1803580 230
1803590 230
1803600 230
1803610 230
1803620 229
1803630 229
1803640 229
1803650 229
1803660 228
1803670 228
1803680 228
1803690 228
1803700 228
1803710 228
1803720 228
1803730 227
1803740 227
1803750 227
1803760 227
1803770 227
1803780 227
1803790 227
1803800 227
1803810 227
1803820 227
1803830 226
1803840 226
1803850 226
1803860 226
1803870 226
1803880 226
1803890 226
1803900 225
1803910 225
1803920 225
1803930 225
1803940 225
1803950 225
1803960 225
1803970 225
1803980 225
1803990 225
1804000 225
1804010 225
1804020 224
1804030 224
1804040 224
1804050 224
1804060 224
1804070 224
1804080 223
1804090 223
1804100 223
1804110 223
1804120 223
1804130 222
1804140 222
1804150 222
1804160 222
1804170 222
1804180 222
1804190 221
1804200 221
1804210 221
1804220 221
1804230 221
1804240 220
1804250 220
1804260 220
1804270 219
1804280 219
1804290 219
1804300 218
1804310 218
1804320 218
1804330 217
1804340 217
1804350 217
1804360 216
1804370 216
1804380 215
1804390 215
1804400 215
1804410 214
1804420 214
1804430 213
1804440 213
1804450 213
1804460 212
1804470 212
1804480 211
1804490 211
1804500 211
1804510 210
1804520 210
1804530 210
1804540 209
1804550 209
1804560 209
1804570 208
1804580 208
1804590 208
1804600 208
1804610 207
1804620 207
1804630 207
1804640 207
1804650 206
1804660 206
1804670 206
1804680 206
1804690 206
1804700 205
1804710 205
1804720 205
1804730 205
1804740 205
1804750 205
1804760 205
1804770 204
1804780 204
1804790 204
1804800 204
1804810 204
1804820 204
1804830 204
1804840 204
1804850 204
1804860 204
1804870 204
1804880 204
1804890 204
1804900 204
1804910 203
1804920 203
1804930 203
1804940 203
1804950 203
1804960 203
1804970 203
1804980 203
1804990 203
1805000 203
1805010 203
1805020 203
1805030 202
1805040 202
1805050 202
1805060 202
1805070 202
1805080 202
1805090 202
1805100 202
1805110 202
1805120 202
1805130 201
1805140 201
1805150 201
1805160 201
1805170 201
1805180 201
1805190 201
1805200 201
1805210 201
1805220 200
1805230 200
1805240 200
1805250 200
1805260 200
1805270 200
1805280 200
1805290 200
1805300 200
1805310 200
1805320 200
1805330 200
1805340 200
1805350 200
1805360 200
1805370 200
1805380 200
1805390 200
1805400 200
1805410 200
1805420 200
1805430 200
1805440 200
1805450 200
1805460 200
1805470 200
1805480 200
1805490 200
1805500 200
1805510 200
1805520 200
1805530 200
1805540 200
1805550 200
1805560 200
1805570 200
1805580 200
1805590 200
1805600 200
1805610 200
1805620 200
1805630 200
1805640 200
1805650 200
1805660 200
1805670 200
1805680 200
1805690 200
1805700 200
1805710 200
1805720 200
1805730 200
1805740 199
1805750 199
1805760 199
1805770 199
1805780 199
1805790 199
1805800 199
1805810 199
1805820 199
1805830 199
1805840 200
1805850 200
1805860 200
1805870 200
1805880 200
1805890 200
1805900 200
1805910 200
1805920 200
1805930 200
1805940 200
1805950 200
1805960 201
1805970 201
1805980 201
1805990 201
1806000 201
1806010 201
1806020 201
1806030 201
1806040 201
1806050 201
1806060 201
1806070 201
1806080 200
1806090 200
1806100 200
1806110 200
1806120 200
1806130 200
1806140 200
1806150 200
1806160 201
1806170 201
1806180 201
1806190 201
1806200 201
1806210 201
1806220 201
1806230 201
1806240 201
1806250 201
1806260 201
1806270 202
1806280 202
1806290 202
1806300 202
1806310 202
1806320 202
1806330 202
1806340 202
1806350 202
1806360 202
1806370 201
1806380 201
1806390 201
1806400 201
1806410 201
1806420 201
1806430 201
1806440 201
1806450 201
1806460 200
1806470 200
1806480 200
1806490 200
1806500 200
1806510 200
1806520 200
1806530 199
1806540 199
1806550 199
1806560 199
1806570 199
1806580 199
1806590 199
1806600 199
1806610 199
1806620 199
1806630 199
1806640 199
1806650 199
1806660 199
1806670 199
1806680 199
1806690 199
1806700 199
1806710 199
1806720 199
1806730 199
1806740 199
1806750 199
1806760 199
1806770 199
1806780 199
1806790 199
1806800 199
1806810 199
1806820 199
1806830 199
1806840 199
1806850 199
1806860 199
1806870 199
1806880 199
1806890 199
1806900 200
1806910 199
1806920 199
1806930 199
1806940 199
1806950 199
1806960 199
1806970 199
1806980 199
1806990 199
1807000 199
1807010 199
1807020 199
1807030 199
1807040 199
1807050 199
1807060 199
1807070 199
1807080 199
1807090 199
1807100 199
1807110 199
1807120 199
1807130 199
1807140 199
1807150 199
1807160 199
1807170 199
1807180 199
1807190 199
1807200 199
1807210 199
1807220 199
1807230 199
1807240 199
1807250 199
1807260 199
1807270 199
1807280 199
1807290 199
1807300 199
1807310 199
1807320 199
1807330 199
1807340 200
1807350 200
1807360 200
1807370 200
1807380 200
1807390 200
1807400 200
1807410 200
1807420 200
1807430 200
1807440 200
1807450 200
1807460 200
1807470 200
1807480 200
1807490 200
1807500 200
1807510 200
1807520 200
1807530 200
1807540 201
1807550 201
1807560 201
1807570 201
1807580 202
1807590 202
1807600 202
1807610 202
1807620 202
1807630 202
1807640 203
1807650 203
1807660 203
1807670 203
1807680 204
1807690 204
1807700 204
1807710 204
1807720 205
1807730 205
1807740 205
1807750 206
1807760 206
1807770 206
1807780 206
1807790 207
1807800 207
1807810 207
1807820 207
1807830 207
1807840 207
1807850 206
1807860 206
1807870 206
1807880 206
1807890 205
1807900 205
1807910 205
1807920 205
1807930 204
1807940 204
1807950 204
1807960 204
1807970 203
1807980 203
1807990 203
1808000 202
1808010 202
1808020 202
1808030 202
1808040 202
1808050 201
1808060 201
1808070 201
1808080 201
1808090 200
1808100 200
1808110 199
1808120 199
1808130 198
1808140 197
1808150 196
1808160 196
1808170 196
1808180 196
1808190 196
1808200 195
1808210 195
1808220 195
1808230 195
1808240 195
1808250 194
1808260 194
1808270 194
1808280 193
1808290 193
1808300 192
1808310 192
1808320 192
1808330 192
1808340 192
1808350 192
1808360 192
1808370 192
1808380 192
1808390 192
1808400 192
1808410 192
1808420 192
1808430 192
1808440 192
1808450 193
1808460 193
1808470 193
1808480 193
1808490 194
1808500 194
1808510 194
1808520 194
1808530 194
1808540 194
1808550 194
1808560 194
1808570 194
1808580 194
1808590 194
1808600 194
1808610 194
1808620 195
1808630 195
1808640 195
1808650 196
1808660 196
1808670 196
1808680 197
1808690 197
1808700 197
1808710 197
1808720 198
1808730 199
1808740 200
1808750 201
1808760 201
1808770 202
1808780 202
1808790 202
1808800 202
1808810 202
1808820 202
1808830 202
1808840 202
1808850 202
1808860 202
1808870 202
1808880 202
1808890 202
1808900 203
1808910 203
1808920 203
1808930 203
1808940 203
1808950 202
1808960 202
1808970 202
1808980 202
1808990 202
1809000 202
1809010 202
1809020 201
1809030 201
1809040 201
1809050 201
1809060 201
1809070 201
1809080 200
1809090 200
1809100 200
1809110 200
1809120 200
1809130 200
1809140 200
1809150 200
1809160 200
1809170 200
1809180 200
1809190 199
1809200 199
1809210 199
1809220 199
1809230 199
1809240 199
1809250 199
1809260 199
1809270 199
1809280 199
1809290 199
1809300 199
1809310 199
1809320 199
1809330 199
1809340 198
1809350 198
1809360 198
1809370 199
1809380 199
1809390 199
1809400 199
1809410 199
1809420 199
1809430 199
1809440 199
1809450 200
1809460 200
1809470 200
1809480 200
1809490 200
1809500 200
1809510 200
1809520 200
1809530 200
1809540 200
1809550 200
1809560 200
1809570 201
1809580 201
1809590 201
1809600 201
1809610 201
1809620 201
1809630 201
1809640 202
1809650 202
1809660 202
1809670 202
1809680 202
1809690 203
1809700 203
1809710 203
1809720 203
1809730 203
1809740 203
1809750 203
1809760 203
1809770 203
1809780 203
1809790 203
1809800 202
1809810 202
1809820 202
1809830 202
1809840 202
1809850 202
1809860 202
1809870 202
1809880 202
1809890 202
1809900 202
1809910 202
1809920 202
1809930 202
1809940 202
1809950 202
1809960 202
1809970 202
1809980 201
1809990 201
1810000 201
1810010 200
1810020 200
1810030 199
1810040 199
1810050 198
1810060 198
1810070 197
1810080 197
1810090 196
1810100 196
1810110 196
1810120 195
1810130 195
1810140 195
1810150 195
1810160 195
1810170 195
1810180 195
1810190 195
1810200 195
1810210 195
1810220 195
1810230 195
1810240 194
1810250 194
1810260 194
1810270 195
1810280 195
1810290 195
1810300 195
1810310 195
1810320 195
1810330 196
1810340 196
1810350 196
1810360 196
1810370 196
1810380 196
1810390 196
1810400 196
1810410 196
1810420 196
1810430 196
1810440 196
1810450 196
1810460 196
1810470 196
1810480 196
1810490 196
1810500 196
1810510 196
1810520 196
1810530 196
1810540 196
1810550 196
1810560 196
1810570 197
1810580 197
1810590 197
1810600 197
1810610 197
1810620 198
1810630 198
1810640 198
1810650 198
1810660 199
1810670 199
1810680 199
1810690 199
1810700 200
1810710 200
1810720 200
1810730 200
1810740 201
1810750 201
1810760 201
1810770 201
1810780 201
1810790 201
1810800 201
1810810 201
1810820 200
1810830 200
1810840 200
1810850 200
1810860 200
1810870 200
1810880 200
1810890 200
1810900 199
1810910 199
1810920 199
1810930 199
1810940 199
1810950 199
1810960 199
1810970 199
1810980 199
1810990 200
1811000 200
1811010 200
1811020 200
1811030 201
1811040 201
1811050 201
1811060 201
1811070 201
1811080 201
1811090 201
1811100 201
1811110 201
1811120 200
1811130 200
1811140 200
1811150 200
1811160 200
1811170 200
1811180 200
1811190 200
1811200 199
1811210 199
1811220 199
1811230 199
1811240 199
1811250 199
1811260 199
1811270 199
1811280 199
1811290 199
1811300 199
1811310 199
1811320 199
1811330 199
1811340 199
1811350 198
1811360 198
1811370 198
1811380 198
1811390 198
1811400 198
1811410 199
1811420 199
1811430 198
1811440 198
1811450 198
1811460 198
1811470 198
1811480 198
1811490 197
1811500 197
1811510 197
1811520 197
1811530 197
1811540 197
1811550 197
1811560 197
1811570 197
1811580 197
1811590 197
1811600 197
1811610 198
1811620 198
1811630 198
1811640 198
1811650 198
1811660 198
1811670 199
1811680 199
1811690 199
1811700 200
1811710 200
1811720 200
1811730 201
1811740 201
1811750 201
1811760 202
1811770 202
1811780 202
1811790 202
1811800 202
1811810 202
1811820 202
1811830 203
1811840 203
1811850 203
1811860 203
1811870 203
1811880 203
1811890 203
1811900 203
1811910 203
1811920 203
1811930 203
1811940 203
1811950 203
1811960 203
1811970 203
1811980 203
1811990 203
1812000 202
1812010 202
1812020 202
1812030 202
1812040 202
1812050 202
1812060 202
1812070 202
1812080 202
1812090 202
1812100 202
1812110 202
1812120 202
1812130 202
1812140 202
1812150 202
1812160 202
1812170 202
1812180 202
1812190 202
1812200 202
1812210 202
1812220 202
1812230 202
1812240 202
1812250 202
1812260 202
1812270 202
1812280 202
1812290 202
1812300 201
1812310 201
1812320 201
1812330 201
1812340 201
1812350 201
1812360 201
1812370 201
1812380 200
1812390 200
1812400 200
1812410 200
1812420 200
1812430 200
1812440 200
1812450 199
1812460 199
1812470 199
1812480 199
1812490 199
1812500 199
1812510 199
1812520 199
1812530 199
1812540 198
1812550 198
1812560 198
1812570 198
1812580 198
1812590 198
1812600 198
1812610 198
1812620 198
1812630 198
1812640 198
1812650 198
1812660 197
1812670 197
1812680 197
1812690 197
1812700 197
1812710 197
1812720 197
1812730 197
1812740 197
1812750 197
1812760 197
1812770 197
1812780 197
1812790 197
1812800 196
1812810 196
1812820 196
1812830 196
1812840 196
1812850 196
1812860 196
1812870 196
1812880 196
1812890 196
1812900 196
1812910 196
1812920 196
1812930 196
1812940 196
1812950 196
1812960 196
1812970 196
1812980 196
1812990 196
1813000 196
1813010 196
1813020 196
1813030 196
1813040 196
1813050 196
1813060 196
1813070 196
1813080 196
1813090 196
1813100 196
1813110 196
1813120 196
1813130 196
1813140 196
1813150 196
1813160 196
1813170 196
1813180 196
1813190 196
1813200 196
1813210 196
1813220 195
1813230 195
1813240 195
1813250 195
1813260 195
1813270 195
1813280 195
1813290 195
1813300 196
1813310 196
1813320 196
1813330 196
1813340 196
1813350 196
1813360 196
1813370 196
1813380 196
1813390 196
1813400 196
1813410 196
1813420 196
1813430 196
1813440 195
1813450 195
1813460 195
1813470 195
1813480 195
1813490 195
1813500 195
1813510 195
1813520 195
1813530 195
1813540 195
1813550 195
1813560 195
1813570 195
1813580 195
1813590 195
1813600 195
1813610 195
1813620 195
1813630 195
1813640 195
1813650 195
1813660 194
1813670 195
1813680 195
1813690 195
1813700 195
1813710 195
1813720 195
1813730 195
1813740 195
1813750 195
1813760 196
1813770 196
1813780 196
1813790 195
1813800 195
1813810 195
1813820 195
1813830 195
1813840 195
1813850 195
1813860 195
1813870 195
1813880 195
1813890 195
1813900 195
1813910 195
1813920 195
1813930 195
1813940 195
1813950 195
1813960 195
1813970 195
1813980 195
1813990 195
1814000 195
1814010 195
1814020 195
1814030 195
1814040 195
1814050 195
1814060 195
1814070 195
1814080 196
1814090 196
1814100 196
1814110 196
1814120 196
1814130 196
1814140 196
1814150 196
1814160 196
1814170 196
1814180 196
1814190 196
1814200 196
1814210 197
1814220 197
1814230 197
1814240 197
1814250 197
1814260 197
1814270 197
1814280 197
1814290 197
1814300 197
1814310 197
1814320 197
1814330 197
1814340 197
1814350 197
1814360 197
1814370 197
1814380 197
1814390 198
1814400 198
1814410 198
1814420 198
1814430 198
1814440 198
1814450 198
1814460 198
1814470 198
1814480 199
1814490 199
1814500 199
1814510 199
1814520 199
1814530 199
1814540 199
1814550 199
1814560 199
1814570 199
1814580 199
1814590 199
1814600 199
1814610 199
1814620 199
1814630 199
1814640 199
1814650 199
1814660 199
1814670 199
1814680 199
1814690 199
1814700 199
1814710 199
1814720 199
1814730 199
1814740 199
1814750 199
1814760 200
1814770 200
1814780 200
1814790 200
1814800 200
1814810 200
1814820 200
1814830 200
1814840 200
1814850 200
1814860 200
1814870 201
1814880 201
1814890 201
1814900 201
1814910 201
1814920 201
1814930 202
1814940 202
1814950 202
1814960 202
1814970 202
1814980 202
1814990 203
1815000 203
1815010 203
1815020 203
1815030 204
1815040 204
1815050 205
1815060 205
1815070 206
1815080 206
1815090 207
1815100 207
1815110 208
1815120 209
1815130 209
1815140 210
1815150 211
1815160 211
1815170 212
1815180 212
1815190 213
1815200 214
1815210 214
1815220 214
1815230 214
1815240 215
1815250 215
1815260 215
1815270 215
1815280 214
1815290 214
1815300 214
1815310 214
1815320 213
1815330 213
1815340 213
1815350 212
1815360 212
1815370 212
1815380 211
1815390 211
1815400 211
1815410 210
1815420 210
1815430 210
1815440 210
1815450 210
1815460 209
1815470 209
1815480 209
1815490 209
1815500 210
1815510 210
1815520 210
1815530 211
1815540 211
1815550 212
1815560 212
1815570 213
1815580 213
1815590 214
1815600 214
1815610 215
1815620 215
1815630 215
1815640 215
1815650 215
1815660 215
1815670 215
1815680 215
1815690 215
1815700 215
1815710 215
1815720 215
1815730 215
1815740 215
1815750 215
1815760 215
1815770 214
1815780 214
1815790 214
1815800 214
1815810 214
1815820 214
1815830 214
1815840 214
1815850 213
1815860 213
1815870 213
1815880 213
1815890 213
1815900 213
1815910 213
1815920 213
1815930 213
1815940 213
1815950 212
1815960 212
1815970 212
1815980 212
1815990 212
1816000 212
1816010 212
1816020 212
1816030 212
1816040 212
1816050 211
1816060 211
1816070 211
1816080 211
1816090 211
1816100 210
1816110 210
1816120 210
1816130 210
1816140 209
1816150 209
1816160 209
1816170 208
1816180 208
1816190 208
1816200 208
1816210 208
1816220 207
1816230 207
1816240 207
1816250 207
1816260 207
1816270 207
1816280 206
1816290 206
1816300 206
1816310 205
1816320 205
1816330 204
1816340 204
1816350 204
1816360 203
1816370 203
1816380 203
1816390 202
1816400 202
1816410 202
1816420 201
1816430 201
1816440 201
1816450 201
1816460 201
1816470 201
1816480 200
1816490 200
1816500 200
1816510 200
1816520 200
1816530 200
1816540 200
1816550 200
1816560 200
1816570 201
1816580 201
1816590 201
1816600 201
1816610 201
1816620 201
1816630 201
1816640 201
1816650 201
1816660 201
1816670 202
1816680 202
1816690 202
1816700 202
1816710 202
1816720 202
1816730 202
1816740 202
1816750 202
1816760 202
1816770 203
1816780 203
1816790 204
1816800 204
1816810 204
1816820 205
1816830 205
1816840 206
1816850 206
1816860 207
1816870 208
1816880 208
1816890 209
1816900 209
1816910 210
1816920 210
1816930 211
1816940 211
1816950 211
1816960 212
1816970 213
1816980 213
1816990 213
1817000 213
1817010 213
1817020 214
1817030 214
1817040 214
1817050 214
1817060 214
1817070 215
1817080 215
1817090 215
1817100 215
1817110 215
1817120 215
1817130 215
1817140 215
1817150 215
1817160 216
1817170 216
1817180 217
1817190 217
1817200 218
1817210 218
1817220 219
1817230 220
1817240 220
1817250 220
1817260 221
1817270 221
1817280 222
1817290 222
1817300 223
1817310 224
1817320 224
1817330 225
1817340 225
1817350 226
1817360 226
1817370 227
1817380 227
1817390 227
1817400 227
1817410 227
1817420 227
1817430 227
1817440 227
1817450 226
1817460 226
1817470 226
1817480 225
1817490 225
1817500 224
1817510 224
1817520 224
1817530 223
1817540 223
1817550 223
1817560 222
1817570 222
1817580 221
1817590 221
1817600 221
1817610 221
1817620 220
1817630 220
1817640 220
1817650 219
1817660 219
1817670 219
1817680 219
1817690 218
1817700 218
1817710 218
1817720 218
1817730 218
1817740 218
1817750 217
1817760 217
1817770 217
1817780 217
1817790 217
1817800 217
1817810 217
1817820 217
1817830 216
1817840 216
1817850 216
1817860 216
1817870 216
1817880 215
1817890 215
1817900 215
1817910 215
1817920 215
1817930 215
1817940 215
1817950 215
1817960 214
1817970 214
1817980 214
1817990 214
1818000 214
1818010 213
1818020 213
1818030 213
1818040 213
1818050 213
1818060 213
1818070 213
1818080 213
1818090 213
1818100 212
1818110 212
1818120 212
1818130 212
1818140 212
1818150 212
1818160 212
1818170 212
1818180 212
1818190 212
1818200 212
1818210 212
1818220 212
1818230 212
1818240 212
1818250 212
1818260 212
1818270 212
1818280 212
1818290 212
1818300 213
1818310 213
1818320 213
1818330 212
1818340 212
1818350 212
1818360 212
1818370 212
1818380 212
1818390 212
1818400 212
1818410 212
1818420 212
1818430 212
1818440 211
1818450 211
1818460 211
1818470 211
1818480 211
1818490 211
1818500 211
1818510 211
1818520 211
1818530 211
1818540 211
1818550 211
1818560 211
1818570 212
1818580 212
1818590 213
1818600 214
1818610 215
1818620 216
1818630 218
1818640 219
1818650 219
1818660 220
1818670 220
1818680 221
1818690 221
1818700 222
1818710 222
1818720 222
1818730 223
1818740 223
1818750 223
1818760 223
1818770 223
1818780 224
1818790 224
1818800 224
1818810 224
1818820 224
1818830 224
1818840 224
1818850 224
1818860 224
1818870 224
1818880 224
1818890 224
1818900 224
1818910 224
1818920 224
1818930 224
1818940 224
1818950 224
1818960 224
1818970 224
1818980 224
1818990 224
1819000 223
1819010 223
1819020 223
1819030 223
1819040 223
1819050 223
1819060 223
1819070 223
1819080 222
1819090 222
1819100 222
1819110 222
1819120 222
1819130 222
1819140 222
1819150 221
1819160 221
1819170 221
1819180 221
1819190 221
1819200 221
1819210 221
1819220 221
1819230 220
1819240 220
1819250 220
1819260 220
1819270 220
1819280 220
1819290 220
1819300 219
1819310 219
1819320 219
1819330 219
1819340 219
1819350 219
1819360 218
1819370 218
1819380 218
1819390 218
1819400 218
1819410 217
1819420 217
1819430 217
1819440 216
1819450 216
1819460 216
1819470 216
1819480 216
1819490 216
1819500 216
1819510 216
1819520 215
1819530 215
1819540 215
1819550 215
1819560 215
1819570 215
1819580 215
1819590 215
1819600 215
1819610 215
1819620 215
1819630 214
1819640 214
1819650 214
1819660 214
1819670 213
1819680 213
1819690 213
1819700 213
1819710 213
1819720 213
1819730 213
1819740 213
1819750 213
1819760 213
1819770 212
1819780 212
1819790 212
1819800 212
1819810 212
1819820 212
1819830 212
1819840 212
1819850 212
1819860 212
1819870 213
1819880 213
1819890 213
1819900 214
1819910 214
1819920 214
1819930 215
1819940 215
1819950 215
1819960 215
1819970 215
1819980 215
1819990 215
